  299         A         R         N         D         C         Q         E         G         H         I         L         K         M         F         P         S         T         W         Y         V    
  1 C   1 0.0000000 0.0000000 0.0000000 0.0000000 1.0000000 0.0000000 0.0000000 0.0000000 0.0000000 0.0000000 0.0000000 0.0000000 0.0000000 0.0000000 0.0000000 0.0000000 0.0000000 0.0000000 0.0000000 0.0000000
  2 T   2 0.0000000 0.0207677 0.0000000 0.0000000 0.0000000 0.0000000 0.0000000 0.0000000 0.0000000 0.0276498 0.0403182 0.0000000 0.0181686 0.0000000 0.0000000 0.7381073 0.1549884 0.0000000 0.0000000 0.0000000
  3 C   3 0.0937425 0.0000000 0.0000000 0.0000000 0.8108296 0.0000000 0.0000000 0.0000000 0.0000000 0.0000000 0.0000000 0.0000000 0.0000000 0.0000000 0.0000000 0.0758516 0.0195763 0.0000000 0.0000000 0.0000000
  4 V   4 0.3635106 0.0568225 0.0000000 0.0000000 0.0000000 0.0252288 0.0153782 0.0230597 0.0000000 0.0000000 0.1028331 0.0238501 0.1556167 0.0149111 0.0000000 0.1214971 0.0000000 0.0000000 0.0312909 0.0660011
  5 P   5 0.0406116 0.0319977 0.0111074 0.0000000 0.0000000 0.0355706 0.0000000 0.0137043 0.0000000 0.0231861 0.0609000 0.0000000 0.0117570 0.0000000 0.7029379 0.0146054 0.0000000 0.0342978 0.0193241 0.0000000
  6 P   6 0.1389317 0.0437195 0.0100592 0.0443670 0.0000000 0.0644151 0.0349996 0.0000000 0.0540142 0.0244822 0.1097927 0.0162600 0.0000000 0.0000000 0.1205010 0.1360720 0.0985882 0.0139699 0.0142097 0.0756180
  7 H   7 0.0361526 0.0399457 0.0000000 0.0000000 0.0000000 0.0469228 0.0000000 0.0000000 0.7962049 0.0000000 0.0000000 0.0000000 0.0000000 0.0350562 0.0279536 0.0000000 0.0000000 0.0000000 0.0177642 0.0000000
  8 P   8 0.0152477 0.0344944 0.0000000 0.0000000 0.0000000 0.0321966 0.0000000 0.0000000 0.0254097 0.0000000 0.0000000 0.0000000 0.0000000 0.0366748 0.8376587 0.0183181 0.0000000 0.0000000 0.0000000 0.0000000
  9 Q   9 0.0597313 0.0330977 0.0000000 0.0000000 0.0000000 0.8036089 0.0357588 0.0000000 0.0000000 0.0000000 0.0377012 0.0000000 0.0000000 0.0000000 0.0301020 0.0000000 0.0000000 0.0000000 0.0000000 0.0000000
 10 T  10 0.0279245 0.0365579 0.0000000 0.0734684 0.0000000 0.2268361 0.0104901 0.0301020 0.0000000 0.0423130 0.0101831 0.0235674 0.0108154 0.0000000 0.0896385 0.0948960 0.3232076 0.0000000 0.0000000 0.0000000
 11 A  11 0.4544620 0.0000000 0.0325537 0.0000000 0.0000000 0.0386918 0.0000000 0.0158396 0.1009072 0.0320901 0.0632254 0.0225131 0.0000000 0.0551008 0.0000000 0.0000000 0.1474752 0.0000000 0.0000000 0.0371410
 12 F  12 0.0000000 0.0000000 0.0000000 0.0000000 0.0000000 0.0000000 0.0259057 0.0000000 0.0120487 0.0471280 0.0287547 0.0000000 0.0000000 0.5641172 0.0000000 0.0000000 0.0000000 0.0000000 0.1804697 0.1415758
 13 C  13 0.0607111 0.0000000 0.0000000 0.0000000 0.7271756 0.0325136 0.0000000 0.0416291 0.0000000 0.0203164 0.0000000 0.0000000 0.0000000 0.0000000 0.0320506 0.0856034 0.0000000 0.0000000 0.0000000 0.0000000
 14 N  14 0.0516572 0.0743942 0.3914476 0.0447564 0.0000000 0.0000000 0.0815834 0.0295152 0.0395772 0.0335629 0.0220616 0.0126037 0.0223190 0.0000000 0.0000000 0.1789586 0.0099904 0.0000000 0.0075725 0.0000000
 15 S  15 0.3401268 0.0000000 0.0000000 0.0424963 0.0000000 0.0304394 0.0299427 0.0000000 0.0000000 0.0000000 0.0080796 0.0145692 0.0000000 0.0000000 0.0735724 0.4498631 0.0109106 0.0000000 0.0000000 0.0000000
 16 D  16 0.0803770 0.0000000 0.0000000 0.5254320 0.0000000 0.0526680 0.0344512 0.0258932 0.0203645 0.0000000 0.0107507 0.0000000 0.0000000 0.0111917 0.0000000 0.1069430 0.0365494 0.0000000 0.0770671 0.0183122
 17 L  17 0.0465500 0.0132127 0.0000000 0.0000000 0.0000000 0.0000000 0.0000000 0.0072701 0.0000000 0.1487838 0.1062827 0.0000000 0.0000000 0.1645265 0.2048029 0.0450421 0.0000000 0.0356941 0.0565607 0.1712743
 18 V  18 0.0000000 0.0000000 0.0265753 0.0188765 0.0000000 0.0000000 0.0000000 0.0000000 0.0000000 0.0467109 0.1029729 0.0000000 0.0067351 0.0263969 0.0000000 0.0000000 0.0639281 0.0000000 0.0000000 0.7078044
 19 I  19 0.0193736 0.0000000 0.0169468 0.0330813 0.0000000 0.0000000 0.0356959 0.0249595 0.0000000 0.4747560 0.0658032 0.0199286 0.0000000 0.0298378 0.0266625 0.0264823 0.0181264 0.0000000 0.0194192 0.1889269
 20 R  20 0.0100947 0.4076784 0.0083945 0.0351727 0.0000000 0.0583980 0.0164742 0.0466753 0.0059791 0.0420151 0.0683804 0.0249294 0.0000000 0.0884412 0.0086510 0.0462500 0.0000000 0.0000000 0.0135016 0.1189643
 21 A  21 0.4882715 0.0000000 0.0000000 0.0000000 0.0000000 0.0198194 0.0149378 0.0928727 0.0000000 0.0418500 0.0366086 0.0000000 0.0000000 0.0166930 0.0834184 0.0143419 0.0549717 0.0000000 0.0000000 0.1362150
 22 K  22 0.0064123 0.2593348 0.0000000 0.0326841 0.0000000 0.0467026 0.0179070 0.0169909 0.0187248 0.0000000 0.0182997 0.4101634 0.0000000 0.0213042 0.0137515 0.0591298 0.0387888 0.0000000 0.0152337 0.0245724
 23 F  23 0.0820676 0.0046990 0.0000000 0.0909173 0.0000000 0.0000000 0.0053887 0.0080661 0.0194602 0.1414049 0.0669687 0.0268121 0.0153734 0.1225436 0.1362890 0.0147760 0.0081149 0.0000000 0.0000000 0.2571184
 24 V  24 0.0208924 0.0035435 0.0000000 0.0131668 0.0112658 0.0601089 0.0509950 0.0385330 0.0000000 0.0419260 0.2292527 0.0863951 0.0217510 0.0081885 0.0274732 0.0693749 0.0367249 0.0000000 0.0000000 0.2804082
 25 G  25 0.0514155 0.1717160 0.0256819 0.0243305 0.0000000 0.0260676 0.0434968 0.2831547 0.0164604 0.0000000 0.0000000 0.0995058 0.0000000 0.0000000 0.0124935 0.1795737 0.0521316 0.0000000 0.0000000 0.0139721
 26 T  26 0.0693446 0.1075927 0.0267575 0.0381747 0.0025260 0.0370217 0.1227352 0.0443760 0.0057387 0.0235683 0.0519397 0.1469018 0.0337105 0.0104502 0.0436371 0.1136959 0.0860209 0.0000000 0.0000000 0.0358086
 27 P  27 0.0911782 0.0146037 0.0148976 0.0437207 0.0000000 0.0461836 0.1033039 0.0168870 0.0179643 0.0288233 0.0657700 0.1651607 0.0087955 0.0063789 0.0862803 0.1623192 0.1147896 0.0000000 0.0000000 0.0129436
 28 E  28 0.0193746 0.0155864 0.1320307 0.0379315 0.0000000 0.1245130 0.2183905 0.0092277 0.0169125 0.0170896 0.0218952 0.1004358 0.0058126 0.0126938 0.1159822 0.0555404 0.0414399 0.0000000 0.0000000 0.0551435
 29 V  29 0.0439438 0.0167252 0.0094210 0.0866742 0.0000000 0.0368145 0.1207510 0.0282110 0.0047954 0.0702304 0.0794739 0.0782924 0.0717258 0.0214620 0.0756198 0.0123530 0.0622445 0.0000000 0.0000000 0.1812621
 30 N  30 0.0337302 0.0217777 0.1189049 0.0916662 0.0000000 0.0374828 0.1260709 0.0635231 0.0080209 0.0614201 0.0060034 0.0854547 0.0000000 0.0055565 0.0598420 0.1110748 0.1282242 0.0000000 0.0255339 0.0157136
 31 Q  31 0.0403109 0.0121932 0.1644023 0.2870055 0.0000000 0.0677604 0.0705005 0.0595752 0.0096470 0.0000000 0.0088441 0.0255126 0.0108804 0.0000000 0.0286538 0.1024009 0.0530485 0.0000000 0.0190133 0.0402517
 32 T  32 0.0567536 0.0273604 0.0591316 0.0556948 0.0000000 0.0163234 0.1176987 0.0450303 0.0159049 0.0280674 0.0549913 0.0470650 0.0810023 0.0290281 0.0597334 0.0309705 0.1486003 0.0184121 0.0297708 0.0784610
 33 T  33 0.0196748 0.0325573 0.0360342 0.1052108 0.0000000 0.1493730 0.1690430 0.0276899 0.0498544 0.0544314 0.0363999 0.0325139 0.0102266 0.0404361 0.0666202 0.0545385 0.0767661 0.0000000 0.0063422 0.0322878
 34 L  34 0.0189399 0.0159497 0.0000000 0.0361417 0.0051966 0.0419054 0.0763772 0.0271562 0.0100250 0.0673962 0.2998927 0.1193911 0.0249920 0.1142866 0.0164416 0.0329965 0.0269721 0.0000000 0.0267286 0.0392107
 35 Y  35 0.3877078 0.0409564 0.0246920 0.0025233 0.0000000 0.0209051 0.0183690 0.0205276 0.0434922 0.0312086 0.0746412 0.0413182 0.0348729 0.0197363 0.0274796 0.0377742 0.0497609 0.0000000 0.0362563 0.0877783
 36 Q  36 0.0146111 0.0558844 0.0025447 0.0392830 0.0000000 0.2917304 0.1847085 0.0092344 0.0000000 0.0658535 0.0741760 0.0695436 0.0293890 0.0054092 0.0000000 0.0197353 0.0637065 0.0000000 0.0277943 0.0463959
 37 R  37 0.0919427 0.1471462 0.1336239 0.0507562 0.0000000 0.1452678 0.0730622 0.0119074 0.0182755 0.0116002 0.0094936 0.2001774 0.0154056 0.0000000 0.0000000 0.0537786 0.0206776 0.0079975 0.0000000 0.0088877
 38 Y  38 0.0122972 0.0000000 0.0112431 0.0000000 0.0000000 0.0471218 0.0188627 0.0000000 0.0027100 0.0210815 0.0233794 0.0191124 0.0000000 0.0492471 0.0000000 0.0077951 0.0027319 0.0201974 0.7642203 0.0000000
 39 E  39 0.0123232 0.0089192 0.0141164 0.0508183 0.0000000 0.0040517 0.0857897 0.0244956 0.0053805 0.0308604 0.6102235 0.0776228 0.0058266 0.0041086 0.0085745 0.0044028 0.0289286 0.0050307 0.0019593 0.0165677
 40 I  40 0.0428022 0.0315257 0.0697038 0.0177585 0.0030013 0.0698674 0.1788221 0.0350874 0.0000000 0.1339080 0.0236228 0.1250262 0.0261038 0.0103087 0.0000000 0.0510431 0.0218885 0.0000000 0.0309248 0.1286057
 41 K  41 0.0134266 0.1636381 0.1032918 0.0584617 0.0000000 0.0954521 0.0243470 0.0754854 0.0175799 0.0000000 0.0141724 0.3745366 0.0000000 0.0000000 0.0025089 0.0297842 0.0219792 0.0000000 0.0053361 0.0000000
 42 M  42 0.0082826 0.0000000 0.0000000 0.0000000 0.0000000 0.1091546 0.0154205 0.0127024 0.0040242 0.0756541 0.1045496 0.0000000 0.0619582 0.3121037 0.0000000 0.0062410 0.0114596 0.0000000 0.2313573 0.0470924
 43 T  43 0.0116982 0.0318407 0.0280684 0.0272878 0.0000000 0.0163393 0.0085778 0.1715175 0.0174256 0.0997922 0.0537282 0.0436968 0.0181494 0.0335411 0.0245617 0.0776207 0.0499418 0.0000000 0.2791154 0.0070976
 44 K  44 0.0057361 0.0323465 0.1244115 0.0527295 0.0000000 0.0549942 0.0590540 0.0772041 0.0225312 0.0037162 0.0281810 0.2317514 0.0035211 0.0146872 0.0222960 0.0599180 0.0279170 0.0032340 0.1704804 0.0052906
 45 M  45 0.0058664 0.0062061 0.0111078 0.0038031 0.0258332 0.0106871 0.0231135 0.0050066 0.0277156 0.0937076 0.3629620 0.0187569 0.1156486 0.0761922 0.0153819 0.0178476 0.0525339 0.0000000 0.0356342 0.0919956
 46 Y  46 0.0353947 0.0316833 0.0308637 0.0343204 0.0000000 0.0514032 0.0839356 0.0229201 0.0102387 0.0066188 0.0603075 0.2682321 0.0070030 0.1145928 0.0839200 0.0237763 0.0430733 0.0123902 0.0689156 0.0104109
 47 K  47 0.0520987 0.0647461 0.0332446 0.0907704 0.0000000 0.0811088 0.0518909 0.0895678 0.0092844 0.0189470 0.0214180 0.2664559 0.0199948 0.0086237 0.0395565 0.0736331 0.0380527 0.0000000 0.0131576 0.0274490
 48 G  48 0.0727480 0.0069155 0.0541129 0.0918538 0.0000000 0.0139036 0.1057733 0.1249371 0.0130289 0.0109011 0.0185367 0.0214097 0.0157268 0.0246887 0.0120848 0.0527589 0.0245961 0.0061315 0.3110833 0.0188091
 49 F  49 0.0250797 0.0124241 0.0752707 0.0288260 0.0000000 0.0052377 0.0394957 0.0558169 0.0096492 0.0099697 0.2937177 0.0255693 0.0223235 0.1529218 0.0729619 0.0510594 0.0519540 0.0014139 0.0249643 0.0413444
 50 Q  50 0.0250622 0.0424256 0.0777761 0.0803858 0.0262854 0.1025967 0.0764005 0.0510729 0.0349288 0.0222615 0.0410142 0.1238633 0.0289101 0.0148686 0.0699028 0.1094284 0.0332616 0.0116043 0.0068674 0.0210837
 51 A  51 0.0654016 0.1114579 0.0777631 0.0350016 0.0064950 0.0840071 0.0673717 0.0394787 0.0682602 0.0145594 0.0105229 0.1639107 0.0084005 0.0177578 0.0553833 0.0744520 0.0563187 0.0000000 0.0240288 0.0194290
 52 L  52 0.0695127 0.0119793 0.0082540 0.0102783 0.0000000 0.0142804 0.0156969 0.0308219 0.0055029 0.0252874 0.1407752 0.0305397 0.0798330 0.2839723 0.0617633 0.0363395 0.0496758 0.0000000 0.0838280 0.0416596
 53 G  53 0.0257662 0.0453108 0.0270536 0.0526798 0.0000000 0.0176586 0.0511462 0.4740241 0.0122585 0.0160841 0.0162650 0.0263267 0.0182927 0.0466973 0.0153555 0.0522181 0.0306036 0.0000000 0.0117577 0.0605016
 54 D  54 0.0321617 0.1033669 0.0594881 0.0418422 0.0000000 0.0341748 0.0484611 0.0304841 0.0116931 0.0119458 0.0127204 0.1313917 0.0226960 0.0036027 0.0271712 0.0281330 0.0141299 0.0094607 0.3235943 0.0534824
 55 A  55 0.0947375 0.0569150 0.0210300 0.0180463 0.0000000 0.0227793 0.0254879 0.0315214 0.0032873 0.0765355 0.3012845 0.0628501 0.0628259 0.0196058 0.0048655 0.0718772 0.0332105 0.0028537 0.0441832 0.0461032
 56 A  56 0.0451417 0.1096343 0.0605467 0.0085835 0.0015310 0.1055313 0.0437196 0.0489859 0.0217624 0.0082375 0.0717409 0.1453550 0.0000000 0.0051386 0.1650986 0.0914450 0.0410294 0.0064594 0.0086893 0.0113698
 57 D  57 0.0477846 0.0722371 0.1069102 0.2410531 0.0000000 0.0381575 0.0325266 0.0349158 0.0468096 0.0140895 0.0358479 0.0635955 0.0148240 0.0061874 0.0325167 0.1358781 0.0189820 0.0025854 0.0309469 0.0241520
 58 I  58 0.0363874 0.0251640 0.0417739 0.0446958 0.0033404 0.0253516 0.0253353 0.0482468 0.0316410 0.1397870 0.0683621 0.0190936 0.0000000 0.0458752 0.0570215 0.2357258 0.0712644 0.0000000 0.0125701 0.0683642
 59 R  59 0.0195525 0.1810670 0.1175055 0.0704304 0.0000000 0.1187933 0.0933502 0.1281319 0.0381480 0.0038770 0.0275522 0.0352038 0.0058393 0.0035130 0.0457144 0.0612793 0.0306744 0.0024018 0.0080907 0.0088753
 60 F  60 0.0554138 0.0446170 0.0314131 0.0231464 0.0031380 0.0546345 0.0623962 0.0182138 0.0657404 0.0157886 0.0337718 0.0172754 0.0122516 0.1641465 0.0594540 0.0905802 0.0336757 0.0000000 0.1967807 0.0175624
 61 V  61 0.0343622 0.0256632 0.0648762 0.0424470 0.0020654 0.0085231 0.0158744 0.2650048 0.0068481 0.1066099 0.1355409 0.0194826 0.0438226 0.0248654 0.0130943 0.0501627 0.0399144 0.0061048 0.0040801 0.0906579
 62 Y  62 0.0324281 0.0390989 0.0150455 0.0355792 0.0000000 0.0024570 0.0252442 0.0142801 0.0300001 0.0277164 0.0488105 0.0240640 0.0368402 0.1781647 0.0106942 0.1344977 0.0186910 0.0093397 0.3001517 0.0168968
 63 T  63 0.0221273 0.0173382 0.0685210 0.0920514 0.0000000 0.0031827 0.0193461 0.0230241 0.0020511 0.0744622 0.1808374 0.0219922 0.0130186 0.0000000 0.0096742 0.0986766 0.3388270 0.0019480 0.0000000 0.0129218
 64 P  64 0.0918411 0.0163585 0.0347581 0.2398509 0.0000000 0.0314551 0.0632632 0.0358534 0.0063944 0.0069386 0.0205657 0.0293491 0.0337389 0.0000000 0.2759188 0.0777305 0.0127180 0.0016311 0.0077904 0.0138442
 65 A  65 0.1015076 0.0630666 0.0165630 0.0812430 0.0022266 0.0182499 0.0421716 0.0224214 0.0153055 0.0376220 0.0353112 0.0633128 0.0137988 0.0197146 0.1852848 0.1308376 0.0521197 0.0019778 0.0278397 0.0694257
 66 M  66 0.0619548 0.0174376 0.0455920 0.0853230 0.0000000 0.0152791 0.0303214 0.0375975 0.0074338 0.0223756 0.0725791 0.0211216 0.0391926 0.2122140 0.0472512 0.1891837 0.0551757 0.0000000 0.0036382 0.0363291
 67 E  67 0.0454409 0.0336518 0.0290228 0.3796713 0.0028814 0.0216708 0.1678057 0.0194893 0.0142891 0.0026769 0.0126205 0.0549164 0.0000000 0.0000000 0.0234281 0.1579426 0.0242914 0.0081607 0.0000000 0.0020403
 68 S  68 0.0958969 0.0043604 0.0768818 0.1374599 0.0000000 0.0715828 0.1161167 0.0061389 0.0069958 0.0031050 0.0122715 0.0507418 0.0148301 0.0025051 0.0959335 0.2465873 0.0436909 0.0000000 0.0022149 0.0126868
 69 V  69 0.1089135 0.0433012 0.0383488 0.0493728 0.0000000 0.0436771 0.1060973 0.0105218 0.0209035 0.0317555 0.1467666 0.0202766 0.0612328 0.0210459 0.0609445 0.0683226 0.0700330 0.0000000 0.0040638 0.0944226
 70 C  70 0.0061762 0.0154986 0.0149254 0.0044290 0.1521534 0.0165851 0.0025219 0.0031249 0.0000000 0.0888000 0.2760402 0.0045851 0.0670026 0.1115622 0.0096416 0.0052650 0.1089596 0.0076820 0.0053928 0.0996545
 71 G  71 0.0909703 0.0388738 0.0213688 0.0180014 0.0000000 0.0514774 0.2081075 0.2118067 0.0048327 0.0450589 0.0088975 0.0504377 0.0132788 0.0000000 0.0046716 0.0974528 0.0462969 0.0000000 0.0066151 0.0818522
 72 Y  72 0.0762587 0.0384153 0.0335176 0.0678826 0.0000000 0.0694081 0.1757612 0.0214122 0.0091279 0.0161653 0.0380158 0.0713912 0.0099167 0.0196355 0.0099402 0.1803616 0.0359279 0.0000000 0.0410654 0.0857969
 73 F  73 0.5307623 0.0205572 0.0143164 0.0053662 0.0000000 0.0230199 0.0142550 0.0121019 0.0132957 0.0116249 0.0323135 0.1939005 0.0015964 0.0141770 0.0222598 0.0342050 0.0453005 0.0000000 0.0000000 0.0109480
 74 H  74 0.0000000 0.0050942 0.0045341 0.0071176 0.0000000 0.0202955 0.0000000 0.0000000 0.0380837 0.3723054 0.3942887 0.0065747 0.0068019 0.0168014 0.0000000 0.0064250 0.0015607 0.0000000 0.0020433 0.1180736
 75 R  75 0.0527437 0.2362605 0.0036584 0.0393441 0.0008961 0.0721879 0.0739226 0.0108236 0.0000000 0.0243857 0.0252137 0.3183959 0.0154336 0.0123135 0.0037720 0.0530531 0.0435156 0.0000000 0.0000000 0.0140800
 76 S  76 0.1144277 0.0755033 0.0593988 0.0336771 0.0000000 0.0585435 0.2156799 0.0113418 0.0106896 0.0201824 0.0344855 0.0900407 0.0152814 0.0130841 0.0071759 0.0617188 0.1373555 0.0018761 0.0057844 0.0337533
 77 H  77 0.0040940 0.0043614 0.0558314 0.0084499 0.0000000 0.0146868 0.0082554 0.0098360 0.0074994 0.0098475 0.0983921 0.0045079 0.3390866 0.2257688 0.0123890 0.0134743 0.0030031 0.0000000 0.1666225 0.0138940
 78 N  78 0.0016856 0.0047985 0.0390204 0.0000000 0.0000000 0.8367727 0.0159705 0.0426244 0.0043441 0.0068896 0.0021753 0.0110128 0.0000000 0.0000000 0.0000000 0.0237014 0.0084865 0.0000000 0.0000000 0.0025182
 79 R  79 0.0491572 0.2422587 0.0278847 0.0093964 0.0000000 0.0968227 0.1032511 0.0065816 0.0236562 0.0131035 0.0396908 0.2120566 0.0038675 0.0028316 0.0027655 0.0784419 0.0530758 0.0161608 0.0048611 0.0141363
 80 S  80 0.0400810 0.0223133 0.1015054 0.0128574 0.0000000 0.0304749 0.0137778 0.0136737 0.0016209 0.0028801 0.0239215 0.0771081 0.0228191 0.4624492 0.0000000 0.0559553 0.0113990 0.0000000 0.0717495 0.0354139
 81 E  81 0.1346073 0.0081913 0.0364382 0.0073230 0.0016222 0.0384370 0.0672722 0.0615268 0.0154298 0.0024307 0.1307373 0.0216526 0.0112848 0.2606336 0.0000000 0.0603898 0.0077478 0.0000000 0.1236444 0.0106311
 82 E  82 0.0243728 0.0308071 0.1171547 0.0227179 0.0020952 0.0338273 0.0498460 0.4817806 0.0647872 0.0088686 0.0030476 0.0185902 0.0066370 0.0000000 0.0062332 0.0501351 0.0303059 0.0015679 0.0395093 0.0077165
 83 F  83 0.0067236 0.0063665 0.0000000 0.0000000 0.0000000 0.0017640 0.0000000 0.0000000 0.0000000 0.1214584 0.7311892 0.0033312 0.0095063 0.0267871 0.0000000 0.0051125 0.0104177 0.0000000 0.0542257 0.0231180
 84 L  84 0.0187322 0.0265065 0.1127366 0.0272817 0.0061209 0.0703031 0.1326317 0.0010820 0.0041411 0.0296437 0.0567657 0.1170433 0.0000000 0.0042686 0.2946788 0.0148243 0.0614016 0.0000000 0.0049126 0.0169255
 85 I  85 0.0926404 0.0066866 0.0081553 0.0062842 0.0000000 0.0435947 0.1295344 0.0050056 0.0000000 0.1243778 0.0292326 0.0083523 0.0268582 0.0022352 0.0459062 0.0234032 0.0455334 0.0000000 0.0061522 0.3960478
 86 A  86 0.0318469 0.0000000 0.0142315 0.0140378 0.0000000 0.0000000 0.0023749 0.0560918 0.0048271 0.0035327 0.0183437 0.0083450 0.0024468 0.0092303 0.0042724 0.0754794 0.7473615 0.0000000 0.0034774 0.0041009
 87 G  87 0.0043711 0.0065571 0.0035146 0.0084893 0.0022261 0.0193622 0.0193676 0.8589129 0.0000000 0.0049691 0.0074476 0.0304724 0.0015456 0.0000000 0.0056172 0.0090376 0.0181097 0.0000000 0.0000000 0.0000000
 88 K  88 0.0149255 0.1096916 0.0460252 0.0373812 0.0016456 0.0864933 0.1379401 0.0150127 0.0202296 0.0498319 0.0277149 0.2043783 0.0077960 0.0062937 0.0042209 0.0291858 0.0690372 0.0031420 0.0134566 0.1155979
 89 L  89 0.0131464 0.0061500 0.0075341 0.0069829 0.0000000 0.0032436 0.0181662 0.0000000 0.0017156 0.0860762 0.6320676 0.0000000 0.0562649 0.0417554 0.0349003 0.0067543 0.0046656 0.0017444 0.0055509 0.0732815
 90 Q  90 0.0235047 0.0225347 0.0886760 0.7247883 0.0000000 0.0095061 0.0071980 0.0251114 0.0020286 0.0095337 0.0017203 0.0024565 0.0049088 0.0030009 0.0099517 0.0208638 0.0121077 0.0014993 0.0170763 0.0135333
 91 D  91 0.1264809 0.0303984 0.0915946 0.1342749 0.0000000 0.0834277 0.1441737 0.0217584 0.0143450 0.0025554 0.0067954 0.0364861 0.0009896 0.0025903 0.0542962 0.1866672 0.0473369 0.0000000 0.0028784 0.0129510
 92 G  92 0.1936362 0.0311216 0.0753253 0.1108448 0.0000000 0.0419159 0.1969692 0.1155691 0.0038120 0.0011244 0.0108238 0.0465160 0.0084393 0.0000000 0.0470679 0.0689480 0.0390313 0.0000000 0.0033942 0.0054609
 93 L  93 0.0000000 0.0226055 0.0157582 0.0038713 0.0000000 0.0130224 0.0113698 0.0010305 0.0061865 0.0137328 0.0239797 0.0532946 0.0031899 0.0106165 0.0034806 0.0112749 0.7918169 0.0000000 0.0085235 0.0062463
 94 L  94 0.0269675 0.0050359 0.0023543 0.0049346 0.0043675 0.0015443 0.0000000 0.0025013 0.0023194 0.0741416 0.2575872 0.0000000 0.5051840 0.0116344 0.0095277 0.0021066 0.0039529 0.0065622 0.0018088 0.0774698
 95 H  95 0.0321776 0.1060273 0.0791608 0.0622344 0.0056039 0.1032391 0.1103189 0.0189877 0.1066325 0.0052095 0.0290153 0.1385243 0.0286270 0.0116899 0.0090687 0.0701623 0.0338931 0.0097422 0.0194872 0.0201983
 96 I  96 0.0454535 0.0813367 0.0032782 0.0000000 0.0062156 0.1412060 0.0284602 0.0016868 0.0035384 0.1061797 0.1297419 0.1537887 0.0742519 0.0092574 0.0100846 0.0176424 0.0931922 0.0000000 0.0046966 0.0899894
 97 T  97 0.0167944 0.0000000 0.0188684 0.0044633 0.0047012 0.0102085 0.0038264 0.0250590 0.0115921 0.0500322 0.0074880 0.0173963 0.1081109 0.0029548 0.5688669 0.0624638 0.0779436 0.0000000 0.0069247 0.0023056
 98 T  98 0.0138206 0.6728263 0.0112199 0.0000000 0.0000000 0.0372314 0.0074841 0.0024322 0.0070574 0.0146484 0.0838643 0.0338155 0.0039254 0.0000000 0.0066779 0.0290220 0.0541710 0.0000000 0.0052302 0.0165733
 99 C  99 0.0275946 0.0380745 0.0130004 0.0024268 0.7178685 0.0405831 0.0166371 0.0067824 0.0025928 0.0023388 0.0239791 0.0330935 0.0052188 0.0028456 0.0000000 0.0086105 0.0466818 0.0000000 0.0000000 0.0116718
100 S 100 0.0346979 0.0046604 0.0490392 0.0415589 0.0000000 0.0122365 0.0105766 0.6328625 0.0179305 0.0091640 0.0145543 0.0059003 0.0028719 0.0094617 0.0278619 0.0864131 0.0136667 0.0020953 0.0154510 0.0089970
101 F 101 0.0050347 0.0313082 0.0380629 0.0020781 0.0039173 0.0033839 0.0000000 0.0016291 0.0170103 0.0223837 0.1406519 0.0031302 0.1590209 0.0681345 0.0026680 0.0091946 0.0052395 0.0044445 0.0345383 0.4481695
102 V 102 0.0898718 0.0073609 0.0203058 0.0089387 0.0151078 0.0071748 0.0429305 0.0185289 0.0124050 0.0573721 0.0160559 0.1054250 0.0302803 0.0171246 0.4659665 0.0227670 0.0076164 0.0000000 0.0069665 0.0478015
103 A 103 0.0264024 0.0147297 0.0112924 0.6753797 0.0000000 0.0289377 0.0371592 0.0093615 0.0000000 0.0130845 0.0159782 0.0805021 0.0275994 0.0000000 0.0045627 0.0137196 0.0130182 0.0000000 0.0095844 0.0186884
104 P 104 0.0083365 0.0377355 0.0222951 0.0097815 0.0000000 0.0217026 0.0230718 0.0090800 0.0145985 0.0962135 0.0342615 0.0572846 0.0121002 0.0138608 0.3401151 0.0190453 0.0344716 0.0000000 0.0082788 0.2377671
105 W 105 0.0626614 0.2908652 0.0169015 0.0345938 0.0000000 0.0153318 0.0146984 0.0201033 0.0152144 0.0805870 0.0257539 0.0086751 0.0131255 0.0458217 0.0767334 0.0288427 0.0381768 0.1187641 0.0213367 0.0718133
106 N 106 0.0398686 0.0295897 0.1656365 0.0867251 0.2619881 0.0102674 0.0819613 0.0964213 0.0173741 0.0073787 0.0085225 0.0176792 0.0033098 0.0000000 0.0385844 0.0717449 0.0373763 0.0000000 0.0159290 0.0096428
107 S 107 0.0640123 0.0234992 0.0327766 0.0354241 0.0045018 0.0523622 0.0459404 0.3841484 0.0173362 0.0086331 0.0264838 0.0322190 0.0082622 0.0228660 0.0332729 0.1075487 0.0609406 0.0023820 0.0076099 0.0297808
108 L 108 0.0735842 0.0371588 0.0491878 0.0263430 0.0000000 0.0182334 0.0357001 0.0389288 0.0052339 0.0391345 0.1579322 0.0359805 0.0493089 0.0111323 0.0286919 0.0643072 0.1040213 0.0062628 0.0183556 0.2005027
109 S 109 0.0601072 0.0378179 0.0492516 0.0209297 0.0024594 0.0125445 0.0393181 0.0297050 0.0221330 0.0069713 0.0298247 0.0479766 0.0207651 0.0114249 0.1720683 0.2477303 0.1636962 0.0000000 0.0056036 0.0196726
110 L 110 0.0526280 0.0454190 0.0438869 0.2676302 0.0000000 0.0016502 0.0301098 0.0393022 0.0200855 0.0276549 0.0957186 0.0495272 0.0218540 0.0289161 0.0484506 0.0901044 0.0755929 0.0286905 0.0045666 0.0282124
111 A 111 0.1055031 0.1147997 0.0455056 0.0203016 0.0073783 0.0355860 0.0272224 0.0356114 0.0209024 0.0449640 0.0525275 0.0410580 0.0700034 0.0208234 0.0439571 0.0916387 0.0869220 0.0015302 0.0103305 0.1234348
112 Q 112 0.0701330 0.0971284 0.0872771 0.0366339 0.0000000 0.1722561 0.0748608 0.1073900 0.0366443 0.0194606 0.0292310 0.0451239 0.0130515 0.0149723 0.0656653 0.0517188 0.0423107 0.0000000 0.0090615 0.0270807
113 R 113 0.0484416 0.1968888 0.0548646 0.0363077 0.0016715 0.0404622 0.0350525 0.0613332 0.0244884 0.0162331 0.0426199 0.1403677 0.0127012 0.0071848 0.0608380 0.0930721 0.0649932 0.0155633 0.0239047 0.0230114
114 R 114 0.0348628 0.2229330 0.0345238 0.0481371 0.0110849 0.0516681 0.0373304 0.0644985 0.0616349 0.0093771 0.0392210 0.1607632 0.0340469 0.0232252 0.0249673 0.0327989 0.0280205 0.0035179 0.0642070 0.0131817
115 G 115 0.0433308 0.1316516 0.1321060 0.0130573 0.0178064 0.0226775 0.0155256 0.2374215 0.0168494 0.0129450 0.0223593 0.1123564 0.0059633 0.0066057 0.0147962 0.1253718 0.0205116 0.0014923 0.0424708 0.0047016
116 F 116 0.0563542 0.1062462 0.0207411 0.0157283 0.0000000 0.0073766 0.0073264 0.0363499 0.0248429 0.0437782 0.1665928 0.0341412 0.0173750 0.1835506 0.0133897 0.0735686 0.0490672 0.0245217 0.0595129 0.0595364
117 T 117 0.0896462 0.0829453 0.0665201 0.0491880 0.0000000 0.0429232 0.0251602 0.0366508 0.0421610 0.0133505 0.0541516 0.0598912 0.0123416 0.0681264 0.0692304 0.0800122 0.1240915 0.0059567 0.0250185 0.0526345
118 K 118 0.0607338 0.0973922 0.0475539 0.0166706 0.0000000 0.0612904 0.0276315 0.0544766 0.0995156 0.0161283 0.0965975 0.0801247 0.0247700 0.0186047 0.0916571 0.0453446 0.0489397 0.0116286 0.0647500 0.0361902
119 T 119 0.0470414 0.1704573 0.0447619 0.0436098 0.0457782 0.0470557 0.0235869 0.0717950 0.0433428 0.0261602 0.0672216 0.0461803 0.0257591 0.0138971 0.0505084 0.0394782 0.0936816 0.0126673 0.0369124 0.0501047
120 Y 120 0.0400350 0.0510669 0.0459559 0.0109846 0.0040899 0.0254233 0.0062749 0.1688133 0.0448003 0.0166941 0.0612701 0.0427034 0.0207354 0.0405297 0.0321436 0.1231068 0.0384342 0.0124319 0.1962921 0.0182147
121 T 121 0.0792962 0.0961315 0.0542775 0.0281218 0.0115157 0.0745373 0.0279771 0.0907094 0.0468501 0.0249622 0.0261706 0.1162076 0.0048778 0.0427641 0.0279766 0.1156173 0.0678100 0.0015679 0.0117331 0.0508960
122 V 122 0.0610060 0.0795850 0.0550938 0.0328917 0.0112757 0.0393245 0.0191169 0.0684176 0.0444259 0.0121481 0.0644869 0.0868684 0.0341364 0.0606878 0.0555190 0.0618642 0.0562379 0.0771722 0.0346920 0.0450502
123 G 123 0.0715659 0.1300349 0.0819009 0.1245231 0.0018704 0.0224766 0.0063390 0.1965087 0.0654850 0.0024775 0.0151168 0.0387823 0.0221615 0.0130835 0.0079944 0.0955925 0.0552276 0.0227727 0.0178114 0.0082753
124 C 124 0.0374072 0.0989829 0.0514770 0.0266435 0.1504498 0.0283268 0.0316266 0.0459194 0.0323832 0.0232693 0.0472447 0.0742852 0.0205997 0.0357887 0.0279701 0.0725357 0.0564668 0.0049557 0.0340711 0.0995964
125 E 125 0.0563140 0.1670052 0.0556849 0.0471563 0.0069294 0.0213146 0.0529143 0.1372300 0.0201626 0.0185518 0.0194495 0.0848829 0.0198673 0.0655596 0.0370353 0.0488082 0.0661365 0.0174469 0.0178459 0.0397047
126 E 126 0.0275557 0.1588147 0.0821352 0.0439693 0.1091792 0.0551547 0.0323232 0.0514023 0.0586042 0.0207230 0.0146957 0.1053728 0.0055220 0.0224063 0.0243266 0.0565132 0.0429735 0.0141902 0.0428189 0.0313193
127 F 127 0.0158779 0.1023569 0.0356908 0.0302124 0.0222570 0.0126606 0.0104591 0.0590451 0.0192925 0.0328459 0.0331963 0.1511016 0.0062872 0.1617714 0.0358358 0.0245854 0.0328482 0.0414220 0.1482761 0.0239780
128 R 128 0.0389907 0.1740393 0.0505317 0.0153772 0.0066138 0.0420695 0.0196020 0.0499159 0.0069479 0.0921031 0.0403104 0.0605669 0.0198406 0.0410871 0.0374031 0.1220634 0.0971058 0.0031049 0.0280139 0.0543126
129 T 129 0.0285982 0.0477348 0.0141395 0.0093090 0.0015083 0.0249000 0.0107042 0.0152840 0.0306596 0.0395453 0.0850510 0.1087296 0.0117627 0.1029073 0.0527635 0.0383557 0.1647409 0.0208293 0.1229701 0.0695069
130 F 130 0.1123287 0.0732205 0.0251482 0.0264755 0.0000000 0.0356431 0.0063587 0.0465313 0.0182317 0.0073466 0.0325150 0.0394989 0.0166195 0.2023701 0.0751291 0.0420866 0.1020797 0.0217255 0.0708602 0.0458309
131 P 131 0.0426298 0.0644533 0.0264649 0.0457139 0.0891094 0.0261975 0.0397217 0.0592053 0.0237539 0.0271530 0.1162262 0.0304152 0.0037056 0.0393692 0.1902847 0.0317916 0.0546263 0.0367674 0.0327815 0.0196294
132 G 132 0.0392923 0.0655250 0.0310308 0.0212594 0.0174944 0.0699089 0.0319373 0.2036528 0.0431298 0.0122074 0.0553148 0.0397597 0.0091033 0.0569830 0.0686344 0.0498522 0.0746829 0.0351562 0.0529058 0.0221698
133 I 133 0.0237817 0.1082000 0.0699842 0.0537538 0.0000000 0.0307776 0.0363344 0.1688090 0.0198741 0.0164803 0.0411488 0.0808837 0.0184197 0.0346085 0.0491542 0.1056661 0.0651051 0.0345218 0.0238181 0.0186789
134 P 134 0.0295149 0.0659528 0.0219457 0.0189780 0.0058152 0.0450933 0.0229328 0.0532712 0.0212803 0.0301914 0.1103061 0.0239207 0.0193697 0.0624196 0.2050485 0.1032835 0.0313949 0.0824370 0.0197469 0.0270974
135 K 135 0.0341493 0.1480545 0.0264028 0.0248171 0.0081045 0.0255892 0.0030150 0.0406350 0.0152271 0.0215334 0.0269267 0.3339969 0.0093651 0.0321097 0.0928509 0.0449575 0.0307820 0.0386936 0.0134688 0.0293210
136 W 136 0.0223203 0.0275555 0.0150568 0.0249991 0.0624119 0.0128654 0.0106611 0.0143103 0.0084000 0.0114705 0.0213294 0.0533764 0.0011478 0.0206973 0.0747856 0.0296853 0.0227879 0.5392791 0.0195243 0.0073360
137 R 137 0.0182699 0.1317020 0.0771774 0.0978480 0.0188156 0.0551544 0.0635404 0.0224898 0.0467797 0.0036294 0.0267081 0.0987384 0.0124725 0.0187807 0.0590987 0.0861472 0.0935787 0.0269176 0.0230781 0.0190731
138 K 138 0.0152946 0.0663923 0.0516383 0.0407134 0.0052982 0.0383765 0.0265735 0.0145180 0.0938776 0.0140030 0.0262384 0.3709387 0.0045593 0.0174539 0.0415842 0.0733560 0.0401412 0.0044166 0.0152740 0.0393521
139 T 139 0.0066169 0.1217079 0.1398025 0.0272568 0.0096940 0.0290996 0.0236126 0.0236040 0.0604606 0.0273616 0.0871746 0.1061850 0.0180676 0.0275103 0.0313396 0.0448986 0.1517516 0.0163186 0.0263313 0.0212061
140 H 140 0.0264575 0.0367159 0.1326099 0.1324666 0.0000000 0.0421983 0.0359538 0.0144536 0.1301097 0.0264631 0.0781122 0.0456030 0.0025984 0.0118939 0.0399585 0.0536319 0.1416256 0.0033108 0.0140311 0.0318062
141 L 141 0.0108146 0.0116269 0.0234357 0.0283559 0.0058668 0.0105996 0.0179794 0.0127986 0.0022994 0.1604695 0.4250318 0.0112775 0.0097563 0.0129021 0.0078401 0.0419568 0.0636938 0.0181718 0.0676787 0.0574446
142 T 142 0.0468073 0.0382829 0.0175492 0.0304267 0.0000000 0.0091959 0.0134410 0.0144855 0.0078463 0.0069694 0.0406816 0.0392408 0.0095200 0.0118900 0.0242190 0.0891533 0.5293297 0.0106075 0.0503754 0.0099786
143 Y 143 0.0269178 0.0194784 0.0176615 0.0065204 0.0071769 0.0039146 0.0134602 0.0427667 0.0063672 0.0321433 0.0454561 0.0051553 0.0042141 0.0824876 0.0000000 0.0242837 0.0527042 0.0867892 0.4946890 0.0278138
144 R 144 0.0334089 0.3223504 0.0226599 0.0266619 0.0200941 0.0193826 0.0083639 0.0222945 0.0262429 0.0139040 0.0498602 0.0965141 0.0142660 0.0497262 0.0035037 0.1356932 0.0367284 0.0440499 0.0348238 0.0194713
145 I 145 0.0206246 0.0196416 0.0220690 0.0189978 0.0209249 0.0159377 0.0063504 0.0385614 0.0192598 0.4527489 0.1161301 0.0091405 0.0065223 0.0506601 0.0453418 0.0327596 0.0181972 0.0021583 0.0300895 0.0538845
146 V 146 0.0422698 0.0312567 0.0352043 0.0481582 0.0048498 0.0726438 0.0644601 0.0294322 0.0119177 0.0562655 0.1748999 0.0382524 0.0190152 0.0310468 0.0074830 0.1086337 0.0495975 0.0183334 0.0300290 0.1262510
147 N 147 0.0312660 0.0363140 0.4563719 0.0216669 0.0000000 0.0133824 0.0150892 0.0647891 0.0127976 0.0000000 0.0064599 0.0727323 0.0000000 0.0164819 0.0196570 0.1149799 0.0890582 0.0096378 0.0067564 0.0125596
148 Y 148 0.0176201 0.0223267 0.0087115 0.0404378 0.0030315 0.0262718 0.0087552 0.0286004 0.0172902 0.0138169 0.0315330 0.0100999 0.0173500 0.1006398 0.0182219 0.0545590 0.0554287 0.0478941 0.4514873 0.0259243
149 T 149 0.0258753 0.0179634 0.0382906 0.0123545 0.0009524 0.0000000 0.0051394 0.0257354 0.0020173 0.0204280 0.0129770 0.0000000 0.0038472 0.0071105 0.2473518 0.1677776 0.3645456 0.0056675 0.0214816 0.0204850
150 P 150 0.0210152 0.0488686 0.0470215 0.0359340 0.0064049 0.0485906 0.0602452 0.0237779 0.0229373 0.0085749 0.0251777 0.0415078 0.0287538 0.0465852 0.2898730 0.1354828 0.0400709 0.0340238 0.0068080 0.0283469
151 D 151 0.0112238 0.0364591 0.0712882 0.3619477 0.0066649 0.0824143 0.0103563 0.0596884 0.0336319 0.0081808 0.0059595 0.0774110 0.0000000 0.0097212 0.0239837 0.0943825 0.0427625 0.0011955 0.0473617 0.0153673
152 L 152 0.0255259 0.0045108 0.0061681 0.0000000 0.0031943 0.0289855 0.0225933 0.0219633 0.0041829 0.0758126 0.5414182 0.0075229 0.1350189 0.0138215 0.0115786 0.0135608 0.0113910 0.0021714 0.0084676 0.0621123
153 P 153 0.0446239 0.0304928 0.0455975 0.1087122 0.0000000 0.0061361 0.0214970 0.1054619 0.0061333 0.0232385 0.0307309 0.0343642 0.0025860 0.0174533 0.1928680 0.2332458 0.0768631 0.0000000 0.0086844 0.0113112
154 K 154 0.0613889 0.2027413 0.0465090 0.0164330 0.0000000 0.0665039 0.1022244 0.0263989 0.0243700 0.0222442 0.0341251 0.0835964 0.0085560 0.0108912 0.1159244 0.0646890 0.0527477 0.0129211 0.0131934 0.0345420
155 D 155 0.1591416 0.0230381 0.0602870 0.1595797 0.0017976 0.0504112 0.1118555 0.0431221 0.0256192 0.0089988 0.0262489 0.0363745 0.0020272 0.0177212 0.0338580 0.1492202 0.0348167 0.0000000 0.0284274 0.0274550
156 A 156 0.0926217 0.0321108 0.0418273 0.1701712 0.0000000 0.0691592 0.2175037 0.0082691 0.0163235 0.0214788 0.0261691 0.0321360 0.0085033 0.0061761 0.0114176 0.0422336 0.1091983 0.0070309 0.0064696 0.0812003
157 V 157 0.0509970 0.0041334 0.0000000 0.0000000 0.0023710 0.0984881 0.0089673 0.0084870 0.0017353 0.1310078 0.0461706 0.0025390 0.0418786 0.0039870 0.0016713 0.0196433 0.1042609 0.0090924 0.0158420 0.4487281
158 D 158 0.0129134 0.3097371 0.0196062 0.2343753 0.0048567 0.0404582 0.0774519 0.0050728 0.0159449 0.0291354 0.0167832 0.1253512 0.0115115 0.0145560 0.0035550 0.0142176 0.0256324 0.0058895 0.0130216 0.0199304
159 S 159 0.1145184 0.1232419 0.0558172 0.1432974 0.0030251 0.0717322 0.0949372 0.0288258 0.0098638 0.0100417 0.0096307 0.0886138 0.0047731 0.0143353 0.0115091 0.1094996 0.0671901 0.0011585 0.0308698 0.0071192
160 A 160 0.3886833 0.0038450 0.0016980 0.0142704 0.0015573 0.0465637 0.0750369 0.0174226 0.0014975 0.0814064 0.0868742 0.0020570 0.0185615 0.0037932 0.0086296 0.0261186 0.0700779 0.0000000 0.0000000 0.1519068
161 V 161 0.0585584 0.0000000 0.0014774 0.0029737 0.0146004 0.0085058 0.0000000 0.0016818 0.0000000 0.3110764 0.1211280 0.0026645 0.0706954 0.2229207 0.0000000 0.0071467 0.0256512 0.0016004 0.0015515 0.1477678
162 E 162 0.1775592 0.2503752 0.0157635 0.0156131 0.0000000 0.1104079 0.1136957 0.0118122 0.0444472 0.0041758 0.0153179 0.1045704 0.0010853 0.0050794 0.0000000 0.0615369 0.0293229 0.0018588 0.0278723 0.0095064
163 K 163 0.0455304 0.2555437 0.0386163 0.0594827 0.0000000 0.0758468 0.0667480 0.0046653 0.0141626 0.0082709 0.0649215 0.2309239 0.0133930 0.0065494 0.0000000 0.0372155 0.0310660 0.0015491 0.0443999 0.0011149
164 A 164 0.9067220 0.0000000 0.0014410 0.0016923 0.0052284 0.0000000 0.0000000 0.0233501 0.0000000 0.0011050 0.0000000 0.0000000 0.0035145 0.0000000 0.0000000 0.0471702 0.0036926 0.0023332 0.0000000 0.0037507
165 L 165 0.0109206 0.0044179 0.0000000 0.0000000 0.0000000 0.0011327 0.0000000 0.0000000 0.0000000 0.0159394 0.2689080 0.0000000 0.0257978 0.6459134 0.0000000 0.0010303 0.0063658 0.0037729 0.0089492 0.0068521
166 K 166 0.1217712 0.0914770 0.0470952 0.0840743 0.0140919 0.2020444 0.0497132 0.0606302 0.0103663 0.0000000 0.0054261 0.1919775 0.0117113 0.0000000 0.0000000 0.0703265 0.0343430 0.0015999 0.0022071 0.0011449
167 V 167 0.0714639 0.1173200 0.0000000 0.0097689 0.0000000 0.0407462 0.0297686 0.0015208 0.0054310 0.0377091 0.1188660 0.0431120 0.0674826 0.0089719 0.0104409 0.0608914 0.0392195 0.0018849 0.0224275 0.3129748
168 W 168 0.0000000 0.0023180 0.0000000 0.0000000 0.0021648 0.0000000 0.0051785 0.0000000 0.0000000 0.0040922 0.0000000 0.0020298 0.0000000 0.0053415 0.0000000 0.0000000 0.0000000 0.9739011 0.0049741 0.0000000
169 E 169 0.2111845 0.0052794 0.0000000 0.0107296 0.0000000 0.0657813 0.1287008 0.0265048 0.0000000 0.0000000 0.0023507 0.0051528 0.0047711 0.0000000 0.0000000 0.5060189 0.0257343 0.0000000 0.0000000 0.0077917
170 E 170 0.0938324 0.0533592 0.0899926 0.2684717 0.0000000 0.0649152 0.1503538 0.0162410 0.0065611 0.0081675 0.0068338 0.0988558 0.0062664 0.0017043 0.0055962 0.0915595 0.0194434 0.0000000 0.0020696 0.0157765
171 V 171 0.1244087 0.0014052 0.0260672 0.0034779 0.0000000 0.0145034 0.0288314 0.0035347 0.0208997 0.0335204 0.0154522 0.0060125 0.0052126 0.0057501 0.0089780 0.0066387 0.0261428 0.0000000 0.0459170 0.6232474
172 T 172 0.1614502 0.0000000 0.0000000 0.0000000 0.0000000 0.0000000 0.0000000 0.0168539 0.0000000 0.0754843 0.0214007 0.0015358 0.0047924 0.0000000 0.0047243 0.2363483 0.4513759 0.0000000 0.0000000 0.0260341
173 P 173 0.0286544 0.0288146 0.1537886 0.0492848 0.0000000 0.0061248 0.0046109 0.0588895 0.0230970 0.0015360 0.0146632 0.0406288 0.0055919 0.0000000 0.5003927 0.0442059 0.0338832 0.0000000 0.0016216 0.0042121
174 L 174 0.0014992 0.0039386 0.0000000 0.0000000 0.0000000 0.0000000 0.0000000 0.0000000 0.0000000 0.0844064 0.7488377 0.0000000 0.0069982 0.0639603 0.0047253 0.0000000 0.0000000 0.0051685 0.0043887 0.0760772
175 T 175 0.0178615 0.0963471 0.1178450 0.0580123 0.0000000 0.0217605 0.0382309 0.0022767 0.0042984 0.0143015 0.0079280 0.0988817 0.0057301 0.0045406 0.0029184 0.0992787 0.3824350 0.0027109 0.0015086 0.0231342
176 F 176 0.0023650 0.0017153 0.0000000 0.0000000 0.0058758 0.0000000 0.0000000 0.0019464 0.0000000 0.0244969 0.0266515 0.0000000 0.0000000 0.9349210 0.0000000 0.0020281 0.0000000 0.0000000 0.0000000 0.0000000
177 S 177 0.0217670 0.1365655 0.0125003 0.0024800 0.0048022 0.0821827 0.0642640 0.0051567 0.0321770 0.0339304 0.0241221 0.0415786 0.0129360 0.0074968 0.0000000 0.0769467 0.3138636 0.0110613 0.0072461 0.1089232
178 R 178 0.0090439 0.2043190 0.0016833 0.0055337 0.0000000 0.0761258 0.5377772 0.0041093 0.0102234 0.0019721 0.0073448 0.0841833 0.0047232 0.0097323 0.0141136 0.0040741 0.0027512 0.0063907 0.0158991 0.0000000
179 L 179 0.0770187 0.0163656 0.0074438 0.0233952 0.0000000 0.0018468 0.0111151 0.0047570 0.0000000 0.1471788 0.0823397 0.0309972 0.0090504 0.0023631 0.0008929 0.0364089 0.1317093 0.0137086 0.0023353 0.4010738
180 Y 180 0.0971643 0.0464923 0.0792379 0.0537388 0.0013534 0.0515533 0.0404897 0.0291490 0.0535711 0.0027432 0.0243133 0.0390362 0.0114219 0.0247203 0.0737556 0.1429956 0.1172524 0.0024741 0.0960193 0.0125181
181 E 181 0.0432404 0.0407433 0.0471994 0.2260721 0.0000000 0.0237821 0.0976648 0.0755557 0.0149712 0.0045725 0.0157738 0.0422147 0.0031090 0.0085173 0.0097393 0.2247516 0.0606541 0.0070174 0.0395020 0.0149192
182 G 182 0.0497920 0.0337710 0.0640594 0.0640041 0.0021356 0.0655923 0.0704627 0.3477815 0.0166727 0.0025946 0.0106477 0.0425192 0.0009513 0.0044090 0.0438521 0.0928576 0.0450495 0.0033380 0.0298770 0.0096329
183 E 183 0.0345741 0.0476689 0.0896760 0.1422107 0.0000000 0.0634583 0.1785047 0.0468726 0.0103084 0.0387682 0.0040062 0.0494389 0.0026022 0.0024591 0.1121332 0.0637712 0.0772242 0.0098691 0.0111928 0.0152613
184 A 184 0.7010719 0.0047497 0.0075188 0.0240085 0.0000000 0.0026131 0.0032792 0.0264673 0.0020027 0.0044926 0.0000000 0.0000000 0.0013814 0.0000000 0.0526283 0.0931212 0.0049455 0.0000000 0.0000000 0.0717199
185 D 185 0.0129948 0.0000000 0.0937759 0.7787458 0.0000000 0.0090759 0.0070681 0.0173108 0.0305417 0.0053783 0.0087500 0.0079101 0.0138576 0.0000000 0.0052594 0.0053459 0.0039854 0.0000000 0.0000000 0.0000000
186 I 186 0.0000000 0.0000000 0.0033543 0.0029929 0.0040992 0.0000000 0.0092464 0.0224890 0.0076143 0.8191474 0.0555337 0.0000000 0.0122469 0.0090394 0.0065745 0.0053427 0.0015967 0.0000000 0.0000000 0.0407225
187 M 187 0.0041958 0.1180047 0.0422488 0.0378516 0.0000000 0.0706339 0.0699321 0.0123813 0.0095151 0.0274984 0.0657272 0.1285729 0.1961751 0.0135896 0.0041590 0.0105700 0.1033823 0.0000000 0.0099765 0.0755858
188 I 188 0.0096799 0.0052496 0.0054717 0.0071738 0.0010156 0.0009748 0.0028146 0.0041614 0.0000000 0.6340877 0.0926952 0.0038914 0.0133171 0.0373954 0.0115106 0.0079919 0.0058591 0.0000000 0.0039850 0.1527252
189 S 189 0.0750951 0.0625685 0.0253337 0.0560096 0.0073693 0.0367421 0.0164974 0.2033721 0.0033796 0.0212677 0.0775826 0.0365205 0.0080666 0.0524555 0.0000000 0.2389686 0.0374152 0.0000000 0.0156314 0.0257248
