  299         A         R         N         D         C         Q         E         G         H         I         L         K         M         F         P         S         T         W         Y         V         X    
  1 C   1 0.0000000 0.0000000 0.0000000 0.0000000 0.1184215 0.0000000 0.0000000 0.0000000 0.0000000 0.0000000 0.0000000 0.0000000 0.0000000 0.0000000 0.0000000 0.0000000 0.0000000 0.0000000 0.0000000 0.0000000 0.8815785
  2 T   2 0.0000000 0.0022158 0.0000000 0.0000000 0.0000000 0.0000000 0.0000000 0.0000000 0.0000000 0.0031941 0.0042444 0.0000000 0.0021656 0.0000000 0.0000000 0.0904972 0.0205249 0.0000000 0.0000000 0.0000000 0.8771580
  3 C   3 0.0106379 0.0000000 0.0000000 0.0000000 0.1063137 0.0000000 0.0000000 0.0000000 0.0000000 0.0000000 0.0000000 0.0000000 0.0000000 0.0000000 0.0000000 0.0084396 0.0021486 0.0000000 0.0000000 0.0000000 0.8724603
  4 V   4 0.0512031 0.0069537 0.0000000 0.0000000 0.0000000 0.0031419 0.0021740 0.0033671 0.0000000 0.0000000 0.0134252 0.0031941 0.0216566 0.0020881 0.0000000 0.0190085 0.0000000 0.0000000 0.0038171 0.0101452 0.8598254
  5 P   5 0.0054771 0.0043108 0.0016753 0.0000000 0.0000000 0.0053007 0.0000000 0.0020042 0.0000000 0.0031941 0.0084492 0.0000000 0.0017311 0.0000000 0.1023232 0.0021334 0.0000000 0.0044075 0.0027150 0.0000000 0.8562782
  6 P   6 0.0206003 0.0061739 0.0014915 0.0057211 0.0000000 0.0087452 0.0050574 0.0000000 0.0066841 0.0035273 0.0136475 0.0020416 0.0000000 0.0000000 0.0172953 0.0191662 0.0131731 0.0019928 0.0020042 0.0117026 0.8609760
  7 H   7 0.0044205 0.0050016 0.0000000 0.0000000 0.0000000 0.0057629 0.0000000 0.0000000 0.1138721 0.0000000 0.0000000 0.0000000 0.0000000 0.0042444 0.0035176 0.0000000 0.0000000 0.0000000 0.0022048 0.0000000 0.8609760
  8 P   8 0.0020881 0.0041902 0.0000000 0.0000000 0.0000000 0.0039646 0.0000000 0.0000000 0.0031773 0.0000000 0.0000000 0.0000000 0.0000000 0.0044205 0.1173025 0.0022158 0.0000000 0.0000000 0.0000000 0.0000000 0.8626410
  9 Q   9 0.0069537 0.0039646 0.0000000 0.0000000 0.0000000 0.1110943 0.0042525 0.0000000 0.0000000 0.0000000 0.0044205 0.0000000 0.0000000 0.0000000 0.0035471 0.0000000 0.0000000 0.0000000 0.0000000 0.0000000 0.8657672
 10 T  10 0.0034946 0.0042444 0.0000000 0.0108434 0.0000000 0.0327164 0.0014915 0.0035471 0.0000000 0.0052753 0.0014531 0.0028722 0.0015125 0.0000000 0.0107350 0.0122035 0.0438437 0.0000000 0.0000000 0.0000000 0.8657672
 11 A  11 0.0724864 0.0000000 0.0044075 0.0000000 0.0000000 0.0057098 0.0000000 0.0021520 0.0158256 0.0042444 0.0095348 0.0035352 0.0000000 0.0076146 0.0000000 0.0000000 0.0203569 0.0000000 0.0000000 0.0053057 0.8488270
 12 F  12 0.0000000 0.0000000 0.0000000 0.0000000 0.0000000 0.0000000 0.0035471 0.0000000 0.0016677 0.0070251 0.0042126 0.0000000 0.0000000 0.0887310 0.0000000 0.0000000 0.0000000 0.0000000 0.0282055 0.0207420 0.8458689
 13 C  13 0.0083961 0.0000000 0.0000000 0.0000000 0.1144565 0.0044075 0.0000000 0.0057365 0.0000000 0.0027093 0.0000000 0.0000000 0.0000000 0.0000000 0.0042444 0.0115848 0.0000000 0.0000000 0.0000000 0.0000000 0.8484649
 14 N  14 0.0070417 0.0104189 0.0622542 0.0065346 0.0000000 0.0000000 0.0117548 0.0039749 0.0063038 0.0044205 0.0030143 0.0019320 0.0031941 0.0000000 0.0000000 0.0260744 0.0013544 0.0000000 0.0012515 0.0000000 0.8504760
 15 S  15 0.0557586 0.0000000 0.0000000 0.0063439 0.0000000 0.0044205 0.0044075 0.0000000 0.0000000 0.0000000 0.0012097 0.0021520 0.0000000 0.0000000 0.0110063 0.0765823 0.0016338 0.0000000 0.0000000 0.0000000 0.8364853
 16 D  16 0.0140634 0.0000000 0.0000000 0.0942665 0.0000000 0.0089120 0.0061078 0.0040003 0.0031419 0.0000000 0.0016677 0.0000000 0.0000000 0.0017801 0.0000000 0.0165670 0.0058101 0.0000000 0.0121488 0.0029076 0.8286266
 17 L  17 0.0078808 0.0021486 0.0000000 0.0000000 0.0000000 0.0000000 0.0000000 0.0012424 0.0000000 0.0286657 0.0212388 0.0000000 0.0000000 0.0301004 0.0346166 0.0073863 0.0000000 0.0060301 0.0107015 0.0333196 0.8166693
 18 V  18 0.0000000 0.0000000 0.0045564 0.0031419 0.0000000 0.0000000 0.0000000 0.0000000 0.0000000 0.0079151 0.0174739 0.0000000 0.0013501 0.0044075 0.0000000 0.0000000 0.0105851 0.0000000 0.0000000 0.1344948 0.8160752
 19 I  19 0.0039927 0.0000000 0.0031347 0.0061382 0.0000000 0.0000000 0.0064627 0.0044205 0.0000000 0.0996065 0.0122842 0.0035471 0.0000000 0.0055287 0.0048821 0.0049100 0.0032490 0.0000000 0.0034357 0.0355573 0.8028506
 20 R  20 0.0019489 0.0908634 0.0016338 0.0068471 0.0000000 0.0118468 0.0031419 0.0090317 0.0011858 0.0080246 0.0138580 0.0048637 0.0000000 0.0171521 0.0017013 0.0093207 0.0000000 0.0000000 0.0026477 0.0252173 0.7907151
 21 A  21 0.1105779 0.0000000 0.0000000 0.0000000 0.0000000 0.0039749 0.0030351 0.0199555 0.0000000 0.0088001 0.0078425 0.0000000 0.0000000 0.0034946 0.0167841 0.0029351 0.0112420 0.0000000 0.0000000 0.0285390 0.7828191
 22 K  22 0.0013622 0.0563118 0.0000000 0.0069928 0.0000000 0.0104134 0.0037735 0.0035176 0.0038966 0.0000000 0.0038624 0.0964403 0.0000000 0.0045300 0.0029249 0.0121387 0.0081999 0.0000000 0.0031923 0.0049423 0.7775015
 23 F  23 0.0198906 0.0013023 0.0000000 0.0207326 0.0000000 0.0000000 0.0012542 0.0019172 0.0044075 0.0348615 0.0164098 0.0062316 0.0036290 0.0315913 0.0318941 0.0034561 0.0019071 0.0000000 0.0000000 0.0662788 0.7542365
 24 V  24 0.0051930 0.0008990 0.0000000 0.0031714 0.0027200 0.0146541 0.0120448 0.0092816 0.0000000 0.0105778 0.0552609 0.0220235 0.0060739 0.0019519 0.0063378 0.0177640 0.0085339 0.0000000 0.0000000 0.0743304 0.7491820
 25 G  25 0.0142184 0.0476013 0.0073923 0.0069775 0.0000000 0.0069627 0.0122217 0.0846871 0.0042444 0.0000000 0.0000000 0.0277092 0.0000000 0.0000000 0.0033953 0.0508260 0.0143287 0.0000000 0.0000000 0.0037959 0.7156393
 26 T  26 0.0220244 0.0332486 0.0078734 0.0115540 0.0007732 0.0111614 0.0397281 0.0137376 0.0017303 0.0073796 0.0155333 0.0487412 0.0108169 0.0031754 0.0134481 0.0351548 0.0269212 0.0000000 0.0000000 0.0113300 0.6856687
 27 P  27 0.0304022 0.0049255 0.0050050 0.0140025 0.0000000 0.0157985 0.0330522 0.0054595 0.0056508 0.0095112 0.0216543 0.0594852 0.0030496 0.0020656 0.0293913 0.0535994 0.0383033 0.0000000 0.0000000 0.0041526 0.6644914
 28 E  28 0.0069734 0.0053671 0.0466874 0.0121936 0.0000000 0.0427220 0.0804190 0.0031609 0.0055709 0.0061228 0.0091546 0.0347640 0.0021740 0.0045043 0.0416378 0.0186027 0.0138249 0.0000000 0.0000000 0.0204717 0.6456488
 29 V  29 0.0157685 0.0060700 0.0033473 0.0299982 0.0000000 0.0129568 0.0434210 0.0093140 0.0016611 0.0255678 0.0290090 0.0289534 0.0280806 0.0076669 0.0268658 0.0043721 0.0221168 0.0000000 0.0000000 0.0723076 0.6325231
 30 N  30 0.0122630 0.0085719 0.0473811 0.0365736 0.0000000 0.0138986 0.0470854 0.0232613 0.0029565 0.0234287 0.0022206 0.0338346 0.0000000 0.0020656 0.0229625 0.0417255 0.0498466 0.0000000 0.0096278 0.0062477 0.6160492
 31 Q  31 0.0149521 0.0046161 0.0646933 0.1130704 0.0000000 0.0271767 0.0289780 0.0227110 0.0038693 0.0000000 0.0033497 0.0099513 0.0043456 0.0000000 0.0112511 0.0391462 0.0205757 0.0000000 0.0069521 0.0154872 0.6088742
 32 T  32 0.0217139 0.0104704 0.0235587 0.0206780 0.0000000 0.0063188 0.0458652 0.0199084 0.0062997 0.0108808 0.0214209 0.0189086 0.0305713 0.0115795 0.0251615 0.0120005 0.0612043 0.0068414 0.0122036 0.0306091 0.6038055
 33 T  33 0.0079904 0.0124160 0.0143832 0.0412613 0.0000000 0.0581121 0.0675475 0.0110894 0.0192620 0.0234794 0.0140489 0.0129339 0.0041246 0.0153745 0.0274865 0.0210128 0.0307206 0.0000000 0.0024657 0.0126455 0.6036456
 34 L  34 0.0076075 0.0064183 0.0000000 0.0146110 0.0020109 0.0163236 0.0293736 0.0109443 0.0041281 0.0271682 0.1198414 0.0510799 0.0098613 0.0472983 0.0062791 0.0130924 0.0106765 0.0000000 0.0107968 0.0159623 0.5965265
 35 Y  35 0.1548813 0.0190857 0.0099834 0.0009926 0.0000000 0.0085639 0.0076003 0.0079334 0.0173805 0.0125369 0.0293648 0.0164601 0.0151417 0.0075456 0.0106729 0.0145832 0.0215517 0.0000000 0.0164822 0.0345625 0.5946774
 36 Q  36 0.0060443 0.0232840 0.0010906 0.0168480 0.0000000 0.1178852 0.0744050 0.0036991 0.0000000 0.0307712 0.0308411 0.0277889 0.0131881 0.0021682 0.0000000 0.0079278 0.0256755 0.0000000 0.0117615 0.0196624 0.5869591
 37 R  37 0.0376005 0.0652088 0.0552849 0.0208972 0.0000000 0.0623272 0.0298362 0.0052584 0.0076356 0.0047815 0.0038306 0.0822178 0.0062532 0.0000000 0.0000000 0.0220189 0.0089513 0.0033625 0.0000000 0.0040550 0.5804805
 38 Y  38 0.0052050 0.0000000 0.0049979 0.0000000 0.0000000 0.0194506 0.0080091 0.0000000 0.0011551 0.0089390 0.0099998 0.0079070 0.0000000 0.0208490 0.0000000 0.0032618 0.0011650 0.0089087 0.3394407 0.0000000 0.5607112
 39 E  39 0.0054481 0.0039108 0.0064096 0.0229177 0.0000000 0.0017846 0.0441665 0.0111959 0.0023532 0.0134816 0.2702206 0.0363913 0.0027863 0.0018158 0.0043973 0.0021334 0.0147768 0.0021520 0.0008737 0.0071480 0.5456369
 40 I  40 0.0185735 0.0144711 0.0312855 0.0079351 0.0013320 0.0313482 0.0793869 0.0156816 0.0000000 0.0665093 0.0101963 0.0564168 0.0118008 0.0045834 0.0000000 0.0224187 0.0098459 0.0000000 0.0140800 0.0620039 0.5421309
 41 K  41 0.0064138 0.0736205 0.0460213 0.0259961 0.0000000 0.0412677 0.0106339 0.0328471 0.0083555 0.0000000 0.0067042 0.1790593 0.0000000 0.0000000 0.0011193 0.0130927 0.0105134 0.0000000 0.0023532 0.0000000 0.5420021
 42 M  42 0.0038785 0.0000000 0.0000000 0.0000000 0.0000000 0.0609698 0.0077869 0.0060965 0.0020352 0.0393731 0.0513056 0.0000000 0.0326508 0.1554262 0.0000000 0.0030351 0.0062459 0.0000000 0.1136831 0.0233044 0.4942089
 43 T  43 0.0057110 0.0156738 0.0144542 0.0132618 0.0000000 0.0075146 0.0041848 0.0832050 0.0084806 0.0533429 0.0259786 0.0223246 0.0106038 0.0160741 0.0118233 0.0372522 0.0270617 0.0000000 0.1359092 0.0032899 0.5038537
 44 K  44 0.0028922 0.0173927 0.0627216 0.0268876 0.0000000 0.0273786 0.0296394 0.0398778 0.0111899 0.0018645 0.0141348 0.1273672 0.0015839 0.0073715 0.0114515 0.0294074 0.0137378 0.0016201 0.0861217 0.0026533 0.4847066
 45 M  45 0.0030012 0.0031633 0.0055074 0.0019444 0.0144349 0.0054489 0.0122874 0.0025738 0.0140050 0.0487732 0.1856268 0.0091956 0.0675760 0.0391904 0.0069664 0.0091734 0.0270285 0.0000000 0.0182885 0.0477477 0.4780673
 46 Y  46 0.0178008 0.0161069 0.0159476 0.0180159 0.0000000 0.0264236 0.0418223 0.0117486 0.0052509 0.0033762 0.0312761 0.1368238 0.0035773 0.0653865 0.0445671 0.0120729 0.0222185 0.0061936 0.0383692 0.0052933 0.4777286
 47 K  47 0.0273603 0.0355516 0.0172489 0.0477267 0.0000000 0.0430581 0.0271225 0.0472497 0.0049090 0.0101204 0.0112265 0.1517217 0.0107155 0.0045302 0.0207466 0.0390193 0.0197371 0.0000000 0.0068574 0.0139075 0.4611911
 48 G  48 0.0393332 0.0036963 0.0282473 0.0485427 0.0000000 0.0070152 0.0549988 0.0746139 0.0068011 0.0057803 0.0100243 0.0114575 0.0092168 0.0130744 0.0063935 0.0285931 0.0128465 0.0032383 0.1629736 0.0102612 0.4628922
 49 F  49 0.0126015 0.0066311 0.0400743 0.0147578 0.0000000 0.0029198 0.0202185 0.0282579 0.0050555 0.0052737 0.1512388 0.0140037 0.0117321 0.0837423 0.0406022 0.0275062 0.0272834 0.0007398 0.0134133 0.0208332 0.4731152
 50 Q  50 0.0128569 0.0216481 0.0411722 0.0444447 0.0142893 0.0529667 0.0410864 0.0260614 0.0176666 0.0112308 0.0214225 0.0635419 0.0151432 0.0076179 0.0367821 0.0564459 0.0173078 0.0058742 0.0035620 0.0105683 0.4783110
 51 A  51 0.0349204 0.0552482 0.0399887 0.0176443 0.0028846 0.0416055 0.0343004 0.0204994 0.0334691 0.0075794 0.0052606 0.0854896 0.0041750 0.0094352 0.0270491 0.0369504 0.0281972 0.0000000 0.0118736 0.0098348 0.4935947
 52 L  52 0.0362569 0.0059005 0.0040818 0.0050340 0.0000000 0.0070910 0.0076734 0.0149551 0.0026964 0.0126470 0.0714560 0.0154395 0.0416442 0.1395310 0.0294933 0.0179254 0.0249555 0.0000000 0.0412398 0.0216480 0.5003311
 53 G  53 0.0128241 0.0230429 0.0135666 0.0273408 0.0000000 0.0089816 0.0250963 0.2343734 0.0060951 0.0078377 0.0075331 0.0127659 0.0094367 0.0234995 0.0075426 0.0259420 0.0150008 0.0000000 0.0059597 0.0287942 0.5043669
 54 D  54 0.0156324 0.0503281 0.0298969 0.0212954 0.0000000 0.0161057 0.0227782 0.0144260 0.0058244 0.0059371 0.0061593 0.0656231 0.0111087 0.0017495 0.0140630 0.0135599 0.0068434 0.0045260 0.1553723 0.0268293 0.5119413
 55 A  55 0.0493291 0.0270931 0.0103667 0.0087704 0.0000000 0.0111602 0.0118952 0.0154100 0.0016060 0.0370699 0.1478289 0.0300222 0.0308354 0.0095836 0.0023504 0.0344651 0.0164394 0.0013914 0.0209423 0.0231128 0.5103278
 56 A  56 0.0233752 0.0555034 0.0300192 0.0039539 0.0009324 0.0550250 0.0217874 0.0239183 0.0108176 0.0040600 0.0378773 0.0747571 0.0000000 0.0025478 0.0837843 0.0454018 0.0204362 0.0030111 0.0043243 0.0056601 0.4928075
 57 D  57 0.0238801 0.0366844 0.0524706 0.1268893 0.0000000 0.0194015 0.0163106 0.0178402 0.0251227 0.0070071 0.0178327 0.0328998 0.0079348 0.0033035 0.0159148 0.0670857 0.0096284 0.0012825 0.0155964 0.0118911 0.4910238
 58 I  58 0.0178755 0.0123634 0.0205466 0.0219855 0.0016335 0.0136369 0.0126148 0.0233517 0.0161162 0.0738723 0.0342396 0.0098332 0.0000000 0.0226617 0.0283041 0.1157400 0.0348102 0.0000000 0.0062486 0.0369338 0.4972322
 59 R  59 0.0103901 0.0976890 0.0616246 0.0387240 0.0000000 0.0661039 0.0508692 0.0690632 0.0199637 0.0020489 0.0145986 0.0183811 0.0030633 0.0018778 0.0239112 0.0322500 0.0159897 0.0014533 0.0042786 0.0044205 0.4632992
 60 F  60 0.0307354 0.0240287 0.0159772 0.0120873 0.0016335 0.0283045 0.0328287 0.0094515 0.0352116 0.0086225 0.0183067 0.0095621 0.0065884 0.0890020 0.0310768 0.0478591 0.0180498 0.0000000 0.1061833 0.0096158 0.4648752
 61 V  61 0.0180592 0.0128456 0.0326583 0.0213457 0.0010546 0.0044715 0.0078920 0.1339083 0.0036186 0.0591214 0.0714151 0.0098694 0.0221315 0.0124670 0.0066480 0.0254947 0.0200666 0.0030351 0.0020714 0.0497553 0.4820708
 62 Y  62 0.0165759 0.0199208 0.0076484 0.0177093 0.0000000 0.0012358 0.0126654 0.0069084 0.0158027 0.0142382 0.0254116 0.0124115 0.0185050 0.0910459 0.0055028 0.0691686 0.0094778 0.0052985 0.1601108 0.0086700 0.4816927
 63 T  63 0.0116030 0.0085630 0.0355304 0.0474470 0.0000000 0.0018147 0.0099809 0.0118810 0.0010659 0.0387031 0.0933121 0.0114368 0.0068124 0.0000000 0.0050116 0.0514712 0.1879180 0.0010053 0.0000000 0.0066304 0.4698132
 64 P  64 0.0512303 0.0084712 0.0178354 0.1230515 0.0000000 0.0160115 0.0337392 0.0188278 0.0034315 0.0035503 0.0107335 0.0152427 0.0174343 0.0000000 0.1476530 0.0406738 0.0066132 0.0008470 0.0038557 0.0069436 0.4738546
 65 A  65 0.0572477 0.0320854 0.0089942 0.0417081 0.0012117 0.0094559 0.0220109 0.0118433 0.0081641 0.0194335 0.0186687 0.0338612 0.0072115 0.0112249 0.1000534 0.0699743 0.0275198 0.0010400 0.0141230 0.0366375 0.4675310
 66 M  66 0.0335398 0.0093926 0.0244909 0.0470029 0.0000000 0.0083568 0.0160074 0.0200601 0.0042080 0.0122937 0.0386990 0.0112505 0.0235184 0.1129170 0.0257842 0.1071225 0.0306230 0.0000000 0.0021476 0.0205301 0.4520557
 67 E  67 0.0262030 0.0188253 0.0163049 0.2172619 0.0016335 0.0123258 0.0999026 0.0110554 0.0080870 0.0015192 0.0072478 0.0312473 0.0000000 0.0000000 0.0133016 0.0947870 0.0142200 0.0047391 0.0000000 0.0011551 0.4201835
 68 S  68 0.0594374 0.0025593 0.0459054 0.0807248 0.0000000 0.0421786 0.0686579 0.0040288 0.0041269 0.0018185 0.0072940 0.0298095 0.0088750 0.0014797 0.0567112 0.1530209 0.0255758 0.0000000 0.0013039 0.0073672 0.3991253
 69 V  69 0.0673734 0.0269716 0.0234738 0.0302262 0.0000000 0.0265193 0.0641948 0.0064394 0.0126939 0.0196144 0.0939806 0.0125813 0.0395821 0.0128301 0.0364360 0.0417987 0.0419879 0.0000000 0.0024990 0.0606872 0.3801105
 70 C  70 0.0038136 0.0089996 0.0092329 0.0027392 0.1059403 0.0101663 0.0015449 0.0019317 0.0000000 0.0546779 0.1691346 0.0028044 0.0411613 0.0688327 0.0059115 0.0031977 0.0668692 0.0047590 0.0033156 0.0614242 0.3735433
 71 G  71 0.0563296 0.0245973 0.0133403 0.0104915 0.0000000 0.0319279 0.1300791 0.1449115 0.0030689 0.0281165 0.0051820 0.0316524 0.0083382 0.0000000 0.0030978 0.0618573 0.0289596 0.0000000 0.0041318 0.0507709 0.3631472
 72 Y  72 0.0500917 0.0247075 0.0218654 0.0436092 0.0000000 0.0447583 0.1127914 0.0137568 0.0058921 0.0108876 0.0250817 0.0460867 0.0066067 0.0125378 0.0062832 0.1150380 0.0232157 0.0000000 0.0297601 0.0628348 0.3441953
 73 F  73 0.3725849 0.0146841 0.0103532 0.0039180 0.0000000 0.0167531 0.0106320 0.0084148 0.0093643 0.0082206 0.0226397 0.1379701 0.0011889 0.0112659 0.0159568 0.0253142 0.0345239 0.0000000 0.0000000 0.0081562 0.2880594
 74 H  74 0.0000000 0.0036300 0.0031977 0.0050310 0.0000000 0.0143374 0.0000000 0.0000000 0.0303415 0.2669477 0.2906567 0.0046901 0.0050892 0.0127351 0.0000000 0.0045403 0.0011889 0.0000000 0.0014548 0.0841328 0.2720269
 75 R  75 0.0378642 0.1684962 0.0025995 0.0311050 0.0006472 0.0513777 0.0569037 0.0079810 0.0000000 0.0171577 0.0178308 0.2293611 0.0112186 0.0086833 0.0028797 0.0377893 0.0307062 0.0000000 0.0000000 0.0102153 0.2771836
 76 S  76 0.0845409 0.0547986 0.0426043 0.0244420 0.0000000 0.0419111 0.1552804 0.0083614 0.0078578 0.0157804 0.0251493 0.0665277 0.0113010 0.0094059 0.0055183 0.0460334 0.1008734 0.0013357 0.0043486 0.0258367 0.2680933
 77 H  77 0.0031049 0.0031200 0.0451485 0.0064553 0.0000000 0.0122304 0.0061189 0.0082421 0.0057218 0.0072315 0.0721666 0.0031977 0.2445821 0.1628342 0.0091614 0.0105819 0.0025445 0.0000000 0.1190712 0.0101110 0.2683760
 78 N  78 0.0012055 0.0033668 0.0314878 0.0000000 0.0000000 0.5994709 0.0118030 0.0339156 0.0031941 0.0048722 0.0015449 0.0079438 0.0000000 0.0000000 0.0000000 0.0178654 0.0062840 0.0000000 0.0000000 0.0017846 0.2752614
 79 R  79 0.0350875 0.1786712 0.0198802 0.0067789 0.0000000 0.0710547 0.0743699 0.0049363 0.0173843 0.0093823 0.0293249 0.1588652 0.0027557 0.0020488 0.0021740 0.0571495 0.0382348 0.0119505 0.0035117 0.0107091 0.2657304
 80 S  80 0.0296477 0.0168658 0.0742947 0.0094238 0.0000000 0.0238704 0.0104308 0.0111269 0.0012368 0.0021621 0.0177065 0.0624494 0.0167854 0.3424998 0.0000000 0.0440928 0.0084655 0.0000000 0.0532297 0.0263759 0.2493360
 81 E  81 0.0998882 0.0061660 0.0268117 0.0057247 0.0011814 0.0302407 0.0551008 0.0455652 0.0115560 0.0017751 0.0960860 0.0161665 0.0085623 0.1917420 0.0000000 0.0444679 0.0059535 0.0000000 0.0934871 0.0078603 0.2516648
 82 E  82 0.0182315 0.0221883 0.0851791 0.0166205 0.0015348 0.0265138 0.0388002 0.3526891 0.0472257 0.0066227 0.0026262 0.0135511 0.0047912 0.0000000 0.0044935 0.0364803 0.0229375 0.0011464 0.0334323 0.0061019 0.2588341
 83 F  83 0.0050849 0.0046649 0.0000000 0.0000000 0.0000000 0.0012958 0.0000000 0.0000000 0.0000000 0.0902073 0.5442095 0.0024296 0.0072375 0.0224638 0.0000000 0.0037316 0.0075557 0.0000000 0.0433482 0.0174323 0.2503389
 84 L  84 0.0133088 0.0196139 0.0832417 0.0199490 0.0044378 0.0519818 0.0981200 0.0007996 0.0030694 0.0253280 0.0482802 0.0862808 0.0000000 0.0033460 0.2187133 0.0110515 0.0457448 0.0000000 0.0036290 0.0137228 0.2493817
 85 I  85 0.0691563 0.0048997 0.0062685 0.0048330 0.0000000 0.0327161 0.0974692 0.0041200 0.0000000 0.0972065 0.0225916 0.0062465 0.0195245 0.0018396 0.0335804 0.0187513 0.0355133 0.0000000 0.0045420 0.2916917 0.2490498
 86 A  86 0.0262159 0.0000000 0.0108761 0.0104216 0.0000000 0.0000000 0.0014193 0.0467465 0.0034405 0.0024279 0.0134161 0.0065833 0.0017939 0.0068065 0.0031179 0.0570671 0.5562295 0.0000000 0.0025492 0.0030373 0.2478512
 87 G  87 0.0032355 0.0052605 0.0029693 0.0061225 0.0016201 0.0151135 0.0142689 0.6374840 0.0000000 0.0036282 0.0059315 0.0250340 0.0013308 0.0000000 0.0043279 0.0068272 0.0127601 0.0000000 0.0000000 0.0000000 0.2540860
 88 K  88 0.0119521 0.0839638 0.0347113 0.0277223 0.0011999 0.0644907 0.1028852 0.0109173 0.0151864 0.0370719 0.0218177 0.1488296 0.0059363 0.0046948 0.0030351 0.0220526 0.0509517 0.0016956 0.0098847 0.0861335 0.2548674
 89 L  89 0.0104887 0.0044378 0.0056914 0.0054792 0.0000000 0.0023679 0.0159323 0.0000000 0.0014531 0.0651497 0.4681787 0.0000000 0.0416150 0.0309430 0.0252440 0.0050149 0.0033668 0.0014783 0.0042499 0.0561075 0.2528017
 90 Q  90 0.0186790 0.0179667 0.0660982 0.5336528 0.0000000 0.0070986 0.0052521 0.0195549 0.0016892 0.0068073 0.0014533 0.0019928 0.0038691 0.0025795 0.0078216 0.0165577 0.0091465 0.0012950 0.0142368 0.0108524 0.2533963
 91 D  91 0.0927803 0.0218614 0.0693390 0.1022961 0.0000000 0.0626088 0.1060697 0.0170703 0.0108841 0.0018799 0.0051235 0.0272468 0.0008006 0.0018935 0.0396708 0.1354752 0.0338170 0.0000000 0.0021289 0.0093141 0.2597401
 92 G  92 0.1437051 0.0230443 0.0559569 0.0811453 0.0000000 0.0312810 0.1461120 0.0946798 0.0028224 0.0008423 0.0083363 0.0345424 0.0062359 0.0000000 0.0353886 0.0505168 0.0281804 0.0000000 0.0025272 0.0040190 0.2506643
 93 L  93 0.0000000 0.0174628 0.0123494 0.0030248 0.0000000 0.0104506 0.0087673 0.0007796 0.0053079 0.0103337 0.0178414 0.0445067 0.0027029 0.0077603 0.0025492 0.0086365 0.5879446 0.0000000 0.0062379 0.0046103 0.2487339
 94 L  94 0.0207663 0.0036317 0.0018871 0.0034405 0.0031179 0.0011207 0.0000000 0.0017939 0.0016736 0.0542364 0.1893295 0.0000000 0.3696734 0.0083115 0.0073253 0.0017121 0.0028490 0.0048155 0.0013197 0.0591868 0.2638092
 95 H  95 0.0227590 0.0784738 0.0575498 0.0451099 0.0040387 0.0753797 0.0803367 0.0139960 0.0827873 0.0037562 0.0216506 0.1013534 0.0205932 0.0092162 0.0064868 0.0505163 0.0248303 0.0069715 0.0162178 0.0148284 0.2631483
 96 I  96 0.0332854 0.0592108 0.0023679 0.0000000 0.0044378 0.1030297 0.0206928 0.0012744 0.0025492 0.0827585 0.0951398 0.1128375 0.0540779 0.0068093 0.0074055 0.0130030 0.0696719 0.0000000 0.0033911 0.0681576 0.2598999
 97 T  97 0.0112391 0.0000000 0.0135281 0.0033671 0.0031179 0.0068450 0.0025492 0.0195065 0.0089734 0.0337371 0.0050056 0.0118504 0.0731073 0.0019691 0.3838710 0.0434824 0.0571834 0.0000000 0.0046221 0.0015642 0.3144811
 98 T  98 0.0101833 0.4654673 0.0078090 0.0000000 0.0000000 0.0262293 0.0051908 0.0016736 0.0051257 0.0101806 0.0653818 0.0229592 0.0027152 0.0000000 0.0045496 0.0207432 0.0389454 0.0000000 0.0038304 0.0121747 0.2968408
 99 C  99 0.0193463 0.0266064 0.0089201 0.0017020 0.5140441 0.0285026 0.0118408 0.0046927 0.0017939 0.0016201 0.0167611 0.0228613 0.0036663 0.0019691 0.0000000 0.0061355 0.0329132 0.0000000 0.0000000 0.0080861 0.2885384
100 S 100 0.0210809 0.0029212 0.0342639 0.0299649 0.0000000 0.0078739 0.0066240 0.4008532 0.0114003 0.0057091 0.0093523 0.0037396 0.0017751 0.0058757 0.0177424 0.0561379 0.0084125 0.0013359 0.0095486 0.0056391 0.3597496
101 F 101 0.0034318 0.0213502 0.0263529 0.0014041 0.0026316 0.0022968 0.0000000 0.0011032 0.0113078 0.0155705 0.0967338 0.0021165 0.1076680 0.0524640 0.0017939 0.0061730 0.0035329 0.0032706 0.0262092 0.3060020 0.3085872
102 V 102 0.0610238 0.0050712 0.0148639 0.0060307 0.0103891 0.0042325 0.0293953 0.0125493 0.0079289 0.0445299 0.0115086 0.0720010 0.0205126 0.0114187 0.3158302 0.0157189 0.0051389 0.0000000 0.0052120 0.0343872 0.3122571
103 A 103 0.0190901 0.0104319 0.0077309 0.4619240 0.0000000 0.0206673 0.0284461 0.0063956 0.0000000 0.0096504 0.0112285 0.0555671 0.0205420 0.0000000 0.0031441 0.0092737 0.0089582 0.0000000 0.0065609 0.0147279 0.3056614
104 P 104 0.0062165 0.0284131 0.0154455 0.0069469 0.0000000 0.0159819 0.0167818 0.0064759 0.0101187 0.0688483 0.0247214 0.0423819 0.0086527 0.0101824 0.2504810 0.0145985 0.0251372 0.0000000 0.0059406 0.1715184 0.2711572
105 W 105 0.0425532 0.1924153 0.0110662 0.0228414 0.0000000 0.0099782 0.0095031 0.0130350 0.0098099 0.0533192 0.0166990 0.0057270 0.0085777 0.0302692 0.0496064 0.0191360 0.0249979 0.0889723 0.0148505 0.0473930 0.3292497
106 N 106 0.0271476 0.0202979 0.1114134 0.0612438 0.1730381 0.0067517 0.0573319 0.0630936 0.0116940 0.0048348 0.0056332 0.0115568 0.0021792 0.0000000 0.0254090 0.0481921 0.0245292 0.0000000 0.0107226 0.0063665 0.3285645
107 S 107 0.0403959 0.0159826 0.0210622 0.0235215 0.0028021 0.0328252 0.0297197 0.2397401 0.0107819 0.0053719 0.0160878 0.0205840 0.0051974 0.0142585 0.0206740 0.0711568 0.0379239 0.0014797 0.0048278 0.0183972 0.3672096
108 L 108 0.0452491 0.0231481 0.0307272 0.0165161 0.0000000 0.0113086 0.0224124 0.0245955 0.0033012 0.0248567 0.1072645 0.0229428 0.0328625 0.0069961 0.0181898 0.0391038 0.0656255 0.0038836 0.0114005 0.1254845 0.3641315
109 S 109 0.0374908 0.0231966 0.0305150 0.0131662 0.0015341 0.0079158 0.0246200 0.0184888 0.0137823 0.0045682 0.0183127 0.0299291 0.0130166 0.0071627 0.1089235 0.1622115 0.1065216 0.0000000 0.0035310 0.0122766 0.3628368
110 L 110 0.0343593 0.0281575 0.0271096 0.1678681 0.0000000 0.0010375 0.0189555 0.0246504 0.0125756 0.0176050 0.0631058 0.0311550 0.0138169 0.0181581 0.0322104 0.0573807 0.0486243 0.0179729 0.0028635 0.0175164 0.3648776
111 A 111 0.0685363 0.0712685 0.0280529 0.0126562 0.0044378 0.0213366 0.0166448 0.0219454 0.0129920 0.0268961 0.0326724 0.0252466 0.0427574 0.0133453 0.0263380 0.0578350 0.0569469 0.0009428 0.0064802 0.0762954 0.3763735
112 Q 112 0.0428879 0.0586537 0.0529021 0.0222418 0.0000000 0.1151237 0.0464636 0.0639283 0.0224019 0.0118974 0.0176253 0.0271967 0.0079692 0.0091702 0.0403034 0.0315735 0.0256226 0.0000000 0.0054515 0.0164061 0.3821809
113 R 113 0.0297104 0.1229996 0.0329319 0.0215661 0.0010030 0.0248729 0.0206228 0.0364470 0.0145812 0.0098336 0.0254058 0.0890134 0.0075516 0.0043316 0.0362385 0.0551090 0.0385590 0.0085001 0.0141012 0.0139864 0.3926349
114 R 114 0.0206032 0.1321549 0.0206668 0.0283740 0.0066421 0.0312604 0.0227474 0.0381789 0.0361951 0.0055671 0.0236766 0.1021578 0.0205174 0.0136192 0.0148834 0.0195865 0.0166827 0.0020395 0.0383553 0.0079454 0.3981462
115 G 115 0.0263339 0.0773110 0.0775317 0.0076110 0.0105672 0.0128407 0.0091151 0.1455760 0.0098808 0.0074192 0.0133025 0.0643147 0.0034903 0.0039274 0.0088680 0.0774593 0.0118398 0.0010044 0.0248904 0.0028170 0.4038997
116 F 116 0.0317961 0.0600305 0.0116386 0.0089611 0.0000000 0.0042623 0.0041584 0.0204792 0.0137925 0.0251256 0.1015768 0.0194711 0.0098697 0.1071252 0.0075993 0.0411943 0.0269637 0.0136874 0.0338063 0.0339312 0.4245307
117 T 117 0.0520761 0.0487296 0.0424947 0.0283156 0.0000000 0.0246011 0.0144463 0.0219353 0.0244471 0.0080254 0.0315555 0.0341807 0.0072313 0.0398884 0.0405866 0.0475209 0.0749214 0.0034113 0.0145678 0.0306334 0.4104315
118 K 118 0.0355911 0.0571697 0.0275766 0.0097959 0.0000000 0.0393507 0.0170149 0.0328384 0.0606611 0.0095026 0.0554413 0.0483325 0.0140958 0.0109305 0.0540003 0.0268621 0.0278386 0.0068689 0.0382208 0.0214603 0.4064477
119 T 119 0.0277187 0.1048288 0.0260143 0.0252058 0.0271097 0.0276054 0.0139960 0.0421703 0.0262702 0.0155282 0.0404961 0.0265896 0.0154719 0.0080962 0.0293636 0.0227040 0.0546378 0.0073963 0.0213152 0.0299067 0.4075751
120 Y 120 0.0229211 0.0295592 0.0260267 0.0061442 0.0023765 0.0145824 0.0035927 0.0971888 0.0257250 0.0097937 0.0351860 0.0241483 0.0115366 0.0231517 0.0184147 0.0708727 0.0215011 0.0071456 0.1232798 0.0104238 0.4164295
121 T 121 0.0463490 0.0547851 0.0304280 0.0158590 0.0062182 0.0455533 0.0170812 0.0517465 0.0275264 0.0137574 0.0146170 0.0658561 0.0027694 0.0240751 0.0163359 0.0659041 0.0383953 0.0009191 0.0066004 0.0288115 0.4264121
122 V 122 0.0356238 0.0441264 0.0303037 0.0180064 0.0062141 0.0225333 0.0104832 0.0370167 0.0244249 0.0060265 0.0376471 0.0493774 0.0219170 0.0330318 0.0309569 0.0345429 0.0314687 0.0419784 0.0192699 0.0249128 0.4401382
123 G 123 0.0405226 0.0745389 0.0465719 0.0706937 0.0010513 0.0126602 0.0036142 0.1206796 0.0362346 0.0013967 0.0085191 0.0218785 0.0116448 0.0073306 0.0045652 0.0548776 0.0306684 0.0130375 0.0101882 0.0046901 0.4246362
124 C 124 0.0210264 0.0559916 0.0288890 0.0149217 0.0958903 0.0160057 0.0177969 0.0259531 0.0178718 0.0131560 0.0269045 0.0413064 0.0115023 0.0194095 0.0156980 0.0411935 0.0314586 0.0027730 0.0187350 0.0563317 0.4271851
125 E 125 0.0347438 0.1016987 0.0350428 0.0309627 0.0041524 0.0129613 0.0346154 0.0860999 0.0121550 0.0112455 0.0118725 0.0525537 0.0122796 0.0390335 0.0228235 0.0302597 0.0404116 0.0106548 0.0107887 0.0245007 0.3811444
126 E 126 0.0168333 0.1017240 0.0516653 0.0276175 0.0783067 0.0348788 0.0214691 0.0321382 0.0371603 0.0128688 0.0093873 0.0659621 0.0037390 0.0141762 0.0149608 0.0353608 0.0270667 0.0089196 0.0267951 0.0203164 0.3586541
127 F 127 0.0106373 0.0709821 0.0246847 0.0209988 0.0170330 0.0092439 0.0076353 0.0391654 0.0131803 0.0214373 0.0223398 0.1085005 0.0039952 0.1093451 0.0242849 0.0170422 0.0227850 0.0279434 0.1028069 0.0160058 0.3099531
128 R 128 0.0268110 0.1208658 0.0358843 0.0103060 0.0044378 0.0296779 0.0135061 0.0342956 0.0047937 0.0711841 0.0269777 0.0417830 0.0134251 0.0277122 0.0253750 0.0834847 0.0677366 0.0020976 0.0189120 0.0389090 0.3018248
129 T 129 0.0195981 0.0340114 0.0103611 0.0065800 0.0010659 0.0179543 0.0078370 0.0107659 0.0217476 0.0284224 0.0606506 0.0782161 0.0084473 0.0729325 0.0361794 0.0280682 0.1204224 0.0143122 0.0881296 0.0532575 0.2810406
130 F 130 0.0804973 0.0537849 0.0180161 0.0185720 0.0000000 0.0256931 0.0045804 0.0327128 0.0118365 0.0053171 0.0229159 0.0277626 0.0116866 0.1472556 0.0558004 0.0297703 0.0729975 0.0154021 0.0509783 0.0326040 0.2818166
131 P 131 0.0300124 0.0448796 0.0180357 0.0320782 0.0701453 0.0184960 0.0286544 0.0407021 0.0168899 0.0194433 0.0809773 0.0213660 0.0025492 0.0270391 0.1353017 0.0220632 0.0392241 0.0251103 0.0227928 0.0133843 0.2908550
132 G 132 0.0282476 0.0468322 0.0222887 0.0147961 0.0144316 0.0500945 0.0225111 0.1447906 0.0313808 0.0086484 0.0391696 0.0278158 0.0064814 0.0402840 0.0498602 0.0354031 0.0541983 0.0251729 0.0398980 0.0156448 0.2820501
133 I 133 0.0179755 0.0786005 0.0510272 0.0405061 0.0000000 0.0223822 0.0267499 0.1252944 0.0143014 0.0122328 0.0302585 0.0602613 0.0139906 0.0252969 0.0358441 0.0807728 0.0488415 0.0259927 0.0186205 0.0137348 0.2573164
134 P 134 0.0218542 0.0489767 0.0162716 0.0140945 0.0044627 0.0340647 0.0169132 0.0399623 0.0160450 0.0251959 0.0858491 0.0180204 0.0144685 0.0462603 0.1534787 0.0774602 0.0237592 0.0608181 0.0149129 0.0212326 0.2458993
135 K 135 0.0262256 0.1142576 0.0205451 0.0192381 0.0062705 0.0196483 0.0023052 0.0308964 0.0118052 0.0180853 0.0200456 0.2589484 0.0074895 0.0244812 0.0772406 0.0347429 0.0239015 0.0298064 0.0103524 0.0226516 0.2210626
136 W 136 0.0180083 0.0220700 0.0119098 0.0199516 0.0577005 0.0101339 0.0085379 0.0117469 0.0068566 0.0091318 0.0170901 0.0428491 0.0009192 0.0166511 0.0609051 0.0238861 0.0182210 0.4363049 0.0153101 0.0058514 0.1859648
137 R 137 0.0146057 0.1041632 0.0615573 0.0800618 0.0172810 0.0438634 0.0518635 0.0178757 0.0377063 0.0028779 0.0214851 0.0784180 0.0103633 0.0149986 0.0466614 0.0701123 0.0755874 0.0208162 0.0186798 0.0149464 0.1960757
138 K 138 0.0121313 0.0519592 0.0405853 0.0320835 0.0042381 0.0298836 0.0199362 0.0114108 0.0749479 0.0109725 0.0206954 0.2926555 0.0035627 0.0137214 0.0318378 0.0573333 0.0314960 0.0033668 0.0119018 0.0313899 0.2138909
139 T 139 0.0052130 0.0928498 0.1100416 0.0210418 0.0074092 0.0229356 0.0183949 0.0184471 0.0478851 0.0212421 0.0691587 0.0841107 0.0140689 0.0216864 0.0243826 0.0358731 0.1183453 0.0129663 0.0204018 0.0165520 0.2169940
140 H 140 0.0213975 0.0282776 0.1029364 0.1043401 0.0000000 0.0341741 0.0288929 0.0115370 0.0995672 0.0204068 0.0606729 0.0354892 0.0020180 0.0093199 0.0311190 0.0419221 0.1099117 0.0025479 0.0107485 0.0249909 0.2197300
141 L 141 0.0084469 0.0091440 0.0181803 0.0233397 0.0048890 0.0086801 0.0142962 0.0101771 0.0018196 0.1263418 0.3342357 0.0087900 0.0074219 0.0100746 0.0065558 0.0349611 0.0497013 0.0140640 0.0527011 0.0466159 0.2095640
142 T 142 0.0367719 0.0302847 0.0138494 0.0261327 0.0000000 0.0072229 0.0109130 0.0116979 0.0060882 0.0055052 0.0316450 0.0302395 0.0079640 0.0091768 0.0192302 0.0703297 0.4203924 0.0084917 0.0398670 0.0079728 0.2062251
143 Y 143 0.0210546 0.0154818 0.0138395 0.0051129 0.0059550 0.0034548 0.0115047 0.0332061 0.0046530 0.0253676 0.0363043 0.0038899 0.0033378 0.0630084 0.0000000 0.0198207 0.0432507 0.0687006 0.3948237 0.0216589 0.2055751
144 R 144 0.0264622 0.2579357 0.0177631 0.0218669 0.0167199 0.0152869 0.0067519 0.0179358 0.0221022 0.0110297 0.0391694 0.0772315 0.0112119 0.0388002 0.0027557 0.1063850 0.0291570 0.0347691 0.0275318 0.0154403 0.2036939
145 I 145 0.0160790 0.0156026 0.0170630 0.0143249 0.0184615 0.0124274 0.0050805 0.0308530 0.0157936 0.3607702 0.0933247 0.0071645 0.0053125 0.0403043 0.0357328 0.0257618 0.0147031 0.0018871 0.0237479 0.0433916 0.2022142
146 V 146 0.0333582 0.0243321 0.0271909 0.0373615 0.0040977 0.0561509 0.0508597 0.0228860 0.0097521 0.0454419 0.1408910 0.0309116 0.0149353 0.0246420 0.0058660 0.0856291 0.0387453 0.0154378 0.0236652 0.0983411 0.2095046
147 N 147 0.0243424 0.0288164 0.3549398 0.0165829 0.0000000 0.0106801 0.0116501 0.0517412 0.0097287 0.0000000 0.0049784 0.0573033 0.0000000 0.0127288 0.0150517 0.0895116 0.0703139 0.0080324 0.0051482 0.0095786 0.2188712
148 Y 148 0.0137714 0.0174892 0.0068771 0.0327904 0.0025292 0.0201451 0.0068363 0.0218290 0.0137342 0.0108372 0.0243833 0.0078495 0.0132000 0.0788502 0.0140835 0.0420887 0.0439405 0.0377178 0.3534960 0.0206085 0.2169429
149 T 149 0.0205528 0.0142866 0.0307524 0.0102449 0.0007825 0.0000000 0.0040917 0.0207476 0.0016085 0.0160445 0.0107743 0.0000000 0.0031885 0.0057358 0.2001034 0.1358917 0.2916051 0.0052535 0.0173206 0.0162214 0.1947943
150 P 150 0.0168699 0.0390666 0.0374308 0.0278688 0.0052134 0.0393749 0.0465356 0.0192950 0.0184151 0.0066753 0.0197366 0.0329253 0.0231226 0.0367634 0.2308486 0.1071360 0.0319910 0.0276190 0.0054091 0.0231595 0.2045436
151 D 151 0.0085684 0.0290923 0.0570921 0.2924821 0.0052571 0.0668801 0.0086005 0.0479728 0.0274620 0.0067456 0.0049321 0.0616715 0.0000000 0.0080622 0.0190955 0.0759116 0.0353763 0.0010003 0.0385944 0.0125530 0.1926504
152 L 152 0.0205178 0.0036322 0.0049942 0.0000000 0.0027150 0.0237819 0.0190911 0.0174521 0.0031923 0.0614498 0.4431393 0.0060908 0.1096701 0.0112697 0.0094891 0.0114086 0.0090034 0.0018110 0.0069465 0.0510770 0.1832680
153 P 153 0.0367298 0.0252151 0.0381994 0.0912837 0.0000000 0.0051928 0.0183056 0.0861885 0.0047400 0.0190274 0.0251282 0.0292173 0.0020976 0.0144597 0.1588241 0.1921479 0.0629183 0.0000000 0.0073546 0.0096252 0.1733448
154 K 154 0.0513623 0.1667914 0.0391810 0.0139585 0.0000000 0.0553131 0.0850343 0.0222355 0.0200855 0.0187954 0.0280907 0.0694285 0.0071359 0.0089990 0.0964315 0.0538344 0.0441629 0.0107187 0.0109743 0.0288050 0.1686622
155 D 155 0.1321884 0.0192963 0.0502091 0.1316805 0.0014923 0.0407015 0.0939709 0.0367282 0.0218756 0.0079966 0.0223559 0.0301669 0.0016818 0.0150809 0.0284956 0.1246196 0.0293527 0.0000000 0.0226255 0.0230706 0.1664113
156 A 156 0.0806157 0.0280045 0.0363655 0.1458929 0.0000000 0.0603568 0.1883060 0.0072997 0.0132594 0.0188675 0.0232910 0.0278431 0.0065947 0.0051215 0.0098309 0.0359349 0.0951079 0.0058992 0.0061074 0.0705343 0.1347669
157 V 157 0.0446595 0.0036309 0.0000000 0.0000000 0.0020232 0.0864463 0.0077226 0.0081267 0.0016892 0.1137486 0.0392542 0.0021682 0.0359839 0.0035259 0.0014449 0.0155838 0.0901091 0.0076210 0.0136284 0.3879633 0.1346704
158 D 158 0.0109153 0.2691677 0.0169199 0.2054016 0.0046738 0.0355161 0.0672336 0.0045519 0.0140367 0.0251034 0.0146222 0.1079326 0.0099880 0.0127528 0.0032636 0.0123055 0.0221200 0.0050003 0.0098352 0.0172341 0.1314256
159 S 159 0.0994108 0.1058733 0.0485952 0.1257523 0.0027150 0.0630656 0.0796639 0.0246486 0.0085447 0.0089887 0.0086122 0.0765622 0.0040900 0.0122631 0.0096903 0.0932434 0.0573921 0.0010006 0.0265692 0.0061359 0.1371829
160 A 160 0.3382301 0.0033343 0.0014548 0.0121929 0.0013381 0.0412049 0.0657072 0.0150945 0.0013179 0.0705536 0.0745554 0.0017571 0.0158314 0.0033082 0.0073091 0.0229256 0.0611589 0.0000000 0.0000000 0.1309812 0.1317447
161 V 161 0.0516540 0.0000000 0.0014605 0.0027707 0.0123549 0.0081811 0.0000000 0.0014776 0.0000000 0.2711204 0.1057823 0.0026728 0.0616790 0.1964390 0.0000000 0.0062469 0.0223482 0.0014008 0.0013408 0.1291624 0.1239085
162 E 162 0.1587161 0.2189436 0.0141138 0.0138960 0.0000000 0.0963044 0.0986734 0.0104027 0.0388610 0.0035890 0.0136076 0.0911607 0.0009917 0.0044780 0.0000000 0.0536114 0.0252537 0.0016487 0.0247193 0.0084821 0.1225470
163 K 163 0.0398791 0.2256895 0.0335269 0.0515328 0.0000000 0.0657931 0.0596886 0.0040359 0.0123129 0.0072442 0.0576836 0.2011185 0.0118226 0.0057753 0.0000000 0.0325998 0.0272459 0.0013408 0.0391510 0.0010127 0.1225470
164 A 164 0.8032077 0.0000000 0.0012827 0.0014923 0.0044075 0.0000000 0.0000000 0.0208637 0.0000000 0.0010127 0.0000000 0.0000000 0.0030663 0.0000000 0.0000000 0.0419341 0.0032170 0.0020225 0.0000000 0.0033369 0.1141564
165 L 165 0.0094499 0.0039977 0.0000000 0.0000000 0.0000000 0.0009936 0.0000000 0.0000000 0.0000000 0.0141257 0.2365317 0.0000000 0.0230339 0.5664017 0.0000000 0.0009091 0.0055531 0.0033174 0.0082771 0.0061519 0.1212573
166 K 166 0.1072497 0.0797991 0.0416729 0.0742538 0.0128406 0.1799111 0.0422819 0.0521037 0.0090947 0.0000000 0.0046907 0.1689534 0.0103546 0.0000000 0.0000000 0.0617220 0.0299626 0.0013967 0.0021425 0.0009951 0.1205748
167 V 167 0.0625108 0.1019700 0.0000000 0.0087740 0.0000000 0.0356993 0.0263037 0.0013535 0.0048118 0.0333483 0.1053519 0.0376440 0.0595151 0.0074969 0.0088453 0.0550142 0.0340312 0.0016643 0.0193771 0.2757138 0.1205748
168 W 168 0.0000000 0.0019975 0.0000000 0.0000000 0.0019652 0.0000000 0.0044378 0.0000000 0.0000000 0.0034405 0.0000000 0.0017571 0.0000000 0.0047127 0.0000000 0.0000000 0.0000000 0.8571435 0.0043031 0.0000000 0.1202426
169 E 169 0.1853478 0.0046974 0.0000000 0.0094580 0.0000000 0.0582460 0.1113552 0.0227749 0.0000000 0.0000000 0.0020225 0.0046662 0.0042765 0.0000000 0.0000000 0.4473285 0.0214671 0.0000000 0.0000000 0.0065349 0.1218249
170 E 170 0.0823055 0.0473229 0.0802389 0.2390877 0.0000000 0.0552965 0.1314071 0.0138109 0.0058129 0.0072033 0.0059731 0.0857204 0.0055826 0.0014923 0.0050114 0.0801238 0.0169852 0.0000000 0.0018052 0.0133406 0.1214796
171 V 171 0.1058404 0.0012227 0.0230541 0.0031154 0.0000000 0.0123982 0.0252480 0.0031679 0.0182416 0.0291142 0.0132245 0.0052038 0.0044378 0.0049901 0.0077710 0.0057681 0.0225640 0.0000000 0.0399692 0.5480443 0.1266247
172 T 172 0.1427750 0.0000000 0.0000000 0.0000000 0.0000000 0.0000000 0.0000000 0.0148870 0.0000000 0.0656264 0.0182269 0.0013752 0.0041678 0.0000000 0.0039749 0.2060034 0.3953723 0.0000000 0.0000000 0.0228846 0.1247065
173 P 173 0.0254000 0.0252673 0.1357645 0.0430959 0.0000000 0.0054316 0.0041139 0.0510855 0.0199020 0.0013752 0.0127469 0.0357463 0.0049073 0.0000000 0.4368983 0.0388997 0.0295435 0.0000000 0.0014292 0.0036455 0.1247474
174 L 174 0.0012931 0.0033668 0.0000000 0.0000000 0.0000000 0.0000000 0.0000000 0.0000000 0.0000000 0.0750227 0.6568699 0.0000000 0.0061290 0.0551013 0.0041385 0.0000000 0.0000000 0.0045210 0.0037796 0.0668870 0.1228910
175 T 175 0.0139891 0.0853167 0.1022753 0.0501958 0.0000000 0.0192920 0.0337431 0.0019718 0.0037779 0.0124979 0.0069095 0.0864508 0.0042875 0.0039486 0.0025745 0.0857993 0.3352898 0.0024827 0.0013256 0.0203504 0.1275219
176 F 176 0.0020225 0.0014923 0.0000000 0.0000000 0.0051031 0.0000000 0.0000000 0.0016954 0.0000000 0.0208480 0.0229780 0.0000000 0.0000000 0.8174396 0.0000000 0.0014193 0.0000000 0.0000000 0.0000000 0.0000000 0.1270018
177 S 177 0.0185230 0.1187232 0.0114318 0.0021898 0.0041107 0.0696951 0.0561667 0.0044653 0.0277716 0.0299588 0.0207806 0.0358300 0.0108957 0.0063515 0.0000000 0.0664580 0.2751644 0.0097937 0.0063718 0.0948683 0.1304501
178 R 178 0.0079896 0.1802903 0.0015065 0.0049301 0.0000000 0.0659371 0.4689375 0.0035756 0.0091391 0.0017511 0.0063998 0.0726651 0.0041283 0.0081754 0.0126338 0.0035563 0.0023679 0.0053361 0.0139127 0.0000000 0.1267679
179 L 179 0.0669497 0.0141489 0.0063518 0.0199713 0.0000000 0.0015978 0.0090293 0.0041778 0.0000000 0.1272596 0.0715944 0.0273370 0.0076373 0.0020824 0.0008064 0.0312454 0.1134852 0.0116324 0.0020849 0.3484740 0.1341344
180 Y 180 0.0852597 0.0403120 0.0685483 0.0472106 0.0012418 0.0446522 0.0348903 0.0253004 0.0471547 0.0023764 0.0211235 0.0343248 0.0102193 0.0220425 0.0633820 0.1232216 0.1022659 0.0021543 0.0842666 0.0108437 0.1292094
