  118         A         R         N         D         C         Q         E         G         H         I         L         K         M         F         P         S         T         W         Y         V    
  1 M   1 0.0000000 0.0000000 0.0000000 0.0000000 0.0000000 0.0000000 0.0000000 0.0000000 0.0000000 0.2124432 0.3534483 0.0000000 0.1330077 0.0000000 0.0000000 0.0000000 0.0000000 0.0000000 0.0000000 0.3011008
  2 A   2 0.1605360 0.0792172 0.0138757 0.0341000 0.0000000 0.1965265 0.3298230 0.0022590 0.0037813 0.0489984 0.0107746 0.0154485 0.0220734 0.0000000 0.0000000 0.0765094 0.0027505 0.0000000 0.0000000 0.0033265
  3 R   3 0.0019153 0.8957829 0.0013915 0.0000000 0.0000000 0.0066163 0.0041873 0.0000000 0.0232162 0.0000000 0.0000000 0.0620482 0.0000000 0.0000000 0.0000000 0.0014981 0.0018002 0.0000000 0.0015439 0.0000000
  4 G   4 0.0189002 0.2507478 0.0120169 0.0125297 0.0041404 0.2181136 0.0348328 0.0887493 0.0394574 0.0082426 0.0408664 0.1930255 0.0105695 0.0055950 0.0000000 0.0155309 0.0216781 0.0075012 0.0104459 0.0070569
  5 Q   5 0.1020401 0.1050952 0.0373843 0.0416559 0.0021835 0.1747017 0.1527529 0.0257390 0.0418394 0.0187022 0.0501687 0.0990219 0.0122034 0.0024410 0.0000000 0.0600937 0.0437332 0.0006979 0.0021641 0.0273820
  6 R   6 0.0615028 0.2620603 0.0278663 0.0286583 0.0085333 0.1235555 0.0326558 0.0075730 0.0180387 0.0175058 0.0559066 0.2542205 0.0157710 0.0067500 0.0008778 0.0356174 0.0135495 0.0096560 0.0039140 0.0157872
  7 L   7 0.0020775 0.0008194 0.0017448 0.0000000 0.0011434 0.0048943 0.0048992 0.0015148 0.0000000 0.0244309 0.9044285 0.0000000 0.0196041 0.0065946 0.0000000 0.0044902 0.0020034 0.0000000 0.0118949 0.0094600
  8 E   8 0.0408677 0.0468038 0.0294188 0.1279583 0.0018903 0.1119077 0.4106233 0.0278580 0.0338960 0.0048181 0.0425750 0.0368892 0.0100594 0.0100613 0.0000000 0.0326423 0.0119452 0.0018052 0.0032262 0.0147541
  9 E   9 0.1284032 0.0305843 0.0230497 0.1721692 0.0010164 0.2218540 0.2018561 0.0361108 0.0413454 0.0085586 0.0202888 0.0194246 0.0062987 0.0025008 0.0009535 0.0456213 0.0266382 0.0008160 0.0043983 0.0081121
 10 S  10 0.3515860 0.0162481 0.0330261 0.0038326 0.0811703 0.0204973 0.0060731 0.0117523 0.0074664 0.0185240 0.1416999 0.0124600 0.0242447 0.0050670 0.0006109 0.1855734 0.0491417 0.0039311 0.0096216 0.0174734
 11 L  11 0.0642271 0.0706784 0.0275617 0.0175604 0.0085953 0.0572182 0.0378704 0.0187378 0.0514910 0.0191362 0.3510588 0.0494857 0.0296853 0.0246776 0.0000000 0.0461682 0.0067542 0.0136949 0.0530235 0.0523754
 12 E  12 0.0837378 0.0854514 0.0340341 0.0827498 0.0027170 0.2055320 0.1666739 0.0230418 0.0279540 0.0051839 0.0610518 0.0769814 0.0081750 0.0011546 0.0046401 0.0613123 0.0332436 0.0036229 0.0043104 0.0284321
 13 Y  13 0.1208077 0.0136000 0.0042690 0.0027781 0.0092251 0.0357035 0.0115828 0.0089679 0.0137056 0.0400676 0.4486436 0.0126043 0.0203030 0.0706073 0.0000000 0.0264473 0.0153916 0.0304680 0.0548912 0.0599365
 14 Q  14 0.0444960 0.0763693 0.0136259 0.0029293 0.0252854 0.3092264 0.0432835 0.0469279 0.1471412 0.0069127 0.0553291 0.0252456 0.0081275 0.0469612 0.0000000 0.0227339 0.0095619 0.0272616 0.0568265 0.0317551
 15 Q  15 0.0374124 0.1117737 0.0271291 0.0259532 0.0024806 0.3169126 0.0925261 0.0248786 0.0362959 0.0149551 0.0658128 0.1221062 0.0174065 0.0032486 0.0005693 0.0299632 0.0325611 0.0006634 0.0039236 0.0334278
 16 F  16 0.0030415 0.0010333 0.0062495 0.0000000 0.0038434 0.0000000 0.0013872 0.0027057 0.0070477 0.0190736 0.0956662 0.0031182 0.0064192 0.7054789 0.0000000 0.0038290 0.0017338 0.0091169 0.1070583 0.0231977
 17 V  17 0.0262161 0.0339108 0.0781418 0.0429538 0.0094815 0.1156896 0.0844309 0.0096543 0.0765587 0.0279278 0.1554258 0.0330525 0.0264587 0.0999711 0.0018341 0.0367895 0.0190022 0.0165069 0.0658251 0.0401687
 18 A  18 0.0735569 0.2622336 0.0407095 0.0666171 0.0074352 0.1519754 0.0851665 0.0277591 0.0429565 0.0083644 0.0244775 0.0396759 0.0039572 0.0145407 0.0000000 0.0688431 0.0356937 0.0194729 0.0105732 0.0159918
 19 N  19 0.1078800 0.0333605 0.0356614 0.3481871 0.0014536 0.0360937 0.1693313 0.0161044 0.0072772 0.0039728 0.0176526 0.0778363 0.0167076 0.0000000 0.0013561 0.0632460 0.0517289 0.0000000 0.0022399 0.0099105
 20 V  20 0.2585725 0.0059430 0.0069046 0.0000000 0.0964733 0.0063556 0.0110324 0.0061315 0.0148976 0.0564444 0.1941992 0.0016752 0.0363001 0.0331320 0.0000000 0.0433305 0.0247104 0.0108399 0.0364233 0.1566344
 21 E  21 0.0685498 0.0754176 0.0547515 0.2224256 0.0047717 0.0876423 0.2000220 0.0240249 0.0265436 0.0029075 0.0211669 0.0782180 0.0045500 0.0021103 0.0010837 0.0653716 0.0417780 0.0045068 0.0044118 0.0097464
 22 E  22 0.0576242 0.0264856 0.0308621 0.2114486 0.0023845 0.1122497 0.3104999 0.0214563 0.0141711 0.0096031 0.0267813 0.0556184 0.0192751 0.0008701 0.0142636 0.0354326 0.0217885 0.0006740 0.0095441 0.0189673
 23 E  23 0.1131994 0.0228099 0.0017072 0.0007509 0.0124513 0.0046839 0.1022483 0.0006980 0.0115248 0.0755713 0.3502966 0.0011955 0.0506046 0.0796055 0.0000000 0.0075233 0.0416567 0.0039424 0.0051584 0.1143719
 24 E  24 0.0193110 0.0240294 0.0209051 0.0521005 0.0099522 0.0518215 0.2581862 0.0089569 0.0071737 0.0646153 0.2288892 0.0476502 0.0544212 0.0227268 0.0000000 0.0396624 0.0419038 0.0080640 0.0032572 0.0363734
 25 A  25 0.1719549 0.0177391 0.0471091 0.1141003 0.0063829 0.0634682 0.0865585 0.0484479 0.0101689 0.0241040 0.0552650 0.0440412 0.0158782 0.0118012 0.0199049 0.1581140 0.0672966 0.0000000 0.0070937 0.0305712
 26 W  26 0.0143504 0.0252306 0.0039595 0.0023562 0.0030351 0.0091958 0.0046310 0.0028225 0.0017153 0.0097605 0.0143535 0.0082455 0.0037079 0.0193926 0.0000000 0.0106818 0.0174260 0.8365116 0.0086463 0.0039780
 27 I  27 0.0251324 0.0000000 0.0022371 0.0000000 0.0129303 0.0011329 0.0008865 0.0000000 0.0009756 0.3072262 0.4361624 0.0000000 0.1080482 0.0132756 0.0000000 0.0074445 0.0177846 0.0000000 0.0024450 0.0643188
 28 N  28 0.0847777 0.0739642 0.1004269 0.0968912 0.0051702 0.0831306 0.1160658 0.0444570 0.0176066 0.0097136 0.0298916 0.0854894 0.0115122 0.0027697 0.0007713 0.1167146 0.0868305 0.0013880 0.0114137 0.0210152
 29 E  29 0.0374752 0.0274242 0.0520156 0.1447953 0.0010008 0.0525292 0.4415564 0.0432508 0.0290249 0.0033462 0.0103532 0.0512893 0.0029078 0.0017982 0.0037125 0.0571946 0.0212211 0.0036443 0.0016097 0.0138507
 30 K  30 0.1086518 0.0644442 0.0283794 0.0000000 0.0104810 0.0730950 0.0067253 0.0141664 0.0397011 0.0399147 0.0380383 0.3227637 0.0631847 0.0010756 0.0004866 0.0148195 0.1129835 0.0021267 0.0007887 0.0581739
 31 M  31 0.0240906 0.0344585 0.0172036 0.0359692 0.0048849 0.0875108 0.4739311 0.0305039 0.0137993 0.0317104 0.0713028 0.0471986 0.0431981 0.0042467 0.0014964 0.0257118 0.0248774 0.0047154 0.0080088 0.0151816
 32 T  32 0.1348116 0.0810289 0.0309333 0.0414136 0.0026775 0.1160570 0.1074837 0.0246924 0.0184894 0.0105014 0.0526671 0.1069129 0.0108497 0.0049227 0.0871550 0.0586471 0.0626772 0.0024126 0.0098156 0.0358513
 33 L  33 0.0636126 0.0334869 0.0082227 0.0158471 0.0027203 0.1030018 0.0508783 0.0089670 0.0149072 0.0934640 0.2160461 0.0511781 0.0559985 0.0430993 0.0026431 0.0346994 0.0852353 0.0086059 0.0239243 0.0834619
 34 V  34 0.1792916 0.0114294 0.0057555 0.0022960 0.0107747 0.0082926 0.0341959 0.0023964 0.0006044 0.0694332 0.3969489 0.0038827 0.0647933 0.0295017 0.0042112 0.0089067 0.0137633 0.0000000 0.0102797 0.1432428
 35 A  35 0.1610030 0.0517756 0.0712355 0.0426347 0.0066695 0.0767649 0.0871144 0.0441422 0.0115118 0.0212682 0.0566746 0.0518167 0.0263404 0.0037284 0.0043930 0.1790721 0.0757223 0.0019825 0.0018585 0.0242915
 36 S  36 0.0969301 0.0263542 0.0590363 0.0718015 0.0056767 0.1027122 0.0353283 0.0236430 0.0203016 0.0076118 0.0239845 0.0271762 0.0172575 0.0236532 0.0188990 0.3400157 0.0605377 0.0007701 0.0107001 0.0276105
 37 E  37 0.0455872 0.0448361 0.0241818 0.1106383 0.0086686 0.0754524 0.2008435 0.0483763 0.0229452 0.0193558 0.0624460 0.0671229 0.0295880 0.0128043 0.0526786 0.0371681 0.0886323 0.0054422 0.0192495 0.0239830
 38 D  38 0.0222907 0.0155972 0.0796237 0.3420232 0.0036237 0.0260043 0.2163801 0.0345268 0.0104066 0.0091344 0.0103275 0.0210517 0.0020057 0.0031452 0.1064904 0.0561295 0.0179218 0.0000000 0.0048339 0.0184836
 39 Y  39 0.0274874 0.0294624 0.0115963 0.0096996 0.0175932 0.0078862 0.0082293 0.0076188 0.0204626 0.1078968 0.1754639 0.0212061 0.0225556 0.0485847 0.0815595 0.0392975 0.0533420 0.0382801 0.1360468 0.1357313
 40 G  40 0.0801223 0.0193465 0.0024592 0.0066842 0.0060600 0.0089714 0.0040652 0.4985376 0.0115717 0.0115182 0.0202813 0.0107804 0.0030660 0.0017170 0.1354565 0.1253999 0.0256037 0.0017122 0.0094318 0.0172150
 41 D  41 0.0700081 0.1198891 0.0580825 0.1145102 0.0059128 0.0694434 0.0745220 0.0682930 0.0363724 0.0140009 0.0264902 0.1331732 0.0033611 0.0091062 0.0124834 0.0873646 0.0659611 0.0015363 0.0089392 0.0205502
 42 T  42 0.0083004 0.0225369 0.0690821 0.5005365 0.0092360 0.0159934 0.0462012 0.0124181 0.0272119 0.0201952 0.0113874 0.0247445 0.0013704 0.0011461 0.0054417 0.1602587 0.0520172 0.0000000 0.0014311 0.0104912
 43 L  43 0.0400704 0.0141008 0.0267166 0.0090652 0.0030240 0.0182847 0.0761933 0.0050263 0.0105561 0.0555871 0.4139271 0.0111597 0.0137406 0.0136198 0.1016842 0.0186402 0.0221768 0.0048054 0.0393175 0.1023040
 44 A  44 0.1235415 0.0307146 0.0371921 0.1194852 0.0044915 0.0672659 0.1803561 0.0206838 0.0222367 0.0267306 0.0382102 0.0382647 0.0093391 0.0089224 0.0474523 0.0968483 0.0890985 0.0009647 0.0093023 0.0288994
 45 A  45 0.1008285 0.0336225 0.0783339 0.0812206 0.0009191 0.0512908 0.1016547 0.0961084 0.0578537 0.0110111 0.0171375 0.0373366 0.0158088 0.0008455 0.0055494 0.1668909 0.1059058 0.0006411 0.0027190 0.0343222
 46 I  46 0.1936201 0.0009699 0.0079592 0.0017702 0.0233309 0.0016619 0.0019467 0.0054264 0.0010575 0.1196023 0.1491042 0.0078668 0.0163618 0.0035259 0.0012874 0.0207817 0.0554791 0.0000000 0.0055307 0.3827173
 47 Q  47 0.0284549 0.0721251 0.0273642 0.0310352 0.0014356 0.1973751 0.2991875 0.0104077 0.0199243 0.0163178 0.0621264 0.1224368 0.0219110 0.0015160 0.0177888 0.0273093 0.0302865 0.0033488 0.0008219 0.0088271
 48 G  48 0.2037482 0.0518050 0.0735270 0.0512393 0.0011133 0.1041567 0.0909092 0.0264181 0.0226827 0.0278492 0.0563660 0.0588514 0.0141444 0.0057113 0.0032285 0.0960707 0.0525644 0.0020900 0.0034055 0.0541190
 49 L  49 0.0439485 0.0255628 0.0054737 0.0017393 0.0007686 0.1707343 0.0262483 0.0036628 0.0066857 0.0230346 0.5213671 0.0742589 0.0288774 0.0157286 0.0025598 0.0103828 0.0120400 0.0010394 0.0085016 0.0173857
 50 L  50 0.0142756 0.0449418 0.0019385 0.0021585 0.0089986 0.1629058 0.0116215 0.0037121 0.0161190 0.1678941 0.3698119 0.0421688 0.0485574 0.0160652 0.0036467 0.0106392 0.0158588 0.0143919 0.0102741 0.0340204
 51 K  51 0.0530018 0.1561858 0.0352502 0.0547318 0.0033700 0.1381987 0.1098018 0.0103912 0.0267162 0.0072069 0.0298219 0.2947438 0.0045132 0.0011998 0.0015100 0.0255085 0.0335623 0.0054440 0.0015146 0.0073277
 52 K  52 0.0342058 0.1374195 0.0222293 0.0410087 0.0014679 0.1095799 0.1204833 0.0030322 0.0096574 0.0056150 0.0085435 0.4164981 0.0075385 0.0022313 0.0006491 0.0208211 0.0243513 0.0022899 0.0230114 0.0093669
 53 H  53 0.0042752 0.0033941 0.0274227 0.0009794 0.0043304 0.0765804 0.0018952 0.0009171 0.5982269 0.0059521 0.0975716 0.0010616 0.0119676 0.0927079 0.0007829 0.0053180 0.0068934 0.0042082 0.0454785 0.0100367
 54 E  54 0.0385834 0.0561624 0.0284978 0.0665667 0.0018152 0.1985530 0.2551598 0.0151009 0.0166249 0.0039956 0.0192969 0.2046629 0.0122318 0.0028336 0.0008162 0.0386963 0.0253918 0.0000000 0.0025938 0.0124168
 55 A  55 0.2373689 0.0300941 0.0445246 0.1042631 0.0032271 0.0571836 0.1640052 0.0540130 0.0200838 0.0241998 0.0534901 0.0258507 0.0160418 0.0048479 0.0020726 0.0461989 0.0495110 0.0024325 0.0042140 0.0563774
 56 F  56 0.0070238 0.0099982 0.0015258 0.0008567 0.0012202 0.0049720 0.0019029 0.0000000 0.0139896 0.0784291 0.3732554 0.0027543 0.0201737 0.4048266 0.0000000 0.0028886 0.0101000 0.0023178 0.0124172 0.0513481
 57 E  57 0.0342442 0.0629490 0.0110119 0.0366285 0.0079398 0.1617170 0.3286141 0.0122760 0.0200438 0.0143916 0.0785844 0.0873436 0.0772235 0.0016406 0.0005778 0.0151129 0.0157909 0.0017425 0.0101506 0.0220171
 58 T  58 0.1838477 0.1253063 0.0765379 0.0433567 0.0028492 0.0569181 0.0877458 0.0347670 0.0290307 0.0098009 0.0249444 0.1201977 0.0232630 0.0021477 0.0047070 0.0806354 0.0641695 0.0027720 0.0018439 0.0251591
 59 D  59 0.0509290 0.0119598 0.0286627 0.2410889 0.0007434 0.0353983 0.4373525 0.0153582 0.0021729 0.0041107 0.0254599 0.0310078 0.0085665 0.0006691 0.0021636 0.0438576 0.0421961 0.0008073 0.0019300 0.0155655
 60 F  60 0.0452648 0.0021403 0.0009046 0.0012757 0.0098118 0.0020746 0.0008726 0.0032082 0.0020213 0.2831564 0.3463151 0.0022691 0.0771467 0.0300198 0.0000000 0.0176336 0.0211029 0.0010671 0.0020172 0.1516983
 61 T  61 0.1555836 0.0342501 0.0642615 0.1215085 0.0025743 0.0824079 0.1831879 0.0427932 0.0264484 0.0091832 0.0452635 0.0580886 0.0213724 0.0067737 0.0014854 0.0582282 0.0485153 0.0031330 0.0094342 0.0255070
 62 V  62 0.3135928 0.0218461 0.0750840 0.0340746 0.0020326 0.0516951 0.0763668 0.0623867 0.0090171 0.0204623 0.0325600 0.0437523 0.0058210 0.0032144 0.0195570 0.1087751 0.0620828 0.0000000 0.0019400 0.0557392
 63 H  63 0.0196903 0.1562634 0.0859173 0.0095469 0.0061839 0.0888760 0.0105479 0.0174181 0.2186954 0.0332870 0.0748047 0.0791898 0.0087960 0.0306374 0.0034352 0.0162390 0.0421787 0.0125029 0.0630081 0.0227820
 64 K  64 0.0659341 0.0910336 0.0201361 0.0394449 0.0067575 0.1764256 0.2335830 0.0604663 0.0260461 0.0073752 0.0238232 0.1107044 0.0116331 0.0031863 0.0007552 0.0564949 0.0194104 0.0063042 0.0238656 0.0166202
 65 D  65 0.0796267 0.0218601 0.0376669 0.1312703 0.0009351 0.0517758 0.2125210 0.0707691 0.0196140 0.0164003 0.0167509 0.0531448 0.0056480 0.0012774 0.1077564 0.0825952 0.0467766 0.0016273 0.0036444 0.0383399
 66 R  66 0.0335086 0.2384570 0.0565029 0.0331154 0.0022727 0.1041997 0.0598333 0.0081706 0.0311725 0.0330441 0.0378531 0.1426579 0.0072092 0.0030682 0.0092801 0.0741836 0.0675650 0.0128692 0.0056506 0.0393861
 67 V  67 0.0519828 0.0016687 0.0006718 0.0000000 0.0103927 0.0066419 0.0012522 0.0033482 0.0061663 0.2250247 0.1549433 0.0146626 0.0455820 0.0907719 0.0000000 0.0070293 0.0093654 0.0037622 0.0598371 0.3068971
 68 N  68 0.0646933 0.0535272 0.0832470 0.1411851 0.0026115 0.1297347 0.1995596 0.0218200 0.0250304 0.0188058 0.0311732 0.0918397 0.0078342 0.0022667 0.0040710 0.0540123 0.0398614 0.0013160 0.0040081 0.0234027
 69 D  69 0.1542663 0.0632759 0.0473470 0.0700373 0.0034977 0.1208634 0.1012522 0.0345371 0.0174450 0.0110564 0.0379648 0.1003973 0.0133892 0.0061807 0.0021198 0.1267267 0.0590871 0.0006103 0.0041098 0.0258361
 70 V  70 0.0371171 0.0005516 0.0026484 0.0006112 0.0271481 0.0009097 0.0005725 0.0005565 0.0050123 0.1619230 0.4278834 0.0008147 0.0230840 0.0251422 0.0029531 0.0030657 0.0306930 0.0009561 0.0009396 0.2474178
 71 C  71 0.0463811 0.0498287 0.1515646 0.0502567 0.0297837 0.1094673 0.0637282 0.0185358 0.0174451 0.0726442 0.1080937 0.0726443 0.0267245 0.0105796 0.0007183 0.0306442 0.0555907 0.0017172 0.0070091 0.0766430
 72 A  72 0.1291255 0.0700667 0.0436874 0.0928315 0.0026006 0.1360733 0.1568644 0.0313221 0.0299124 0.0092357 0.0312342 0.1201523 0.0090544 0.0027387 0.0013276 0.0788804 0.0342229 0.0016585 0.0046084 0.0144031
 73 N  73 0.1133327 0.0578602 0.0293659 0.0278692 0.0052568 0.0975420 0.1000590 0.0034317 0.0220356 0.0491083 0.1252021 0.0526250 0.0565524 0.0261753 0.0000000 0.0592961 0.1143502 0.0023090 0.0096220 0.0480064
 74 G  74 0.3557382 0.0062342 0.0009742 0.0041648 0.0141931 0.0054009 0.0021147 0.4633176 0.0022496 0.0068913 0.0143817 0.0113860 0.0029236 0.0018739 0.0007818 0.0498450 0.0182291 0.0006013 0.0104939 0.0282052
 75 E  75 0.0499136 0.1036722 0.0667202 0.1255723 0.0040789 0.1956069 0.2036642 0.0233009 0.0234055 0.0046747 0.0169389 0.0627742 0.0062535 0.0023866 0.0132999 0.0436625 0.0297914 0.0024844 0.0013371 0.0204621
 76 D  76 0.0869459 0.1233274 0.0258999 0.0692172 0.0025540 0.1606438 0.1489666 0.0438272 0.0224804 0.0147738 0.0240153 0.1313833 0.0073661 0.0024273 0.0056360 0.0755438 0.0306509 0.0011778 0.0051677 0.0179956
 77 L  77 0.0056416 0.0045370 0.0013655 0.0000000 0.0046760 0.0024808 0.0015406 0.0000000 0.0012245 0.0641814 0.7206462 0.0011874 0.0851252 0.0567210 0.0000000 0.0018201 0.0024560 0.0006456 0.0078387 0.0379123
 78 I  78 0.0991406 0.0134573 0.0129167 0.0041898 0.0176614 0.0279478 0.0511114 0.0158401 0.0089585 0.2168310 0.2349570 0.0394906 0.0433066 0.0116104 0.0078609 0.0336930 0.0300780 0.0007381 0.0016653 0.1285455
 79 K  79 0.1467110 0.0714866 0.0544976 0.0834026 0.0028866 0.1322223 0.1720842 0.0295775 0.0166622 0.0051336 0.0394021 0.0807912 0.0032663 0.0025521 0.0059977 0.0909764 0.0412428 0.0011266 0.0076392 0.0123412
 80 K  80 0.1090803 0.0513430 0.0492868 0.0574734 0.0108891 0.0741484 0.1754648 0.0485181 0.0093889 0.0152524 0.0664735 0.0790436 0.0094379 0.0034452 0.0077305 0.1625155 0.0439704 0.0006104 0.0059617 0.0199661
 81 N  81 0.0497702 0.0330251 0.1196494 0.0811241 0.0233450 0.0787491 0.0603794 0.2567621 0.0459866 0.0029336 0.0082830 0.0719279 0.0026613 0.0052077 0.0080104 0.0944974 0.0182402 0.0000000 0.0272260 0.0122213
 82 N  82 0.0349188 0.0307900 0.0516423 0.0265171 0.0050388 0.0255940 0.0647062 0.0225165 0.3739338 0.0047580 0.0051442 0.0222559 0.0006904 0.0086234 0.1548860 0.0708169 0.0436860 0.0007593 0.0458784 0.0068439
 83 H  83 0.0495567 0.0178511 0.0144576 0.0611558 0.0290528 0.0404685 0.1180101 0.0218270 0.0391256 0.0196115 0.0199234 0.0152164 0.0046885 0.0919965 0.2131120 0.0675892 0.0392194 0.0012941 0.1120371 0.0238065
 84 H  84 0.2165613 0.0232278 0.0360941 0.2644600 0.0038245 0.0521282 0.1440642 0.0503184 0.0289353 0.0037699 0.0342984 0.0231395 0.0151095 0.0091365 0.0072834 0.0518519 0.0136830 0.0010922 0.0144256 0.0065965
 85 V  85 0.2632727 0.0608366 0.0079649 0.0099881 0.0077574 0.0269044 0.0466359 0.0493042 0.0132805 0.0231169 0.0221026 0.0759669 0.0071426 0.0042349 0.0392694 0.2167845 0.0567889 0.0029958 0.0108001 0.0548530
 86 E  86 0.1003092 0.0288050 0.0319792 0.1632062 0.0012227 0.0792246 0.1906443 0.0358103 0.0207243 0.0102101 0.0174710 0.0653284 0.0028403 0.0053346 0.0953346 0.0707579 0.0403473 0.0006582 0.0042881 0.0355036
 87 N  87 0.0751880 0.0517799 0.0451221 0.0854917 0.0066147 0.0686588 0.1934826 0.0238996 0.0284771 0.0244714 0.0420668 0.0836517 0.0226809 0.0084080 0.0092421 0.0835683 0.0816976 0.0078283 0.0104969 0.0471734
 88 I  88 0.0130482 0.0015483 0.0007338 0.0000000 0.0013152 0.0009601 0.0021508 0.0000000 0.0000000 0.5178173 0.1546497 0.0034519 0.0139073 0.0106603 0.0033805 0.0049718 0.0171664 0.0069211 0.0062145 0.2411026
 89 T  89 0.0719421 0.1425417 0.0420248 0.0273210 0.0129360 0.1984545 0.1313228 0.0215248 0.0166242 0.0145208 0.0365633 0.1638848 0.0094075 0.0019955 0.0019431 0.0456201 0.0320524 0.0029086 0.0113642 0.0150477
 90 A  90 0.1389111 0.0512897 0.0481728 0.0788213 0.0013614 0.1229259 0.2101942 0.0311954 0.0321341 0.0067246 0.0224382 0.0898427 0.0042494 0.0020651 0.0276485 0.0633286 0.0337251 0.0000000 0.0093579 0.0256140
 91 K  91 0.0220713 0.2999782 0.0086200 0.0161793 0.0186717 0.1042128 0.0322122 0.0060813 0.0241738 0.0213666 0.0393649 0.2334625 0.0344124 0.0054458 0.0120866 0.0227170 0.0229031 0.0357146 0.0233401 0.0169857
 92 M  92 0.0555663 0.0533818 0.0090961 0.0014413 0.0554646 0.0916917 0.0199230 0.0028779 0.0109206 0.0881665 0.3698868 0.0425007 0.0541628 0.0041538 0.0000000 0.0199072 0.0203010 0.0005935 0.0136823 0.0862821
 93 K  93 0.0999547 0.0482158 0.0643920 0.1641846 0.0042371 0.1437364 0.1482611 0.0397946 0.0236768 0.0098871 0.0147079 0.0639602 0.0102907 0.0011922 0.0039590 0.0705293 0.0543281 0.0006732 0.0044444 0.0295749
 94 G  94 0.1171184 0.0393011 0.0509888 0.0717371 0.0015052 0.1051020 0.2323713 0.0415569 0.0311839 0.0211488 0.0370554 0.0778157 0.0088492 0.0046403 0.0000000 0.0811926 0.0488821 0.0005921 0.0037619 0.0251971
 95 L  95 0.0178478 0.0000000 0.0009209 0.0052285 0.0017891 0.0010403 0.0008757 0.0081993 0.0013387 0.1444789 0.5225484 0.0012095 0.0581811 0.0109390 0.0006680 0.0029632 0.0133788 0.0000000 0.0016884 0.2067043
 96 K  96 0.0356374 0.0802579 0.1869416 0.0714642 0.0124899 0.1360520 0.1160098 0.0216703 0.0331976 0.0209769 0.0730226 0.0663075 0.0172571 0.0015052 0.0000000 0.0564724 0.0365522 0.0018109 0.0020846 0.0302901
 97 G  97 0.0973404 0.0716272 0.0545398 0.1037385 0.0017655 0.1400259 0.1584347 0.0364904 0.0275096 0.0048215 0.0208543 0.0790411 0.0034623 0.0042391 0.0007674 0.1001345 0.0745396 0.0006159 0.0052426 0.0148097
 98 K  98 0.0937443 0.3179968 0.0299698 0.0148450 0.0174872 0.1025230 0.0442770 0.0184941 0.0409433 0.0136424 0.1104724 0.0974913 0.0190962 0.0011989 0.0008098 0.0387036 0.0166825 0.0027433 0.0067991 0.0120800
 99 V  99 0.0029709 0.0476511 0.0023623 0.0000000 0.0193664 0.0125232 0.0037207 0.0034482 0.0158155 0.0093070 0.0387427 0.0163900 0.0139029 0.0557390 0.0000000 0.0097809 0.0051118 0.6249709 0.1068330 0.0113634
100 S 100 0.1066581 0.0456707 0.0683211 0.1737733 0.0015364 0.1307708 0.2010088 0.0169459 0.0188976 0.0092685 0.0130561 0.0922268 0.0032515 0.0008940 0.0035748 0.0643424 0.0329272 0.0040710 0.0015549 0.0112500
101 D 101 0.1080269 0.0742169 0.0642900 0.0934020 0.0028588 0.0941152 0.1814269 0.0393320 0.0378918 0.0116027 0.0281518 0.0752527 0.0048317 0.0051268 0.0017766 0.0775183 0.0478996 0.0265526 0.0105841 0.0151427
102 L 102 0.0084507 0.0000000 0.0139998 0.0000000 0.0010288 0.0009313 0.0009340 0.0007447 0.0019187 0.0736944 0.6607375 0.0000000 0.0219230 0.0680547 0.0000000 0.0000000 0.0039057 0.0000000 0.0057054 0.1379711
103 E 103 0.0291707 0.0803926 0.0570510 0.0190254 0.0471459 0.1319115 0.0572042 0.0274618 0.0287973 0.0183531 0.1705915 0.1310007 0.0179537 0.0082730 0.0006611 0.0454601 0.0543310 0.0130751 0.0065119 0.0556285
104 K 104 0.1143453 0.0614693 0.0533228 0.1120636 0.0034230 0.1121825 0.2181911 0.0457759 0.0110373 0.0051150 0.0301192 0.0800174 0.0076042 0.0014489 0.0018230 0.0666383 0.0494443 0.0012836 0.0024646 0.0222308
105 A 105 0.1221782 0.1133984 0.0135726 0.0147770 0.0068686 0.0511277 0.0561288 0.0202604 0.0096452 0.0155456 0.2560553 0.1459294 0.0368752 0.0013317 0.0292061 0.0268163 0.0406838 0.0192257 0.0027111 0.0176629
106 A 106 0.2461446 0.0016096 0.0071429 0.0006513 0.0518051 0.0013314 0.0015955 0.0067995 0.0007337 0.0535355 0.1487965 0.0094313 0.0521429 0.0035757 0.0006265 0.1239360 0.1017647 0.0747494 0.0050716 0.1085562
107 A 107 0.1551826 0.0433523 0.0424556 0.0819836 0.0080764 0.0945407 0.1888967 0.0264722 0.0108500 0.0312826 0.0502902 0.0985260 0.0162348 0.0020262 0.0025257 0.0529764 0.0379959 0.0000000 0.0028369 0.0534952
108 Q 108 0.1121701 0.0671055 0.0419360 0.0888191 0.0339550 0.1306690 0.2200677 0.0239280 0.0125804 0.0151644 0.0410149 0.0853820 0.0045917 0.0053311 0.0006462 0.0545268 0.0425536 0.0013338 0.0043421 0.0138824
109 R 109 0.0051750 0.6815196 0.0022148 0.0000000 0.0033091 0.0245123 0.0094317 0.0008724 0.0298000 0.0297254 0.0169631 0.1258348 0.0022863 0.0032343 0.0000000 0.0023113 0.0016650 0.0198441 0.0253006 0.0160002
110 K 110 0.0471331 0.2395737 0.0130871 0.0137011 0.0077315 0.1411066 0.0771954 0.0882808 0.0345414 0.0058451 0.0396017 0.1619053 0.0131999 0.0033320 0.0000000 0.0457985 0.0333915 0.0150713 0.0068296 0.0126745
111 A 111 0.0962198 0.1068645 0.0416201 0.0525694 0.0039969 0.1771480 0.1263741 0.0272486 0.0360205 0.0216415 0.0380914 0.0977942 0.0104838 0.0034674 0.0020191 0.0636848 0.0515730 0.0008517 0.0053152 0.0370162
112 K 112 0.0701559 0.2042734 0.0321908 0.0345810 0.0059349 0.1004446 0.0352945 0.0119368 0.0576450 0.0219710 0.1053349 0.1845171 0.0176167 0.0083035 0.0000000 0.0458130 0.0170408 0.0213772 0.0044080 0.0211608
113 L 113 0.0008753 0.0010115 0.0008178 0.0000000 0.0030083 0.0000000 0.0008628 0.0014756 0.0009295 0.0351738 0.9219500 0.0000000 0.0036224 0.0046439 0.0000000 0.0000000 0.0000000 0.0018134 0.0078955 0.0159201
114 D 114 0.0474462 0.0402963 0.0378416 0.1276166 0.0026916 0.1357676 0.3381238 0.0272120 0.0243804 0.0082404 0.0398399 0.0908860 0.0078973 0.0124047 0.0000000 0.0292114 0.0151920 0.0010242 0.0013184 0.0126093
115 E 115 0.0922811 0.0176033 0.0223166 0.2081758 0.0007422 0.1664567 0.2906355 0.0233787 0.0114440 0.0060145 0.0247359 0.0514731 0.0242771 0.0007271 0.0011802 0.0348059 0.0134024 0.0012040 0.0012192 0.0079269
116 N 116 0.5527211 0.0021489 0.0780241 0.0051555 0.0009777 0.0077338 0.0082170 0.0101615 0.0075527 0.0057196 0.0009503 0.0012027 0.0078190 0.0000000 0.0000000 0.2649703 0.0375825 0.0000000 0.0000000 0.0090632
117 S 117 0.0696652 0.0073903 0.0012336 0.0012268 0.0015655 0.0105191 0.0634820 0.0000000 0.0114619 0.0147187 0.6035172 0.0051166 0.0077167 0.0028183 0.0000000 0.0834678 0.0158334 0.0000000 0.0618247 0.0384422
118 A 118 0.6226193 0.0000000 0.0000000 0.0000000 0.0000000 0.0000000 0.0000000 0.0000000 0.0000000 0.0000000 0.0000000 0.0000000 0.0000000 0.0000000 0.0000000 0.3773807 0.0000000 0.0000000 0.0000000 0.0000000
