  118         A         R         N         D         C         Q         E         G         H         I         L         K         M         F         P         S         T         W         Y         V         X    
  1 M   1 0.0000000 0.0000000 0.0000000 0.0000000 0.0000000 0.0000000 0.0000000 0.0000000 0.0000000 0.0337819 0.0573524 0.0000000 0.0210468 0.0000000 0.0000000 0.0000000 0.0000000 0.0000000 0.0000000 0.0485973 0.8392216
  2 A   2 0.0800897 0.0429272 0.0072189 0.0169073 0.0000000 0.0995964 0.1670026 0.0011072 0.0018899 0.0236596 0.0054360 0.0077000 0.0112224 0.0000000 0.0000000 0.0383159 0.0013570 0.0000000 0.0000000 0.0016451 0.4939250
  3 R   3 0.0012897 0.6349957 0.0009258 0.0000000 0.0000000 0.0045588 0.0029807 0.0000000 0.0164381 0.0000000 0.0000000 0.0429337 0.0000000 0.0000000 0.0000000 0.0010013 0.0012098 0.0000000 0.0010324 0.0000000 0.2926341
  4 G   4 0.0148681 0.2010192 0.0097833 0.0099663 0.0033205 0.1726323 0.0279720 0.0711794 0.0324514 0.0065586 0.0328944 0.1539119 0.0083910 0.0045774 0.0000000 0.0127163 0.0173916 0.0093057 0.0076469 0.0055613 0.1978522
  5 Q   5 0.0840318 0.0885379 0.0319198 0.0364435 0.0018995 0.1461700 0.1264804 0.0222388 0.0344851 0.0150446 0.0425855 0.0839886 0.0096380 0.0021084 0.0000000 0.0497821 0.0358589 0.0005715 0.0018371 0.0229264 0.1634519
  6 R   6 0.0535187 0.2247784 0.0247703 0.0254734 0.0070490 0.1065039 0.0281735 0.0065581 0.0160497 0.0153446 0.0484434 0.2170177 0.0139787 0.0060150 0.0007369 0.0304552 0.0111724 0.0099515 0.0038299 0.0140595 0.1361203
  7 L   7 0.0018375 0.0007339 0.0015334 0.0000000 0.0010473 0.0042511 0.0042819 0.0014298 0.0000000 0.0209527 0.8009625 0.0000000 0.0169884 0.0057973 0.0000000 0.0043614 0.0018115 0.0000000 0.0109141 0.0083030 0.1147941
  8 E   8 0.0368793 0.0422013 0.0271231 0.1157435 0.0017269 0.1023788 0.3637823 0.0248359 0.0307415 0.0043020 0.0372502 0.0332513 0.0094360 0.0089176 0.0000000 0.0294061 0.0109286 0.0015772 0.0024504 0.0130405 0.1040276
  9 E   9 0.1164586 0.0264692 0.0209570 0.1562812 0.0008713 0.1963461 0.1810805 0.0321519 0.0371885 0.0081149 0.0211990 0.0176713 0.0065422 0.0022001 0.0008188 0.0405857 0.0234009 0.0006995 0.0038666 0.0074310 0.0996658
 10 S  10 0.3189032 0.0154041 0.0306885 0.0035182 0.0735899 0.0177106 0.0054164 0.0104931 0.0066840 0.0185588 0.1274981 0.0112713 0.0225139 0.0045431 0.0005454 0.1694122 0.0436886 0.0036540 0.0088461 0.0158436 0.0912169
 11 L  11 0.0586375 0.0640265 0.0258356 0.0161223 0.0078755 0.0508201 0.0332345 0.0171042 0.0487345 0.0178274 0.3204172 0.0459119 0.0271052 0.0225139 0.0000000 0.0430088 0.0061266 0.0119479 0.0487294 0.0491291 0.0848920
 12 E  12 0.0765979 0.0779606 0.0315085 0.0761598 0.0025567 0.1904619 0.1605827 0.0209785 0.0252898 0.0045867 0.0564844 0.0709656 0.0075319 0.0011041 0.0041821 0.0557438 0.0302424 0.0032883 0.0039890 0.0240705 0.0757148
 13 Y  13 0.1088360 0.0122386 0.0038877 0.0024818 0.0077247 0.0324177 0.0105366 0.0080643 0.0123587 0.0370337 0.4057980 0.0115364 0.0178241 0.0651157 0.0000000 0.0239397 0.0143306 0.0284468 0.0498946 0.0603405 0.0871938
 14 Q  14 0.0410419 0.0692454 0.0118463 0.0027163 0.0250510 0.2857597 0.0392104 0.0416438 0.1360362 0.0062633 0.0515181 0.0232303 0.0073669 0.0442615 0.0000000 0.0206689 0.0087591 0.0245566 0.0549097 0.0288968 0.0770180
 15 Q  15 0.0350780 0.1035272 0.0255024 0.0242256 0.0023127 0.3042851 0.0866970 0.0226355 0.0337799 0.0143335 0.0626698 0.1137556 0.0163624 0.0030600 0.0005242 0.0287072 0.0306042 0.0006137 0.0038195 0.0318698 0.0556370
 16 F  16 0.0029121 0.0009792 0.0058231 0.0000000 0.0036059 0.0000000 0.0013017 0.0025161 0.0066355 0.0171449 0.0914392 0.0029075 0.0061008 0.6753198 0.0000000 0.0035907 0.0016112 0.0086874 0.1031389 0.0206531 0.0456330
 17 V  17 0.0279125 0.0324620 0.0751755 0.0404982 0.0093801 0.1101015 0.0815861 0.0090123 0.0731088 0.0262996 0.1500023 0.0327137 0.0251061 0.0943814 0.0017338 0.0362705 0.0182722 0.0148588 0.0653654 0.0376698 0.0380894
 18 A  18 0.0734364 0.2558427 0.0388759 0.0619497 0.0070986 0.1447420 0.0810073 0.0268917 0.0411620 0.0079758 0.0232718 0.0377423 0.0037376 0.0136431 0.0000000 0.0663611 0.0350388 0.0187664 0.0102572 0.0154523 0.0367477
 19 N  19 0.1015731 0.0317662 0.0352425 0.3410838 0.0013813 0.0356383 0.1639152 0.0157447 0.0069689 0.0039673 0.0172556 0.0740518 0.0160471 0.0000000 0.0013373 0.0610570 0.0483633 0.0000000 0.0021143 0.0093718 0.0331205
 20 V  20 0.2547066 0.0059275 0.0071691 0.0000000 0.0933033 0.0061419 0.0104273 0.0060161 0.0138822 0.0543163 0.1881464 0.0015810 0.0354673 0.0331180 0.0000000 0.0420716 0.0239624 0.0103400 0.0333312 0.1517780 0.0283138
 21 E  21 0.0666148 0.0737333 0.0538937 0.2177960 0.0049643 0.0837945 0.1928618 0.0239553 0.0257043 0.0027962 0.0205557 0.0759944 0.0043539 0.0020238 0.0010282 0.0649850 0.0395684 0.0043849 0.0043201 0.0102316 0.0264396
 22 E  22 0.0555282 0.0250078 0.0300279 0.2054628 0.0021055 0.1098107 0.3046959 0.0203927 0.0135657 0.0094016 0.0256190 0.0533904 0.0175482 0.0008280 0.0135284 0.0337363 0.0213644 0.0006405 0.0091950 0.0231450 0.0250063
 23 E  23 0.1171140 0.0207558 0.0016798 0.0007142 0.0120615 0.0045246 0.0977680 0.0006574 0.0112499 0.0734268 0.3364580 0.0011381 0.0492637 0.0773010 0.0000000 0.0074689 0.0405385 0.0039362 0.0047757 0.1132005 0.0259674
 24 E  24 0.0188362 0.0230812 0.0204989 0.0511547 0.0103248 0.0507090 0.2555919 0.0088749 0.0067228 0.0626754 0.2185393 0.0465543 0.0534002 0.0217052 0.0000000 0.0376628 0.0395117 0.0076497 0.0031237 0.0353555 0.0280279
 25 A  25 0.1720748 0.0172092 0.0456189 0.1106844 0.0061343 0.0615958 0.0849521 0.0462395 0.0097397 0.0233913 0.0523437 0.0432596 0.0145558 0.0114320 0.0182493 0.1553257 0.0667020 0.0000000 0.0069365 0.0299029 0.0236523
 26 W  26 0.0140591 0.0248877 0.0037931 0.0022573 0.0028962 0.0089189 0.0044064 0.0027255 0.0016585 0.0094001 0.0139263 0.0077516 0.0035370 0.0192119 0.0000000 0.0102825 0.0172626 0.8170335 0.0084001 0.0038318 0.0237601
 27 I  27 0.0244700 0.0000000 0.0021731 0.0000000 0.0125991 0.0010811 0.0008710 0.0000000 0.0009198 0.3011010 0.4293245 0.0000000 0.1067438 0.0128799 0.0000000 0.0071861 0.0173162 0.0000000 0.0024144 0.0615707 0.0193494
 28 N  28 0.0823529 0.0748927 0.0998117 0.0950163 0.0050961 0.0825154 0.1099786 0.0436985 0.0162191 0.0119749 0.0307798 0.0810852 0.0114415 0.0027358 0.0007345 0.1127228 0.0859584 0.0012897 0.0107852 0.0208914 0.0200196
 29 E  29 0.0403880 0.0264242 0.0512158 0.1423259 0.0010166 0.0520797 0.4305379 0.0434184 0.0284194 0.0032551 0.0091350 0.0496227 0.0028376 0.0017709 0.0035902 0.0561579 0.0208145 0.0034811 0.0015635 0.0134800 0.0184654
 30 K  30 0.1037322 0.0634076 0.0262959 0.0000000 0.0102031 0.0764873 0.0066841 0.0137952 0.0392273 0.0396331 0.0376690 0.3184541 0.0613564 0.0010491 0.0005410 0.0143587 0.1084457 0.0021111 0.0008232 0.0570313 0.0186949
 31 M  31 0.0236373 0.0341195 0.0171657 0.0356564 0.0033078 0.0816810 0.4652231 0.0297328 0.0135085 0.0308379 0.0698883 0.0459733 0.0425724 0.0041003 0.0014208 0.0250673 0.0243304 0.0045707 0.0077744 0.0143552 0.0250769
 32 T  32 0.1332294 0.0779490 0.0309009 0.0403090 0.0028549 0.1132312 0.1038491 0.0248132 0.0178431 0.0103395 0.0516149 0.1051929 0.0106269 0.0048579 0.0884281 0.0584204 0.0611005 0.0023544 0.0095032 0.0341318 0.0184498
 33 L  33 0.0627748 0.0327947 0.0081046 0.0156300 0.0026947 0.1000420 0.0490466 0.0087888 0.0148035 0.0889157 0.2109856 0.0510992 0.0558217 0.0436739 0.0025973 0.0345269 0.0834902 0.0084645 0.0272029 0.0827223 0.0158200
 34 V  34 0.1722046 0.0111789 0.0056487 0.0022144 0.0105628 0.0083048 0.0326531 0.0025568 0.0006210 0.0678277 0.3944403 0.0038099 0.0625021 0.0291679 0.0042336 0.0087772 0.0134359 0.0000000 0.0100716 0.1458004 0.0139884
 35 A  35 0.1520703 0.0505729 0.0700199 0.0409397 0.0067679 0.0745769 0.0856234 0.0412885 0.0112769 0.0204920 0.0540362 0.0509047 0.0268912 0.0037548 0.0043326 0.1750348 0.0745253 0.0018874 0.0020156 0.0229346 0.0300542
 36 S  36 0.0946305 0.0245033 0.0593200 0.0705407 0.0057190 0.0980687 0.0346391 0.0231052 0.0193422 0.0073680 0.0232566 0.0264457 0.0165605 0.0229844 0.0189040 0.3356952 0.0601457 0.0007782 0.0098826 0.0266341 0.0214762
 37 E  37 0.0437429 0.0453805 0.0244734 0.1084316 0.0084504 0.0729509 0.2003583 0.0478490 0.0224501 0.0192273 0.0607639 0.0667965 0.0292272 0.0118830 0.0516383 0.0371454 0.0864116 0.0053876 0.0188463 0.0229809 0.0156050
 38 D  38 0.0221925 0.0153856 0.0747376 0.3416111 0.0037824 0.0257405 0.2149427 0.0332192 0.0103875 0.0090136 0.0096872 0.0211407 0.0019476 0.0030414 0.1031252 0.0552013 0.0179455 0.0000000 0.0050664 0.0179890 0.0138430
 39 Y  39 0.0265704 0.0256293 0.0116836 0.0102703 0.0163985 0.0076252 0.0084962 0.0076487 0.0205941 0.1066640 0.1753204 0.0204223 0.0222476 0.0471815 0.0789035 0.0376239 0.0515925 0.0353264 0.1373718 0.1330791 0.0193510
 40 G  40 0.0766878 0.0169680 0.0018941 0.0063266 0.0057202 0.0088365 0.0040736 0.4785099 0.0110608 0.0113857 0.0190429 0.0102469 0.0028851 0.0016216 0.1269852 0.1189569 0.0250415 0.0016551 0.0091069 0.0164062 0.0465885
 41 D  41 0.0692872 0.1154656 0.0574303 0.1140761 0.0057179 0.0672170 0.0719478 0.0669328 0.0380354 0.0138812 0.0262299 0.1316281 0.0034373 0.0091722 0.0117717 0.0846123 0.0635674 0.0014638 0.0088299 0.0208019 0.0184941
 42 T  42 0.0075247 0.0218767 0.0683669 0.4884871 0.0091635 0.0155046 0.0452966 0.0126269 0.0246937 0.0205146 0.0109590 0.0241342 0.0013342 0.0011165 0.0053475 0.1607867 0.0539731 0.0000000 0.0013798 0.0096926 0.0172212
 43 L  43 0.0401644 0.0138623 0.0252903 0.0088606 0.0029523 0.0179376 0.0772151 0.0051024 0.0095727 0.0557772 0.3999933 0.0107668 0.0133968 0.0135369 0.0996476 0.0175160 0.0215000 0.0047300 0.0386984 0.1055380 0.0179414
 44 A  44 0.1227448 0.0302930 0.0373111 0.1225542 0.0046311 0.0663676 0.1793252 0.0204655 0.0210801 0.0232440 0.0368461 0.0372092 0.0092697 0.0084073 0.0481278 0.0964515 0.0875095 0.0009414 0.0092948 0.0271105 0.0108157
 45 A  45 0.0993832 0.0327656 0.0769098 0.0813523 0.0008933 0.0507614 0.1028579 0.0929440 0.0580408 0.0108643 0.0167279 0.0347967 0.0160642 0.0008217 0.0056224 0.1677758 0.1041014 0.0006274 0.0026482 0.0343415 0.0097002
 46 I  46 0.1931112 0.0009431 0.0077653 0.0017666 0.0231543 0.0016667 0.0019338 0.0055164 0.0010562 0.1189487 0.1457944 0.0078539 0.0154254 0.0035262 0.0013879 0.0201999 0.0552394 0.0000000 0.0054675 0.3814017 0.0078411
 47 Q  47 0.0275419 0.0715392 0.0273578 0.0298127 0.0014021 0.1957189 0.2997391 0.0115900 0.0191084 0.0161383 0.0607738 0.1209859 0.0216055 0.0013855 0.0174894 0.0269600 0.0298750 0.0037045 0.0008069 0.0089507 0.0075143
 48 G  48 0.2032665 0.0514280 0.0701951 0.0492152 0.0011152 0.1036881 0.0902095 0.0260359 0.0220058 0.0273543 0.0548602 0.0604445 0.0144821 0.0056405 0.0032475 0.0949232 0.0524937 0.0020697 0.0033794 0.0543680 0.0095776
 49 L  49 0.0424177 0.0254357 0.0046147 0.0016756 0.0007723 0.1673949 0.0248424 0.0035408 0.0066047 0.0230369 0.5213704 0.0734960 0.0282980 0.0154790 0.0019472 0.0101281 0.0121187 0.0010058 0.0084406 0.0173570 0.0100235
 50 L  50 0.0127670 0.0433094 0.0019056 0.0020927 0.0087844 0.1622451 0.0116790 0.0036607 0.0161421 0.1671354 0.3677298 0.0404761 0.0477248 0.0162438 0.0037563 0.0110125 0.0156975 0.0136258 0.0102439 0.0332151 0.0105529
 51 K  51 0.0526073 0.1565471 0.0349824 0.0535870 0.0032757 0.1354658 0.1077726 0.0092259 0.0268027 0.0070813 0.0289288 0.2932057 0.0048419 0.0011634 0.0015403 0.0246387 0.0329866 0.0053707 0.0009024 0.0071394 0.0119340
 52 K  52 0.0343909 0.1392910 0.0218707 0.0412149 0.0014388 0.1083347 0.1189609 0.0030466 0.0095040 0.0059834 0.0084771 0.4113580 0.0076120 0.0023730 0.0006329 0.0197443 0.0241228 0.0022745 0.0218514 0.0092392 0.0082789
 53 H  53 0.0044512 0.0034401 0.0273680 0.0009405 0.0044064 0.0753408 0.0020114 0.0009539 0.5928313 0.0058165 0.0971826 0.0010315 0.0116077 0.0919349 0.0007898 0.0053032 0.0067479 0.0047185 0.0446791 0.0097555 0.0086892
 54 E  54 0.0386383 0.0556658 0.0283958 0.0676049 0.0017764 0.1942647 0.2603198 0.0137853 0.0165007 0.0039187 0.0194256 0.2002688 0.0115348 0.0028180 0.0007894 0.0373937 0.0251307 0.0000000 0.0025175 0.0120663 0.0071848
 55 A  55 0.2354267 0.0300904 0.0440130 0.1054280 0.0031384 0.0552539 0.1644936 0.0532926 0.0202257 0.0238904 0.0508640 0.0258612 0.0158351 0.0047305 0.0022019 0.0463091 0.0493601 0.0023512 0.0044105 0.0552741 0.0075497
 56 F  56 0.0069521 0.0098643 0.0015340 0.0008364 0.0011951 0.0048994 0.0020234 0.0000000 0.0137868 0.0757940 0.3694545 0.0026727 0.0200380 0.4032233 0.0000000 0.0029220 0.0101465 0.0022456 0.0122727 0.0473734 0.0127659
 57 E  57 0.0335057 0.0625820 0.0100312 0.0365219 0.0079385 0.1612029 0.3279589 0.0121738 0.0192115 0.0145336 0.0758031 0.0850821 0.0733172 0.0016649 0.0005593 0.0148942 0.0153833 0.0017071 0.0100190 0.0227931 0.0131166
 58 T  58 0.1738337 0.1227512 0.0747364 0.0429398 0.0030164 0.0564465 0.0868150 0.0342913 0.0277180 0.0095738 0.0248959 0.1245886 0.0232794 0.0022585 0.0046892 0.0827757 0.0628170 0.0027074 0.0017939 0.0261263 0.0119461
 59 D  59 0.0505590 0.0120819 0.0284463 0.2386187 0.0007233 0.0344504 0.4334637 0.0155339 0.0021156 0.0041108 0.0248488 0.0299472 0.0086326 0.0006663 0.0022932 0.0467271 0.0422812 0.0008302 0.0019911 0.0154681 0.0062106
 60 F  60 0.0462793 0.0021126 0.0009618 0.0012400 0.0096571 0.0020687 0.0008531 0.0031915 0.0019653 0.2758925 0.3469292 0.0022276 0.0764217 0.0294461 0.0000000 0.0177118 0.0218847 0.0010324 0.0019843 0.1507713 0.0073689
 61 T  61 0.1562980 0.0347778 0.0615962 0.1193408 0.0026029 0.0821409 0.1779074 0.0423619 0.0263057 0.0093124 0.0445124 0.0592265 0.0210291 0.0068600 0.0014858 0.0595795 0.0489530 0.0030335 0.0093900 0.0255239 0.0077622
 62 V  62 0.3144950 0.0216457 0.0707315 0.0329982 0.0022020 0.0501628 0.0726037 0.0621926 0.0087988 0.0199809 0.0316622 0.0430834 0.0057266 0.0032032 0.0195412 0.1104303 0.0637566 0.0000000 0.0019077 0.0561624 0.0087151
 63 H  63 0.0200767 0.1524453 0.0857320 0.0093834 0.0060511 0.0889856 0.0103895 0.0176497 0.2137725 0.0329643 0.0742534 0.0779163 0.0085890 0.0297756 0.0034045 0.0164554 0.0413977 0.0155742 0.0630478 0.0225502 0.0095859
 64 K  64 0.0663712 0.0910489 0.0196924 0.0397602 0.0067146 0.1767876 0.2306107 0.0596257 0.0259192 0.0073116 0.0230330 0.1074472 0.0116254 0.0032624 0.0007390 0.0556504 0.0191207 0.0058840 0.0229816 0.0167632 0.0096510
 65 D  65 0.0791840 0.0216987 0.0345865 0.1322468 0.0009070 0.0507599 0.2125295 0.0727452 0.0158359 0.0161267 0.0166571 0.0511324 0.0046116 0.0012821 0.1069010 0.0850245 0.0458815 0.0015960 0.0036947 0.0386053 0.0079934
 66 R  66 0.0331234 0.2382846 0.0555722 0.0332920 0.0023146 0.1037814 0.0601377 0.0082701 0.0305632 0.0327774 0.0375776 0.1418271 0.0070731 0.0030387 0.0091420 0.0748960 0.0648656 0.0112277 0.0055910 0.0400974 0.0065470
 67 V  67 0.0513858 0.0016686 0.0006483 0.0000000 0.0100623 0.0066459 0.0012369 0.0033751 0.0059958 0.2205512 0.1528793 0.0150755 0.0461116 0.0938890 0.0000000 0.0068713 0.0098178 0.0040409 0.0594175 0.3025615 0.0077658
 68 N  68 0.0660527 0.0520251 0.0819866 0.1391314 0.0027017 0.1277711 0.1950646 0.0222447 0.0250205 0.0192149 0.0315924 0.0892761 0.0075775 0.0022056 0.0040104 0.0560995 0.0399020 0.0013819 0.0040223 0.0233855 0.0093335
 69 D  69 0.1555686 0.0632983 0.0476140 0.0684482 0.0034323 0.1195455 0.1001237 0.0342912 0.0172462 0.0109109 0.0371321 0.0964528 0.0136038 0.0061424 0.0022505 0.1269107 0.0577021 0.0005918 0.0041224 0.0248833 0.0097292
 70 V  70 0.0362989 0.0005309 0.0025572 0.0005932 0.0259474 0.0008840 0.0005940 0.0005368 0.0049858 0.1587362 0.4288344 0.0007986 0.0224311 0.0249027 0.0028591 0.0030300 0.0300014 0.0010739 0.0009140 0.2438757 0.0096145
 71 C  71 0.0457197 0.0513298 0.1483326 0.0506252 0.0265434 0.1088003 0.0619527 0.0181343 0.0173955 0.0723175 0.1067972 0.0693337 0.0264221 0.0104676 0.0006908 0.0305799 0.0548348 0.0016913 0.0068123 0.0746770 0.0165422
 72 A  72 0.1256181 0.0684960 0.0433908 0.0907909 0.0025469 0.1315645 0.1566573 0.0316004 0.0294459 0.0095518 0.0310568 0.1170913 0.0090539 0.0027204 0.0012869 0.0781452 0.0335225 0.0016085 0.0044599 0.0141735 0.0172187
 73 N  73 0.1101473 0.0569131 0.0286851 0.0275320 0.0051900 0.0980019 0.0965518 0.0033018 0.0217890 0.0478111 0.1216851 0.0523411 0.0539575 0.0261452 0.0000000 0.0587315 0.1111655 0.0022079 0.0093178 0.0476514 0.0208738
 74 G  74 0.3501353 0.0061162 0.0009542 0.0039728 0.0139732 0.0045246 0.0020765 0.4506128 0.0021866 0.0067323 0.0136691 0.0110920 0.0028227 0.0017030 0.0007832 0.0493674 0.0177530 0.0005799 0.0096114 0.0276754 0.0236583
 75 E  75 0.0483313 0.1013494 0.0657664 0.1230615 0.0039154 0.1893396 0.1982170 0.0228421 0.0231560 0.0046185 0.0164456 0.0623409 0.0052331 0.0022653 0.0120226 0.0415921 0.0292609 0.0024127 0.0012479 0.0196464 0.0269354
 76 D  76 0.0852225 0.1195043 0.0259876 0.0624865 0.0026155 0.1542665 0.1458567 0.0421361 0.0226166 0.0141883 0.0234785 0.1293354 0.0074028 0.0024378 0.0054368 0.0730304 0.0300575 0.0011302 0.0051324 0.0173746 0.0303031
 77 L  77 0.0053887 0.0044191 0.0012948 0.0000000 0.0049408 0.0023562 0.0014666 0.0000000 0.0011605 0.0614477 0.7000060 0.0011264 0.0781654 0.0552994 0.0000000 0.0017458 0.0023792 0.0006105 0.0075506 0.0369476 0.0336949
 78 I  78 0.0950267 0.0132894 0.0123150 0.0039858 0.0167646 0.0255943 0.0483409 0.0151548 0.0086591 0.2102214 0.2241825 0.0373276 0.0410558 0.0110996 0.0074232 0.0323707 0.0277744 0.0006983 0.0016810 0.1242409 0.0427942
 79 K  79 0.1420876 0.0667927 0.0521560 0.0809775 0.0027781 0.1253723 0.1665288 0.0287934 0.0163452 0.0049899 0.0381174 0.0788842 0.0031715 0.0027947 0.0057463 0.0881747 0.0380460 0.0010725 0.0073335 0.0118069 0.0380308
 80 K  80 0.1061401 0.0489873 0.0484849 0.0563008 0.0106156 0.0727355 0.1633095 0.0475722 0.0089501 0.0146956 0.0626917 0.0769644 0.0091936 0.0031916 0.0075321 0.1590415 0.0419358 0.0005833 0.0045521 0.0194884 0.0370338
 81 N  81 0.0478267 0.0324419 0.1151233 0.0776130 0.0220699 0.0742199 0.0552679 0.2461149 0.0443292 0.0028649 0.0079511 0.0690081 0.0025552 0.0050723 0.0077568 0.0929850 0.0175514 0.0000000 0.0263231 0.0116777 0.0412476
 82 N  82 0.0333094 0.0293226 0.0496367 0.0249598 0.0047162 0.0256603 0.0618527 0.0212748 0.3542437 0.0045844 0.0048791 0.0213625 0.0007570 0.0080305 0.1457397 0.0675221 0.0424507 0.0007111 0.0415730 0.0064405 0.0509732
 83 H  83 0.0468700 0.0171329 0.0134106 0.0590743 0.0265213 0.0380258 0.1150298 0.0210478 0.0355708 0.0187255 0.0190859 0.0147726 0.0045085 0.0856212 0.2051849 0.0655075 0.0374586 0.0012542 0.1087848 0.0225946 0.0438184
 84 H  84 0.2029324 0.0224452 0.0345833 0.2523477 0.0039905 0.0511278 0.1393275 0.0485271 0.0279275 0.0035813 0.0321106 0.0224324 0.0149308 0.0089479 0.0069700 0.0496459 0.0133887 0.0010306 0.0137767 0.0064123 0.0435638
 85 V  85 0.2565362 0.0578686 0.0075402 0.0099733 0.0075684 0.0254919 0.0454585 0.0467004 0.0128038 0.0207973 0.0219141 0.0711785 0.0071715 0.0039895 0.0368485 0.2055959 0.0545574 0.0028209 0.0103911 0.0524259 0.0423684
 86 E  86 0.0947640 0.0275516 0.0308515 0.1594720 0.0011634 0.0743485 0.1830506 0.0344886 0.0199450 0.0098047 0.0169911 0.0620286 0.0027203 0.0051976 0.0922839 0.0682580 0.0383062 0.0006218 0.0041975 0.0345075 0.0394477
 87 N  87 0.0735873 0.0485028 0.0434471 0.0773175 0.0063124 0.0662833 0.1903533 0.0234196 0.0282105 0.0240405 0.0411447 0.0801257 0.0226694 0.0080707 0.0090101 0.0778310 0.0781922 0.0074185 0.0100038 0.0449980 0.0390614
 88 I  88 0.0127180 0.0015300 0.0006951 0.0000000 0.0012532 0.0009449 0.0022743 0.0000000 0.0000000 0.4965769 0.1499802 0.0032805 0.0135198 0.0103641 0.0032295 0.0047373 0.0160958 0.0066226 0.0058215 0.2327598 0.0375965
 89 T  89 0.0699956 0.1368300 0.0391368 0.0262204 0.0113586 0.1915352 0.1273641 0.0207870 0.0159714 0.0144028 0.0346400 0.1573741 0.0095070 0.0020385 0.0018497 0.0430413 0.0309465 0.0027355 0.0106422 0.0145735 0.0390497
 90 A  90 0.1355804 0.0510352 0.0454571 0.0760807 0.0013163 0.1196316 0.2018180 0.0288908 0.0306854 0.0065123 0.0217835 0.0797494 0.0041199 0.0019772 0.0269573 0.0618098 0.0325032 0.0000000 0.0095602 0.0245244 0.0400071
 91 K  91 0.0208915 0.2856727 0.0081898 0.0160537 0.0186494 0.1013502 0.0310695 0.0063267 0.0233094 0.0202814 0.0376872 0.2233760 0.0326515 0.0050851 0.0115325 0.0219506 0.0224093 0.0340030 0.0221280 0.0157007 0.0416817
 92 M  92 0.0547635 0.0512468 0.0085553 0.0013719 0.0532751 0.0883499 0.0187502 0.0027132 0.0104364 0.0835310 0.3556350 0.0399022 0.0523791 0.0039648 0.0000000 0.0188925 0.0195554 0.0005593 0.0121078 0.0817275 0.0422830
 93 K  93 0.0959523 0.0466654 0.0610014 0.1558268 0.0042442 0.1370661 0.1452519 0.0381993 0.0222849 0.0096863 0.0141043 0.0627694 0.0099043 0.0011503 0.0038137 0.0670465 0.0527250 0.0006423 0.0039630 0.0285531 0.0391494
 94 G  94 0.1111773 0.0369364 0.0479514 0.0688851 0.0014461 0.1015421 0.2252705 0.0405137 0.0283986 0.0199268 0.0357468 0.0738491 0.0085642 0.0044578 0.0000000 0.0789833 0.0475601 0.0005609 0.0037277 0.0239218 0.0405803
 95 L  95 0.0160130 0.0000000 0.0008679 0.0050326 0.0016911 0.0009761 0.0008363 0.0072451 0.0012944 0.1355221 0.5058838 0.0011998 0.0568477 0.0105091 0.0006250 0.0027851 0.0128927 0.0000000 0.0015937 0.1969710 0.0412137
 96 K  96 0.0350186 0.0768884 0.1814372 0.0677469 0.0108576 0.1305653 0.1102838 0.0215126 0.0309099 0.0201742 0.0694634 0.0643835 0.0157368 0.0014359 0.0000000 0.0546722 0.0349165 0.0017333 0.0020189 0.0296726 0.0405726
 97 G  97 0.0928172 0.0692145 0.0528273 0.1010277 0.0016958 0.1352417 0.1484969 0.0338303 0.0268573 0.0047736 0.0208716 0.0763021 0.0033069 0.0042573 0.0007371 0.0969791 0.0705576 0.0005919 0.0051763 0.0144984 0.0399394
 98 K  98 0.0920642 0.3091486 0.0285939 0.0143116 0.0144693 0.0971705 0.0422736 0.0176881 0.0420667 0.0131659 0.1046941 0.0881356 0.0177539 0.0011333 0.0007618 0.0377581 0.0160500 0.0026013 0.0067797 0.0119968 0.0413829
 99 V  99 0.0027659 0.0449493 0.0022286 0.0000000 0.0193644 0.0119663 0.0035672 0.0033044 0.0151138 0.0088037 0.0355791 0.0161155 0.0138327 0.0529125 0.0000000 0.0095391 0.0049216 0.5993671 0.1007184 0.0107822 0.0441682
100 S 100 0.0994120 0.0446683 0.0666223 0.1659233 0.0014414 0.1257581 0.1909186 0.0166679 0.0184930 0.0089328 0.0124795 0.0875908 0.0030807 0.0009125 0.0033427 0.0600184 0.0324583 0.0039252 0.0014919 0.0108563 0.0450059
101 D 101 0.1031941 0.0694323 0.0624296 0.0906864 0.0027769 0.0872752 0.1722022 0.0380030 0.0382846 0.0116302 0.0268725 0.0715772 0.0041785 0.0049404 0.0016436 0.0747287 0.0455122 0.0243693 0.0102004 0.0145651 0.0454976
102 L 102 0.0079510 0.0000000 0.0132142 0.0000000 0.0009567 0.0008779 0.0008788 0.0006965 0.0018130 0.0696408 0.6328045 0.0000000 0.0194811 0.0652677 0.0000000 0.0000000 0.0038022 0.0000000 0.0053968 0.1315096 0.0457092
103 E 103 0.0280471 0.0782736 0.0552085 0.0182742 0.0450567 0.1240309 0.0555677 0.0250780 0.0274597 0.0176844 0.1621601 0.1227694 0.0180706 0.0081160 0.0006256 0.0440037 0.0515203 0.0123686 0.0062133 0.0528876 0.0465839
104 K 104 0.1110783 0.0595568 0.0505745 0.1039398 0.0032305 0.1075968 0.2056768 0.0439931 0.0105723 0.0050988 0.0288802 0.0757429 0.0072289 0.0014080 0.0017291 0.0640680 0.0460763 0.0012405 0.0024335 0.0224153 0.0474596
105 A 105 0.1187667 0.1085513 0.0130414 0.0139151 0.0065185 0.0487516 0.0540465 0.0192924 0.0092348 0.0147098 0.2443209 0.1368279 0.0350882 0.0012843 0.0280857 0.0247440 0.0382622 0.0179160 0.0025716 0.0163075 0.0477637
106 A 106 0.2314912 0.0015698 0.0067215 0.0006103 0.0490510 0.0013095 0.0015340 0.0064928 0.0006942 0.0521899 0.1417696 0.0095238 0.0502170 0.0034828 0.0005923 0.1195354 0.0952688 0.0715289 0.0048927 0.1021337 0.0493908
107 A 107 0.1472198 0.0399933 0.0407514 0.0775879 0.0063148 0.0886560 0.1805300 0.0255769 0.0106321 0.0302158 0.0467938 0.0933161 0.0169796 0.0020516 0.0023502 0.0490989 0.0358520 0.0000000 0.0026726 0.0503944 0.0530131
108 Q 108 0.1080744 0.0629663 0.0389629 0.0858542 0.0311982 0.1205152 0.2093808 0.0229987 0.0120388 0.0143520 0.0387304 0.0814980 0.0044322 0.0052375 0.0006051 0.0513971 0.0401833 0.0012643 0.0040936 0.0131855 0.0530317
109 R 109 0.0048306 0.6404678 0.0020921 0.0000000 0.0031507 0.0236913 0.0089056 0.0008209 0.0279296 0.0286488 0.0159135 0.1196771 0.0022317 0.0030144 0.0000000 0.0022011 0.0018379 0.0183782 0.0240201 0.0140137 0.0581748
110 K 110 0.0432601 0.2254167 0.0117875 0.0127804 0.0071784 0.1333376 0.0723323 0.0833704 0.0325982 0.0056452 0.0373775 0.1485585 0.0123560 0.0031207 0.0000000 0.0426672 0.0316372 0.0141497 0.0064475 0.0123697 0.0636091
111 A 111 0.0880689 0.0970810 0.0400724 0.0498294 0.0037501 0.1642623 0.1143841 0.0257591 0.0339804 0.0200323 0.0348551 0.0928664 0.0097743 0.0034794 0.0019076 0.0599206 0.0480946 0.0007951 0.0050864 0.0342779 0.0717227
112 K 112 0.0632244 0.1894438 0.0290639 0.0290320 0.0060278 0.0914768 0.0314348 0.0110353 0.0525847 0.0208022 0.0990394 0.1725661 0.0167081 0.0076202 0.0000000 0.0426701 0.0160570 0.0191471 0.0040677 0.0191087 0.0788899
113 L 113 0.0007918 0.0008984 0.0007293 0.0000000 0.0027318 0.0000000 0.0007810 0.0013168 0.0008301 0.0328360 0.8418709 0.0000000 0.0032714 0.0041891 0.0000000 0.0000000 0.0000000 0.0016315 0.0072053 0.0147379 0.0861787
114 D 114 0.0405792 0.0338899 0.0334387 0.1073318 0.0023591 0.1176098 0.2880173 0.0238184 0.0216243 0.0070690 0.0343248 0.0773968 0.0068287 0.0098362 0.0000000 0.0253868 0.0133853 0.0008986 0.0011232 0.0108921 0.1441900
115 E 115 0.0726192 0.0139692 0.0174659 0.1635680 0.0005520 0.1314191 0.2248997 0.0184311 0.0088672 0.0046916 0.0196721 0.0404414 0.0177478 0.0005380 0.0008875 0.0287327 0.0106044 0.0007019 0.0009497 0.0061924 0.2170491
116 N 116 0.3792814 0.0014522 0.0534824 0.0035114 0.0006532 0.0053125 0.0055233 0.0069601 0.0051406 0.0038353 0.0006594 0.0008103 0.0054199 0.0000000 0.0000000 0.1779682 0.0264312 0.0000000 0.0000000 0.0067627 0.3167958
117 S 117 0.0332978 0.0035535 0.0005772 0.0005769 0.0007382 0.0050050 0.0286827 0.0000000 0.0059167 0.0072119 0.2851317 0.0024346 0.0035994 0.0013467 0.0000000 0.0400033 0.0067946 0.0000000 0.0297394 0.0177716 0.5276188
118 A 118 0.0853329 0.0000000 0.0000000 0.0000000 0.0000000 0.0000000 0.0000000 0.0000000 0.0000000 0.0000000 0.0000000 0.0000000 0.0000000 0.0000000 0.0000000 0.0509992 0.0000000 0.0000000 0.0000000 0.0000000 0.8636679
