  128         A         R         N         D         C         Q         E         G         H         I         L         K         M         F         P         S         T         W         Y         V         X    
  1 M   1 0.0000000 0.0000000 0.0000000 0.0000000 0.0000000 0.0000000 0.0000000 0.0000000 0.0000000 0.0135904 0.0122201 0.0000000 0.1247679 0.0000000 0.0000000 0.0000000 0.0000000 0.0000000 0.0000000 0.0000000 0.8494215
  2 A   2 0.0901368 0.0000000 0.0010701 0.0027436 0.0000000 0.0308980 0.0036842 0.0219670 0.0000000 0.0065764 0.0083060 0.0000000 0.1924750 0.0018711 0.0065859 0.0450406 0.0046825 0.0000000 0.0000000 0.0000000 0.5839628
  3 Y   3 0.0000000 0.0000000 0.0000000 0.0000000 0.0000000 0.0000000 0.0000000 0.0000000 0.0000000 0.0000000 0.0000000 0.0000000 0.0000000 0.0086336 0.0000000 0.0000000 0.0000000 0.0000000 0.9355914 0.0000000 0.0557751
  4 S   4 0.0113689 0.1562996 0.0402248 0.0021969 0.0010470 0.2080745 0.0059932 0.0050971 0.1154451 0.0000000 0.0000000 0.0141420 0.0149957 0.0000000 0.0000000 0.2623655 0.1129369 0.0000000 0.0000000 0.0000000 0.0498127
  5 E   5 0.0386095 0.0134055 0.0047677 0.1761895 0.0000000 0.1389189 0.4480924 0.0042747 0.0000000 0.0000000 0.0011049 0.0525437 0.0029354 0.0000000 0.0508116 0.0201058 0.0041775 0.0000000 0.0000000 0.0015770 0.0424857
  6 K   6 0.0103178 0.0293584 0.0478335 0.0000000 0.0000000 0.0289370 0.0206859 0.0009963 0.0085918 0.1044672 0.0427935 0.3407311 0.0146503 0.0090051 0.0000000 0.0045568 0.0347588 0.0000000 0.0030491 0.2668086 0.0324589
  7 V   7 0.0020396 0.0000000 0.0000000 0.0017141 0.0000000 0.0000000 0.0000000 0.0000000 0.0000000 0.3909720 0.0576009 0.0000000 0.0000000 0.0000000 0.0000000 0.0000000 0.0069851 0.0000000 0.0000000 0.5086724 0.0320159
  8 I   8 0.0115406 0.0094695 0.0187436 0.0000000 0.0000000 0.0094977 0.0029202 0.0013157 0.0058878 0.1378020 0.4320352 0.0691434 0.1864135 0.0111218 0.0000000 0.0050630 0.0133291 0.0027658 0.0000000 0.0534151 0.0295361
  9 D   9 0.0013011 0.0041074 0.0061242 0.7424086 0.0000000 0.0098785 0.1901654 0.0000000 0.0000000 0.0000000 0.0000000 0.0111302 0.0000000 0.0000000 0.0000000 0.0046625 0.0031407 0.0000000 0.0024868 0.0000000 0.0245946
 10 H  10 0.0000000 0.0134249 0.0044140 0.0000000 0.0000000 0.0000000 0.0097296 0.0000000 0.8803449 0.0029820 0.0176966 0.0024935 0.0000000 0.0049389 0.0000000 0.0000000 0.0000000 0.0000000 0.0459735 0.0000000 0.0180019
 11 Y  11 0.0510098 0.0025814 0.0467055 0.0000000 0.0113855 0.0000000 0.0000000 0.0244762 0.0020483 0.0000000 0.0000000 0.0080183 0.0099334 0.2982346 0.0000000 0.0764781 0.0000000 0.0000000 0.4507303 0.0039819 0.0144166
 12 E  12 0.0168381 0.1458678 0.0855684 0.0186551 0.0000000 0.0551432 0.1580667 0.0000000 0.0048416 0.0082948 0.0417251 0.2585116 0.0639083 0.0297422 0.0000000 0.0407937 0.0359869 0.0014502 0.0182138 0.0027574 0.0136350
 13 N  13 0.0075337 0.0438585 0.6138537 0.0142271 0.0150194 0.0054411 0.0107018 0.0000000 0.1727865 0.0000000 0.0000000 0.0439936 0.0021983 0.0022241 0.0000000 0.0376890 0.0098874 0.0000000 0.0044571 0.0000000 0.0161286
 14 P  14 0.0000000 0.0115224 0.0000000 0.0000000 0.0000000 0.0023758 0.0000000 0.0000000 0.0000000 0.0000000 0.0021756 0.0088113 0.0000000 0.0000000 0.9559446 0.0055353 0.0000000 0.0000000 0.0000000 0.0000000 0.0136350
 15 R  15 0.0026026 0.6548857 0.0025975 0.0000000 0.0000000 0.0634595 0.0037789 0.0000000 0.1446807 0.0036572 0.0062870 0.0704990 0.0067911 0.0000000 0.0031645 0.0043476 0.0065303 0.0000000 0.0059932 0.0070900 0.0136350
 16 N  16 0.0019766 0.0078912 0.7696750 0.0000000 0.0000000 0.0000000 0.0000000 0.0409108 0.1459504 0.0000000 0.0000000 0.0000000 0.0000000 0.0081447 0.0000000 0.0000000 0.0000000 0.0000000 0.0107236 0.0000000 0.0147277
 17 V  17 0.0864863 0.1305408 0.0070735 0.0000000 0.0048092 0.0320347 0.0000000 0.0000000 0.0334153 0.0331174 0.0106090 0.1018921 0.0177699 0.0853894 0.0053243 0.0129118 0.0100410 0.0036999 0.0401622 0.3725328 0.0121903
 18 G  18 0.0000000 0.0506789 0.0000000 0.0000000 0.0033663 0.0048807 0.0000000 0.8682892 0.0205682 0.0000000 0.0151841 0.0047624 0.0018435 0.0000000 0.0000000 0.0000000 0.0000000 0.0021891 0.0146879 0.0000000 0.0135496
 19 S  19 0.0688427 0.0416957 0.0064873 0.0107097 0.0000000 0.0224058 0.1685784 0.0058198 0.0162540 0.0084052 0.1176007 0.0684682 0.0051013 0.0035271 0.0251070 0.2377596 0.0851968 0.0000000 0.0000000 0.0862692 0.0217714
 20 F  20 0.0000000 0.0894936 0.0000000 0.0021510 0.0000000 0.0022241 0.0051356 0.0132651 0.0000000 0.1945340 0.4036727 0.0024804 0.0986737 0.1042194 0.0065612 0.0017259 0.0076408 0.0000000 0.0011014 0.0507435 0.0163773
 21 D  21 0.0471908 0.0000000 0.0311700 0.3050893 0.0000000 0.0084489 0.3706558 0.0072865 0.0000000 0.0000000 0.0042716 0.0266388 0.0000000 0.0000000 0.0995629 0.0177852 0.0353922 0.0000000 0.0000000 0.0102445 0.0362635
 22 N  22 0.0275341 0.0149441 0.1313036 0.2502434 0.0000000 0.0250184 0.0841925 0.0508226 0.0142805 0.0000000 0.0034735 0.2270961 0.0050684 0.0000000 0.1097172 0.0182604 0.0054496 0.0000000 0.0000000 0.0000000 0.0325956
 23 N  23 0.3220919 0.0000000 0.0859748 0.0657689 0.0041236 0.0041626 0.0327720 0.0137052 0.0102648 0.0062984 0.0008320 0.0445663 0.0000000 0.0718156 0.1315019 0.0651203 0.0438262 0.0000000 0.0280228 0.0098176 0.0593349
 24 D  24 0.0424084 0.0000000 0.1442287 0.4495025 0.0000000 0.0104833 0.0470249 0.0333736 0.0052505 0.0000000 0.0096375 0.0083599 0.0010173 0.0059935 0.0038376 0.0950325 0.0489181 0.0016554 0.0000000 0.0016194 0.0916568
 25 E  25 0.1197031 0.0350616 0.0108128 0.0279601 0.0067907 0.0098324 0.0550287 0.0325853 0.0174771 0.0144067 0.0296740 0.0600677 0.0031083 0.0289992 0.1097831 0.0318650 0.0180392 0.0000000 0.0067583 0.0552073 0.3268394
 26 N  26 0.0309110 0.0204800 0.1007423 0.0682578 0.0080046 0.0588043 0.0942858 0.0209778 0.0164178 0.0000000 0.0116476 0.0400639 0.0023777 0.0192101 0.0017206 0.0658264 0.0396566 0.0000000 0.0105266 0.0141955 0.3758937
 27 V  27 0.0353703 0.0038376 0.0015247 0.0209383 0.0018566 0.0193804 0.0000000 0.0058289 0.0135514 0.0364045 0.0164018 0.0000000 0.0105323 0.0040925 0.0000000 0.0150913 0.0617941 0.0000000 0.0194833 0.3780835 0.3558283
 28 G  28 0.0909809 0.0055570 0.0034301 0.0000000 0.0031505 0.0010679 0.0098159 0.4268504 0.1156448 0.0497911 0.0208100 0.0045736 0.0067436 0.0027085 0.0000000 0.0103674 0.0042817 0.0000000 0.0033416 0.0378058 0.2030793
 29 S  29 0.0059393 0.0169206 0.0023083 0.0036355 0.0000000 0.0184753 0.0604205 0.0042817 0.0876579 0.0730317 0.0012965 0.0139031 0.0121372 0.0027118 0.0000000 0.0535786 0.3092607 0.0000000 0.0136150 0.1640999 0.1567263
 30 G  30 0.1154318 0.0068449 0.0000000 0.0000000 0.0000000 0.0029288 0.0334235 0.4689254 0.0388493 0.0151343 0.0050827 0.0022362 0.0040984 0.0076067 0.0000000 0.0317588 0.0028213 0.0000000 0.0000000 0.1214698 0.1433880
 31 M  31 0.0026108 0.0215565 0.0341803 0.0701922 0.0000000 0.0487365 0.2178979 0.0000000 0.0634753 0.0478974 0.1748011 0.0347774 0.0585689 0.0065865 0.0028213 0.0168110 0.0563540 0.0000000 0.0021315 0.0268211 0.1137803
 32 V  32 0.0266848 0.0049142 0.0000000 0.0200021 0.0069647 0.0217788 0.0352784 0.1740507 0.0032404 0.0315832 0.0844010 0.0011062 0.0361633 0.0162978 0.0000000 0.0000000 0.0097606 0.0045660 0.0074639 0.4057341 0.1100097
 33 G  33 0.0014991 0.0156065 0.0905973 0.0213085 0.0000000 0.0000000 0.0256477 0.5146989 0.0732631 0.0052145 0.0114294 0.0214717 0.0021112 0.0231692 0.0000000 0.0157896 0.0056220 0.0000000 0.0190865 0.0444770 0.1090079
 34 A  34 0.2266334 0.0000000 0.5572590 0.0327281 0.0000000 0.0000000 0.0074587 0.0000000 0.0000000 0.0000000 0.0000000 0.0229699 0.0000000 0.0000000 0.0000000 0.1107668 0.0124537 0.0000000 0.0000000 0.0113689 0.0183614
 35 P  35 0.0634797 0.0000000 0.0000000 0.0000000 0.0000000 0.0030375 0.0121795 0.0086336 0.0000000 0.0412088 0.0632825 0.0000000 0.0057552 0.0000000 0.7770197 0.0030496 0.0064977 0.0000000 0.0000000 0.0017765 0.0140797
 36 A  36 0.2838417 0.0034191 0.0000000 0.0084989 0.0000000 0.0223761 0.0307864 0.0125557 0.0052891 0.0101533 0.1176533 0.0412879 0.0177754 0.0022645 0.0000000 0.1776086 0.2174742 0.0000000 0.0000000 0.0313509 0.0176649
 37 C  37 0.0000000 0.0000000 0.0000000 0.0027613 0.9624311 0.0000000 0.0000000 0.0000000 0.0000000 0.0000000 0.0000000 0.0000000 0.0000000 0.0000000 0.0000000 0.0038202 0.0000000 0.0000000 0.0113689 0.0000000 0.0196185
 38 G  38 0.0000000 0.0000000 0.0000000 0.0000000 0.0000000 0.0000000 0.0000000 0.9743017 0.0000000 0.0113689 0.0000000 0.0000000 0.0000000 0.0000000 0.0000000 0.0000000 0.0000000 0.0000000 0.0000000 0.0000000 0.0143294
 39 D  39 0.0000000 0.0000000 0.0000000 0.9704815 0.0000000 0.0000000 0.0151891 0.0000000 0.0000000 0.0000000 0.0000000 0.0000000 0.0000000 0.0000000 0.0000000 0.0000000 0.0000000 0.0000000 0.0000000 0.0000000 0.0143294
 40 V  40 0.1071906 0.0834198 0.0107492 0.0364437 0.0000000 0.0624284 0.1516428 0.0000000 0.0148908 0.0643179 0.0110823 0.0181930 0.0299014 0.0000000 0.0000000 0.0288564 0.0424419 0.0000000 0.0058974 0.3218002 0.0107442
 41 M  41 0.0000000 0.0000000 0.0000000 0.0000000 0.0116181 0.0000000 0.0000000 0.0000000 0.0000000 0.2872441 0.2016837 0.0000000 0.3314827 0.0027579 0.0015111 0.0000000 0.0071688 0.0000000 0.0026182 0.1431713 0.0107442
 42 K  42 0.0129390 0.1630378 0.0116493 0.0139617 0.0026108 0.0605843 0.0659052 0.0000000 0.0297528 0.0097539 0.0228191 0.2998485 0.0131602 0.0000000 0.0000000 0.0348559 0.2167437 0.0033663 0.0034289 0.0248385 0.0107442
 43 L  43 0.0000000 0.0000000 0.0000000 0.0000000 0.0000000 0.0000000 0.0000000 0.0000000 0.0000000 0.1809625 0.6255328 0.0000000 0.0436577 0.0189963 0.0000000 0.0000000 0.0000000 0.0000000 0.0027658 0.1173408 0.0107442
 44 Q  44 0.0135613 0.0971030 0.0028136 0.0467806 0.0000000 0.3313446 0.0305028 0.0024758 0.0316758 0.0000000 0.0064037 0.0000000 0.0305346 0.0800771 0.0000000 0.0310473 0.0909401 0.0110897 0.1794470 0.0093832 0.0048198
 45 I  45 0.0114067 0.0000000 0.0000000 0.0000000 0.0000000 0.0000000 0.0000000 0.0000000 0.0000000 0.3297076 0.3430637 0.0000000 0.0427101 0.0127164 0.0000000 0.0000000 0.0000000 0.0099334 0.0000000 0.2504621 0.0000000
 46 K  46 0.0413438 0.1184459 0.0161437 0.0307988 0.0000000 0.0922141 0.0474796 0.0000000 0.0190132 0.0032984 0.0317010 0.5528023 0.0030467 0.0027276 0.0000000 0.0116625 0.0093519 0.0000000 0.0025517 0.0152097 0.0022092
 47 V  47 0.0000000 0.0000000 0.0000000 0.0000000 0.0022092 0.0000000 0.0000000 0.0000000 0.0000000 0.2249218 0.1899243 0.0000000 0.0161360 0.0359027 0.0000000 0.0000000 0.0046626 0.0000000 0.0070580 0.5133718 0.0058137
 48 N  48 0.0204899 0.0214427 0.1174143 0.3617851 0.0000000 0.0221056 0.2093507 0.0309198 0.0000000 0.0000000 0.0011706 0.0962804 0.0000000 0.0000000 0.0000000 0.0807810 0.0068527 0.0000000 0.0000000 0.0077562 0.0236508
 49 D  49 0.0204816 0.0026732 0.0559305 0.4645393 0.0000000 0.0041240 0.1499608 0.1242784 0.0121129 0.0000000 0.0000000 0.0272809 0.0000000 0.0000000 0.0949209 0.0069082 0.0012893 0.0000000 0.0058466 0.0000000 0.0296535
 50 E  50 0.0251276 0.0019465 0.1989142 0.2924419 0.0000000 0.0382977 0.1207205 0.0127315 0.0091696 0.0029820 0.0000000 0.0864776 0.0007877 0.0000000 0.0042817 0.0323853 0.0446640 0.0000000 0.0008032 0.0000000 0.1282691
 51 G  51 0.0075408 0.0197668 0.0264866 0.0536452 0.0000000 0.0420996 0.0335221 0.4808132 0.0018566 0.0000000 0.0013230 0.0246718 0.0009437 0.0000000 0.0097484 0.0136211 0.0289309 0.0000000 0.0024142 0.0000000 0.2526162
 52 I  52 0.0000000 0.1414405 0.0065632 0.0028640 0.0058657 0.0144537 0.0043583 0.0079771 0.0127550 0.2000906 0.0172121 0.1937942 0.0094153 0.0022833 0.0000000 0.0018700 0.1117826 0.0000000 0.0000000 0.2543285 0.0129459
 53 I  53 0.0000000 0.0000000 0.0000000 0.0000000 0.0000000 0.0000000 0.0000000 0.0000000 0.0059720 0.7631783 0.0164644 0.0000000 0.0000000 0.0000000 0.0000000 0.0000000 0.0000000 0.0000000 0.0000000 0.2143853 0.0000000
 54 E  54 0.1246170 0.0301839 0.0098871 0.0341005 0.0000000 0.0385358 0.2798178 0.0035343 0.0017246 0.0368832 0.0392247 0.1030839 0.0123737 0.0000000 0.0000000 0.0642371 0.1182300 0.0000000 0.0000000 0.0917090 0.0118574
 55 D  55 0.0286696 0.0182251 0.0321559 0.7531409 0.0000000 0.0126852 0.1076782 0.0113580 0.0033938 0.0000000 0.0024142 0.0197524 0.0000000 0.0016672 0.0000000 0.0034027 0.0000000 0.0000000 0.0037095 0.0000000 0.0017474
 56 A  56 0.3882413 0.0000000 0.0000000 0.0000000 0.0168006 0.0000000 0.0000000 0.0093978 0.0000000 0.2083401 0.0274868 0.0000000 0.0000000 0.0000000 0.0000000 0.0195498 0.0020901 0.0000000 0.0000000 0.3280934 0.0000000
 57 R  57 0.1130401 0.1771537 0.0064512 0.0000000 0.0344389 0.0155074 0.0000000 0.0364374 0.0054090 0.0000000 0.0000000 0.3712518 0.0034232 0.0000000 0.0000000 0.1982567 0.0223615 0.0059932 0.0024646 0.0033000 0.0045115
 58 F  58 0.0000000 0.0000000 0.0000000 0.0000000 0.0000000 0.0056116 0.0000000 0.0000000 0.0076981 0.0079368 0.0000000 0.0000000 0.0000000 0.8121255 0.0000000 0.0000000 0.0000000 0.0361347 0.1202892 0.0081067 0.0020973
 59 K  59 0.0119604 0.0363562 0.0148588 0.1005499 0.0000000 0.1287370 0.1290506 0.0000000 0.0087065 0.0063019 0.0457724 0.3705312 0.0097083 0.0000000 0.0000000 0.0444408 0.0563439 0.0086336 0.0000000 0.0259511 0.0020973
 60 T  60 0.0361978 0.0000000 0.0063692 0.0063174 0.0000000 0.0000000 0.0000000 0.4076595 0.0000000 0.0100586 0.0000000 0.0000000 0.0000000 0.0000000 0.0000000 0.0396863 0.4610498 0.0000000 0.0000000 0.0326615 0.0000000
 61 Y  61 0.0074411 0.0321849 0.0078365 0.0529058 0.0035619 0.0969498 0.0911072 0.0000000 0.0393592 0.0022442 0.0065494 0.0397431 0.0054191 0.4106538 0.0000000 0.0527994 0.0143002 0.0000000 0.1128348 0.0241096 0.0000000
 62 G  62 0.0000000 0.0000000 0.0000000 0.0000000 0.0000000 0.0000000 0.0000000 0.9940421 0.0000000 0.0000000 0.0000000 0.0000000 0.0000000 0.0000000 0.0000000 0.0059579 0.0000000 0.0000000 0.0000000 0.0000000 0.0000000
 63 C  63 0.0000000 0.0000000 0.0000000 0.0000000 1.0000000 0.0000000 0.0000000 0.0000000 0.0000000 0.0000000 0.0000000 0.0000000 0.0000000 0.0000000 0.0000000 0.0000000 0.0000000 0.0000000 0.0000000 0.0000000 0.0000000
 64 G  64 0.3006019 0.0000000 0.0000000 0.0000000 0.0150040 0.0000000 0.0000000 0.3956220 0.0000000 0.0043605 0.0021011 0.0000000 0.0000000 0.0000000 0.0112698 0.1853119 0.0740059 0.0000000 0.0000000 0.0117230 0.0000000
 65 S  65 0.1328499 0.0000000 0.0000000 0.0080639 0.0000000 0.0000000 0.0000000 0.0092817 0.0000000 0.4276525 0.0000000 0.0000000 0.0000000 0.0000000 0.0000000 0.3889986 0.0185669 0.0000000 0.0000000 0.0145865 0.0000000
 66 A  66 0.5212240 0.0000000 0.0186190 0.0038376 0.0196165 0.0000000 0.0000000 0.0000000 0.0000000 0.0000000 0.0063174 0.0000000 0.0000000 0.0000000 0.0000000 0.4191875 0.0111979 0.0000000 0.0000000 0.0000000 0.0000000
 67 I  67 0.0000000 0.0057961 0.0000000 0.0000000 0.0082697 0.2516174 0.0000000 0.0000000 0.0000000 0.5207691 0.0250249 0.0145652 0.0797423 0.0000000 0.0000000 0.0000000 0.0511214 0.0000000 0.0000000 0.0430939 0.0000000
 68 A  68 0.9363409 0.0000000 0.0000000 0.0000000 0.0000000 0.0000000 0.0000000 0.0000000 0.0000000 0.0000000 0.0000000 0.0080639 0.0000000 0.0000000 0.0000000 0.0555953 0.0000000 0.0000000 0.0000000 0.0000000 0.0000000
 69 S  69 0.0917613 0.0000000 0.0000000 0.0000000 0.0122730 0.0000000 0.0000000 0.0000000 0.0000000 0.0000000 0.0080639 0.0000000 0.0000000 0.0000000 0.0000000 0.7753052 0.1023378 0.0000000 0.0000000 0.0102588 0.0000000
 70 S  70 0.3471852 0.0000000 0.0000000 0.0000000 0.0000000 0.0000000 0.0000000 0.0155742 0.0000000 0.0023159 0.0059720 0.0000000 0.0000000 0.0000000 0.0000000 0.4870218 0.1252946 0.0000000 0.0000000 0.0166363 0.0000000
 71 S  71 0.0065866 0.0000000 0.0000000 0.0383206 0.0000000 0.0000000 0.0036283 0.0000000 0.0000000 0.0000000 0.0000000 0.0080639 0.0063174 0.0059579 0.0000000 0.9274878 0.0000000 0.0000000 0.0036374 0.0000000 0.0000000
 72 L  72 0.0764781 0.0000000 0.0000000 0.0000000 0.0000000 0.0019129 0.0063174 0.0000000 0.0000000 0.0922591 0.2347073 0.0000000 0.3245167 0.0036918 0.0000000 0.0000000 0.0094857 0.0000000 0.0811070 0.1695241 0.0000000
 73 V  73 0.1789975 0.0000000 0.0000000 0.0000000 0.0000000 0.0000000 0.0000000 0.0033441 0.0000000 0.0192381 0.3058701 0.0000000 0.3308261 0.0080639 0.0000000 0.0064584 0.0359125 0.0000000 0.0063174 0.1049718 0.0000000
 74 T  74 0.0496520 0.0000000 0.0193231 0.0000000 0.0131751 0.0000000 0.0000000 0.0022783 0.0102671 0.0231042 0.0129445 0.0000000 0.0041092 0.0037464 0.0000000 0.1035646 0.7498613 0.0000000 0.0065087 0.0014655 0.0000000
 75 E  75 0.0031074 0.0038495 0.0099115 0.1823354 0.0000000 0.0464222 0.6760807 0.0171154 0.0000000 0.0023449 0.0020050 0.0050092 0.0000000 0.0000000 0.0000000 0.0071107 0.0208795 0.0000000 0.0000000 0.0238286 0.0000000
 76 W  76 0.1252550 0.0313430 0.0015643 0.0034289 0.0000000 0.0367533 0.0444689 0.0000000 0.0017604 0.0425823 0.3110371 0.0152990 0.1797298 0.0026182 0.0000000 0.0184441 0.0166557 0.1386177 0.0013100 0.0219926 0.0071396
 77 V  77 0.0797803 0.0000000 0.0000000 0.0000000 0.0162508 0.0000000 0.0000000 0.0000000 0.0000000 0.2740897 0.1625538 0.0000000 0.0215041 0.0000000 0.0000000 0.0025517 0.0100023 0.0000000 0.0000000 0.4261277 0.0071396
 78 K  78 0.0077647 0.0724901 0.0056411 0.0000000 0.0000000 0.0248195 0.0220569 0.0000000 0.0057736 0.1426133 0.0280216 0.5766381 0.0193583 0.0000000 0.0114649 0.0031669 0.0162256 0.0000000 0.0017570 0.0550690 0.0071396
 79 G  79 0.0000000 0.0025644 0.0185067 0.0102928 0.0000000 0.0034894 0.0034621 0.9448661 0.0000000 0.0000000 0.0000000 0.0042121 0.0000000 0.0000000 0.0000000 0.0054667 0.0000000 0.0000000 0.0000000 0.0000000 0.0071396
 80 K  80 0.0055963 0.0590751 0.0000000 0.0000000 0.0000000 0.0417491 0.0027066 0.0000000 0.0151051 0.0051083 0.0392470 0.6931513 0.1084901 0.0000000 0.0000000 0.0111057 0.0085719 0.0000000 0.0000000 0.0029540 0.0071396
 81 S  81 0.0078613 0.0135925 0.0225481 0.0410767 0.0000000 0.0063465 0.0208394 0.0070953 0.0210717 0.0024643 0.0040533 0.0276343 0.0000000 0.0000000 0.0746084 0.1744056 0.5764027 0.0000000 0.0000000 0.0000000 0.0000000
 82 L  82 0.0067305 0.0185019 0.0000000 0.0000000 0.0265626 0.0042294 0.0188458 0.0000000 0.0000000 0.1757334 0.3810653 0.0426025 0.0077905 0.0067494 0.0096043 0.0025814 0.0134991 0.0029590 0.0097678 0.2727771 0.0000000
 83 D  83 0.1004058 0.0053208 0.0241933 0.3327907 0.0000000 0.0241997 0.3424421 0.0279553 0.0032942 0.0013159 0.0027401 0.0413244 0.0000000 0.0032445 0.0292064 0.0387240 0.0138644 0.0012101 0.0028116 0.0049567 0.0000000
 84 E  84 0.0127515 0.0029959 0.0094229 0.1138075 0.0000000 0.0803958 0.7377548 0.0000000 0.0063677 0.0000000 0.0000000 0.0073021 0.0000000 0.0000000 0.0000000 0.0020694 0.0071980 0.0000000 0.0175407 0.0023938 0.0000000
 85 A  85 0.8250037 0.0024677 0.0000000 0.0092588 0.0049278 0.0028628 0.0015523 0.0076879 0.0000000 0.0196714 0.0209173 0.0000000 0.0000000 0.0027589 0.0071396 0.0067867 0.0081145 0.0000000 0.0000000 0.0808506 0.0000000
 86 Q  86 0.0658704 0.0314096 0.0010700 0.0140976 0.0017455 0.0409807 0.1006147 0.0358920 0.0080195 0.0093366 0.4172876 0.0811432 0.0586351 0.0242766 0.0000000 0.0289207 0.0125085 0.0334187 0.0164969 0.0182762 0.0000000
 87 A  87 0.1655990 0.0553367 0.0390286 0.0537997 0.0000000 0.1080433 0.1523586 0.0219230 0.0179424 0.0039690 0.0119563 0.2619331 0.0088983 0.0000000 0.0017206 0.0283966 0.0586101 0.0000000 0.0000000 0.0104849 0.0000000
 88 I  88 0.0026613 0.0000000 0.0000000 0.0000000 0.0000000 0.0022310 0.0050839 0.0000000 0.0000000 0.4238821 0.3981854 0.0031810 0.0486914 0.0156567 0.0000000 0.0000000 0.0133072 0.0000000 0.0015823 0.0783980 0.0071396
 89 K  89 0.0257090 0.0364569 0.0107862 0.0541272 0.0021583 0.0225365 0.0249621 0.1751659 0.0069751 0.0081118 0.0101171 0.2052373 0.0018907 0.0387035 0.0042191 0.0725272 0.2520564 0.0000000 0.0075507 0.0335693 0.0071396
 90 N  90 0.0096608 0.0404888 0.4325944 0.2491576 0.0000000 0.0174507 0.0770332 0.0158954 0.0210044 0.0000000 0.0042817 0.0495027 0.0000000 0.0044755 0.0295719 0.0080689 0.0093228 0.0141434 0.0056422 0.0045660 0.0071396
 91 T  91 0.1175405 0.0497403 0.0196332 0.0864975 0.0023942 0.0633989 0.0772413 0.0424423 0.0082983 0.0455574 0.0551863 0.1558375 0.0163709 0.0000000 0.0000000 0.0411148 0.2113017 0.0000000 0.0000000 0.0074449 0.0000000
 92 D  92 0.1272736 0.0047554 0.0021928 0.3463430 0.0000000 0.0858812 0.1583464 0.0000000 0.0065818 0.0347701 0.0012657 0.0086249 0.0112141 0.1480075 0.0000000 0.0093509 0.0176772 0.0000000 0.0045905 0.0331248 0.0000000
 93 I  93 0.1402246 0.0023815 0.0000000 0.0000000 0.0032406 0.0023178 0.0000000 0.0000000 0.0000000 0.4406029 0.0623857 0.0063846 0.0251159 0.0175159 0.0016623 0.0094296 0.0045927 0.0000000 0.0000000 0.2841459 0.0000000
 94 A  94 0.4047952 0.0000000 0.0000000 0.0000000 0.0011421 0.0000000 0.0099334 0.0000000 0.0000000 0.0288785 0.2730368 0.0000000 0.0227964 0.1186195 0.0025644 0.0164036 0.0318256 0.0000000 0.0093269 0.0672341 0.0134436
 95 E  95 0.1496672 0.0132518 0.0212173 0.1268693 0.0017427 0.0842260 0.2550444 0.0246282 0.0095652 0.0000000 0.0000000 0.1765693 0.0169692 0.0000000 0.0000000 0.0842000 0.0194658 0.0000000 0.0000000 0.0031399 0.0134436
 96 E  96 0.1555188 0.0027625 0.0216986 0.0085664 0.0000000 0.0020769 0.2443780 0.3553389 0.0420965 0.0000000 0.0146029 0.0058707 0.0105182 0.0327386 0.0000000 0.0158306 0.0068533 0.0045660 0.0549389 0.0082003 0.0134436
 97 L  97 0.0000000 0.0000000 0.0000000 0.0000000 0.0000000 0.0000000 0.0000000 0.0128008 0.0000000 0.0569778 0.5484164 0.0000000 0.0036663 0.0000000 0.0093368 0.0000000 0.0023073 0.0000000 0.0000000 0.3530510 0.0134436
 98 E  98 0.1528788 0.0481805 0.0243568 0.0182967 0.0699029 0.0088917 0.0581329 0.2902962 0.0151092 0.0020105 0.0036374 0.0438564 0.0115251 0.0000000 0.0000000 0.2292284 0.0039936 0.0023449 0.0000000 0.0028216 0.0145363
 99 L  99 0.0188353 0.0135021 0.0150162 0.0116252 0.0000000 0.0664775 0.0445488 0.0113110 0.0141740 0.0381797 0.5432782 0.1871097 0.0000000 0.0000000 0.0000000 0.0034966 0.0000000 0.0000000 0.0000000 0.0190021 0.0134436
100 P 100 0.0022437 0.0000000 0.0000000 0.0000000 0.0000000 0.0046421 0.0056013 0.0110781 0.0000000 0.0044971 0.0245045 0.0000000 0.0285277 0.2023074 0.5362127 0.0272753 0.0110767 0.0000000 0.1285898 0.0000000 0.0134436
101 P 101 0.0242800 0.0057555 0.0000000 0.0186179 0.0000000 0.0061961 0.0804952 0.0009870 0.0028213 0.0000000 0.0045660 0.0195256 0.0017407 0.0000000 0.8108781 0.0060538 0.0031515 0.0000000 0.0000000 0.0014875 0.0134436
102 V 102 0.3162263 0.0012534 0.0344925 0.0064966 0.0000000 0.0706384 0.0808165 0.0062529 0.0138402 0.0249114 0.0000000 0.0048763 0.0436623 0.0038847 0.0016033 0.0299932 0.0167232 0.0000000 0.0000000 0.3308851 0.0134436
103 K 103 0.0000000 0.4503029 0.0000000 0.0000000 0.0000000 0.0000000 0.0000000 0.0000000 0.0000000 0.0000000 0.0000000 0.5276199 0.0000000 0.0000000 0.0000000 0.0086336 0.0000000 0.0000000 0.0000000 0.0000000 0.0134436
104 I 104 0.0052958 0.0029931 0.0000000 0.0000000 0.0000000 0.0078643 0.0041391 0.0031524 0.0000000 0.2748495 0.1831244 0.0179219 0.1495814 0.0083018 0.0088477 0.0030788 0.0019503 0.0000000 0.0150333 0.2944646 0.0194016
105 H 105 0.0000000 0.0123390 0.0058401 0.0059720 0.0000000 0.0000000 0.0052891 0.0000000 0.5150915 0.0000000 0.0071396 0.4324210 0.0000000 0.0000000 0.0024642 0.0000000 0.0000000 0.0000000 0.0000000 0.0000000 0.0134436
106 C 106 0.0113689 0.0000000 0.0000000 0.0000000 0.9751875 0.0000000 0.0000000 0.0000000 0.0000000 0.0000000 0.0000000 0.0000000 0.0000000 0.0000000 0.0000000 0.0000000 0.0000000 0.0000000 0.0000000 0.0000000 0.0134436
107 S 107 0.4396529 0.0000000 0.0000000 0.0000000 0.0059932 0.0000000 0.0000000 0.0000000 0.0000000 0.0000000 0.0000000 0.0000000 0.0000000 0.0043605 0.0000000 0.5179281 0.0186216 0.0000000 0.0000000 0.0000000 0.0134436
108 I 108 0.0077569 0.0000000 0.0735018 0.0000000 0.0000000 0.0028308 0.0000000 0.0000000 0.0000000 0.0634515 0.1953383 0.0000000 0.1481020 0.0136626 0.0000000 0.0135741 0.2046488 0.0000000 0.0000000 0.2597011 0.0174320
109 L 109 0.0000000 0.0000000 0.0000000 0.0000000 0.0000000 0.0000000 0.0000000 0.0000000 0.0000000 0.0106287 0.8742160 0.0020307 0.0882363 0.0000000 0.0000000 0.0000000 0.0000000 0.0000000 0.0000000 0.0035541 0.0213342
110 A 110 0.5836268 0.0000000 0.0000000 0.0000000 0.0070153 0.0000000 0.0000000 0.2343649 0.0000000 0.0147130 0.0000000 0.0000000 0.0000000 0.0000000 0.0292012 0.1023902 0.0036950 0.0000000 0.0000000 0.0021317 0.0228618
111 E 111 0.0665372 0.0315587 0.0000000 0.0243135 0.0000000 0.0464755 0.3130554 0.0000000 0.0020763 0.0102279 0.0429094 0.0011061 0.0036674 0.0045660 0.0000000 0.0000000 0.0028308 0.3842777 0.0130561 0.0304801 0.0228618
112 D 112 0.0061461 0.0245303 0.0475923 0.2756977 0.0000000 0.0291168 0.1460551 0.0114335 0.1269143 0.0000000 0.0047679 0.1791856 0.0698152 0.0000000 0.0000000 0.0339359 0.0055289 0.0115251 0.0000000 0.0028628 0.0248925
113 A 113 0.7251378 0.0016318 0.0000000 0.0000000 0.0022362 0.0000000 0.0000000 0.0257484 0.0000000 0.0059932 0.0000000 0.0000000 0.0000000 0.0000000 0.0000000 0.0037331 0.1445255 0.0000000 0.0000000 0.0661014 0.0248925
114 I 114 0.0271978 0.0000000 0.0000000 0.0000000 0.0050188 0.0000000 0.0000000 0.0000000 0.0000000 0.2877479 0.4536327 0.0000000 0.0439858 0.0687969 0.0000000 0.0029354 0.0035541 0.0217175 0.0056580 0.0530474 0.0267076
115 K 115 0.0061822 0.1038131 0.0187188 0.0168608 0.0000000 0.1046540 0.1616785 0.0043537 0.0969001 0.0016005 0.0125401 0.4094865 0.0037732 0.0000000 0.0059720 0.0021011 0.0108510 0.0000000 0.0085617 0.0052448 0.0267076
116 A 116 0.4193673 0.0350248 0.0282365 0.1188358 0.0000000 0.0522897 0.0541948 0.0033485 0.0092536 0.0000000 0.0144122 0.1287923 0.0043933 0.0023942 0.0000000 0.0730173 0.0036926 0.0000000 0.0034893 0.0155079 0.0337500
117 A 117 0.8113099 0.0000000 0.0000000 0.0000000 0.0090255 0.0000000 0.0038376 0.1037385 0.0000000 0.0085362 0.0075349 0.0000000 0.0067952 0.0000000 0.0000000 0.0054078 0.0036381 0.0000000 0.0000000 0.0053944 0.0347818
118 I 118 0.0380293 0.0000000 0.0000000 0.0000000 0.0000000 0.0000000 0.0000000 0.0000000 0.0000000 0.4238525 0.2877549 0.0000000 0.0047790 0.0041666 0.0000000 0.0017740 0.0291050 0.0000000 0.0000000 0.1617796 0.0487591
119 A 119 0.1967489 0.0468620 0.0980276 0.0557386 0.0000000 0.0337904 0.1252496 0.0044335 0.0338280 0.0045089 0.0108090 0.1523506 0.0067002 0.0078368 0.0000000 0.0596305 0.0139714 0.0113845 0.0361512 0.0136790 0.0882993
120 D 120 0.0107345 0.0083972 0.1591912 0.3724382 0.0014502 0.0730770 0.0743035 0.0054206 0.0074343 0.0200889 0.0031904 0.0495866 0.0000000 0.0009580 0.0032445 0.0138696 0.0132693 0.0000000 0.0020834 0.0000000 0.1812626
121 Y 121 0.0438106 0.0012833 0.0047487 0.0084634 0.0000000 0.0020523 0.0236670 0.0000000 0.0116362 0.0199539 0.0194174 0.0190627 0.0040676 0.0285077 0.0000000 0.0119171 0.0073175 0.0153347 0.4979175 0.0036975 0.2771449
122 K 122 0.0163956 0.1752958 0.0135382 0.0020747 0.0019036 0.0585783 0.0892130 0.0072917 0.0096410 0.0069431 0.0830266 0.1416626 0.0107633 0.0065620 0.0076299 0.0061859 0.0043262 0.0025796 0.0528817 0.0059003 0.2976070
123 S 123 0.0575292 0.0231257 0.0242606 0.0118576 0.0000000 0.0474897 0.0853601 0.1325113 0.0036323 0.0105820 0.0240583 0.0891370 0.0048952 0.0145213 0.0015576 0.0932631 0.0372583 0.0000000 0.0000000 0.0213569 0.3176037
124 K 124 0.0033654 0.0574435 0.0037220 0.0323396 0.0000000 0.0019491 0.0951869 0.0068769 0.0015160 0.0019430 0.0000000 0.3598583 0.0000000 0.0000000 0.0012424 0.0132383 0.0052990 0.0000000 0.0000000 0.0011036 0.4149160
125 R 125 0.0201645 0.0722753 0.0469897 0.0018465 0.0000000 0.1479940 0.0238953 0.0000000 0.0612234 0.0031858 0.0086740 0.0508224 0.0041625 0.0012726 0.0010744 0.0049147 0.0049973 0.0021011 0.0000000 0.0000000 0.5444066
126 E 126 0.0242312 0.0091171 0.0342080 0.0466197 0.0000000 0.0296687 0.0712106 0.0683811 0.0011923 0.0000000 0.0017101 0.0280633 0.0000000 0.0000000 0.0079130 0.0094564 0.0097397 0.0012142 0.0000000 0.0048646 0.6524100
127 A 127 0.0485857 0.0041164 0.0078646 0.0016630 0.0000000 0.0149332 0.0116261 0.0314400 0.0019852 0.0083899 0.0380896 0.0188845 0.0116690 0.0000000 0.0163069 0.0313993 0.0068343 0.0000000 0.0000000 0.0089062 0.7373061
128 K 128 0.0000000 0.0139681 0.0000000 0.0000000 0.0000000 0.0087438 0.0781161 0.0000000 0.0000000 0.0000000 0.0000000 0.0896909 0.0000000 0.0000000 0.0000000 0.0000000 0.0000000 0.0000000 0.0000000 0.0000000 0.8094810
