  128         A         R         N         D         C         Q         E         G         H         I         L         K         M         F         P         S         T         W         Y         V    
  1 M   1 0.0000000 0.0000000 0.0000000 0.0000000 0.0000000 0.0000000 0.0000000 0.0000000 0.0000000 0.0867128 0.0819915 0.0000000 0.8312956 0.0000000 0.0000000 0.0000000 0.0000000 0.0000000 0.0000000 0.0000000
  2 A   2 0.2312726 0.0000000 0.0026447 0.0067014 0.0000000 0.0790354 0.0076191 0.0521098 0.0000000 0.0162683 0.0204024 0.0000000 0.4553913 0.0045709 0.0165065 0.0973144 0.0101631 0.0000000 0.0000000 0.0000000
  3 Y   3 0.0000000 0.0000000 0.0000000 0.0000000 0.0000000 0.0000000 0.0000000 0.0000000 0.0000000 0.0000000 0.0000000 0.0000000 0.0000000 0.0112309 0.0000000 0.0000000 0.0000000 0.0000000 0.9887691 0.0000000
  4 S   4 0.0158494 0.1651372 0.0432852 0.0024057 0.0011527 0.2209834 0.0068493 0.0055004 0.1099216 0.0000000 0.0000000 0.0153231 0.0158973 0.0000000 0.0000000 0.2748675 0.1228272 0.0000000 0.0000000 0.0000000
  5 E   5 0.0403703 0.0140042 0.0051736 0.1916135 0.0000000 0.1469949 0.4800710 0.0046049 0.0000000 0.0000000 0.0012161 0.0490101 0.0032133 0.0000000 0.0361856 0.0213175 0.0044890 0.0000000 0.0000000 0.0017361
  6 K   6 0.0109018 0.0345569 0.0457917 0.0000000 0.0000000 0.0310227 0.0083929 0.0011097 0.0094636 0.1100551 0.0449774 0.3550175 0.0155094 0.0094248 0.0000000 0.0049321 0.0369764 0.0000000 0.0032341 0.2786338
  7 V   7 0.0023193 0.0000000 0.0000000 0.0019705 0.0000000 0.0000000 0.0000000 0.0000000 0.0000000 0.4080651 0.0602190 0.0000000 0.0000000 0.0000000 0.0000000 0.0000000 0.0075636 0.0000000 0.0000000 0.5198626
  8 I   8 0.0119774 0.0101494 0.0062580 0.0000000 0.0000000 0.0100904 0.0031105 0.0013775 0.0061816 0.1449115 0.4587573 0.0741240 0.1942218 0.0116228 0.0000000 0.0054045 0.0143430 0.0030649 0.0000000 0.0444054
  9 D   9 0.0014173 0.0043336 0.0064443 0.7553902 0.0000000 0.0106882 0.2002411 0.0000000 0.0000000 0.0000000 0.0000000 0.0115120 0.0000000 0.0000000 0.0000000 0.0040576 0.0033748 0.0000000 0.0025410 0.0000000
 10 H  10 0.0000000 0.0142184 0.0034919 0.0000000 0.0000000 0.0000000 0.0092498 0.0000000 0.8916141 0.0032661 0.0189017 0.0023083 0.0000000 0.0053202 0.0000000 0.0000000 0.0000000 0.0000000 0.0516295 0.0000000
 11 Y  11 0.0545781 0.0026061 0.0488909 0.0000000 0.0114871 0.0000000 0.0000000 0.0242773 0.0021664 0.0000000 0.0000000 0.0082347 0.0106434 0.2940588 0.0000000 0.0787796 0.0000000 0.0000000 0.4599499 0.0043275
 12 E  12 0.0176574 0.1504224 0.0803269 0.0145521 0.0000000 0.0568832 0.1568993 0.0000000 0.0050931 0.0060705 0.0442124 0.2677459 0.0676138 0.0313455 0.0000000 0.0408794 0.0364017 0.0015262 0.0194375 0.0029327
 13 N  13 0.0078371 0.0454686 0.6221948 0.0153707 0.0155226 0.0047118 0.0112293 0.0000000 0.1762116 0.0000000 0.0000000 0.0437451 0.0023337 0.0023584 0.0000000 0.0380465 0.0104566 0.0000000 0.0045132 0.0000000
 14 P  14 0.0000000 0.0094411 0.0000000 0.0000000 0.0000000 0.0026120 0.0000000 0.0000000 0.0000000 0.0000000 0.0024149 0.0092900 0.0000000 0.0000000 0.9703291 0.0059129 0.0000000 0.0000000 0.0000000 0.0000000
 15 R  15 0.0027054 0.6572657 0.0027740 0.0000000 0.0000000 0.0662865 0.0041101 0.0000000 0.1475786 0.0039003 0.0064911 0.0724595 0.0073024 0.0000000 0.0033808 0.0046149 0.0068294 0.0000000 0.0066433 0.0076581
 16 N  16 0.0021656 0.0083467 0.7777385 0.0000000 0.0000000 0.0000000 0.0000000 0.0422758 0.1495292 0.0000000 0.0000000 0.0000000 0.0000000 0.0086801 0.0000000 0.0000000 0.0000000 0.0000000 0.0112641 0.0000000
 17 V  17 0.0944139 0.1347356 0.0073372 0.0000000 0.0047942 0.0339008 0.0000000 0.0000000 0.0336559 0.0366764 0.0114053 0.1059655 0.0188882 0.0872998 0.0053987 0.0135280 0.0106470 0.0039395 0.0417934 0.3556204
 18 G  18 0.0000000 0.0522737 0.0000000 0.0000000 0.0035877 0.0051061 0.0000000 0.8764296 0.0214801 0.0000000 0.0162406 0.0049900 0.0019981 0.0000000 0.0000000 0.0000000 0.0000000 0.0023523 0.0155416 0.0000000
 19 S  19 0.0733843 0.0435584 0.0069366 0.0111548 0.0000000 0.0238756 0.1772542 0.0062214 0.0169216 0.0090023 0.1223996 0.0721132 0.0054050 0.0036804 0.0264616 0.2184881 0.0930238 0.0000000 0.0000000 0.0901190
 20 F  20 0.0000000 0.0927049 0.0000000 0.0023147 0.0000000 0.0023721 0.0055364 0.0142940 0.0000000 0.2066591 0.4122116 0.0026287 0.0987461 0.0908026 0.0069678 0.0018231 0.0081083 0.0000000 0.0011718 0.0536588
 21 D  21 0.0507359 0.0000000 0.0306306 0.2971426 0.0000000 0.0091196 0.3982682 0.0079206 0.0000000 0.0000000 0.0044258 0.0274978 0.0000000 0.0000000 0.1061033 0.0192739 0.0377224 0.0000000 0.0000000 0.0111592
 22 N  22 0.0288750 0.0114043 0.1401546 0.2679435 0.0000000 0.0253083 0.0925643 0.0537237 0.0149336 0.0000000 0.0037349 0.2131345 0.0051776 0.0000000 0.1170760 0.0200467 0.0059230 0.0000000 0.0000000 0.0000000
 23 N  23 0.3560843 0.0000000 0.0902134 0.0582251 0.0045641 0.0046089 0.0365643 0.0153887 0.0114625 0.0068889 0.0009355 0.0430391 0.0000000 0.0769058 0.1438825 0.0698830 0.0401094 0.0000000 0.0304577 0.0107868
 24 D  24 0.0436905 0.0000000 0.1633939 0.4887788 0.0000000 0.0120830 0.0536761 0.0379132 0.0059640 0.0000000 0.0095177 0.0096408 0.0011869 0.0070137 0.0043647 0.1028157 0.0562085 0.0018365 0.0000000 0.0019160
 25 E  25 0.1849515 0.0538028 0.0130017 0.0445161 0.0106145 0.0148746 0.0856277 0.0521318 0.0228166 0.0222409 0.0464483 0.0804640 0.0049185 0.0459433 0.1479859 0.0470099 0.0271993 0.0000000 0.0106988 0.0847537
 26 N  26 0.0525196 0.0341529 0.1460750 0.1037211 0.0131814 0.1071020 0.1561719 0.0356450 0.0278835 0.0000000 0.0192128 0.0678807 0.0015052 0.0320403 0.0028981 0.0886415 0.0667640 0.0000000 0.0208447 0.0237603
 27 V  27 0.0601317 0.0062250 0.0022829 0.0346070 0.0029980 0.0312978 0.0000000 0.0085525 0.0219006 0.0578024 0.0269316 0.0000000 0.0173646 0.0064844 0.0000000 0.0237237 0.1000256 0.0000000 0.0312569 0.5684152
 28 G  28 0.1186813 0.0067439 0.0044679 0.0000000 0.0039760 0.0013046 0.0124631 0.5206486 0.1482953 0.0647213 0.0263408 0.0053255 0.0088327 0.0035321 0.0000000 0.0157263 0.0052358 0.0000000 0.0043370 0.0493678
 29 S  29 0.0071032 0.0206841 0.0028586 0.0044865 0.0000000 0.0223284 0.0739722 0.0049324 0.1055628 0.0896366 0.0013386 0.0171120 0.0153187 0.0033814 0.0000000 0.0627201 0.3484157 0.0000000 0.0171080 0.2030407
 30 G  30 0.1229045 0.0083354 0.0000000 0.0000000 0.0000000 0.0033794 0.0413515 0.5493361 0.0476592 0.0177771 0.0062815 0.0028070 0.0049032 0.0092449 0.0000000 0.0386830 0.0034496 0.0000000 0.0000000 0.1438877
 31 M  31 0.0030050 0.0251465 0.0388751 0.0813098 0.0000000 0.0557385 0.2539983 0.0000000 0.0743910 0.0406965 0.1859615 0.0410687 0.0699482 0.0078009 0.0033329 0.0200091 0.0646124 0.0000000 0.0023701 0.0317355
 32 V  32 0.0318054 0.0055204 0.0000000 0.0231018 0.0082443 0.0255222 0.0415718 0.2015581 0.0037119 0.0406017 0.0966292 0.0013045 0.0406290 0.0193430 0.0000000 0.0000000 0.0111186 0.0052802 0.0088211 0.4352370
 33 G  33 0.0017615 0.0169590 0.1030041 0.0243974 0.0000000 0.0000000 0.0303093 0.5637867 0.0885114 0.0061490 0.0131150 0.0251414 0.0024605 0.0259926 0.0000000 0.0180779 0.0063323 0.0000000 0.0220030 0.0519989
 34 A  34 0.2185837 0.0000000 0.5790894 0.0347841 0.0000000 0.0000000 0.0079694 0.0000000 0.0000000 0.0000000 0.0000000 0.0108037 0.0000000 0.0000000 0.0000000 0.1174503 0.0158658 0.0000000 0.0000000 0.0154537
 35 P  35 0.0536922 0.0000000 0.0000000 0.0000000 0.0000000 0.0031866 0.0130430 0.0108362 0.0000000 0.0434812 0.0670909 0.0000000 0.0061703 0.0000000 0.7917403 0.0023602 0.0065343 0.0000000 0.0000000 0.0018648
 36 A  36 0.2736938 0.0036514 0.0000000 0.0086980 0.0000000 0.0187686 0.0358375 0.0131183 0.0052222 0.0104844 0.1235402 0.0426559 0.0186994 0.0023358 0.0000000 0.1848769 0.2246849 0.0000000 0.0000000 0.0337328
 37 C  37 0.0000000 0.0000000 0.0000000 0.0032957 0.9762850 0.0000000 0.0000000 0.0000000 0.0000000 0.0000000 0.0000000 0.0000000 0.0000000 0.0000000 0.0000000 0.0049794 0.0000000 0.0000000 0.0154399 0.0000000
 38 G  38 0.0000000 0.0000000 0.0000000 0.0000000 0.0000000 0.0000000 0.0000000 0.9846405 0.0000000 0.0153595 0.0000000 0.0000000 0.0000000 0.0000000 0.0000000 0.0000000 0.0000000 0.0000000 0.0000000 0.0000000
 39 D  39 0.0000000 0.0000000 0.0000000 0.9796870 0.0000000 0.0000000 0.0203130 0.0000000 0.0000000 0.0000000 0.0000000 0.0000000 0.0000000 0.0000000 0.0000000 0.0000000 0.0000000 0.0000000 0.0000000 0.0000000
 40 V  40 0.1104008 0.0848888 0.0111618 0.0385246 0.0000000 0.0651327 0.1570480 0.0000000 0.0156524 0.0663159 0.0109651 0.0181633 0.0315882 0.0000000 0.0000000 0.0304466 0.0460704 0.0000000 0.0058574 0.3077838
 41 M  41 0.0000000 0.0000000 0.0000000 0.0000000 0.0117409 0.0000000 0.0000000 0.0000000 0.0000000 0.2838644 0.2094692 0.0000000 0.3287833 0.0029119 0.0016466 0.0000000 0.0073221 0.0000000 0.0027918 0.1514697
 42 K  42 0.0134310 0.1727468 0.0122891 0.0146135 0.0026817 0.0640026 0.0687618 0.0000000 0.0296418 0.0101930 0.0239524 0.2810614 0.0140522 0.0000000 0.0000000 0.0359035 0.2234131 0.0035772 0.0035774 0.0261012
 43 L  43 0.0000000 0.0000000 0.0000000 0.0000000 0.0000000 0.0000000 0.0000000 0.0000000 0.0000000 0.1927587 0.6173222 0.0000000 0.0447609 0.0202609 0.0000000 0.0000000 0.0000000 0.0000000 0.0030218 0.1218756
 44 Q  44 0.0143214 0.0998541 0.0029683 0.0462306 0.0000000 0.3128325 0.0315094 0.0025871 0.0329125 0.0000000 0.0064925 0.0000000 0.0319199 0.0820661 0.0000000 0.0321008 0.0940815 0.0133444 0.1867198 0.0100592
 45 I  45 0.0119327 0.0000000 0.0000000 0.0000000 0.0000000 0.0000000 0.0000000 0.0000000 0.0000000 0.3289403 0.3571110 0.0000000 0.0437573 0.0130819 0.0000000 0.0000000 0.0000000 0.0106131 0.0000000 0.2345636
 46 K  46 0.0430231 0.1190415 0.0169882 0.0325458 0.0000000 0.0846064 0.0455647 0.0000000 0.0194343 0.0034218 0.0327063 0.5572794 0.0032480 0.0028694 0.0000000 0.0120814 0.0093935 0.0000000 0.0018746 0.0159216
 47 V  47 0.0000000 0.0000000 0.0000000 0.0000000 0.0018178 0.0000000 0.0000000 0.0000000 0.0000000 0.2200839 0.1981085 0.0000000 0.0168263 0.0324009 0.0000000 0.0000000 0.0048517 0.0000000 0.0074400 0.5184710
 48 N  48 0.0220839 0.0227262 0.1228442 0.3613170 0.0000000 0.0236631 0.2167600 0.0334996 0.0000000 0.0000000 0.0011865 0.0918680 0.0000000 0.0000000 0.0000000 0.0885971 0.0073241 0.0000000 0.0000000 0.0081302
 49 D  49 0.0220749 0.0028019 0.0598689 0.4756424 0.0000000 0.0038792 0.1450865 0.1279080 0.0128886 0.0000000 0.0000000 0.0296613 0.0000000 0.0000000 0.1057385 0.0074424 0.0014151 0.0000000 0.0055922 0.0000000
 50 E  50 0.0293764 0.0023258 0.2286123 0.3505078 0.0000000 0.0474274 0.1275431 0.0155363 0.0108175 0.0037610 0.0000000 0.0942055 0.0009668 0.0000000 0.0048459 0.0325876 0.0505036 0.0000000 0.0009830 0.0000000
 51 G  51 0.0103583 0.0311554 0.0356586 0.0749565 0.0000000 0.0556864 0.0470023 0.6304916 0.0025487 0.0000000 0.0017353 0.0339467 0.0013297 0.0000000 0.0134288 0.0185504 0.0401387 0.0000000 0.0030125 0.0000000
 52 I  52 0.0000000 0.1495900 0.0067105 0.0029908 0.0062439 0.0102867 0.0046391 0.0083111 0.0133335 0.2092003 0.0180472 0.1861626 0.0100242 0.0024935 0.0000000 0.0019488 0.1138130 0.0000000 0.0000000 0.2562050
 53 I  53 0.0000000 0.0000000 0.0000000 0.0000000 0.0000000 0.0000000 0.0000000 0.0000000 0.0061870 0.7584541 0.0171186 0.0000000 0.0000000 0.0000000 0.0000000 0.0000000 0.0000000 0.0000000 0.0000000 0.2182403
 54 E  54 0.1308323 0.0319537 0.0098413 0.0365567 0.0000000 0.0404532 0.2776690 0.0037306 0.0018290 0.0281932 0.0420759 0.1080798 0.0165425 0.0000000 0.0000000 0.0657117 0.1220301 0.0000000 0.0000000 0.0845009
 55 D  55 0.0296026 0.0172751 0.0332002 0.7480107 0.0000000 0.0150511 0.1115495 0.0120976 0.0036174 0.0000000 0.0022666 0.0180402 0.0000000 0.0017808 0.0000000 0.0035742 0.0000000 0.0000000 0.0039340 0.0000000
 56 A  56 0.3713940 0.0000000 0.0000000 0.0000000 0.0179316 0.0000000 0.0000000 0.0098487 0.0000000 0.2175320 0.0285087 0.0000000 0.0000000 0.0000000 0.0000000 0.0173956 0.0020469 0.0000000 0.0000000 0.3353425
 57 R  57 0.1144378 0.1733731 0.0062245 0.0000000 0.0222180 0.0163919 0.0000000 0.0382322 0.0055138 0.0000000 0.0000000 0.3773172 0.0036288 0.0000000 0.0000000 0.2044562 0.0254584 0.0066440 0.0026298 0.0034745
 58 F  58 0.0000000 0.0000000 0.0000000 0.0000000 0.0000000 0.0056847 0.0000000 0.0000000 0.0081620 0.0081976 0.0000000 0.0000000 0.0000000 0.8068609 0.0000000 0.0000000 0.0000000 0.0382406 0.1242316 0.0086225
 59 K  59 0.0123037 0.0380191 0.0156960 0.1033634 0.0000000 0.1349306 0.1329189 0.0000000 0.0091351 0.0065082 0.0476972 0.3483327 0.0102328 0.0000000 0.0000000 0.0447559 0.0585870 0.0108014 0.0000000 0.0267181
 60 T  60 0.0369995 0.0000000 0.0065661 0.0064487 0.0000000 0.0000000 0.0000000 0.4195451 0.0000000 0.0105929 0.0000000 0.0000000 0.0000000 0.0000000 0.0000000 0.0420503 0.4438364 0.0000000 0.0000000 0.0339611
 61 Y  61 0.0075707 0.0333014 0.0080325 0.0572941 0.0036113 0.1001370 0.0930472 0.0000000 0.0410114 0.0022596 0.0067659 0.0407754 0.0054550 0.3889633 0.0000000 0.0532128 0.0150349 0.0000000 0.1188590 0.0246686
 62 G  62 0.0000000 0.0000000 0.0000000 0.0000000 0.0000000 0.0000000 0.0000000 0.9938959 0.0000000 0.0000000 0.0000000 0.0000000 0.0000000 0.0000000 0.0000000 0.0061041 0.0000000 0.0000000 0.0000000 0.0000000
 63 C  63 0.0000000 0.0000000 0.0000000 0.0000000 1.0000000 0.0000000 0.0000000 0.0000000 0.0000000 0.0000000 0.0000000 0.0000000 0.0000000 0.0000000 0.0000000 0.0000000 0.0000000 0.0000000 0.0000000 0.0000000
 64 G  64 0.3126310 0.0000000 0.0000000 0.0000000 0.0155781 0.0000000 0.0000000 0.3751270 0.0000000 0.0046879 0.0021792 0.0000000 0.0000000 0.0000000 0.0117411 0.1898413 0.0755253 0.0000000 0.0000000 0.0126892
 65 S  65 0.1414852 0.0000000 0.0000000 0.0080901 0.0000000 0.0000000 0.0000000 0.0092855 0.0000000 0.4398112 0.0000000 0.0000000 0.0000000 0.0000000 0.0000000 0.3647087 0.0214103 0.0000000 0.0000000 0.0152090
 66 A  66 0.5043062 0.0000000 0.0199578 0.0039768 0.0202281 0.0000000 0.0000000 0.0000000 0.0000000 0.0000000 0.0064487 0.0000000 0.0000000 0.0000000 0.0000000 0.4316380 0.0134445 0.0000000 0.0000000 0.0000000
 67 I  67 0.0000000 0.0061133 0.0000000 0.0000000 0.0085297 0.2605906 0.0000000 0.0000000 0.0000000 0.5082492 0.0252298 0.0151083 0.0811223 0.0000000 0.0000000 0.0000000 0.0517126 0.0000000 0.0000000 0.0433442
 68 A  68 0.9348652 0.0000000 0.0000000 0.0000000 0.0000000 0.0000000 0.0000000 0.0000000 0.0000000 0.0000000 0.0000000 0.0080901 0.0000000 0.0000000 0.0000000 0.0570447 0.0000000 0.0000000 0.0000000 0.0000000
 69 S  69 0.0971457 0.0000000 0.0000000 0.0000000 0.0129282 0.0000000 0.0000000 0.0000000 0.0000000 0.0000000 0.0080901 0.0000000 0.0000000 0.0000000 0.0000000 0.7653263 0.1056058 0.0000000 0.0000000 0.0109039
 70 S  70 0.3578200 0.0000000 0.0000000 0.0000000 0.0000000 0.0000000 0.0000000 0.0181015 0.0000000 0.0023818 0.0061870 0.0000000 0.0000000 0.0000000 0.0000000 0.4636513 0.1348469 0.0000000 0.0000000 0.0170115
 71 S  71 0.0070753 0.0000000 0.0000000 0.0404419 0.0000000 0.0000000 0.0037590 0.0000000 0.0000000 0.0000000 0.0000000 0.0080901 0.0064487 0.0061041 0.0000000 0.9244682 0.0000000 0.0000000 0.0036126 0.0000000
 72 L  72 0.0801293 0.0000000 0.0000000 0.0000000 0.0000000 0.0019986 0.0064487 0.0000000 0.0000000 0.0995158 0.2233055 0.0000000 0.3378308 0.0037748 0.0000000 0.0000000 0.0100951 0.0000000 0.0609633 0.1759381
 73 V  73 0.1711842 0.0000000 0.0000000 0.0000000 0.0000000 0.0000000 0.0000000 0.0035016 0.0000000 0.0195051 0.3078022 0.0000000 0.3373576 0.0080901 0.0000000 0.0068277 0.0410973 0.0000000 0.0064487 0.0981855
 74 T  74 0.0513764 0.0000000 0.0151615 0.0000000 0.0137396 0.0000000 0.0000000 0.0023115 0.0105488 0.0247825 0.0135729 0.0000000 0.0039361 0.0038364 0.0000000 0.1081179 0.7446568 0.0000000 0.0064621 0.0014974
 75 E  75 0.0032114 0.0040738 0.0101836 0.1883280 0.0000000 0.0475358 0.6712037 0.0129213 0.0000000 0.0024427 0.0020142 0.0050476 0.0000000 0.0000000 0.0000000 0.0076036 0.0189228 0.0000000 0.0000000 0.0265114
 76 W  76 0.1277612 0.0318609 0.0016037 0.0035843 0.0000000 0.0370096 0.0459355 0.0000000 0.0018602 0.0442970 0.3177301 0.0160175 0.1736025 0.0027972 0.0000000 0.0191533 0.0174262 0.1358349 0.0014008 0.0221251
 77 V  77 0.0857989 0.0000000 0.0000000 0.0000000 0.0171052 0.0000000 0.0000000 0.0000000 0.0000000 0.2822822 0.1702588 0.0000000 0.0224388 0.0000000 0.0000000 0.0018760 0.0105422 0.0000000 0.0000000 0.4096979
 78 K  78 0.0053397 0.0721319 0.0043687 0.0000000 0.0000000 0.0255726 0.0234601 0.0000000 0.0060740 0.1476687 0.0277719 0.5757667 0.0204422 0.0000000 0.0123004 0.0032894 0.0173314 0.0000000 0.0018351 0.0566472
 79 G  79 0.0000000 0.0026541 0.0184522 0.0107276 0.0000000 0.0035691 0.0037332 0.9507204 0.0000000 0.0000000 0.0000000 0.0044875 0.0000000 0.0000000 0.0000000 0.0056560 0.0000000 0.0000000 0.0000000 0.0000000
 80 K  80 0.0058546 0.0614725 0.0000000 0.0000000 0.0000000 0.0431415 0.0028805 0.0000000 0.0157432 0.0038938 0.0395471 0.6969529 0.1071570 0.0000000 0.0000000 0.0113079 0.0089216 0.0000000 0.0000000 0.0031273
 81 S  81 0.0080559 0.0122555 0.0230266 0.0428346 0.0000000 0.0066384 0.0212232 0.0074781 0.0216592 0.0026378 0.0037229 0.0281546 0.0000000 0.0000000 0.0763572 0.1715339 0.5744220 0.0000000 0.0000000 0.0000000
 82 L  82 0.0069372 0.0143285 0.0000000 0.0000000 0.0138783 0.0044339 0.0192164 0.0000000 0.0000000 0.1832720 0.3919915 0.0440508 0.0080131 0.0067323 0.0091155 0.0025987 0.0139636 0.0030510 0.0097448 0.2686723
 83 D  83 0.1022537 0.0056989 0.0247277 0.3341569 0.0000000 0.0245696 0.3432649 0.0289435 0.0034809 0.0013598 0.0029103 0.0295890 0.0000000 0.0033073 0.0318934 0.0400372 0.0143576 0.0012735 0.0030007 0.0051751
 84 E  84 0.0131807 0.0031096 0.0050002 0.1121440 0.0000000 0.0849856 0.7370216 0.0000000 0.0067003 0.0000000 0.0000000 0.0074340 0.0000000 0.0000000 0.0000000 0.0020962 0.0072516 0.0000000 0.0185721 0.0025042
 85 A  85 0.8233937 0.0025406 0.0000000 0.0093155 0.0051214 0.0030090 0.0015157 0.0079563 0.0000000 0.0200722 0.0219361 0.0000000 0.0000000 0.0027934 0.0025397 0.0070508 0.0079686 0.0000000 0.0000000 0.0847870
 86 Q  86 0.0692255 0.0329043 0.0010920 0.0144503 0.0018290 0.0422387 0.1025581 0.0311805 0.0082951 0.0095649 0.4082302 0.0845249 0.0605815 0.0254385 0.0000000 0.0283893 0.0129914 0.0301258 0.0172962 0.0190838
 87 A  87 0.1569821 0.0597927 0.0402598 0.0554179 0.0000000 0.1124412 0.1594398 0.0227777 0.0188986 0.0032905 0.0123354 0.2531849 0.0093159 0.0000000 0.0017763 0.0299708 0.0533338 0.0000000 0.0000000 0.0107828
 88 I  88 0.0027260 0.0000000 0.0000000 0.0000000 0.0000000 0.0022211 0.0054409 0.0000000 0.0000000 0.4080859 0.4135491 0.0034311 0.0508569 0.0160478 0.0000000 0.0000000 0.0138239 0.0000000 0.0016686 0.0821486
 89 K  89 0.0265050 0.0309507 0.0114765 0.0605322 0.0023033 0.0208419 0.0256106 0.1786491 0.0074523 0.0084369 0.0105509 0.1859868 0.0019554 0.0391290 0.0044870 0.0768534 0.2655374 0.0000000 0.0078551 0.0348864
 90 N  90 0.0104125 0.0429728 0.4148062 0.2559308 0.0000000 0.0178820 0.0805577 0.0156276 0.0253410 0.0000000 0.0042023 0.0501892 0.0000000 0.0049090 0.0329894 0.0085352 0.0097816 0.0150996 0.0060204 0.0047426
 91 T  91 0.1206114 0.0536223 0.0206504 0.0904443 0.0024520 0.0660952 0.0808685 0.0432481 0.0078770 0.0466083 0.0567984 0.1581905 0.0207049 0.0000000 0.0000000 0.0388498 0.1857113 0.0000000 0.0000000 0.0072677
 92 D  92 0.1306913 0.0046789 0.0022725 0.3381881 0.0000000 0.0826620 0.1570327 0.0000000 0.0068391 0.0356265 0.0013466 0.0090266 0.0118000 0.1525228 0.0000000 0.0095787 0.0187067 0.0000000 0.0048061 0.0342213
 93 I  93 0.1433049 0.0024253 0.0000000 0.0000000 0.0032542 0.0023527 0.0000000 0.0000000 0.0000000 0.4217011 0.0642308 0.0067117 0.0259593 0.0180605 0.0017029 0.0096706 0.0047516 0.0000000 0.0000000 0.2958744
 94 A  94 0.3927801 0.0000000 0.0000000 0.0000000 0.0012253 0.0000000 0.0106195 0.0000000 0.0000000 0.0302150 0.2822049 0.0000000 0.0237678 0.1225365 0.0026489 0.0172744 0.0333801 0.0000000 0.0099705 0.0733770
 95 E  95 0.1539694 0.0133668 0.0177647 0.1335373 0.0018436 0.0846850 0.2697030 0.0253500 0.0110164 0.0000000 0.0000000 0.1599477 0.0177666 0.0000000 0.0000000 0.0872372 0.0205257 0.0000000 0.0000000 0.0032866
 96 E  96 0.1668978 0.0028939 0.0213433 0.0090459 0.0000000 0.0022184 0.2348226 0.3645066 0.0388402 0.0000000 0.0152235 0.0063574 0.0107901 0.0337106 0.0000000 0.0166315 0.0072310 0.0047334 0.0561117 0.0086422
 97 L  97 0.0000000 0.0000000 0.0000000 0.0000000 0.0000000 0.0000000 0.0000000 0.0126627 0.0000000 0.0599205 0.5489632 0.0000000 0.0039373 0.0000000 0.0102064 0.0000000 0.0025241 0.0000000 0.0000000 0.3617858
 98 E  98 0.1590966 0.0489840 0.0250811 0.0192833 0.0512299 0.0093549 0.0604152 0.3057765 0.0133633 0.0021350 0.0036169 0.0442030 0.0121669 0.0000000 0.0000000 0.2357400 0.0041200 0.0024456 0.0000000 0.0029879
 99 L  99 0.0186673 0.0137613 0.0160093 0.0120824 0.0000000 0.0676214 0.0455889 0.0119168 0.0146787 0.0399771 0.5441684 0.1919068 0.0000000 0.0000000 0.0000000 0.0037064 0.0000000 0.0000000 0.0000000 0.0199153
100 P 100 0.0023781 0.0000000 0.0000000 0.0000000 0.0000000 0.0048949 0.0055575 0.0114821 0.0000000 0.0047436 0.0256308 0.0000000 0.0301503 0.2065126 0.5365164 0.0284493 0.0121146 0.0000000 0.1315699 0.0000000
101 P 101 0.0249467 0.0061816 0.0000000 0.0199108 0.0000000 0.0066269 0.0862048 0.0010546 0.0029743 0.0000000 0.0047334 0.0207055 0.0018420 0.0000000 0.8141457 0.0057442 0.0033499 0.0000000 0.0000000 0.0015797
102 V 102 0.3273523 0.0013957 0.0365635 0.0068654 0.0000000 0.0739739 0.0865301 0.0062094 0.0147562 0.0263422 0.0000000 0.0052161 0.0458312 0.0040804 0.0016918 0.0310669 0.0169469 0.0000000 0.0000000 0.3151780
103 K 103 0.0000000 0.4633900 0.0000000 0.0000000 0.0000000 0.0000000 0.0000000 0.0000000 0.0000000 0.0000000 0.0000000 0.5258063 0.0000000 0.0000000 0.0000000 0.0108037 0.0000000 0.0000000 0.0000000 0.0000000
104 I 104 0.0055687 0.0031284 0.0000000 0.0000000 0.0000000 0.0086716 0.0043727 0.0033823 0.0000000 0.2909829 0.1614840 0.0185588 0.1575429 0.0088792 0.0089824 0.0032282 0.0020683 0.0000000 0.0157923 0.3073572
105 H 105 0.0000000 0.0126314 0.0064834 0.0061908 0.0000000 0.0000000 0.0052009 0.0000000 0.5194021 0.0000000 0.0025412 0.4448632 0.0000000 0.0000000 0.0026870 0.0000000 0.0000000 0.0000000 0.0000000 0.0000000
106 C 106 0.0153425 0.0000000 0.0000000 0.0000000 0.9846575 0.0000000 0.0000000 0.0000000 0.0000000 0.0000000 0.0000000 0.0000000 0.0000000 0.0000000 0.0000000 0.0000000 0.0000000 0.0000000 0.0000000 0.0000000
107 S 107 0.4541286 0.0000000 0.0000000 0.0000000 0.0066303 0.0000000 0.0000000 0.0000000 0.0000000 0.0000000 0.0000000 0.0000000 0.0000000 0.0046907 0.0000000 0.5114939 0.0230565 0.0000000 0.0000000 0.0000000
108 I 108 0.0082297 0.0000000 0.0764925 0.0000000 0.0000000 0.0030924 0.0000000 0.0000000 0.0000000 0.0701695 0.1997821 0.0000000 0.1298930 0.0160843 0.0000000 0.0137928 0.2084732 0.0000000 0.0000000 0.2739906
109 L 109 0.0000000 0.0000000 0.0000000 0.0000000 0.0000000 0.0000000 0.0000000 0.0000000 0.0000000 0.0116919 0.8892087 0.0018978 0.0935197 0.0000000 0.0000000 0.0000000 0.0000000 0.0000000 0.0000000 0.0036819
110 A 110 0.5855434 0.0000000 0.0000000 0.0000000 0.0070194 0.0000000 0.0000000 0.2460004 0.0000000 0.0189302 0.0000000 0.0000000 0.0000000 0.0000000 0.0302049 0.1062351 0.0037549 0.0000000 0.0000000 0.0023117
111 E 111 0.0727413 0.0331118 0.0000000 0.0258318 0.0000000 0.0503701 0.3054409 0.0000000 0.0021253 0.0103272 0.0445832 0.0011781 0.0038640 0.0047544 0.0000000 0.0000000 0.0031029 0.3961297 0.0139845 0.0324546
112 D 112 0.0065709 0.0249997 0.0511637 0.2681925 0.0000000 0.0304083 0.1546061 0.0123598 0.1315607 0.0000000 0.0048750 0.1857289 0.0722665 0.0000000 0.0000000 0.0361613 0.0058392 0.0122373 0.0000000 0.0030300
113 A 113 0.7374107 0.0017976 0.0000000 0.0000000 0.0024357 0.0000000 0.0000000 0.0275395 0.0000000 0.0066725 0.0000000 0.0000000 0.0000000 0.0000000 0.0000000 0.0040082 0.1502734 0.0000000 0.0000000 0.0698624
114 I 114 0.0282538 0.0000000 0.0000000 0.0000000 0.0051818 0.0000000 0.0000000 0.0000000 0.0000000 0.2765876 0.4789192 0.0000000 0.0448876 0.0712716 0.0000000 0.0031586 0.0036975 0.0225942 0.0058434 0.0596046
115 K 115 0.0060884 0.1080552 0.0195037 0.0176907 0.0000000 0.1115451 0.1680497 0.0043042 0.1046360 0.0016857 0.0125796 0.4078751 0.0039032 0.0000000 0.0062385 0.0021973 0.0112153 0.0000000 0.0088768 0.0055555
116 A 116 0.4251962 0.0372366 0.0303035 0.1259224 0.0000000 0.0546123 0.0596893 0.0035943 0.0098283 0.0000000 0.0150769 0.1326032 0.0047126 0.0024890 0.0000000 0.0745232 0.0039114 0.0000000 0.0036856 0.0166150
117 A 117 0.8388673 0.0000000 0.0000000 0.0000000 0.0096251 0.0000000 0.0040407 0.1080666 0.0000000 0.0090469 0.0079882 0.0000000 0.0072651 0.0000000 0.0000000 0.0058915 0.0039089 0.0000000 0.0000000 0.0052997
118 I 118 0.0414677 0.0000000 0.0000000 0.0000000 0.0000000 0.0000000 0.0000000 0.0000000 0.0000000 0.4536152 0.2959116 0.0000000 0.0050750 0.0045715 0.0000000 0.0019844 0.0309764 0.0000000 0.0000000 0.1663984
119 A 119 0.2086631 0.0528595 0.1119424 0.0611145 0.0000000 0.0379354 0.1409426 0.0049473 0.0378225 0.0051063 0.0122336 0.1615482 0.0076884 0.0089555 0.0000000 0.0639682 0.0154251 0.0129864 0.0403152 0.0155459
120 D 120 0.0132989 0.0106638 0.1903974 0.4515042 0.0018238 0.0905411 0.0914335 0.0068978 0.0094378 0.0255489 0.0041175 0.0623964 0.0000000 0.0012112 0.0039625 0.0174726 0.0166114 0.0000000 0.0026812 0.0000000
121 Y 121 0.0621997 0.0018057 0.0068042 0.0121274 0.0000000 0.0029175 0.0328474 0.0000000 0.0168773 0.0282700 0.0273433 0.0268085 0.0059018 0.0408598 0.0000000 0.0167105 0.0103548 0.0218856 0.6811816 0.0051049
122 K 122 0.0236954 0.2624974 0.0198385 0.0030201 0.0027680 0.0845063 0.1304915 0.0102818 0.0107935 0.0103035 0.1214945 0.1797576 0.0156602 0.0097181 0.0110015 0.0090946 0.0064233 0.0038470 0.0760535 0.0087536
123 S 123 0.0850969 0.0346964 0.0369271 0.0181407 0.0000000 0.0641616 0.1297282 0.2004969 0.0055511 0.0161412 0.0201457 0.1389419 0.0075356 0.0269018 0.0023537 0.1290587 0.0519994 0.0000000 0.0000000 0.0321232
124 K 124 0.0059682 0.1024220 0.0066369 0.0567238 0.0000000 0.0035008 0.1687949 0.0122082 0.0027039 0.0034767 0.0000000 0.5973180 0.0000000 0.0000000 0.0022151 0.0266098 0.0094280 0.0000000 0.0000000 0.0019937
125 R 125 0.0461335 0.1500290 0.1152782 0.0041951 0.0000000 0.3029349 0.0543693 0.0000000 0.1410511 0.0073258 0.0201692 0.1160427 0.0093936 0.0028820 0.0024877 0.0113478 0.0116249 0.0047352 0.0000000 0.0000000
126 E 126 0.0732651 0.0275645 0.1005321 0.1394367 0.0000000 0.0867252 0.1985689 0.2006491 0.0035850 0.0000000 0.0052835 0.0846669 0.0000000 0.0000000 0.0159904 0.0280879 0.0216670 0.0036820 0.0000000 0.0102957
127 A 127 0.1791692 0.0166690 0.0311951 0.0067804 0.0000000 0.0608250 0.0473209 0.1211831 0.0079621 0.0341327 0.1605671 0.0741687 0.0476184 0.0000000 0.0244815 0.1240856 0.0278252 0.0000000 0.0000000 0.0360161
128 K 128 0.0000000 0.0759375 0.0000000 0.0000000 0.0000000 0.0500648 0.4530425 0.0000000 0.0000000 0.0000000 0.0000000 0.4209551 0.0000000 0.0000000 0.0000000 0.0000000 0.0000000 0.0000000 0.0000000 0.0000000
