  228         A         R         N         D         C         Q         E         G         H         I         L         K         M         F         P         S         T         W         Y         V         X    
  1 P   1 0.0000000 0.0000000 0.0000000 0.0000000 0.0000000 0.0000000 0.0000000 0.0000000 0.0000000 0.0000000 0.0000000 0.0000000 0.0000000 0.0000000 0.3978499 0.0000000 0.0000000 0.0000000 0.0000000 0.0000000 0.6021501
  2 M   2 0.0061856 0.0020699 0.0022859 0.0000000 0.0444289 0.0022264 0.0037473 0.0000000 0.0084241 0.0424779 0.0710205 0.0053558 0.0260621 0.0884382 0.0000000 0.0167570 0.0288139 0.0000000 0.0580162 0.0474824 0.5462079
  3 F   3 0.0295135 0.0000000 0.0000000 0.0000000 0.0234020 0.0000000 0.0000000 0.0000000 0.0000000 0.1500415 0.1275073 0.0000000 0.0016962 0.0469924 0.0000000 0.0000000 0.0012660 0.0000000 0.0000000 0.0772765 0.5423046
  4 I   4 0.0097746 0.0271698 0.0614207 0.0205562 0.0000000 0.0326566 0.1006995 0.0026047 0.0133433 0.0195823 0.0061450 0.0373767 0.0107359 0.0057713 0.0000000 0.0331277 0.0456423 0.0000000 0.0075600 0.0282944 0.5375390
  5 V   5 0.0077788 0.0017300 0.0000000 0.0000000 0.0018545 0.0000000 0.0000000 0.0000000 0.0000000 0.1336655 0.1336270 0.0000000 0.0152234 0.0134726 0.0009420 0.0207520 0.0171381 0.0000000 0.0000000 0.1155151 0.5383009
  6 N   6 0.0128545 0.0419810 0.0355200 0.0266434 0.0010348 0.0472049 0.0254645 0.0000000 0.0261434 0.0117405 0.0038848 0.0922558 0.0000000 0.0239940 0.0000000 0.0437537 0.0476345 0.0000000 0.0130137 0.0100524 0.5368240
  7 T   7 0.0052099 0.0000000 0.0000000 0.0000000 0.0045587 0.0000000 0.0000000 0.0000000 0.0000000 0.0093464 0.0127743 0.0000000 0.0015863 0.0000000 0.0000000 0.0364523 0.3617256 0.0000000 0.0000000 0.0320653 0.5362813
  8 N   8 0.0042646 0.0000000 0.3708907 0.0000000 0.0000000 0.0000000 0.0000000 0.0021693 0.0000000 0.0000000 0.0000000 0.0079475 0.0000000 0.0000000 0.0039023 0.0571219 0.0146789 0.0000000 0.0000000 0.0022032 0.5368216
  9 V   9 0.0106302 0.0015863 0.0000000 0.0000000 0.0021986 0.0176469 0.0072329 0.0000000 0.0042290 0.0358199 0.0834702 0.0184348 0.0023593 0.0075015 0.0000000 0.0101664 0.0115908 0.0000000 0.0037773 0.2400524 0.5433035
 10 P  10 0.0511479 0.0141442 0.0232209 0.0110806 0.0051237 0.0209251 0.0071751 0.0000000 0.0000000 0.0092113 0.0107983 0.0762193 0.0000000 0.0018777 0.1220001 0.0687521 0.0220746 0.0000000 0.0000000 0.0040114 0.5522377
 11 R  11 0.0844304 0.0225217 0.0030897 0.0071008 0.0048290 0.0118156 0.0227772 0.0013906 0.0049053 0.0470941 0.0930624 0.0355444 0.0110491 0.0115097 0.0096088 0.0270689 0.0170719 0.0000000 0.0014377 0.0429109 0.5407817
 12 A  12 0.0447700 0.0028275 0.0152797 0.1022259 0.0032695 0.0072347 0.0257627 0.0116095 0.0000000 0.0159516 0.0036775 0.0107900 0.0000000 0.0010612 0.0212852 0.1130323 0.0483626 0.0000000 0.0022378 0.0248047 0.5458176
 13 S  13 0.0450142 0.0521011 0.0273148 0.0862381 0.0000000 0.0270180 0.0368429 0.0286931 0.0022638 0.0000000 0.0010459 0.0774415 0.0000000 0.0010880 0.0145554 0.0530324 0.0059238 0.0000000 0.0046648 0.0124908 0.5242716
 14 V  14 0.0324360 0.0022283 0.0093558 0.0703211 0.0018633 0.0176889 0.0812037 0.0066088 0.0022638 0.0567479 0.0235086 0.0073549 0.0021228 0.0169093 0.0023184 0.0055966 0.0057089 0.0000000 0.0000000 0.1234712 0.5322916
 15 P  15 0.0211315 0.0094008 0.0064615 0.0141675 0.0012552 0.0438493 0.0401604 0.0046254 0.0000000 0.0107020 0.0010225 0.0657886 0.0027458 0.0058940 0.1377962 0.0302980 0.0535136 0.0009806 0.0000000 0.0163802 0.5338270
 16 D  16 0.0541607 0.0154085 0.0206351 0.0498929 0.0000000 0.0328981 0.0959425 0.0025065 0.0068721 0.0072829 0.0015474 0.0741106 0.0000000 0.0154543 0.0121367 0.0621539 0.0105633 0.0000000 0.0072798 0.0104398 0.5207148
 17 G  17 0.0732975 0.0042148 0.0176503 0.0957808 0.0000000 0.0114219 0.0777022 0.0621110 0.0055711 0.0025520 0.0011432 0.0387048 0.0012752 0.0009633 0.0063619 0.0426867 0.0314196 0.0000000 0.0000000 0.0047712 0.5223725
 18 F  18 0.0208183 0.0084539 0.0041342 0.0000000 0.0026046 0.0000000 0.0025370 0.0000000 0.0000000 0.0706385 0.1640067 0.0000000 0.0016839 0.1640553 0.0000000 0.0055049 0.0153255 0.0000000 0.0000000 0.0188155 0.5214216
 19 L  19 0.0372385 0.0034079 0.0055495 0.0048327 0.0108628 0.0053272 0.0372464 0.0021094 0.0094455 0.0379199 0.2098617 0.0399344 0.0201913 0.0136467 0.0030854 0.0067304 0.0050614 0.0000000 0.0011837 0.0325612 0.5138040
 20 S  20 0.0328396 0.0149889 0.0038942 0.0080873 0.0007935 0.0236052 0.0350467 0.0041642 0.0000000 0.0067317 0.0293176 0.1464568 0.0014908 0.0000000 0.0023246 0.1057010 0.0519600 0.0000000 0.0000000 0.0201609 0.5124371
 21 E  21 0.0408742 0.0522275 0.0144600 0.0745078 0.0000000 0.0255579 0.1330479 0.0128134 0.0000000 0.0038927 0.0071335 0.0534927 0.0000000 0.0000000 0.0000000 0.0294551 0.0216606 0.0054540 0.0012246 0.0113808 0.5128171
 22 L  22 0.0709587 0.0000000 0.0000000 0.0000000 0.0080395 0.0000000 0.0020765 0.0000000 0.0000000 0.0531527 0.2190092 0.0000000 0.0100551 0.0481774 0.0000000 0.0059470 0.0308584 0.0000000 0.0013443 0.0375641 0.5128171
 23 T  23 0.0399717 0.0011483 0.0022017 0.0018779 0.0363437 0.0000000 0.0143696 0.0647249 0.0028664 0.0131601 0.0017421 0.0021054 0.0018031 0.0000000 0.0020288 0.1923346 0.0896404 0.0000000 0.0075421 0.0133221 0.5128171
 24 Q  24 0.0594749 0.0275857 0.0202734 0.0215074 0.0010710 0.0480744 0.0424430 0.0076901 0.0138213 0.0082204 0.0103724 0.1153712 0.0000000 0.0101364 0.0037835 0.0506612 0.0172154 0.0000000 0.0160901 0.0103460 0.5158624
 25 Q  25 0.1274524 0.0168387 0.0095817 0.0018311 0.0023250 0.0267157 0.0309061 0.0082746 0.0218339 0.0244395 0.0887793 0.0168210 0.0122317 0.0259820 0.0000000 0.0149501 0.0245297 0.0000000 0.0028223 0.0314223 0.5122629
 26 L  26 0.0353128 0.0044723 0.0000000 0.0000000 0.0045792 0.0000000 0.0000000 0.0024427 0.0000000 0.1063681 0.1605971 0.0000000 0.0303087 0.0128665 0.0000000 0.0029770 0.0213967 0.0018857 0.0000000 0.1078351 0.5089580
 27 A  27 0.2558691 0.0040032 0.0017891 0.0000000 0.0148200 0.0033897 0.0152292 0.0122322 0.0000000 0.0017421 0.0042466 0.0111787 0.0016804 0.0000000 0.0045878 0.1228055 0.0240760 0.0000000 0.0055916 0.0077853 0.5089735
 28 Q  28 0.0332777 0.0200451 0.0220770 0.0273544 0.0010750 0.0373045 0.0827703 0.0088985 0.0015236 0.0178329 0.0223713 0.1047132 0.0052614 0.0068366 0.0000000 0.0377127 0.0447654 0.0000000 0.0000000 0.0160951 0.5100852
 29 A  29 0.0525481 0.0309235 0.0090631 0.0036430 0.0016155 0.0116660 0.0099308 0.0055310 0.0177462 0.1301121 0.0805390 0.0062879 0.0103361 0.0077642 0.0000000 0.0222972 0.0258867 0.0019658 0.0000000 0.0640190 0.5081249
 30 T  30 0.0050703 0.0000000 0.0000000 0.0023184 0.0018297 0.0000000 0.0000000 0.0000000 0.0000000 0.0429775 0.1978604 0.0000000 0.0349092 0.0259249 0.0685635 0.0064482 0.0509195 0.0017891 0.0397465 0.0135179 0.5081249
 31 G  31 0.0055948 0.0107494 0.0373286 0.0252864 0.0014386 0.0469517 0.0156096 0.2767482 0.0050934 0.0018031 0.0000000 0.0336853 0.0000000 0.0000000 0.0034079 0.0187104 0.0096522 0.0000000 0.0000000 0.0017922 0.5061484
 32 K  32 0.0000000 0.0661821 0.0036595 0.0034079 0.0000000 0.0000000 0.0028481 0.0021596 0.0000000 0.0000000 0.0034097 0.3907758 0.0052320 0.0039367 0.0000000 0.0023593 0.0055471 0.0000000 0.0000000 0.0051703 0.5053119
 33 P  33 0.0034513 0.0041753 0.0052745 0.0176039 0.0000000 0.0012766 0.0062744 0.0016155 0.0059663 0.0000000 0.0020075 0.0109426 0.0000000 0.0000000 0.3362892 0.0791079 0.0172832 0.0000000 0.0027458 0.0000000 0.5059860
 34 P  34 0.0444157 0.0090833 0.0043946 0.0055092 0.0000000 0.0143301 0.2879880 0.0029474 0.0000000 0.0118913 0.0192570 0.0202781 0.0049861 0.0000000 0.0191678 0.0076105 0.0092659 0.0000000 0.0000000 0.0286520 0.5102228
 35 Q  35 0.0481630 0.0228240 0.0272967 0.0443527 0.0000000 0.0445370 0.0507980 0.0152849 0.0043669 0.0035332 0.0044395 0.0365622 0.0035489 0.0011332 0.0111254 0.1429731 0.0207795 0.0017167 0.0000000 0.0033851 0.5131801
 36 Y  36 0.0146053 0.0507355 0.0078160 0.0070689 0.0057458 0.0079889 0.0037199 0.0075301 0.0074094 0.0032695 0.0188826 0.0157102 0.0020148 0.0372445 0.0000000 0.0508430 0.0021763 0.0445334 0.1825712 0.0166248 0.5135098
 37 I  37 0.0043872 0.0000000 0.0000000 0.0000000 0.0154150 0.0000000 0.0000000 0.0000000 0.0000000 0.1399828 0.0732269 0.0000000 0.0419510 0.0166202 0.0000000 0.0022222 0.0109169 0.0000000 0.0000000 0.1935870 0.5016908
 38 A  38 0.0500399 0.0000000 0.0261156 0.0000000 0.0202314 0.0014357 0.0038333 0.0019018 0.0000000 0.0149879 0.0245434 0.0000000 0.2357301 0.0087804 0.0000000 0.0288176 0.0337198 0.0032695 0.0000000 0.0481766 0.4984171
 39 V  39 0.0193134 0.0000000 0.0000000 0.0000000 0.0095597 0.0000000 0.0000000 0.0025179 0.0000000 0.0586202 0.0299792 0.0000000 0.0114802 0.0000000 0.0000000 0.0107519 0.0501759 0.0000000 0.0000000 0.3086433 0.4989583
 40 H  40 0.0262827 0.0201609 0.0330067 0.0064171 0.0094959 0.0288808 0.0184423 0.0320495 0.0583359 0.0155231 0.0295686 0.0075680 0.0220569 0.0016687 0.0059948 0.0603591 0.0935225 0.0000000 0.0040164 0.0319707 0.4946794
 41 V  41 0.0040263 0.0000000 0.0000000 0.0000000 0.0011005 0.0000000 0.0025370 0.0017523 0.0000000 0.1079050 0.1436929 0.0000000 0.0059186 0.0730790 0.0000000 0.0040466 0.0011150 0.0029508 0.0180339 0.1391628 0.4946794
 42 V  42 0.0094318 0.0400713 0.0489522 0.0502811 0.0021626 0.0511169 0.1097334 0.0000000 0.0227391 0.0153339 0.0141261 0.0339928 0.0060764 0.0000000 0.0000000 0.0191863 0.0311058 0.0000000 0.0029152 0.0411778 0.5015973
 43 P  43 0.0273700 0.0037749 0.0000000 0.0999161 0.0037295 0.0135819 0.0120829 0.0534430 0.0501142 0.0000000 0.0094980 0.0063608 0.0014524 0.0022604 0.1128983 0.0321377 0.0447099 0.0000000 0.0219854 0.0082831 0.4964016
 44 D  44 0.0200861 0.0080407 0.0939374 0.1143077 0.0023879 0.0098249 0.0367596 0.1302184 0.0057810 0.0013675 0.0010123 0.0063063 0.0000000 0.0000000 0.0013346 0.0571047 0.0051587 0.0000000 0.0000000 0.0076926 0.4986797
 45 Q  45 0.0777956 0.0094330 0.0000000 0.0056073 0.0264086 0.0952638 0.0204836 0.0099885 0.0043658 0.0154746 0.0358614 0.0305542 0.0134978 0.0009153 0.0145134 0.0123531 0.0239951 0.0000000 0.0222537 0.0851065 0.4961287
 46 L  46 0.0370695 0.0426361 0.0129403 0.0309458 0.0498910 0.0266830 0.0083580 0.0092379 0.0149379 0.0127813 0.0298838 0.0272165 0.0228230 0.0070357 0.0896462 0.0415654 0.0207874 0.0030887 0.0056585 0.0090286 0.4977852
 47 M  47 0.0000000 0.0036233 0.0000000 0.0000000 0.0000000 0.0036430 0.0023293 0.0000000 0.0000000 0.0951516 0.1179857 0.0000000 0.2522036 0.0124260 0.0000000 0.0000000 0.0048630 0.0000000 0.0020740 0.0114965 0.4942039
 48 A  48 0.0289051 0.0307150 0.0018042 0.0043583 0.0183458 0.0053127 0.0014852 0.0076750 0.0100513 0.0207546 0.0634954 0.0000000 0.0228685 0.0297035 0.0000000 0.0684886 0.0793631 0.0159552 0.0658775 0.0287947 0.4960466
 49 F  49 0.0000000 0.0351646 0.0000000 0.0000000 0.0048002 0.0000000 0.0000000 0.0000000 0.0243597 0.0058510 0.0528526 0.0067775 0.0264012 0.3053133 0.0000000 0.0043584 0.0000000 0.0142560 0.0119502 0.0154556 0.4924596
 50 G  50 0.0893336 0.0206577 0.0231050 0.0045744 0.0034735 0.0234135 0.0121339 0.2494716 0.0064315 0.0036430 0.0020377 0.0159678 0.0034776 0.0022638 0.0021994 0.0363631 0.0029152 0.0000000 0.0022378 0.0011994 0.4951004
 51 G  51 0.0217975 0.0161627 0.0149468 0.0099911 0.0053765 0.0014524 0.0032909 0.3897465 0.0000000 0.0021575 0.0069320 0.0057578 0.0000000 0.0087561 0.0026652 0.0088576 0.0063652 0.0000000 0.0000000 0.0000000 0.4957441
 52 S  52 0.0046826 0.0040098 0.0399346 0.0226057 0.0000000 0.0059276 0.0221218 0.0080057 0.0036791 0.0000000 0.0107723 0.0360616 0.0026003 0.0000000 0.0055186 0.2014642 0.1328309 0.0000000 0.0000000 0.0053127 0.4944723
 53 S  53 0.0275533 0.0031333 0.0327974 0.0900063 0.0114324 0.0153119 0.0662339 0.0177720 0.0163295 0.0025132 0.0050398 0.0329264 0.0014211 0.0481715 0.0124880 0.0375620 0.0724398 0.0000000 0.0075776 0.0068312 0.4924596
 54 E  54 0.0486632 0.0107746 0.0055339 0.1588276 0.0021994 0.0149543 0.1864301 0.0094250 0.0014743 0.0053772 0.0130475 0.0086665 0.0024210 0.0000000 0.0029238 0.0123519 0.0143705 0.0000000 0.0000000 0.0083971 0.4941621
 55 P  55 0.0119880 0.0028667 0.0117329 0.0159882 0.0000000 0.0059723 0.0026089 0.0072164 0.0025179 0.0000000 0.0073687 0.0238384 0.0000000 0.0000000 0.3952980 0.0057548 0.0091088 0.0000000 0.0056607 0.0000000 0.4920796
 56 C  56 0.1713376 0.0018472 0.0028018 0.0000000 0.1471279 0.0000000 0.0000000 0.0287119 0.0032234 0.0083227 0.0232573 0.0029152 0.0136842 0.0046085 0.0000000 0.0238633 0.0297819 0.0041116 0.0094356 0.0331918 0.4917780
 57 A  57 0.2663511 0.0000000 0.0000000 0.0000000 0.0501861 0.0000000 0.0000000 0.0207278 0.0000000 0.0166962 0.0045052 0.0000000 0.0113319 0.0216391 0.0025574 0.0028667 0.0172553 0.0000000 0.0680913 0.0260139 0.4917780
 58 L  58 0.0029894 0.0048639 0.0025411 0.0000000 0.0064575 0.0364896 0.0000000 0.0000000 0.0074010 0.0503583 0.0925449 0.0024210 0.0290939 0.0894455 0.0000000 0.0132502 0.0117793 0.0021988 0.1170810 0.0393067 0.4917780
 59 C  59 0.0445863 0.0010659 0.0000000 0.0000000 0.0474996 0.0000000 0.0000000 0.0356063 0.0000000 0.0672801 0.0988213 0.0000000 0.0449678 0.0081974 0.0000000 0.0063919 0.0014749 0.0000000 0.0034079 0.1482763 0.4924242
 60 S  60 0.0036243 0.0282250 0.0324637 0.0294583 0.0056489 0.0111869 0.1684862 0.0000000 0.0171887 0.0025362 0.0119173 0.0266926 0.0036554 0.0109613 0.0000000 0.0753386 0.0579527 0.0000000 0.0054396 0.0180247 0.4911996
 61 L  61 0.0070490 0.0000000 0.0000000 0.0000000 0.0074103 0.0000000 0.0000000 0.0000000 0.0000000 0.1262411 0.1618828 0.0000000 0.0039600 0.0194641 0.0000000 0.0000000 0.0021855 0.0000000 0.0025115 0.1765570 0.4927385
 62 H  62 0.0169034 0.0407669 0.0178159 0.0039159 0.0025914 0.0215330 0.0201709 0.0065962 0.0366148 0.0161981 0.0050974 0.1033687 0.0177460 0.0176737 0.0000000 0.0693071 0.0608858 0.0000000 0.0213737 0.0298637 0.4915772
 63 S  63 0.0899379 0.0025179 0.0088323 0.0039145 0.0104593 0.0000000 0.0000000 0.0089800 0.0000000 0.0300135 0.0280365 0.0014545 0.0000000 0.0047994 0.0019520 0.2632417 0.0195892 0.0000000 0.0056177 0.0271011 0.4935527
 64 I  64 0.0020104 0.0000000 0.0000000 0.0000000 0.0039480 0.0014646 0.0036430 0.0000000 0.0021054 0.2411102 0.1086227 0.0045880 0.0096076 0.0361603 0.0000000 0.0114884 0.0158766 0.0018704 0.0258581 0.0333763 0.4982700
 65 G  65 0.0097851 0.0099654 0.0164952 0.0108777 0.0108197 0.0032762 0.0000000 0.3440087 0.0024210 0.0000000 0.0033721 0.0032530 0.0000000 0.0000000 0.0323573 0.0260587 0.0123115 0.0020513 0.0025279 0.0058816 0.5045378
 66 K  66 0.0384146 0.0151715 0.0423032 0.0166353 0.0086153 0.0132459 0.0124982 0.0860786 0.0203627 0.0031533 0.0174330 0.0642303 0.0054590 0.0000000 0.0116931 0.0556762 0.0227208 0.0000000 0.0000000 0.0488549 0.5174541
 67 I  67 0.0146070 0.0000000 0.0049130 0.0000000 0.0020377 0.0022108 0.0074514 0.0050530 0.0013115 0.1181973 0.1569985 0.0000000 0.0297383 0.0355393 0.0108214 0.0149494 0.0240509 0.0000000 0.0079364 0.0651692 0.4990149
 68 G  68 0.0350637 0.0124519 0.0545228 0.0543589 0.0042371 0.0189739 0.0200535 0.1167335 0.0050312 0.0000000 0.0038831 0.0234059 0.0000000 0.0000000 0.0292591 0.0807986 0.0422119 0.0000000 0.0000000 0.0000000 0.4990149
 69 G  69 0.0627946 0.0376718 0.0074943 0.0261493 0.0000000 0.0102848 0.0254544 0.0476623 0.0117232 0.0090130 0.0161136 0.0204804 0.0015474 0.0031565 0.1671961 0.0270715 0.0075504 0.0000000 0.0053851 0.0121129 0.5011385
 70 A  70 0.0633269 0.0134890 0.0104146 0.0504075 0.0000000 0.0207703 0.1400750 0.0179579 0.0000000 0.0248523 0.0114248 0.0196397 0.0000000 0.0000000 0.0125308 0.0650162 0.0415304 0.0000000 0.0000000 0.0095488 0.4990158
 71 Q  71 0.0474570 0.0274926 0.0241129 0.0252637 0.0069361 0.0761404 0.0662941 0.0194283 0.0059559 0.0019018 0.0323959 0.0406897 0.0055528 0.0037696 0.0023011 0.0075073 0.0579815 0.0000000 0.0077031 0.0367282 0.5043881
 72 N  72 0.0093447 0.0028667 0.2870366 0.0049284 0.0208911 0.0021994 0.0000000 0.0000000 0.0031624 0.0102647 0.0052398 0.0417426 0.0000000 0.0084971 0.0096832 0.0109952 0.0400198 0.0069654 0.0174562 0.0038117 0.5148948
 73 R  73 0.0119264 0.0660310 0.0200958 0.0172689 0.0095956 0.0173992 0.0667383 0.0239733 0.0035568 0.0140626 0.0272699 0.1406909 0.0017667 0.0017963 0.0304091 0.0178834 0.0073772 0.0000000 0.0082565 0.0098344 0.5040677
 74 S  74 0.0540472 0.0877893 0.0238104 0.0098221 0.0011221 0.0289781 0.0603949 0.0192800 0.0061309 0.0075898 0.0055119 0.1205124 0.0054251 0.0000000 0.0000000 0.0371943 0.0259517 0.0000000 0.0000000 0.0070226 0.4994172
 75 Y  75 0.0119010 0.0055726 0.0352820 0.0000000 0.0021575 0.0021994 0.0000000 0.0000000 0.0698276 0.0345718 0.1108948 0.0026652 0.0462321 0.0422153 0.0000000 0.0100377 0.0122408 0.0065311 0.0988404 0.0150683 0.4937623
 76 S  76 0.0974494 0.0000000 0.0122679 0.0023878 0.0111875 0.0000000 0.0000000 0.0097395 0.0023228 0.0236989 0.0000000 0.0022222 0.0000000 0.0000000 0.0000000 0.2069259 0.1215989 0.0000000 0.0020104 0.0144266 0.4937623
 77 K  77 0.1512783 0.0122264 0.0046625 0.0315846 0.0000000 0.0220463 0.0361775 0.0182738 0.0038119 0.0127274 0.0083127 0.1149954 0.0000000 0.0018739 0.0056143 0.0466018 0.0169682 0.0000000 0.0007865 0.0182965 0.4937623
 78 L  78 0.1151520 0.0275324 0.0115540 0.0182634 0.0000000 0.0164442 0.0453627 0.0087594 0.0093874 0.0163766 0.0925989 0.0673744 0.0081362 0.0017993 0.0062842 0.0125247 0.0250833 0.0000000 0.0022927 0.0195228 0.4955514
 79 L  79 0.0028667 0.0000000 0.0000000 0.0000000 0.0000000 0.0000000 0.0000000 0.0000000 0.0000000 0.2037395 0.1744898 0.0000000 0.0202290 0.0703850 0.0000000 0.0000000 0.0000000 0.0000000 0.0017443 0.0327834 0.4937623
 80 C  80 0.0392368 0.0028018 0.0000000 0.0000000 0.1093970 0.0683745 0.0032695 0.0143442 0.0043982 0.0052013 0.0157468 0.0024868 0.0168442 0.0664744 0.0013346 0.0531642 0.0722996 0.0000000 0.0262247 0.0046391 0.4937623
 81 G  81 0.0601717 0.0167635 0.0198979 0.0711215 0.0039149 0.0290366 0.1171769 0.0330694 0.0045859 0.0021626 0.0018153 0.0607078 0.0022519 0.0000000 0.0089599 0.0327866 0.0396156 0.0000000 0.0000000 0.0000000 0.4959617
 82 L  82 0.0471920 0.0017221 0.0000000 0.0039910 0.0024339 0.0058633 0.0230585 0.0018770 0.0353122 0.0719589 0.1102728 0.0044045 0.0059855 0.1125141 0.0019943 0.0039334 0.0182009 0.0068288 0.0220842 0.0244108 0.4959617
 83 L  83 0.0096530 0.0000000 0.0000000 0.0020377 0.0118933 0.0000000 0.0000000 0.0000000 0.0000000 0.1041680 0.2344799 0.0000000 0.0389644 0.0398878 0.0000000 0.0000000 0.0034079 0.0023293 0.0126274 0.0445897 0.4959617
 84 A  84 0.0415020 0.0129784 0.0369151 0.0047149 0.0066739 0.0678455 0.1205963 0.0090166 0.0306661 0.0011443 0.0099246 0.0327550 0.0055885 0.0018777 0.0000000 0.0475353 0.0526684 0.0000000 0.0139764 0.0061150 0.4975063
 85 E  85 0.0351129 0.0089937 0.0247858 0.0601137 0.0000000 0.0463562 0.1231424 0.0163838 0.0013906 0.0043777 0.0017221 0.1115461 0.0024210 0.0000000 0.0000000 0.0271236 0.0386418 0.0000000 0.0000000 0.0012552 0.4966335
 86 R  86 0.0272095 0.0206707 0.0224466 0.0024117 0.0014646 0.0314885 0.1264647 0.0024717 0.0510209 0.0365061 0.0103756 0.0736297 0.0013669 0.0022222 0.0038873 0.0153796 0.0344646 0.0000000 0.0048250 0.0321941 0.4994999
 87 L  87 0.0050968 0.0000000 0.0000000 0.0000000 0.0085374 0.0000000 0.0000000 0.0000000 0.0000000 0.0194974 0.3981106 0.0000000 0.0133257 0.0242470 0.0000000 0.0000000 0.0261516 0.0000000 0.0021693 0.0027373 0.5001271
 88 R  88 0.0250618 0.0140182 0.0253563 0.0228551 0.0031144 0.0081301 0.0032839 0.2591789 0.0341037 0.0000000 0.0028311 0.0485692 0.0000000 0.0013634 0.0044858 0.0409626 0.0032600 0.0000000 0.0036450 0.0000000 0.4997805
 89 I  89 0.0013366 0.0000000 0.0036430 0.0000000 0.0000000 0.0000000 0.0000000 0.0000000 0.0000000 0.2343900 0.0624357 0.0000000 0.0032586 0.0026634 0.0000000 0.0000000 0.0050130 0.0000000 0.0072559 0.1795912 0.5004127
 90 S  90 0.0390777 0.0034074 0.0121238 0.0489699 0.0008720 0.0176585 0.0296033 0.0196195 0.0058781 0.0000000 0.0138267 0.0292394 0.0000000 0.0000000 0.2057299 0.0573482 0.0129527 0.0000000 0.0000000 0.0032802 0.5004127
 91 P  91 0.0607066 0.0112540 0.0071023 0.0039686 0.0012700 0.0433189 0.0127971 0.0353791 0.0020148 0.0121311 0.0106987 0.0769178 0.0009777 0.0015689 0.1572989 0.0457758 0.0050278 0.0000000 0.0037294 0.0076499 0.5004127
 92 D  92 0.0337610 0.0084307 0.0768788 0.1852656 0.0022222 0.0104497 0.0640447 0.0164222 0.0062618 0.0000000 0.0034263 0.0078271 0.0016259 0.0012552 0.0000000 0.0498437 0.0258717 0.0000000 0.0040512 0.0015199 0.5008422
 93 R  93 0.0155810 0.3749753 0.0212295 0.0088131 0.0011459 0.0158879 0.0000000 0.0000000 0.0225029 0.0000000 0.0000000 0.0169359 0.0000000 0.0000000 0.0017300 0.0128575 0.0000000 0.0017096 0.0013416 0.0036430 0.5016468
 94 V  94 0.0052028 0.0000000 0.0035778 0.0000000 0.0206835 0.0067665 0.0000000 0.0888606 0.0000000 0.1604860 0.0145902 0.0000000 0.0327861 0.0439182 0.0000000 0.0065583 0.0108171 0.0000000 0.0018529 0.0968386 0.5070614
 95 Y  95 0.0000000 0.0026652 0.0047824 0.0000000 0.0017096 0.0000000 0.0020127 0.0000000 0.0020513 0.0354929 0.0282286 0.0049768 0.0108191 0.0605879 0.0000000 0.0046666 0.0065359 0.0000000 0.2760549 0.0483661 0.5110500
 96 I  96 0.0014545 0.0000000 0.0000000 0.0000000 0.0014294 0.0000000 0.0000000 0.0010658 0.0000000 0.2706016 0.0676737 0.0000000 0.0228013 0.0129588 0.0000000 0.0000000 0.0103709 0.0000000 0.0000000 0.1016716 0.5099725
 97 N  97 0.0257189 0.0635207 0.0662425 0.0074577 0.0031783 0.0160005 0.0507439 0.0049821 0.0146082 0.0111643 0.0336914 0.0844276 0.0049187 0.0043883 0.0000000 0.0332499 0.0419046 0.0000000 0.0054519 0.0175302 0.5108202
 98 Y  98 0.0000000 0.0000000 0.0000000 0.0000000 0.0032695 0.0000000 0.0000000 0.0000000 0.0018857 0.0259376 0.0231339 0.0000000 0.0101100 0.3026765 0.0000000 0.0014317 0.0000000 0.0000000 0.1038867 0.0102337 0.5174347
 99 C  99 0.0309345 0.0130977 0.0146983 0.0333252 0.0031769 0.0299872 0.0447034 0.0036200 0.0391080 0.0276818 0.0164690 0.0025958 0.0011257 0.0408956 0.0000000 0.0341561 0.0371503 0.0022036 0.0533028 0.0513915 0.5203767
100 D 100 0.0233355 0.0069989 0.0387931 0.1984153 0.0000000 0.0014292 0.0634643 0.0017421 0.0038873 0.0034079 0.0012246 0.0000000 0.0000000 0.0076821 0.0811255 0.0222399 0.0053788 0.0000000 0.0024117 0.0050530 0.5334106
101 M 101 0.0402229 0.0055631 0.0044292 0.0000000 0.0135706 0.0057789 0.0019794 0.0000000 0.0025179 0.0633343 0.0891627 0.0114807 0.0570215 0.0052472 0.0283423 0.0160012 0.0182783 0.0000000 0.0055774 0.0969821 0.5345103
102 N 102 0.0394363 0.0069660 0.0433425 0.0486003 0.0021054 0.0262163 0.0640941 0.0217674 0.0000000 0.0020699 0.0012906 0.0348223 0.0000000 0.0000000 0.0915864 0.0514075 0.0226087 0.0000000 0.0024818 0.0015786 0.5396258
103 A 103 0.1104005 0.0541996 0.0022392 0.0045937 0.0000000 0.0057129 0.0541544 0.0437255 0.0000000 0.0017236 0.0046345 0.0058350 0.0040309 0.0055505 0.0788804 0.0179666 0.0271927 0.0000000 0.0042895 0.0073308 0.5675396
104 A 104 0.0817989 0.0010643 0.0094434 0.0215350 0.0014646 0.0226672 0.0786915 0.0117580 0.0390595 0.0033145 0.0094117 0.0212778 0.0008803 0.0043641 0.0057829 0.0646524 0.0158152 0.0240371 0.0107782 0.0043761 0.5678272
105 N 105 0.0024494 0.0048364 0.1667323 0.0569459 0.0110836 0.0377630 0.0166488 0.0038260 0.0322219 0.0019943 0.0276047 0.0000000 0.0217664 0.0236534 0.0000000 0.0250602 0.0092871 0.0009539 0.0074603 0.0000000 0.5497124
106 V 106 0.0014416 0.0000000 0.0000000 0.0000000 0.0122020 0.0017043 0.0000000 0.0000000 0.0000000 0.0583460 0.0370916 0.0000000 0.0195133 0.0672343 0.0000000 0.0016259 0.0055884 0.1504718 0.0092741 0.0937686 0.5417381
107 G 107 0.1131608 0.0000000 0.0000000 0.0038873 0.0000000 0.0032695 0.0000000 0.3339642 0.0000000 0.0000000 0.0000000 0.0000000 0.0000000 0.0000000 0.0000000 0.0058062 0.0000000 0.0000000 0.0000000 0.0016152 0.5382967
108 W 108 0.0040277 0.0057080 0.0068999 0.0000000 0.0108693 0.0051569 0.0000000 0.0022032 0.0055678 0.0171822 0.0024557 0.0324392 0.0148599 0.0561028 0.0000000 0.0057851 0.0425860 0.1617796 0.0554756 0.0150236 0.5558775
109 N 109 0.0037267 0.0051036 0.2572715 0.0270138 0.0000000 0.0223734 0.0027761 0.0406782 0.0000000 0.0041242 0.0039331 0.0440042 0.0017530 0.0000000 0.0029152 0.0217909 0.0000000 0.0000000 0.0000000 0.0000000 0.5625359
110 N 110 0.0048901 0.0044994 0.0112238 0.0032675 0.0000000 0.0000000 0.0023228 0.3660968 0.0042558 0.0000000 0.0000000 0.0070446 0.0000000 0.0000000 0.0000000 0.0225137 0.0000000 0.0000000 0.0050746 0.0000000 0.5688110
111 S 111 0.0098426 0.0328923 0.0073450 0.0045933 0.0000000 0.0025500 0.0000000 0.0284191 0.0023229 0.0068280 0.0000000 0.0462524 0.0067692 0.0027331 0.0000000 0.1012111 0.1315292 0.0000000 0.0077753 0.0120271 0.5969097
112 T 112 0.0022927 0.0000000 0.0412376 0.0000000 0.0000000 0.0000000 0.0000000 0.0000000 0.0000000 0.0027850 0.0115070 0.0000000 0.0023717 0.0000000 0.0023228 0.0037907 0.2941486 0.0000000 0.0000000 0.0256275 0.6139164
113 F 113 0.0000000 0.0025319 0.0000000 0.0023289 0.0000000 0.0000000 0.0000000 0.0000000 0.0000000 0.0302169 0.0022378 0.0000000 0.0440855 0.2422193 0.0000000 0.0000000 0.0015199 0.0000000 0.0122103 0.0288571 0.6337924
114 A 114 0.0834065 0.0074801 0.0000000 0.0017043 0.0000000 0.0023132 0.0089611 0.0638523 0.0108900 0.0031533 0.0016836 0.0116539 0.3701683 0.0019018 0.0000000 0.0134148 0.0189665 0.0000000 0.0090297 0.0070167 0.3844039
115 P 115 0.0136061 0.0008009 0.0020740 0.0194847 0.0000000 0.0222557 0.0185284 0.0042411 0.0062341 0.0021244 0.0000000 0.0044795 0.0000000 0.0000000 0.3572778 0.0198823 0.0072294 0.0000000 0.0000000 0.0000000 0.5217816
116 M 116 0.0103228 0.0039706 0.0022484 0.0000000 0.0446742 0.0044110 0.0261237 0.0031533 0.0110561 0.0631984 0.0708140 0.0107781 0.0389832 0.0794331 0.0000000 0.0193031 0.0294702 0.0000000 0.0508259 0.0185398 0.5126941
117 F 117 0.0398894 0.0000000 0.0024455 0.0000000 0.0215851 0.0000000 0.0000000 0.0000000 0.0000000 0.1501844 0.1288662 0.0031533 0.0077471 0.0563518 0.0168900 0.0000000 0.0048448 0.0000000 0.0111408 0.0746436 0.4822580
118 I 118 0.0118795 0.0357965 0.0568556 0.0180277 0.0000000 0.0338845 0.1080447 0.0048725 0.0067636 0.0201225 0.0061477 0.0455382 0.0140997 0.0082867 0.0000000 0.0303695 0.0497963 0.0000000 0.0099968 0.0362863 0.5032317
119 V 119 0.0057099 0.0065184 0.0000000 0.0000000 0.0018523 0.0000000 0.0033528 0.0000000 0.0000000 0.1330985 0.1428839 0.0000000 0.0154858 0.0093782 0.0032731 0.0197179 0.0063333 0.0000000 0.0000000 0.1180024 0.5343935
120 N 120 0.0136725 0.0482562 0.0344917 0.0273282 0.0010331 0.0548250 0.0347893 0.0000000 0.0272762 0.0069202 0.0090056 0.0848794 0.0000000 0.0213651 0.0000000 0.0405706 0.0447168 0.0000000 0.0131725 0.0067422 0.5309554
121 T 121 0.0050338 0.0053127 0.0000000 0.0000000 0.0031043 0.0000000 0.0068427 0.0000000 0.0000000 0.0055417 0.0106611 0.0000000 0.0020045 0.0000000 0.0000000 0.0359478 0.3678796 0.0000000 0.0000000 0.0173390 0.5403330
122 N 122 0.0061289 0.0023377 0.3570737 0.0000000 0.0000000 0.0058201 0.0000000 0.0000000 0.0091894 0.0000000 0.0000000 0.0053274 0.0000000 0.0000000 0.0037231 0.0525973 0.0120995 0.0000000 0.0000000 0.0021456 0.5435571
123 V 123 0.0093426 0.0020231 0.0000000 0.0000000 0.0021604 0.0161925 0.0020833 0.0000000 0.0018080 0.0374897 0.0854072 0.0125638 0.0021128 0.0073171 0.0000000 0.0177281 0.0106435 0.0000000 0.0037401 0.2365075 0.5528803
124 P 124 0.0504892 0.0184740 0.0252346 0.0109580 0.0050100 0.0169006 0.0064939 0.0000000 0.0000000 0.0080495 0.0098887 0.0554085 0.0000000 0.0014116 0.1276638 0.0799718 0.0191737 0.0000000 0.0000000 0.0035408 0.5613312
125 R 125 0.0824334 0.0241803 0.0028422 0.0148861 0.0048906 0.0150782 0.0274903 0.0013826 0.0077022 0.0439382 0.0792823 0.0370550 0.0109150 0.0103242 0.0090190 0.0259040 0.0142680 0.0000000 0.0014270 0.0474694 0.5395121
126 A 126 0.0452780 0.0014523 0.0149913 0.1139742 0.0032424 0.0071413 0.0239736 0.0116566 0.0053127 0.0156290 0.0043891 0.0191615 0.0000000 0.0010408 0.0216152 0.1137997 0.0377824 0.0000000 0.0018206 0.0232394 0.5345000
127 S 127 0.0425760 0.0509992 0.0303823 0.0781578 0.0000000 0.0289782 0.0420126 0.0322017 0.0055551 0.0000000 0.0010975 0.0715855 0.0000000 0.0010851 0.0110934 0.0585695 0.0120334 0.0000000 0.0036526 0.0126963 0.5173239
128 V 128 0.0335646 0.0046222 0.0091671 0.0765082 0.0018687 0.0156982 0.0714062 0.0060261 0.0022023 0.0551963 0.0233362 0.0086592 0.0021182 0.0171101 0.0021322 0.0048433 0.0119620 0.0000000 0.0000000 0.1230296 0.5305493
129 P 129 0.0205417 0.0090449 0.0050482 0.0196438 0.0012735 0.0372109 0.0421075 0.0046021 0.0000000 0.0102022 0.0010460 0.0762216 0.0026067 0.0045606 0.1387728 0.0319305 0.0519356 0.0009520 0.0000000 0.0174951 0.5248044
130 D 130 0.0562041 0.0113508 0.0238794 0.0560325 0.0000000 0.0298466 0.0987912 0.0025385 0.0112254 0.0027589 0.0015295 0.0590956 0.0000000 0.0141302 0.0142240 0.0667521 0.0115731 0.0000000 0.0074379 0.0108888 0.5217415
131 G 131 0.0779916 0.0024269 0.0162752 0.0855165 0.0000000 0.0083094 0.0740498 0.0750190 0.0055484 0.0021826 0.0011367 0.0365809 0.0012619 0.0009406 0.0063291 0.0524786 0.0303958 0.0000000 0.0000000 0.0088649 0.5146921
132 F 132 0.0139389 0.0075733 0.0042193 0.0000000 0.0025813 0.0000000 0.0049087 0.0000000 0.0000000 0.0791487 0.1730415 0.0000000 0.0016798 0.1618515 0.0000000 0.0038505 0.0155884 0.0000000 0.0000000 0.0160491 0.5155689
133 L 133 0.0363050 0.0035426 0.0052875 0.0048515 0.0108000 0.0050684 0.0348118 0.0021124 0.0089903 0.0362699 0.2042728 0.0474544 0.0214114 0.0214090 0.0029744 0.0071753 0.0046572 0.0000000 0.0011798 0.0289467 0.5124796
134 S 134 0.0316478 0.0221549 0.0039958 0.0077415 0.0007924 0.0245203 0.0331749 0.0042058 0.0000000 0.0062728 0.0290937 0.1540569 0.0015089 0.0000000 0.0022905 0.0965077 0.0513317 0.0000000 0.0000000 0.0207939 0.5099104
135 E 135 0.0399853 0.0529062 0.0152144 0.0696424 0.0000000 0.0265591 0.1259282 0.0117412 0.0000000 0.0047386 0.0067926 0.0515123 0.0000000 0.0000000 0.0000000 0.0299387 0.0388751 0.0054341 0.0011912 0.0092533 0.5102875
136 L 136 0.0670297 0.0000000 0.0025319 0.0000000 0.0074614 0.0000000 0.0009618 0.0000000 0.0000000 0.0599071 0.2098528 0.0000000 0.0091794 0.0468388 0.0000000 0.0082001 0.0305393 0.0000000 0.0061716 0.0397618 0.5115643
137 T 137 0.0370868 0.0011629 0.0000000 0.0018772 0.0365738 0.0000000 0.0139796 0.0633031 0.0028875 0.0132016 0.0017788 0.0021907 0.0000000 0.0000000 0.0020648 0.2038047 0.0905976 0.0000000 0.0077619 0.0109196 0.5108091
138 Q 138 0.0559764 0.0420216 0.0208652 0.0208656 0.0010693 0.0462349 0.0387647 0.0078171 0.0182911 0.0082535 0.0083588 0.1146899 0.0000000 0.0086015 0.0035661 0.0503627 0.0179303 0.0000000 0.0147540 0.0077261 0.5138510
139 Q 139 0.1267410 0.0133826 0.0081740 0.0018364 0.0024300 0.0258772 0.0242818 0.0101056 0.0199966 0.0239061 0.0848497 0.0167109 0.0125709 0.0250159 0.0000000 0.0262933 0.0326142 0.0000000 0.0027720 0.0296406 0.5128011
140 L 140 0.0355949 0.0042546 0.0000000 0.0000000 0.0044778 0.0000000 0.0000000 0.0023540 0.0000000 0.1019552 0.1503884 0.0000000 0.0397052 0.0116953 0.0000000 0.0028524 0.0219640 0.0023289 0.0000000 0.1104561 0.5119730
141 A 141 0.2484549 0.0065584 0.0000000 0.0000000 0.0130330 0.0033969 0.0155638 0.0111510 0.0000000 0.0017788 0.0041006 0.0060630 0.0014811 0.0000000 0.0049326 0.1299518 0.0297397 0.0000000 0.0035021 0.0074331 0.5128591
142 Q 142 0.0343943 0.0385739 0.0217849 0.0273941 0.0010768 0.0342023 0.0767260 0.0086558 0.0015254 0.0165531 0.0213303 0.1036105 0.0055546 0.0057624 0.0000000 0.0360529 0.0401034 0.0000000 0.0000000 0.0126900 0.5140091
143 A 143 0.0526667 0.0464862 0.0049715 0.0035868 0.0016697 0.0099768 0.0091806 0.0053032 0.0171442 0.1224748 0.0802545 0.0091831 0.0094059 0.0075670 0.0000000 0.0190688 0.0254208 0.0019440 0.0000000 0.0617223 0.5119730
144 T 144 0.0049832 0.0000000 0.0000000 0.0021322 0.0018540 0.0000000 0.0000000 0.0000000 0.0000000 0.0468738 0.2050529 0.0000000 0.0384821 0.0195560 0.0671649 0.0044952 0.0480347 0.0000000 0.0345837 0.0114614 0.5153258
145 G 145 0.0056061 0.0105340 0.0365721 0.0225982 0.0014477 0.0401949 0.0147629 0.2714096 0.0049385 0.0000000 0.0000000 0.0495237 0.0000000 0.0000000 0.0035426 0.0184809 0.0061885 0.0000000 0.0000000 0.0020833 0.5121169
146 K 146 0.0000000 0.0639259 0.0039024 0.0035426 0.0000000 0.0000000 0.0028778 0.0000000 0.0000000 0.0000000 0.0033069 0.3801678 0.0050831 0.0019023 0.0000000 0.0093031 0.0050570 0.0000000 0.0000000 0.0044488 0.5164822
147 P 147 0.0035644 0.0040038 0.0050304 0.0170768 0.0000000 0.0012202 0.0060368 0.0016697 0.0040795 0.0000000 0.0020028 0.0110625 0.0000000 0.0000000 0.3219070 0.0813019 0.0213508 0.0000000 0.0027384 0.0000000 0.5169551
148 P 148 0.0430305 0.0084588 0.0045438 0.0036968 0.0000000 0.0140472 0.2780052 0.0032377 0.0000000 0.0117105 0.0169623 0.0199519 0.0049055 0.0000000 0.0172078 0.0126259 0.0132923 0.0000000 0.0000000 0.0263524 0.5219715
149 Q 149 0.0453163 0.0223207 0.0269342 0.0440760 0.0000000 0.0440980 0.0495457 0.0150693 0.0041394 0.0036803 0.0018206 0.0352430 0.0035298 0.0011152 0.0100612 0.1470433 0.0183922 0.0016878 0.0000000 0.0029378 0.5229890
150 Y 150 0.0140943 0.0534168 0.0077110 0.0061409 0.0053808 0.0136898 0.0036291 0.0074901 0.0069352 0.0032424 0.0179920 0.0152181 0.0015523 0.0349489 0.0000000 0.0423483 0.0021924 0.0453204 0.1780663 0.0152748 0.5253562
151 I 151 0.0024813 0.0000000 0.0000000 0.0000000 0.0143249 0.0000000 0.0000000 0.0000000 0.0000000 0.1340746 0.0726473 0.0000000 0.0374454 0.0160944 0.0000000 0.0072303 0.0105298 0.0000000 0.0000000 0.1873983 0.5177738
152 A 152 0.0537763 0.0000000 0.0264952 0.0000000 0.0191065 0.0014386 0.0038408 0.0018374 0.0000000 0.0140766 0.0219630 0.0000000 0.2277004 0.0091260 0.0000000 0.0280805 0.0301470 0.0032424 0.0000000 0.0446595 0.5145096
153 V 153 0.0191342 0.0000000 0.0000000 0.0000000 0.0096874 0.0000000 0.0000000 0.0023519 0.0000000 0.0631457 0.0284656 0.0000000 0.0115958 0.0000000 0.0000000 0.0106019 0.0489087 0.0000000 0.0000000 0.2920306 0.5140781
154 H 154 0.0267889 0.0192828 0.0316720 0.0060334 0.0087725 0.0277525 0.0168255 0.0307010 0.0577264 0.0149586 0.0288529 0.0075753 0.0219240 0.0016144 0.0061716 0.0626580 0.0861105 0.0000000 0.0031490 0.0314916 0.5099393
155 V 155 0.0040441 0.0000000 0.0000000 0.0000000 0.0010913 0.0000000 0.0023768 0.0017490 0.0000000 0.1014098 0.1372256 0.0000000 0.0059819 0.0719547 0.0000000 0.0040216 0.0011093 0.0029212 0.0171453 0.1390300 0.5099393
156 V 156 0.0142393 0.0406337 0.0483000 0.0484125 0.0018731 0.0439468 0.1063265 0.0000000 0.0219045 0.0150389 0.0134390 0.0337465 0.0058240 0.0000000 0.0000000 0.0187752 0.0274184 0.0000000 0.0029176 0.0386909 0.5185131
157 P 157 0.0265748 0.0036466 0.0000000 0.0963876 0.0036290 0.0116860 0.0106555 0.0535311 0.0443636 0.0000000 0.0089237 0.0058030 0.0014294 0.0022388 0.1101222 0.0297593 0.0516739 0.0000000 0.0213535 0.0082827 0.5099393
158 D 158 0.0187501 0.0075192 0.0919394 0.1107270 0.0023063 0.0087937 0.0337994 0.1249309 0.0055371 0.0013580 0.0009941 0.0066195 0.0000000 0.0000000 0.0013197 0.0542550 0.0102605 0.0000000 0.0000000 0.0069380 0.5139522
159 Q 159 0.0679174 0.0090323 0.0000000 0.0048291 0.0255571 0.0941237 0.0203769 0.0085842 0.0040187 0.0154316 0.0353188 0.0304339 0.0136794 0.0009104 0.0133297 0.0175828 0.0247589 0.0000000 0.0209657 0.0815289 0.5116204
160 L 160 0.0349883 0.0418944 0.0126535 0.0298978 0.0415446 0.0257380 0.0081302 0.0081775 0.0148542 0.0131016 0.0286689 0.0251236 0.0223802 0.0058388 0.0898055 0.0459652 0.0208322 0.0027901 0.0051317 0.0089900 0.5134939
161 M 161 0.0000000 0.0036004 0.0000000 0.0000000 0.0000000 0.0035868 0.0023961 0.0000000 0.0000000 0.0912039 0.1105659 0.0000000 0.2454955 0.0110915 0.0000000 0.0000000 0.0045629 0.0053127 0.0016608 0.0106608 0.5098626
162 A 162 0.0335442 0.0290142 0.0017503 0.0041692 0.0168070 0.0049054 0.0014734 0.0071299 0.0090060 0.0207821 0.0575034 0.0000000 0.0212399 0.0294057 0.0000000 0.0659831 0.0778983 0.0159581 0.0645164 0.0271925 0.5117208
163 F 163 0.0000000 0.0354461 0.0000000 0.0000000 0.0093073 0.0000000 0.0000000 0.0000000 0.0232108 0.0059643 0.0495921 0.0064456 0.0258157 0.2947820 0.0000000 0.0023088 0.0000000 0.0129671 0.0117108 0.0143315 0.5081179
164 G 164 0.0865054 0.0214991 0.0227355 0.0038691 0.0036334 0.0200495 0.0118615 0.2433463 0.0049506 0.0035868 0.0020291 0.0158310 0.0034808 0.0022023 0.0021888 0.0355284 0.0029176 0.0000000 0.0018206 0.0012075 0.5107566
165 G 165 0.0203471 0.0152877 0.0124817 0.0097690 0.0055061 0.0014294 0.0051659 0.3845342 0.0000000 0.0015198 0.0065853 0.0053462 0.0000000 0.0039947 0.0025940 0.0074794 0.0056896 0.0000000 0.0000000 0.0000000 0.5122699
166 S 166 0.0047264 0.0041654 0.0387235 0.0214907 0.0000000 0.0057559 0.0216827 0.0050921 0.0026065 0.0000000 0.0100412 0.0362191 0.0023837 0.0000000 0.0049945 0.1958820 0.1320692 0.0000000 0.0000000 0.0039842 0.5101830
167 S 167 0.0260794 0.0038043 0.0306815 0.0860373 0.0116409 0.0202411 0.0633112 0.0178703 0.0161441 0.0025070 0.0049927 0.0312157 0.0014168 0.0442567 0.0125379 0.0364999 0.0718976 0.0000000 0.0058970 0.0058234 0.5071452
168 E 168 0.0531699 0.0098698 0.0051550 0.1536634 0.0021888 0.0144432 0.1774758 0.0091340 0.0014659 0.0052321 0.0105500 0.0088415 0.0024167 0.0000000 0.0029747 0.0123112 0.0140100 0.0000000 0.0000000 0.0082443 0.5088536
169 P 169 0.0124505 0.0028663 0.0106034 0.0148262 0.0000000 0.0059829 0.0024212 0.0069348 0.0023519 0.0000000 0.0069468 0.0235825 0.0000000 0.0000000 0.3845187 0.0051748 0.0088976 0.0000000 0.0056740 0.0000000 0.5067681
170 C 170 0.1587621 0.0018328 0.0027889 0.0000000 0.1454799 0.0000000 0.0000000 0.0269478 0.0036923 0.0078849 0.0219318 0.0029176 0.0143903 0.0047421 0.0000000 0.0274706 0.0290758 0.0038618 0.0096391 0.0321227 0.5064593
171 A 171 0.2612672 0.0000000 0.0000000 0.0000000 0.0492945 0.0000000 0.0000000 0.0195848 0.0000000 0.0165056 0.0046122 0.0000000 0.0114943 0.0202047 0.0025741 0.0028663 0.0168877 0.0000000 0.0573238 0.0256128 0.5117720
172 L 172 0.0028516 0.0048378 0.0024552 0.0000000 0.0061570 0.0368213 0.0000000 0.0000000 0.0073399 0.0487441 0.0842818 0.0024167 0.0292798 0.0882632 0.0000000 0.0120277 0.0092743 0.0023088 0.1135925 0.0375764 0.5117720
173 C 173 0.0429994 0.0010373 0.0000000 0.0000000 0.0465856 0.0000000 0.0000000 0.0348628 0.0000000 0.0635474 0.0967342 0.0000000 0.0409062 0.0078028 0.0000000 0.0063182 0.0013264 0.0000000 0.0035426 0.1418935 0.5124437
174 S 174 0.0037934 0.0279733 0.0316709 0.0285289 0.0056936 0.0107768 0.1662999 0.0000000 0.0166750 0.0025861 0.0121508 0.0222636 0.0036844 0.0103753 0.0000000 0.0709054 0.0528394 0.0000000 0.0052618 0.0172690 0.5112525
175 L 175 0.0065087 0.0000000 0.0000000 0.0000000 0.0075663 0.0000000 0.0000000 0.0000000 0.0000000 0.1221644 0.1562394 0.0000000 0.0038753 0.0196470 0.0000000 0.0000000 0.0024813 0.0000000 0.0025929 0.1663071 0.5126177
176 H 176 0.0155263 0.0391774 0.0152767 0.0039124 0.0024595 0.0212415 0.0198237 0.0061695 0.0352238 0.0154650 0.0048623 0.1028099 0.0169078 0.0172142 0.0000000 0.0657358 0.0573949 0.0000000 0.0195834 0.0296077 0.5116084
177 S 177 0.0809390 0.0019788 0.0112738 0.0039541 0.0105007 0.0000000 0.0000000 0.0067193 0.0000000 0.0289420 0.0284190 0.0014700 0.0000000 0.0049779 0.0000000 0.2580317 0.0171937 0.0000000 0.0055574 0.0265060 0.5135366
178 I 178 0.0020457 0.0000000 0.0000000 0.0000000 0.0014314 0.0015077 0.0035868 0.0000000 0.0021907 0.2332468 0.0998736 0.0046193 0.0095058 0.0362493 0.0000000 0.0115911 0.0178833 0.0020170 0.0244866 0.0330668 0.5166981
179 G 179 0.0089513 0.0104512 0.0164077 0.0131802 0.0081347 0.0032559 0.0000000 0.3301900 0.0024167 0.0000000 0.0031914 0.0032309 0.0000000 0.0000000 0.0356849 0.0177308 0.0117955 0.0020147 0.0024632 0.0054946 0.5254063
180 K 180 0.0374084 0.0166246 0.0423590 0.0133575 0.0079949 0.0088657 0.0109220 0.0869510 0.0136604 0.0020506 0.0130935 0.0624662 0.0044049 0.0000000 0.0115521 0.0579568 0.0252916 0.0000000 0.0000000 0.0486833 0.5363575
