  228         A         R         N         D         C         Q         E         G         H         I         L         K         M         F         P         S         T         W         Y         V    
  1 P   1 0.0000000 0.0000000 0.0000000 0.0000000 0.0000000 0.0000000 0.0000000 0.0000000 0.0000000 0.0000000 0.0000000 0.0000000 0.0000000 0.0000000 1.0000000 0.0000000 0.0000000 0.0000000 0.0000000 0.0000000
  2 M   2 0.0134129 0.0046615 0.0049804 0.0000000 0.0959851 0.0047129 0.0083824 0.0000000 0.0184839 0.0948041 0.1543657 0.0119108 0.0634925 0.1922930 0.0000000 0.0365893 0.0625905 0.0000000 0.1287627 0.1045724
  3 F   3 0.0644433 0.0000000 0.0000000 0.0000000 0.0519119 0.0000000 0.0000000 0.0000000 0.0000000 0.3251053 0.2748469 0.0000000 0.0037740 0.1083901 0.0000000 0.0000000 0.0027869 0.0000000 0.0000000 0.1687417
  4 I   4 0.0213528 0.0590065 0.1291992 0.0438964 0.0000000 0.0705570 0.2167705 0.0054772 0.0285257 0.0491232 0.0133237 0.0790549 0.0235780 0.0124556 0.0000000 0.0717511 0.0989483 0.0000000 0.0158538 0.0611262
  5 V   5 0.0171259 0.0037886 0.0000000 0.0000000 0.0040712 0.0000000 0.0000000 0.0000000 0.0000000 0.2885143 0.2869117 0.0000000 0.0335460 0.0293264 0.0019842 0.0443121 0.0371278 0.0000000 0.0000000 0.2532918
  6 N   6 0.0277679 0.0902798 0.0824803 0.0567607 0.0021992 0.1012495 0.0542709 0.0000000 0.0560580 0.0259804 0.0081900 0.1979633 0.0000000 0.0522326 0.0000000 0.0911017 0.1033106 0.0000000 0.0282688 0.0218862
  7 T   7 0.0114667 0.0000000 0.0000000 0.0000000 0.0099979 0.0000000 0.0000000 0.0000000 0.0000000 0.0202794 0.0281101 0.0000000 0.0035072 0.0000000 0.0000000 0.0786389 0.7794485 0.0000000 0.0000000 0.0685513
  8 N   8 0.0094530 0.0000000 0.8030253 0.0000000 0.0000000 0.0000000 0.0000000 0.0048746 0.0000000 0.0000000 0.0000000 0.0173220 0.0000000 0.0000000 0.0084534 0.1204987 0.0314813 0.0000000 0.0000000 0.0048918
  9 V   9 0.0229494 0.0035591 0.0000000 0.0000000 0.0047314 0.0393474 0.0160806 0.0000000 0.0092446 0.0790352 0.1804655 0.0408789 0.0052896 0.0164138 0.0000000 0.0225353 0.0255547 0.0000000 0.0084028 0.5255117
 10 P  10 0.1125057 0.0316136 0.0499306 0.0247861 0.0112341 0.0473048 0.0161832 0.0000000 0.0000000 0.0201529 0.0243108 0.1715760 0.0000000 0.0042675 0.2747780 0.1536908 0.0487723 0.0000000 0.0000000 0.0088936
 11 R  11 0.1833337 0.0554775 0.0067249 0.0152622 0.0106192 0.0254231 0.0481334 0.0028748 0.0107348 0.1023953 0.2005607 0.0765377 0.0240244 0.0250393 0.0209898 0.0587648 0.0370129 0.0000000 0.0031229 0.0929688
 12 A  12 0.1048368 0.0064718 0.0335298 0.2220039 0.0075575 0.0154814 0.0558456 0.0251574 0.0000000 0.0346073 0.0078508 0.0234537 0.0000000 0.0022972 0.0468097 0.2478964 0.1069034 0.0000000 0.0050586 0.0542387
 13 S  13 0.0938124 0.1081108 0.0572713 0.1816538 0.0000000 0.0572300 0.0768865 0.0577490 0.0048553 0.0000000 0.0020729 0.1617972 0.0000000 0.0022396 0.0303286 0.1166077 0.0121971 0.0000000 0.0099149 0.0272730
 14 V  14 0.0694909 0.0047036 0.0201707 0.1498957 0.0040258 0.0379266 0.1721325 0.0140401 0.0049388 0.1214500 0.0495600 0.0158734 0.0044546 0.0359935 0.0050576 0.0118086 0.0119126 0.0000000 0.0000000 0.2665650
 15 P  15 0.0453620 0.0201399 0.0139704 0.0301222 0.0026477 0.0938797 0.0857224 0.0101171 0.0000000 0.0227854 0.0021495 0.1409660 0.0058584 0.0127013 0.3007866 0.0644429 0.1122080 0.0020516 0.0000000 0.0340889
 16 D  16 0.1115935 0.0319126 0.0426818 0.1103907 0.0000000 0.0689446 0.1990774 0.0050391 0.0140991 0.0154155 0.0032562 0.1543401 0.0000000 0.0319262 0.0245972 0.1282378 0.0217400 0.0000000 0.0150295 0.0217188
 17 G  17 0.1509818 0.0089779 0.0375398 0.1993263 0.0000000 0.0238897 0.1621460 0.1348966 0.0116579 0.0053116 0.0023228 0.0814278 0.0026473 0.0019644 0.0128775 0.0889444 0.0651642 0.0000000 0.0000000 0.0099240
 18 F  18 0.0431732 0.0178142 0.0087916 0.0000000 0.0054301 0.0000000 0.0054642 0.0000000 0.0000000 0.1451609 0.3379245 0.0000000 0.0034177 0.3503304 0.0000000 0.0114974 0.0324960 0.0000000 0.0000000 0.0384998
 19 L  19 0.0770283 0.0072106 0.0115201 0.0098994 0.0226404 0.0109027 0.0757081 0.0041795 0.0198369 0.0776511 0.4318454 0.0824971 0.0417038 0.0275707 0.0062146 0.0138262 0.0104120 0.0000000 0.0024025 0.0669504
 20 S  20 0.0672543 0.0310653 0.0076043 0.0167131 0.0015689 0.0477691 0.0718487 0.0083727 0.0000000 0.0137889 0.0596586 0.2964330 0.0030747 0.0000000 0.0046799 0.2231403 0.1056824 0.0000000 0.0000000 0.0413459
 21 E  21 0.0833310 0.1053829 0.0299301 0.1514813 0.0000000 0.0518216 0.2772851 0.0269198 0.0000000 0.0079305 0.0147165 0.1086024 0.0000000 0.0000000 0.0000000 0.0607250 0.0438698 0.0112917 0.0032327 0.0234795
 22 L  22 0.1420413 0.0000000 0.0000000 0.0000000 0.0164123 0.0000000 0.0041844 0.0000000 0.0000000 0.1101989 0.4508079 0.0000000 0.0206199 0.0989386 0.0000000 0.0129467 0.0636324 0.0000000 0.0027766 0.0774410
 23 T  23 0.0825375 0.0023099 0.0045841 0.0039128 0.0727945 0.0000000 0.0302996 0.1320062 0.0057388 0.0272764 0.0036136 0.0043757 0.0037146 0.0000000 0.0106435 0.3893921 0.1832303 0.0000000 0.0158304 0.0277400
 24 Q  24 0.1211366 0.0572221 0.0415489 0.0456485 0.0021702 0.0987105 0.0890155 0.0159308 0.0287121 0.0167413 0.0217179 0.2382560 0.0000000 0.0211741 0.0078451 0.1038882 0.0353228 0.0000000 0.0333847 0.0215748
 25 Q  25 0.2592682 0.0348367 0.0197689 0.0036780 0.0047458 0.0547686 0.0631251 0.0171290 0.0448595 0.0511464 0.1842644 0.0337602 0.0253944 0.0540467 0.0000000 0.0300251 0.0494059 0.0000000 0.0058066 0.0639703
 26 L  26 0.0716590 0.0091981 0.0000000 0.0000000 0.0094227 0.0000000 0.0000000 0.0050313 0.0000000 0.2178301 0.3269552 0.0000000 0.0624509 0.0265719 0.0000000 0.0059916 0.0428783 0.0039554 0.0000000 0.2180556
 27 A  27 0.5158062 0.0083445 0.0037108 0.0000000 0.0309509 0.0066711 0.0310660 0.0258747 0.0000000 0.0036083 0.0089099 0.0232732 0.0034909 0.0000000 0.0095640 0.2516462 0.0493465 0.0000000 0.0116336 0.0161032
 28 Q  28 0.0666278 0.0408110 0.0463093 0.0558152 0.0021749 0.0758473 0.1705445 0.0185201 0.0031489 0.0369849 0.0453006 0.2129513 0.0109882 0.0143740 0.0000000 0.0759442 0.0902971 0.0000000 0.0000000 0.0333608
 29 A  29 0.1060649 0.0623773 0.0188800 0.0077565 0.0033294 0.0231791 0.0202835 0.0113162 0.0348397 0.2637107 0.1647433 0.0129452 0.0210731 0.0163936 0.0000000 0.0452136 0.0527956 0.0039293 0.0000000 0.1311690
 30 T  30 0.0105292 0.0000000 0.0000000 0.0048392 0.0036234 0.0000000 0.0000000 0.0000000 0.0000000 0.0852919 0.4024801 0.0000000 0.0708616 0.0537827 0.1400591 0.0133525 0.1034864 0.0037045 0.0807645 0.0272247
 31 G  31 0.0111846 0.0218917 0.0758036 0.0518384 0.0029311 0.0961347 0.0318563 0.5573772 0.0103279 0.0036886 0.0000000 0.0687546 0.0000000 0.0000000 0.0071449 0.0374144 0.0199345 0.0000000 0.0000000 0.0037175
 32 K  32 0.0000000 0.1343841 0.0075226 0.0071335 0.0000000 0.0000000 0.0057220 0.0044910 0.0000000 0.0000000 0.0069951 0.7879120 0.0107302 0.0081378 0.0000000 0.0049171 0.0114465 0.0000000 0.0000000 0.0106080
 33 P  33 0.0070931 0.0086548 0.0110242 0.0363069 0.0000000 0.0025593 0.0129749 0.0033170 0.0123444 0.0000000 0.0038357 0.0227452 0.0000000 0.0000000 0.6773575 0.1607833 0.0354362 0.0000000 0.0055676 0.0000000
 34 P  34 0.0901519 0.0183218 0.0092042 0.0115154 0.0000000 0.0296130 0.5839514 0.0069545 0.0000000 0.0245583 0.0394946 0.0417475 0.0103896 0.0000000 0.0403562 0.0157996 0.0190689 0.0000000 0.0000000 0.0588731
 35 Q  35 0.0979232 0.0469462 0.0555066 0.0905947 0.0000000 0.0967856 0.1042700 0.0310912 0.0088603 0.0073597 0.0093202 0.0753356 0.0072457 0.0022926 0.0233466 0.2899181 0.0427946 0.0035501 0.0000000 0.0068591
 36 Y  36 0.0302671 0.1025409 0.0162821 0.0147759 0.0118441 0.0164979 0.0077276 0.0159210 0.0153047 0.0070665 0.0396887 0.0324944 0.0042353 0.0759171 0.0000000 0.1042854 0.0045578 0.0907200 0.3756148 0.0342586
 37 I  37 0.0090270 0.0000000 0.0000000 0.0000000 0.0309973 0.0000000 0.0000000 0.0000000 0.0000000 0.2872796 0.1466709 0.0000000 0.0843544 0.0336647 0.0000000 0.0045685 0.0222723 0.0000000 0.0000000 0.3811653
 38 A  38 0.1059891 0.0000000 0.0502929 0.0000000 0.0398933 0.0028552 0.0077729 0.0038506 0.0000000 0.0303515 0.0488699 0.0000000 0.4652214 0.0173451 0.0000000 0.0570227 0.0678776 0.0068543 0.0000000 0.0958034
 39 V  39 0.0379692 0.0000000 0.0000000 0.0000000 0.0188733 0.0000000 0.0000000 0.0051508 0.0000000 0.1147752 0.0599513 0.0000000 0.0230019 0.0000000 0.0000000 0.0219998 0.0986868 0.0000000 0.0000000 0.6195918
 40 H  40 0.0508454 0.0396765 0.0663190 0.0129865 0.0186556 0.0571721 0.0364855 0.0628294 0.1218180 0.0304204 0.0574653 0.0146692 0.0440725 0.0033012 0.0116842 0.1190784 0.1836363 0.0000000 0.0079472 0.0609372
 41 V  41 0.0077771 0.0000000 0.0000000 0.0000000 0.0021528 0.0000000 0.0051815 0.0035198 0.0000000 0.2147098 0.2806350 0.0000000 0.0115712 0.1430580 0.0000000 0.0080399 0.0021861 0.0058850 0.0361487 0.2791351
 42 V  42 0.0191647 0.0786375 0.0977517 0.1011351 0.0044217 0.1031068 0.2178345 0.0000000 0.0450891 0.0308823 0.0286745 0.0652581 0.0122133 0.0000000 0.0000000 0.0387169 0.0628234 0.0000000 0.0060130 0.0882772
 43 P  43 0.0537985 0.0075194 0.0000000 0.1984650 0.0075130 0.0272308 0.0244571 0.1033164 0.0987299 0.0000000 0.0189240 0.0128336 0.0028828 0.0044483 0.2263816 0.0629764 0.0897131 0.0000000 0.0443123 0.0164978
 44 D  44 0.0398559 0.0162600 0.1866276 0.2335191 0.0047315 0.0201862 0.0729890 0.2564447 0.0117442 0.0026964 0.0019690 0.0126920 0.0000000 0.0000000 0.0026559 0.1115434 0.0103581 0.0000000 0.0000000 0.0157271
 45 Q  45 0.1546565 0.0187692 0.0000000 0.0113933 0.0522775 0.1947476 0.0408058 0.0204130 0.0088745 0.0300290 0.0694717 0.0609438 0.0262300 0.0017646 0.0287836 0.0248434 0.0477442 0.0000000 0.0435667 0.1646856
 46 L  46 0.0723707 0.0852192 0.0259184 0.0617325 0.0992535 0.0537798 0.0165022 0.0183998 0.0297986 0.0257095 0.0659817 0.0539589 0.0443628 0.0142366 0.1729918 0.0832851 0.0410579 0.0061738 0.0114476 0.0178197
 47 M  47 0.0000000 0.0073337 0.0000000 0.0000000 0.0000000 0.0075069 0.0047144 0.0000000 0.0000000 0.1874897 0.2337429 0.0000000 0.4977492 0.0246691 0.0000000 0.0000000 0.0096038 0.0000000 0.0042161 0.0229743
 48 A  48 0.0624615 0.0616534 0.0036388 0.0088227 0.0368568 0.0109413 0.0027408 0.0156317 0.0201147 0.0406531 0.1248502 0.0000000 0.0447081 0.0594222 0.0000000 0.1340046 0.1549636 0.0315577 0.1307230 0.0562558
 49 F  49 0.0000000 0.0700776 0.0000000 0.0000000 0.0097132 0.0000000 0.0000000 0.0000000 0.0481579 0.0114154 0.1034656 0.0136995 0.0525791 0.6004029 0.0000000 0.0087872 0.0000000 0.0281467 0.0236348 0.0299201
 50 G  50 0.1736692 0.0408282 0.0449242 0.0090090 0.0069639 0.0466435 0.0234858 0.4972218 0.0130291 0.0075183 0.0040792 0.0312642 0.0069722 0.0045805 0.0043827 0.0725659 0.0059333 0.0000000 0.0045571 0.0023717
 51 G  51 0.0434952 0.0328029 0.0299325 0.0196120 0.0107594 0.0028790 0.0065216 0.7708648 0.0000000 0.0043641 0.0140635 0.0113240 0.0000000 0.0177607 0.0054090 0.0176367 0.0125747 0.0000000 0.0000000 0.0000000
 52 S  52 0.0090312 0.0079108 0.0787614 0.0446400 0.0000000 0.0117904 0.0441917 0.0160786 0.0073657 0.0000000 0.0217062 0.0710203 0.0050682 0.0000000 0.0110451 0.4016329 0.2588497 0.0000000 0.0000000 0.0109078
 53 S  53 0.0541304 0.0060126 0.0652106 0.1780019 0.0225083 0.0295091 0.1286716 0.0344234 0.0322709 0.0049877 0.0099536 0.0645256 0.0027973 0.0938710 0.0247980 0.0790857 0.1408182 0.0000000 0.0150178 0.0134063
 54 E  54 0.0959416 0.0214608 0.0116450 0.3105577 0.0043756 0.0287721 0.3709833 0.0186697 0.0029136 0.0107599 0.0264550 0.0173429 0.0048629 0.0000000 0.0057271 0.0239416 0.0287646 0.0000000 0.0000000 0.0168266
 55 P  55 0.0234612 0.0058864 0.0234379 0.0319088 0.0000000 0.0121706 0.0049522 0.0146265 0.0050820 0.0000000 0.0144721 0.0468148 0.0000000 0.0000000 0.7764203 0.0112936 0.0181874 0.0000000 0.0112862 0.0000000
 56 C  56 0.3347290 0.0036417 0.0055031 0.0000000 0.2908575 0.0000000 0.0000000 0.0569297 0.0063919 0.0162663 0.0455102 0.0058973 0.0270841 0.0091363 0.0000000 0.0473239 0.0586844 0.0082647 0.0191962 0.0645837
 57 A  57 0.5239979 0.0000000 0.0000000 0.0000000 0.0970071 0.0000000 0.0000000 0.0406441 0.0000000 0.0331487 0.0088328 0.0000000 0.0225446 0.0425470 0.0050768 0.0058841 0.0344102 0.0000000 0.1344361 0.0514705
 58 L  58 0.0057637 0.0096216 0.0049997 0.0000000 0.0128820 0.0699228 0.0000000 0.0000000 0.0144896 0.0992032 0.1882864 0.0048413 0.0571268 0.1767885 0.0000000 0.0260689 0.0231244 0.0044278 0.2257025 0.0767509
 59 C  59 0.0871029 0.0020893 0.0000000 0.0000000 0.0985073 0.0000000 0.0000000 0.0673098 0.0000000 0.1327130 0.1919769 0.0000000 0.0887858 0.0163302 0.0000000 0.0127087 0.0029422 0.0000000 0.0069251 0.2926087
 60 S  60 0.0070603 0.0558711 0.0640629 0.0589162 0.0111253 0.0218736 0.3250602 0.0000000 0.0339397 0.0048420 0.0226744 0.0530251 0.0072893 0.0217207 0.0000000 0.1527358 0.1145172 0.0000000 0.0104617 0.0348245
 61 L  61 0.0141060 0.0000000 0.0000000 0.0000000 0.0146689 0.0000000 0.0000000 0.0000000 0.0000000 0.2460139 0.3225593 0.0000000 0.0078805 0.0387621 0.0000000 0.0000000 0.0044615 0.0000000 0.0049901 0.3465576
 62 H  62 0.0335687 0.0810565 0.0348408 0.0076164 0.0050836 0.0427804 0.0400093 0.0133176 0.0779531 0.0315510 0.0097924 0.2002494 0.0349273 0.0353760 0.0000000 0.1335136 0.1203883 0.0000000 0.0417293 0.0562464
 63 S  63 0.1778413 0.0050958 0.0174913 0.0078501 0.0210394 0.0000000 0.0000000 0.0179961 0.0000000 0.0592667 0.0561422 0.0029209 0.0000000 0.0097316 0.0038905 0.5172354 0.0389263 0.0000000 0.0112732 0.0532993
 64 I  64 0.0040615 0.0000000 0.0000000 0.0000000 0.0080066 0.0028602 0.0075676 0.0000000 0.0042557 0.4799177 0.2166482 0.0093654 0.0186618 0.0717065 0.0000000 0.0231683 0.0321463 0.0037878 0.0520113 0.0658351
 65 G  65 0.0195583 0.0202759 0.0338704 0.0219224 0.0221622 0.0066549 0.0000000 0.6922472 0.0049641 0.0000000 0.0068792 0.0066004 0.0000000 0.0000000 0.0656243 0.0526265 0.0252521 0.0042206 0.0050725 0.0120689
 66 K  66 0.0784950 0.0317018 0.0878029 0.0349676 0.0176566 0.0270966 0.0260804 0.1765786 0.0423934 0.0067338 0.0367367 0.1384400 0.0114580 0.0000000 0.0244724 0.1137293 0.0467376 0.0000000 0.0000000 0.0989191
 67 I  67 0.0286490 0.0000000 0.0100578 0.0000000 0.0041121 0.0045115 0.0148494 0.0103320 0.0026115 0.2415165 0.3104272 0.0000000 0.0583966 0.0711089 0.0218201 0.0304039 0.0482137 0.0000000 0.0161054 0.1268844
 68 G  68 0.0706951 0.0250070 0.1069791 0.1084190 0.0085301 0.0373590 0.0411538 0.2345810 0.0103038 0.0000000 0.0079503 0.0466504 0.0000000 0.0000000 0.0581751 0.1597939 0.0844024 0.0000000 0.0000000 0.0000000
 69 G  69 0.1227390 0.0761352 0.0151195 0.0530041 0.0000000 0.0205732 0.0509015 0.0998851 0.0237782 0.0181858 0.0323266 0.0408957 0.0031318 0.0063644 0.3330136 0.0538267 0.0149994 0.0000000 0.0108494 0.0242710
 70 A  70 0.1311525 0.0272515 0.0203984 0.0983602 0.0000000 0.0409684 0.2769639 0.0354007 0.0000000 0.0503177 0.0228639 0.0398210 0.0000000 0.0000000 0.0257524 0.1297400 0.0820989 0.0000000 0.0000000 0.0189106
 71 Q  71 0.0951777 0.0561366 0.0488933 0.0505843 0.0140969 0.1572679 0.1333339 0.0403030 0.0117966 0.0038954 0.0660900 0.0811258 0.0112358 0.0077714 0.0045723 0.0149608 0.1166821 0.0000000 0.0157235 0.0703526
 72 N  72 0.0191025 0.0061588 0.5921991 0.0099173 0.0434361 0.0045595 0.0000000 0.0000000 0.0065101 0.0217258 0.0108634 0.0863298 0.0000000 0.0173013 0.0202509 0.0229073 0.0808964 0.0141290 0.0358767 0.0078362
 73 R  73 0.0237568 0.1311234 0.0401712 0.0346636 0.0197462 0.0347516 0.1358926 0.0479364 0.0072281 0.0283528 0.0560053 0.2778235 0.0036149 0.0036629 0.0669603 0.0364243 0.0148309 0.0000000 0.0169560 0.0200993
 74 S  74 0.1076978 0.1755314 0.0469439 0.0201519 0.0022105 0.0575783 0.1199905 0.0376860 0.0123711 0.0151756 0.0113664 0.2380632 0.0109978 0.0000000 0.0000000 0.0787967 0.0514381 0.0000000 0.0000000 0.0140007
 75 Y  75 0.0242126 0.0111804 0.0688296 0.0000000 0.0043478 0.0043720 0.0000000 0.0000000 0.1356419 0.0682608 0.2157949 0.0053888 0.0891863 0.0849236 0.0000000 0.0202592 0.0241885 0.0129889 0.2010227 0.0294021
 76 S  76 0.1921063 0.0000000 0.0245578 0.0048356 0.0222450 0.0000000 0.0000000 0.0195337 0.0047872 0.0470350 0.0000000 0.0044982 0.0000000 0.0000000 0.0000000 0.4072380 0.2401093 0.0000000 0.0040252 0.0290287
 77 K  77 0.2933085 0.0241705 0.0089672 0.0628694 0.0000000 0.0428620 0.0709289 0.0359271 0.0074247 0.0257366 0.0170012 0.2325812 0.0000000 0.0036070 0.0111161 0.0920535 0.0336521 0.0000000 0.0013928 0.0364014
 78 L  78 0.2258716 0.0540963 0.0230693 0.0351644 0.0000000 0.0326554 0.0900243 0.0168432 0.0180567 0.0327847 0.1879312 0.1345562 0.0161119 0.0034783 0.0121401 0.0243384 0.0497674 0.0000000 0.0046875 0.0384229
 79 L  79 0.0059055 0.0000000 0.0000000 0.0000000 0.0000000 0.0000000 0.0000000 0.0000000 0.0000000 0.4003444 0.3494411 0.0000000 0.0406093 0.1355148 0.0000000 0.0000000 0.0000000 0.0000000 0.0035450 0.0646399
 80 C  80 0.0756378 0.0055231 0.0000000 0.0000000 0.2182922 0.1356192 0.0067917 0.0278403 0.0088608 0.0103550 0.0315755 0.0048649 0.0330098 0.1301981 0.0026306 0.1037025 0.1438698 0.0000000 0.0519910 0.0092377
 81 G  81 0.1188128 0.0328566 0.0390619 0.1411326 0.0079278 0.0568586 0.2307714 0.0703759 0.0091649 0.0043716 0.0036451 0.1204858 0.0044122 0.0000000 0.0176280 0.0641187 0.0783761 0.0000000 0.0000000 0.0000000
 82 L  82 0.0943522 0.0034588 0.0000000 0.0080714 0.0048177 0.0112340 0.0458045 0.0036307 0.0695373 0.1398936 0.2241701 0.0087722 0.0114820 0.2211844 0.0040051 0.0080177 0.0360535 0.0135260 0.0442147 0.0477741
 83 L  83 0.0191659 0.0000000 0.0000000 0.0040871 0.0237505 0.0000000 0.0000000 0.0000000 0.0000000 0.2052197 0.4668221 0.0000000 0.0764849 0.0793278 0.0000000 0.0000000 0.0069660 0.0047307 0.0246611 0.0887841
 84 A  84 0.0883500 0.0261018 0.0734118 0.0090380 0.0132360 0.1358057 0.2364081 0.0176337 0.0608068 0.0022532 0.0199024 0.0643185 0.0112550 0.0038081 0.0000000 0.0947490 0.1029850 0.0000000 0.0277481 0.0121888
 85 E  85 0.0691863 0.0176494 0.0497173 0.1187437 0.0000000 0.0923832 0.2501572 0.0326316 0.0027636 0.0086689 0.0034629 0.2193146 0.0048861 0.0000000 0.0000000 0.0523935 0.0755860 0.0000000 0.0000000 0.0024558
 86 R  86 0.0539159 0.0461948 0.0449365 0.0049558 0.0028663 0.0636195 0.2502741 0.0046836 0.1011767 0.0742984 0.0208793 0.1443786 0.0026929 0.0045484 0.0079130 0.0303649 0.0680768 0.0000000 0.0095577 0.0646667
 87 L  87 0.0101840 0.0000000 0.0000000 0.0000000 0.0172800 0.0000000 0.0000000 0.0000000 0.0000000 0.0381848 0.7966435 0.0000000 0.0268543 0.0484263 0.0000000 0.0000000 0.0523307 0.0000000 0.0045222 0.0055742
 88 R  88 0.0494602 0.0345787 0.0504735 0.0449709 0.0062742 0.0164901 0.0066572 0.5143523 0.0680870 0.0000000 0.0056935 0.0978032 0.0000000 0.0027174 0.0089970 0.0790745 0.0065861 0.0000000 0.0077840 0.0000000
 89 I  89 0.0027212 0.0000000 0.0075983 0.0000000 0.0000000 0.0000000 0.0000000 0.0000000 0.0000000 0.4734482 0.1226216 0.0000000 0.0065752 0.0053518 0.0000000 0.0000000 0.0101727 0.0000000 0.0148425 0.3566685
 90 S  90 0.0780307 0.0070199 0.0238725 0.0974462 0.0016996 0.0356518 0.0593854 0.0383806 0.0118180 0.0000000 0.0281288 0.0590307 0.0000000 0.0000000 0.4079737 0.1191199 0.0258254 0.0000000 0.0000000 0.0066170
 91 P  91 0.1199779 0.0219342 0.0141178 0.0079842 0.0024852 0.0852697 0.0250784 0.0708187 0.0041239 0.0241480 0.0216957 0.1526583 0.0019162 0.0031562 0.3204300 0.0913323 0.0099145 0.0000000 0.0075512 0.0154075
 92 D  92 0.0673389 0.0172719 0.1531777 0.3729456 0.0045605 0.0207583 0.1296150 0.0327274 0.0127571 0.0000000 0.0068981 0.0154622 0.0032786 0.0024760 0.0000000 0.0978232 0.0515660 0.0000000 0.0082622 0.0030812
 93 R  93 0.0313833 0.7503049 0.0434432 0.0177490 0.0022974 0.0323125 0.0000000 0.0000000 0.0454497 0.0000000 0.0000000 0.0337630 0.0000000 0.0000000 0.0035103 0.0259840 0.0000000 0.0034804 0.0027068 0.0076155
 94 V  94 0.0106612 0.0000000 0.0072312 0.0000000 0.0417125 0.0140661 0.0000000 0.1803792 0.0000000 0.3225319 0.0294734 0.0000000 0.0661163 0.0863185 0.0000000 0.0137717 0.0213429 0.0000000 0.0038588 0.2025364
 95 Y  95 0.0000000 0.0055724 0.0097919 0.0000000 0.0035444 0.0000000 0.0041765 0.0000000 0.0042720 0.0717620 0.0571262 0.0103934 0.0219859 0.1231118 0.0000000 0.0096488 0.0135541 0.0000000 0.5652508 0.0998096
 96 I  96 0.0030148 0.0000000 0.0000000 0.0000000 0.0029541 0.0000000 0.0000000 0.0021708 0.0000000 0.5537311 0.1362620 0.0000000 0.0466226 0.0266944 0.0000000 0.0000000 0.0216602 0.0000000 0.0000000 0.2068899
 97 N  97 0.0525989 0.1282999 0.1404663 0.0154907 0.0064126 0.0324628 0.1019813 0.0097043 0.0306294 0.0228127 0.0701787 0.1684840 0.0101114 0.0091473 0.0000000 0.0677365 0.0863598 0.0000000 0.0112950 0.0358284
 98 Y  98 0.0000000 0.0000000 0.0000000 0.0000000 0.0071158 0.0000000 0.0000000 0.0000000 0.0040006 0.0548172 0.0483286 0.0000000 0.0211736 0.6197569 0.0000000 0.0030174 0.0000000 0.0000000 0.2211721 0.0206179
 99 C  99 0.0635873 0.0277998 0.0306128 0.0694295 0.0065925 0.0627987 0.0922545 0.0073793 0.0822388 0.0581517 0.0342698 0.0054079 0.0023350 0.0841754 0.0000000 0.0705596 0.0775252 0.0045361 0.1135956 0.1067505
100 D 100 0.0491807 0.0154303 0.0837206 0.4235267 0.0000000 0.0030751 0.1369387 0.0037729 0.0084767 0.0075125 0.0033752 0.0000000 0.0000000 0.0165362 0.1728508 0.0475709 0.0116490 0.0000000 0.0053088 0.0110750
101 M 101 0.0845694 0.0121190 0.0097297 0.0000000 0.0296236 0.0124276 0.0041716 0.0000000 0.0055347 0.1359833 0.1913200 0.0247570 0.1284432 0.0113969 0.0604344 0.0332837 0.0375395 0.0000000 0.0120840 0.2065821
102 N 102 0.0849929 0.0149766 0.1013084 0.1052679 0.0046265 0.0561442 0.1377366 0.0470603 0.0000000 0.0045875 0.0027854 0.0729157 0.0000000 0.0000000 0.1977620 0.1124310 0.0485527 0.0000000 0.0055499 0.0033025
103 A 103 0.2592775 0.1234591 0.0051082 0.0106674 0.0000000 0.0136363 0.1248998 0.0991811 0.0000000 0.0039685 0.0107768 0.0136782 0.0092735 0.0129701 0.1814914 0.0417730 0.0627483 0.0000000 0.0100249 0.0170659
104 A 104 0.1943419 0.0024393 0.0218898 0.0504675 0.0033143 0.0531221 0.1819271 0.0272002 0.0896652 0.0077625 0.0221990 0.0495578 0.0019723 0.0098628 0.0139232 0.1452339 0.0360949 0.0543789 0.0246376 0.0100096
105 N 105 0.0053637 0.0105700 0.3760675 0.1247644 0.0242070 0.0822082 0.0372041 0.0087366 0.0716337 0.0044750 0.0602217 0.0000000 0.0474059 0.0525665 0.0000000 0.0555987 0.0205144 0.0020646 0.0163982 0.0000000
106 V 106 0.0031375 0.0000000 0.0000000 0.0000000 0.0271670 0.0037632 0.0000000 0.0000000 0.0000000 0.1263201 0.0800620 0.0000000 0.0422791 0.1465615 0.0000000 0.0035617 0.0121072 0.3251545 0.0204484 0.2094377
107 G 107 0.2443968 0.0000000 0.0000000 0.0085547 0.0000000 0.0074244 0.0000000 0.7232469 0.0000000 0.0000000 0.0000000 0.0000000 0.0000000 0.0000000 0.0000000 0.0127472 0.0000000 0.0000000 0.0000000 0.0036299
108 W 108 0.0092804 0.0126958 0.0158793 0.0000000 0.0243343 0.0115676 0.0000000 0.0050948 0.0124915 0.0390638 0.0055157 0.0716465 0.0334634 0.1260791 0.0000000 0.0130660 0.0965121 0.3645330 0.1246547 0.0341220
109 N 109 0.0084957 0.0116034 0.5875718 0.0614008 0.0000000 0.0512766 0.0063793 0.0939063 0.0000000 0.0094536 0.0091253 0.0997241 0.0040774 0.0000000 0.0068310 0.0501546 0.0000000 0.0000000 0.0000000 0.0000000
110 N 110 0.0112933 0.0101863 0.0329017 0.0077430 0.0000000 0.0000000 0.0056069 0.8423068 0.0100070 0.0000000 0.0000000 0.0164258 0.0000000 0.0000000 0.0000000 0.0516254 0.0000000 0.0000000 0.0119038 0.0000000
111 S 111 0.0239083 0.0811041 0.0179437 0.0111021 0.0000000 0.0061473 0.0000000 0.0698127 0.0057573 0.0167959 0.0000000 0.1140984 0.0165928 0.0067579 0.0000000 0.2550417 0.3246411 0.0000000 0.0198103 0.0304862
112 T 112 0.0061155 0.0000000 0.1054773 0.0000000 0.0000000 0.0000000 0.0000000 0.0000000 0.0000000 0.0072654 0.0301107 0.0000000 0.0061571 0.0000000 0.0062680 0.0099537 0.7635638 0.0000000 0.0000000 0.0650887
113 F 113 0.0000000 0.0071360 0.0000000 0.0065762 0.0000000 0.0000000 0.0000000 0.0000000 0.0000000 0.0824735 0.0062774 0.0000000 0.1197106 0.6610857 0.0000000 0.0000000 0.0041966 0.0000000 0.0339024 0.0786416
114 A 114 0.1397545 0.0122710 0.0000000 0.0028147 0.0000000 0.0037279 0.0147160 0.1024533 0.0175316 0.0052929 0.0027533 0.0190758 0.5981030 0.0031431 0.0000000 0.0216651 0.0304223 0.0000000 0.0150650 0.0112104
115 P 115 0.0289269 0.0015265 0.0044769 0.0411543 0.0000000 0.0470856 0.0394775 0.0089074 0.0133256 0.0043720 0.0000000 0.0095028 0.0000000 0.0000000 0.7443150 0.0418682 0.0150613 0.0000000 0.0000000 0.0000000
116 M 116 0.0210094 0.0083180 0.0045422 0.0000000 0.0896309 0.0089452 0.0538742 0.0067060 0.0225844 0.1312321 0.1434094 0.0223890 0.0858132 0.1606834 0.0000000 0.0394190 0.0590692 0.0000000 0.1048293 0.0375449
117 F 117 0.0773415 0.0000000 0.0047456 0.0000000 0.0422467 0.0000000 0.0000000 0.0000000 0.0000000 0.2880744 0.2442801 0.0063105 0.0149213 0.1138794 0.0327936 0.0000000 0.0095313 0.0000000 0.0219157 0.1439598
118 I 118 0.0242855 0.0724993 0.1107131 0.0358351 0.0000000 0.0681638 0.2160944 0.0099252 0.0136076 0.0471817 0.0124167 0.0897747 0.0286943 0.0166275 0.0000000 0.0612000 0.1003950 0.0000000 0.0198120 0.0727743
119 V 119 0.0124398 0.0144336 0.0000000 0.0000000 0.0040329 0.0000000 0.0073528 0.0000000 0.0000000 0.2835981 0.3048355 0.0000000 0.0337317 0.0201319 0.0071443 0.0420358 0.0137381 0.0000000 0.0000000 0.2565254
120 N 120 0.0291145 0.1027534 0.0792575 0.0575377 0.0021673 0.1167277 0.0743960 0.0000000 0.0578032 0.0152136 0.0191796 0.1794007 0.0000000 0.0457592 0.0000000 0.0826969 0.0952070 0.0000000 0.0283091 0.0144765
121 T 121 0.0111401 0.0120623 0.0000000 0.0000000 0.0068711 0.0000000 0.0154022 0.0000000 0.0000000 0.0121794 0.0236086 0.0000000 0.0044865 0.0000000 0.0000000 0.0781215 0.7989490 0.0000000 0.0000000 0.0371793
122 N 122 0.0137571 0.0053247 0.7837470 0.0000000 0.0000000 0.0131053 0.0000000 0.0000000 0.0199714 0.0000000 0.0000000 0.0116757 0.0000000 0.0000000 0.0081372 0.1130568 0.0264094 0.0000000 0.0000000 0.0048155
123 V 123 0.0205333 0.0046392 0.0000000 0.0000000 0.0047569 0.0367242 0.0047749 0.0000000 0.0040962 0.0844733 0.1892802 0.0283343 0.0048284 0.0163332 0.0000000 0.0406051 0.0238139 0.0000000 0.0085121 0.5282948
124 P 124 0.1132839 0.0424367 0.0555056 0.0250152 0.0112064 0.0389429 0.0147701 0.0000000 0.0000000 0.0180926 0.0226661 0.1267786 0.0000000 0.0032139 0.2939963 0.1828275 0.0433306 0.0000000 0.0000000 0.0079336
125 R 125 0.1783515 0.0592879 0.0061640 0.0327790 0.0107998 0.0326245 0.0585851 0.0028373 0.0168781 0.0949798 0.1693100 0.0795048 0.0237306 0.0223994 0.0195726 0.0560064 0.0312635 0.0000000 0.0030938 0.1018320
126 A 126 0.1035530 0.0031183 0.0320948 0.2421823 0.0073445 0.0149388 0.0500795 0.0247570 0.0119103 0.0328537 0.0092899 0.0408723 0.0000000 0.0021965 0.0463728 0.2434585 0.0815863 0.0000000 0.0039523 0.0494393
127 S 127 0.0869057 0.1042719 0.0629706 0.1620705 0.0000000 0.0607920 0.0861980 0.0643072 0.0117578 0.0000000 0.0021740 0.1471754 0.0000000 0.0022171 0.0229140 0.1268129 0.0244873 0.0000000 0.0075141 0.0274314
128 V 128 0.0718137 0.0099810 0.0194846 0.1625252 0.0040365 0.0333237 0.1511783 0.0126555 0.0048009 0.1176722 0.0488100 0.0185493 0.0044466 0.0365851 0.0046409 0.0102501 0.0247843 0.0000000 0.0000000 0.2644621
129 P 129 0.0431188 0.0188626 0.0105277 0.0411579 0.0026601 0.0785435 0.0883606 0.0099009 0.0000000 0.0212912 0.0021645 0.1606053 0.0054305 0.0094623 0.2970369 0.0667933 0.1066399 0.0019457 0.0000000 0.0354984
130 D 130 0.1160768 0.0237839 0.0496857 0.1238190 0.0000000 0.0625441 0.2050270 0.0051080 0.0234530 0.0057712 0.0032306 0.1228630 0.0000000 0.0292156 0.0291267 0.1381122 0.0238459 0.0000000 0.0154810 0.0228564
131 G 131 0.1576236 0.0051311 0.0338947 0.1746883 0.0000000 0.0170114 0.1525185 0.1606188 0.0114763 0.0044123 0.0022860 0.0754947 0.0025760 0.0018785 0.0125626 0.1075845 0.0620368 0.0000000 0.0000000 0.0182059
132 F 132 0.0287657 0.0158917 0.0088955 0.0000000 0.0053176 0.0000000 0.0105099 0.0000000 0.0000000 0.1609048 0.3514676 0.0000000 0.0033647 0.3420333 0.0000000 0.0079519 0.0326428 0.0000000 0.0000000 0.0322544
133 L 133 0.0750411 0.0075472 0.0109141 0.0099337 0.0224519 0.0103167 0.0706405 0.0041906 0.0188685 0.0743145 0.4190318 0.0970955 0.0442382 0.0439562 0.0059721 0.0148342 0.0095097 0.0000000 0.0023866 0.0587569
134 S 134 0.0636211 0.0460805 0.0078214 0.0158881 0.0015569 0.0494261 0.0677043 0.0084257 0.0000000 0.0127585 0.0589814 0.3120251 0.0031063 0.0000000 0.0045801 0.2020823 0.1035691 0.0000000 0.0000000 0.0423734
135 E 135 0.0807428 0.1060839 0.0312683 0.1400530 0.0000000 0.0535523 0.2609562 0.0245105 0.0000000 0.0095530 0.0138933 0.1042991 0.0000000 0.0000000 0.0000000 0.0616277 0.0800173 0.0112290 0.0031467 0.0190667
136 L 136 0.1330054 0.0000000 0.0053873 0.0000000 0.0151077 0.0000000 0.0019398 0.0000000 0.0000000 0.1240869 0.4308612 0.0000000 0.0186169 0.0958891 0.0000000 0.0177331 0.0627329 0.0000000 0.0124189 0.0822207
137 T 137 0.0765832 0.0023350 0.0000000 0.0039096 0.0733193 0.0000000 0.0293261 0.1281750 0.0057625 0.0273703 0.0036887 0.0045622 0.0000000 0.0000000 0.0109386 0.4108691 0.1841654 0.0000000 0.0163371 0.0226578
138 Q 138 0.1130398 0.0875586 0.0425820 0.0441195 0.0021778 0.0942882 0.0809219 0.0161810 0.0380559 0.0167780 0.0171713 0.2358572 0.0000000 0.0177065 0.0073280 0.1028850 0.0366013 0.0000000 0.0305167 0.0162314
139 Q 139 0.2578893 0.0272921 0.0167319 0.0036906 0.0050378 0.0531615 0.0493125 0.0210629 0.0409923 0.0501475 0.1757494 0.0336059 0.0262428 0.0521774 0.0000000 0.0542454 0.0666519 0.0000000 0.0057313 0.0602774
140 L 140 0.0727749 0.0088280 0.0000000 0.0000000 0.0092775 0.0000000 0.0000000 0.0048719 0.0000000 0.2097314 0.3075913 0.0000000 0.0828714 0.0242287 0.0000000 0.0057513 0.0447444 0.0050044 0.0000000 0.2243247
141 A 141 0.5037206 0.0139469 0.0000000 0.0000000 0.0276442 0.0067170 0.0320815 0.0236964 0.0000000 0.0037302 0.0087297 0.0125874 0.0030691 0.0000000 0.0104379 0.2692227 0.0615453 0.0000000 0.0073522 0.0155189
142 Q 142 0.0700012 0.0803552 0.0460119 0.0561476 0.0021959 0.0697436 0.1596146 0.0181622 0.0031844 0.0345140 0.0433627 0.2121524 0.0117695 0.0121652 0.0000000 0.0729122 0.0812860 0.0000000 0.0000000 0.0264215
143 A 143 0.1074465 0.0962806 0.0105277 0.0077268 0.0034845 0.0198166 0.0187677 0.0109609 0.0337409 0.2487780 0.1655481 0.0191725 0.0191748 0.0161770 0.0000000 0.0387851 0.0520299 0.0039079 0.0000000 0.1276745
144 T 144 0.0104767 0.0000000 0.0000000 0.0045280 0.0037365 0.0000000 0.0000000 0.0000000 0.0000000 0.0944503 0.4242272 0.0000000 0.0797714 0.0407453 0.1390223 0.0094877 0.0990521 0.0000000 0.0711958 0.0233068
145 G 145 0.0113484 0.0217912 0.0753813 0.0470053 0.0030009 0.0827184 0.0304862 0.5522293 0.0101445 0.0000000 0.0000000 0.1035122 0.0000000 0.0000000 0.0075986 0.0373493 0.0130233 0.0000000 0.0000000 0.0044111
146 K 146 0.0000000 0.1328128 0.0083111 0.0076720 0.0000000 0.0000000 0.0059601 0.0000000 0.0000000 0.0000000 0.0070023 0.7834158 0.0107360 0.0040642 0.0000000 0.0200804 0.0106485 0.0000000 0.0000000 0.0092968
147 P 147 0.0075385 0.0085088 0.0107877 0.0360556 0.0000000 0.0025107 0.0127926 0.0035250 0.0087064 0.0000000 0.0039060 0.0236481 0.0000000 0.0000000 0.6620051 0.1692274 0.0450517 0.0000000 0.0057364 0.0000000
148 P 148 0.0895069 0.0174398 0.0098371 0.0077539 0.0000000 0.0298400 0.5760680 0.0077444 0.0000000 0.0248573 0.0356488 0.0422609 0.0104941 0.0000000 0.0374098 0.0273622 0.0283580 0.0000000 0.0000000 0.0554189
149 Q 149 0.0935502 0.0469560 0.0557758 0.0923500 0.0000000 0.0981779 0.1039996 0.0312554 0.0085340 0.0078727 0.0038673 0.0740994 0.0073640 0.0023006 0.0214179 0.3045117 0.0384089 0.0035700 0.0000000 0.0059886
150 Y 150 0.0299966 0.1115613 0.0165150 0.0130125 0.0113637 0.0295956 0.0077677 0.0162554 0.0146487 0.0072239 0.0388697 0.0323735 0.0032964 0.0727337 0.0000000 0.0885046 0.0047314 0.0947395 0.3746100 0.0322007
151 I 151 0.0053797 0.0000000 0.0000000 0.0000000 0.0296590 0.0000000 0.0000000 0.0000000 0.0000000 0.2851593 0.1503763 0.0000000 0.0776477 0.0338439 0.0000000 0.0155804 0.0222704 0.0000000 0.0000000 0.3800833
152 A 152 0.1179921 0.0000000 0.0530968 0.0000000 0.0388204 0.0029634 0.0081029 0.0038790 0.0000000 0.0294105 0.0448801 0.0000000 0.4630207 0.0188026 0.0000000 0.0574849 0.0626623 0.0070649 0.0000000 0.0918192
153 V 153 0.0388240 0.0000000 0.0000000 0.0000000 0.0197258 0.0000000 0.0000000 0.0049994 0.0000000 0.1281994 0.0587050 0.0000000 0.0241396 0.0000000 0.0000000 0.0224123 0.0991119 0.0000000 0.0000000 0.6038824
154 H 154 0.0535859 0.0389870 0.0656795 0.0125654 0.0177254 0.0567197 0.0341527 0.0617871 0.1248001 0.0300116 0.0576526 0.0151726 0.0453600 0.0033178 0.0124123 0.1279327 0.1738766 0.0000000 0.0063145 0.0619465
155 V 155 0.0080961 0.0000000 0.0000000 0.0000000 0.0022013 0.0000000 0.0050388 0.0036361 0.0000000 0.2077247 0.2755348 0.0000000 0.0121166 0.1450047 0.0000000 0.0082897 0.0022490 0.0060321 0.0354081 0.2886681
156 V 156 0.0303305 0.0830583 0.0998003 0.1007761 0.0039314 0.0911224 0.2180344 0.0000000 0.0450414 0.0314246 0.0283221 0.0670763 0.0121213 0.0000000 0.0000000 0.0392156 0.0571090 0.0000000 0.0062664 0.0863698
157 P 157 0.0536869 0.0074478 0.0000000 0.1966014 0.0075293 0.0238849 0.0220103 0.1060414 0.0894834 0.0000000 0.0182314 0.0119654 0.0029212 0.0045392 0.2274620 0.0596480 0.1072482 0.0000000 0.0442482 0.0170509
158 D 158 0.0383601 0.0156869 0.1886112 0.2337211 0.0047006 0.0186064 0.0687822 0.2535425 0.0116333 0.0027850 0.0019907 0.0138216 0.0000000 0.0000000 0.0027126 0.1087639 0.0216702 0.0000000 0.0000000 0.0146117
159 Q 159 0.1384751 0.0185080 0.0000000 0.0100340 0.0521744 0.1991459 0.0419819 0.0179850 0.0083850 0.0309168 0.0708896 0.0627808 0.0274893 0.0018076 0.0271176 0.0369627 0.0511610 0.0000000 0.0420538 0.1621315
160 L 160 0.0701033 0.0867239 0.0261373 0.0615295 0.0845842 0.0534113 0.0165911 0.0167116 0.0305957 0.0274004 0.0658671 0.0511951 0.0448947 0.0120722 0.1791361 0.0955675 0.0426304 0.0057341 0.0106938 0.0184206
161 M 161 0.0000000 0.0075557 0.0000000 0.0000000 0.0000000 0.0076605 0.0050608 0.0000000 0.0000000 0.1851754 0.2253580 0.0000000 0.5005211 0.0227076 0.0000000 0.0000000 0.0092967 0.0113478 0.0034541 0.0218624
162 A 162 0.0745879 0.0601489 0.0036513 0.0087566 0.0347696 0.0101727 0.0028084 0.0150310 0.0186077 0.0422340 0.1165028 0.0000000 0.0426307 0.0608792 0.0000000 0.1327513 0.1570490 0.0326513 0.1319622 0.0548052
163 F 163 0.0000000 0.0732148 0.0000000 0.0000000 0.0195939 0.0000000 0.0000000 0.0000000 0.0472941 0.0121605 0.0999313 0.0134042 0.0532949 0.5974698 0.0000000 0.0048375 0.0000000 0.0262805 0.0239071 0.0286115
164 G 164 0.1733667 0.0440287 0.0457039 0.0077510 0.0076332 0.0410483 0.0237151 0.5005411 0.0102194 0.0076724 0.0042262 0.0319854 0.0072216 0.0046183 0.0045192 0.0733432 0.0061622 0.0000000 0.0037715 0.0024724
165 G 165 0.0419194 0.0321384 0.0256886 0.0198650 0.0115075 0.0029343 0.0107548 0.7868067 0.0000000 0.0031158 0.0138777 0.0107966 0.0000000 0.0083568 0.0054660 0.0152630 0.0115094 0.0000000 0.0000000 0.0000000
166 S 166 0.0094437 0.0085231 0.0787405 0.0436918 0.0000000 0.0118060 0.0446873 0.0104726 0.0052793 0.0000000 0.0208866 0.0738601 0.0047989 0.0000000 0.0103696 0.4034752 0.2656052 0.0000000 0.0000000 0.0083601
167 S 167 0.0525951 0.0074127 0.0626892 0.1752386 0.0239206 0.0408413 0.1261411 0.0357121 0.0329846 0.0051564 0.0101996 0.0627350 0.0028762 0.0884670 0.0257204 0.0796828 0.1440928 0.0000000 0.0118563 0.0116781
168 E 168 0.1086783 0.0201943 0.0111069 0.3091866 0.0045033 0.0285978 0.3631972 0.0186393 0.0030130 0.0108031 0.0218515 0.0183659 0.0050440 0.0000000 0.0060483 0.0247289 0.0289528 0.0000000 0.0000000 0.0170888
169 P 169 0.0252641 0.0061086 0.0218040 0.0304445 0.0000000 0.0126430 0.0046789 0.0144961 0.0049253 0.0000000 0.0139717 0.0476020 0.0000000 0.0000000 0.7778010 0.0102042 0.0183855 0.0000000 0.0116711 0.0000000
170 C 170 0.3178511 0.0037516 0.0056478 0.0000000 0.2972161 0.0000000 0.0000000 0.0547658 0.0076462 0.0157676 0.0440797 0.0061121 0.0292485 0.0097315 0.0000000 0.0565122 0.0589582 0.0080021 0.0203018 0.0644078
171 A 171 0.5352952 0.0000000 0.0000000 0.0000000 0.0990937 0.0000000 0.0000000 0.0398538 0.0000000 0.0342449 0.0094748 0.0000000 0.0239645 0.0413260 0.0053469 0.0061756 0.0353094 0.0000000 0.1170586 0.0528566
172 L 172 0.0057129 0.0100338 0.0050232 0.0000000 0.0128220 0.0738792 0.0000000 0.0000000 0.0150240 0.0999693 0.1788283 0.0050779 0.0600555 0.1816774 0.0000000 0.0245790 0.0186807 0.0048784 0.2271998 0.0765586
173 C 173 0.0870503 0.0021196 0.0000000 0.0000000 0.1011685 0.0000000 0.0000000 0.0681372 0.0000000 0.1303586 0.1961710 0.0000000 0.0840388 0.0161967 0.0000000 0.0131125 0.0027397 0.0000000 0.0075819 0.2913252
174 S 174 0.0077485 0.0578619 0.0652582 0.0594405 0.0117482 0.0219554 0.3333052 0.0000000 0.0343378 0.0051829 0.0242550 0.0457347 0.0077028 0.0213966 0.0000000 0.1504142 0.1084711 0.0000000 0.0105260 0.0346611
175 L 175 0.0135827 0.0000000 0.0000000 0.0000000 0.0156954 0.0000000 0.0000000 0.0000000 0.0000000 0.2476697 0.3240109 0.0000000 0.0080377 0.0410166 0.0000000 0.0000000 0.0053275 0.0000000 0.0053858 0.3392735
176 H 176 0.0320179 0.0811223 0.0309512 0.0079576 0.0050101 0.0441576 0.0411193 0.0129909 0.0786707 0.0312133 0.0097057 0.2071557 0.0344341 0.0358202 0.0000000 0.1318209 0.1183298 0.0000000 0.0396361 0.0578865
177 S 177 0.1664161 0.0041310 0.0234193 0.0083219 0.0221072 0.0000000 0.0000000 0.0138010 0.0000000 0.0594394 0.0595163 0.0030934 0.0000000 0.0105557 0.0000000 0.5279102 0.0355165 0.0000000 0.0116512 0.0541209
178 I 178 0.0043148 0.0000000 0.0000000 0.0000000 0.0029930 0.0030955 0.0077713 0.0000000 0.0046318 0.4819061 0.2063139 0.0098201 0.0191398 0.0746740 0.0000000 0.0243958 0.0378414 0.0042708 0.0510062 0.0678255
179 G 179 0.0189566 0.0224507 0.0353473 0.0277499 0.0175027 0.0069256 0.0000000 0.6933991 0.0052216 0.0000000 0.0068016 0.0068658 0.0000000 0.0000000 0.0744900 0.0377513 0.0252128 0.0043466 0.0051563 0.0118221
180 K 180 0.0796214 0.0362798 0.0914714 0.0291450 0.0169916 0.0188716 0.0236737 0.1856074 0.0297170 0.0045015 0.0282653 0.1405253 0.0095912 0.0000000 0.0253529 0.1228527 0.0544644 0.0000000 0.0000000 0.1030678
181 I 181 0.0293041 0.0000000 0.0104156 0.0000000 0.0042926 0.0046477 0.0150411 0.0054688 0.0078622 0.2367487 0.3095861 0.0000000 0.0553390 0.0663252 0.0209140 0.0301373 0.0540945 0.0000000 0.0169966 0.1328264
182 G 182 0.0568824 0.0203942 0.1084001 0.1169571 0.0088827 0.0381083 0.0366627 0.2462378 0.0083146 0.0019158 0.0082646 0.0448640 0.0000000 0.0000000 0.0589880 0.1599542 0.0851733 0.0000000 0.0000000 0.0000000
183 G 183 0.1254304 0.0797034 0.0153417 0.0513928 0.0000000 0.0216085 0.0611716 0.1042445 0.0223058 0.0172038 0.0332097 0.0420491 0.0032330 0.0070770 0.3185299 0.0462822 0.0159549 0.0000000 0.0116566 0.0236052
184 A 184 0.1332176 0.0243717 0.0201850 0.0990456 0.0000000 0.0410543 0.2810289 0.0317993 0.0000000 0.0409033 0.0242770 0.0440133 0.0000000 0.0000000 0.0275343 0.1358608 0.0767720 0.0000000 0.0000000 0.0199368
185 Q 185 0.0940636 0.0551130 0.0533974 0.0537473 0.0119469 0.1634286 0.1359076 0.0391825 0.0120097 0.0039671 0.0663821 0.0770095 0.0092677 0.0079708 0.0044851 0.0154619 0.1061300 0.0000000 0.0174796 0.0730497
186 N 186 0.0199562 0.0064905 0.5892155 0.0065889 0.0446193 0.0047648 0.0000000 0.0000000 0.0065453 0.0222079 0.0117228 0.0898731 0.0000000 0.0183906 0.0199371 0.0197465 0.0817967 0.0152093 0.0348326 0.0081028
187 R 187 0.0236194 0.1331015 0.0411017 0.0353791 0.0204304 0.0364809 0.1455701 0.0472396 0.0076135 0.0282340 0.0458499 0.2761729 0.0027253 0.0044160 0.0686530 0.0370834 0.0147824 0.0000000 0.0132984 0.0182481
188 S 188 0.1105240 0.1575290 0.0443279 0.0209639 0.0034061 0.0593668 0.1253316 0.0385776 0.0116355 0.0166022 0.0117857 0.2424083 0.0116578 0.0000000 0.0000000 0.0820270 0.0491153 0.0000000 0.0000000 0.0147413
189 Y 189 0.0252682 0.0106565 0.0650755 0.0000000 0.0031330 0.0045580 0.0000000 0.0000000 0.1356551 0.0680577 0.2174068 0.0054961 0.0904848 0.0846949 0.0000000 0.0166964 0.0247614 0.0134314 0.2042274 0.0303968
