   80         A         R         N         D         C         Q         E         G         H         I         L         K         M         F         P         S         T         W         Y         V    
  1 N   1 0.0000000 0.0000000 0.0273270 0.0216454 0.0000000 0.0000000 0.0000000 0.9412930 0.0000000 0.0000000 0.0000000 0.0000000 0.0000000 0.0000000 0.0000000 0.0097345 0.0000000 0.0000000 0.0000000 0.0000000
  2 E   2 0.0511891 0.1082280 0.0035999 0.0015830 0.0000000 0.1346838 0.2545593 0.0031097 0.0072495 0.0031229 0.0399112 0.3546227 0.0042431 0.0033461 0.0087565 0.0084371 0.0052849 0.0000000 0.0051171 0.0029560
  3 Q   3 0.2437993 0.0923708 0.0115487 0.0382501 0.0000000 0.1357939 0.1765972 0.0102754 0.0192561 0.0110157 0.0144535 0.1280172 0.0000000 0.0019981 0.0069406 0.0334863 0.0551242 0.0000000 0.0019400 0.0191329
  4 L   4 0.0280377 0.0016584 0.0000000 0.0000000 0.0000000 0.0020371 0.0000000 0.0000000 0.0000000 0.1263447 0.6876583 0.0097247 0.0105734 0.0067903 0.0023967 0.0000000 0.0092601 0.0018913 0.0061814 0.1074457
  5 A   5 0.2614592 0.0000000 0.0000000 0.0000000 0.0000000 0.0000000 0.0000000 0.0000000 0.0028177 0.0646450 0.0589973 0.0000000 0.0389323 0.3951914 0.0000000 0.0053995 0.0090800 0.0387475 0.0602220 0.0645080
  6 K   6 0.0858858 0.0643534 0.0740614 0.0478981 0.0000000 0.1300899 0.1905579 0.0249292 0.0018519 0.0151941 0.0344073 0.1675432 0.0089942 0.0083848 0.0000000 0.0501078 0.0606696 0.0000000 0.0106737 0.0243977
  7 Q   7 0.1339915 0.0885939 0.0165470 0.0190796 0.0000000 0.1792356 0.0637798 0.0391753 0.0086168 0.0039796 0.0282259 0.1981743 0.0041144 0.0033254 0.0000000 0.1265381 0.0547048 0.0102689 0.0126717 0.0089773
  8 K   8 0.0327775 0.0357927 0.2241149 0.0000000 0.0000000 0.0574356 0.0127247 0.0291020 0.0441504 0.0051861 0.0410226 0.2203330 0.0285542 0.0112373 0.0000000 0.1413882 0.0153845 0.0126387 0.0824608 0.0056968
  9 G   9 0.0985393 0.0161795 0.2022271 0.0958137 0.0000000 0.0313762 0.0050516 0.3758561 0.0279136 0.0071467 0.0075688 0.0068240 0.0067221 0.0000000 0.0130665 0.0456403 0.0511246 0.0019503 0.0000000 0.0069997
 10 A  10 0.0134446 0.0000000 0.0000000 0.0000000 0.9865554 0.0000000 0.0000000 0.0000000 0.0000000 0.0000000 0.0000000 0.0000000 0.0000000 0.0000000 0.0000000 0.0000000 0.0000000 0.0000000 0.0000000 0.0000000
 11 M  11 0.2101196 0.0096050 0.0274928 0.0000000 0.0000000 0.0156981 0.0026060 0.0425189 0.0000000 0.0980769 0.1318645 0.0383884 0.1185415 0.0522121 0.0060149 0.0644118 0.0872903 0.0070069 0.0136681 0.0744842
 12 A  12 0.3682558 0.0198380 0.0370596 0.0069856 0.0000000 0.0368561 0.0035604 0.2300677 0.0015780 0.0039984 0.0066465 0.0232645 0.0124029 0.0157058 0.0000000 0.1452279 0.0659918 0.0017619 0.0028950 0.0179040
 13 A  13 0.0134372 0.0000000 0.0000000 0.0000000 0.9865628 0.0000000 0.0000000 0.0000000 0.0000000 0.0000000 0.0000000 0.0000000 0.0000000 0.0000000 0.0000000 0.0000000 0.0000000 0.0000000 0.0000000 0.0000000
 14 H  14 0.0000000 0.0000000 0.0000000 0.0000000 0.0000000 0.0000000 0.0000000 0.0000000 1.0000000 0.0000000 0.0000000 0.0000000 0.0000000 0.0000000 0.0000000 0.0000000 0.0000000 0.0000000 0.0000000 0.0000000
 15 D  15 0.2428722 0.0345574 0.0236431 0.0491954 0.0000000 0.0559902 0.0070227 0.1255593 0.0106070 0.0029615 0.0061302 0.0878656 0.0156756 0.0031109 0.0000000 0.1754645 0.1386888 0.0000000 0.0000000 0.0206556
 16 L  16 0.0655383 0.0065237 0.0123664 0.0177898 0.0000000 0.0155292 0.0278984 0.0193585 0.0027029 0.2114811 0.1338247 0.0128355 0.0467665 0.0165744 0.0705988 0.0192213 0.0494925 0.0000000 0.0213134 0.2501845
 17 K  17 0.0850153 0.0165901 0.0669724 0.4647887 0.0000000 0.0278464 0.1000826 0.0626763 0.0044767 0.0039900 0.0012904 0.0423375 0.0061066 0.0036188 0.0134853 0.0357971 0.0479889 0.0000000 0.0086041 0.0083328
 18 A  18 0.1268738 0.0795751 0.0302998 0.0135371 0.0000000 0.0544498 0.0530342 0.2193594 0.0199602 0.0048584 0.0109702 0.1753787 0.0122708 0.0035830 0.0173628 0.0950308 0.0586067 0.0000000 0.0045885 0.0202606
 19 K  19 0.0733360 0.0957407 0.0238450 0.0394416 0.0000000 0.0304740 0.0232039 0.1217269 0.0100125 0.0046525 0.0048017 0.3475892 0.0106513 0.0000000 0.0838348 0.0341622 0.0791431 0.0000000 0.0000000 0.0173847
 20 K  20 0.0466870 0.0494835 0.0181610 0.0072728 0.0000000 0.0204794 0.0059325 0.1513217 0.0121837 0.0371881 0.1533073 0.1068778 0.0669781 0.0420323 0.0160244 0.0925901 0.0315188 0.0000000 0.0400611 0.1019003
 21 V  21 0.0527746 0.0273377 0.0112268 0.0094049 0.0000000 0.0052395 0.0034805 0.0054149 0.0097111 0.1897552 0.0551530 0.0269150 0.0460682 0.0384030 0.0062067 0.0157080 0.0488393 0.0000000 0.0087980 0.4395637
 22 G  22 0.1205780 0.0000000 0.0000000 0.0000000 0.0022365 0.0000000 0.0030942 0.8490027 0.0000000 0.0000000 0.0000000 0.0000000 0.0000000 0.0043106 0.0020476 0.0160742 0.0000000 0.0000000 0.0026562 0.0000000
 23 P  23 0.0000000 0.0057306 0.0000000 0.0000000 0.0000000 0.0028396 0.0000000 0.0085370 0.0000000 0.0000000 0.0000000 0.0000000 0.0000000 0.0000000 0.9739787 0.0030777 0.0000000 0.0000000 0.0000000 0.0058364
 24 A  24 0.2471007 0.0050967 0.0934752 0.0903669 0.0000000 0.0014325 0.0410906 0.0395288 0.0000000 0.0000000 0.0051792 0.0046737 0.0039614 0.0000000 0.1154234 0.2797008 0.0628995 0.0000000 0.0038653 0.0062051
 25 Y  25 0.0023069 0.0028382 0.0000000 0.0000000 0.0000000 0.0000000 0.0000000 0.0000000 0.0018228 0.0190170 0.4777452 0.0000000 0.0167924 0.2299009 0.0108885 0.0020042 0.0078047 0.0824374 0.1213544 0.0250873
 26 A  26 0.1233613 0.0812910 0.0234239 0.0217808 0.0000000 0.0702829 0.0301297 0.0444661 0.0355388 0.0186067 0.0263265 0.2398239 0.0231851 0.0105251 0.0170082 0.0373311 0.1660095 0.0024100 0.0058460 0.0226535
 27 D  27 0.0598458 0.0234605 0.0728157 0.2311509 0.0000000 0.0533635 0.1343074 0.2468738 0.0510064 0.0087055 0.0039436 0.0356440 0.0060421 0.0067706 0.0035911 0.0189478 0.0233813 0.0056789 0.0027678 0.0117034
 28 V  28 0.0140601 0.0040267 0.0146259 0.0133399 0.0000000 0.0018374 0.0039847 0.0033332 0.0000000 0.3351027 0.1445596 0.0017882 0.0226541 0.0357600 0.0068005 0.0050549 0.0142984 0.0015136 0.0017453 0.3755147
 29 A  29 0.4682265 0.0115298 0.0094007 0.0086605 0.0000000 0.0280058 0.0123385 0.1210311 0.0185252 0.0106682 0.0354656 0.0207888 0.0182297 0.0367827 0.0000000 0.0583621 0.0310342 0.0232489 0.0656705 0.0220312
 30 K  30 0.1689297 0.0189639 0.0347850 0.0853852 0.0000000 0.0548925 0.1189199 0.1299146 0.0032580 0.0106425 0.0175316 0.1499702 0.0015258 0.0061747 0.0096570 0.0824348 0.0396463 0.0458137 0.0077109 0.0138440
 31 K  31 0.0174015 0.4371356 0.0111577 0.0044778 0.0000000 0.0238720 0.0086422 0.0081688 0.0231855 0.0313359 0.0465831 0.3422609 0.0043093 0.0030916 0.0000000 0.0200060 0.0039065 0.0000000 0.0018475 0.0126183
 32 Y  32 0.0053495 0.0580655 0.0202405 0.0103394 0.0000000 0.0148715 0.0451538 0.0034111 0.0427643 0.0015867 0.0347804 0.0213413 0.0019527 0.0248447 0.0148378 0.0126846 0.0566509 0.0293979 0.5876170 0.0141102
 33 A  33 0.1656933 0.1203991 0.0144883 0.0232355 0.0000000 0.0320133 0.0657556 0.1193475 0.0049335 0.0098633 0.0121580 0.1943775 0.0155915 0.0032266 0.0443511 0.0752676 0.0671017 0.0022255 0.0051657 0.0248054
 34 G  34 0.0409335 0.0135577 0.0871255 0.0942308 0.0000000 0.0108506 0.0325830 0.4062045 0.0104077 0.0614695 0.0312184 0.0479392 0.0047111 0.0075460 0.0150005 0.0381867 0.0746371 0.0031484 0.0061911 0.0140589
 35 R  35 0.0516522 0.0641020 0.0994288 0.1591356 0.0000000 0.0826675 0.0559330 0.0485997 0.0118763 0.0175255 0.0717856 0.1412135 0.0168157 0.0104587 0.0021404 0.0425628 0.0407759 0.0000000 0.0018828 0.0814438
 36 K  36 0.2004633 0.0279477 0.0386144 0.0362921 0.0000000 0.0265470 0.1082957 0.0302177 0.0142500 0.0057772 0.0046200 0.1498130 0.0036534 0.0000000 0.2176559 0.0495067 0.0430974 0.0191552 0.0033282 0.0207649
 37 D  37 0.0786947 0.0664019 0.0907187 0.2823067 0.0000000 0.0444586 0.0674726 0.1521802 0.0154416 0.0065938 0.0188188 0.0354916 0.0146877 0.0030186 0.0140267 0.0171340 0.0519575 0.0015898 0.0115124 0.0274939
 38 A  38 0.3610120 0.0063389 0.0624379 0.0951887 0.0000000 0.0000000 0.0098874 0.1190242 0.0031648 0.0235687 0.0229985 0.0066303 0.0044197 0.0103926 0.0089466 0.1039259 0.1061253 0.0053030 0.0122673 0.0383681
 39 V  39 0.0975715 0.0684495 0.0066786 0.0224445 0.0012863 0.0354119 0.2206880 0.0044429 0.0135435 0.0797557 0.0597835 0.0416262 0.0097513 0.0086794 0.1155650 0.0289064 0.0233943 0.0000000 0.0054406 0.1565808
 40 D  40 0.2679278 0.0071813 0.0435928 0.1713232 0.0000000 0.0311435 0.2767927 0.0447285 0.0050215 0.0033966 0.0056309 0.0443733 0.0059245 0.0066710 0.0154128 0.0319904 0.0198854 0.0054232 0.0021069 0.0114738
 41 Y  41 0.0442607 0.0253583 0.1075003 0.0191627 0.0000000 0.0562281 0.0249557 0.0196820 0.0254806 0.0115709 0.0291610 0.1030493 0.0498945 0.0399279 0.0022646 0.0210478 0.0785160 0.0967377 0.2248780 0.0203238
 42 L  42 0.0043434 0.0000000 0.0000000 0.0000000 0.0000000 0.0000000 0.0024865 0.0000000 0.0000000 0.1876413 0.6636311 0.0000000 0.0421942 0.0139244 0.0044175 0.0021271 0.0035027 0.0056754 0.0033924 0.0666639
 43 A  43 0.2484875 0.1009254 0.0061295 0.0038484 0.0000000 0.0291163 0.0381808 0.0041023 0.0277273 0.0957192 0.0191692 0.1046320 0.0458053 0.0219726 0.0030024 0.0291905 0.0585602 0.0035304 0.0187597 0.1411409
 44 G  44 0.1460107 0.0835519 0.0873619 0.0748512 0.0000000 0.0801482 0.1616314 0.0555749 0.0286882 0.0062095 0.0085784 0.1514565 0.0076298 0.0032983 0.0065340 0.0460717 0.0348186 0.0000000 0.0048445 0.0127404
 45 K  45 0.0488463 0.0180226 0.0172332 0.0014395 0.0000000 0.0259790 0.0087523 0.0147486 0.0232365 0.0152820 0.0216578 0.2238541 0.0260918 0.0757120 0.0055194 0.1514799 0.0599953 0.2199345 0.0263500 0.0158653
 46 I  46 0.0027331 0.0000000 0.0000000 0.0000000 0.0000000 0.0053880 0.0031725 0.0040640 0.0000000 0.6667221 0.1156176 0.0000000 0.0448059 0.0093331 0.0000000 0.0000000 0.0053905 0.0000000 0.0000000 0.1427731
 47 K  47 0.0588921 0.1817768 0.0104666 0.0014560 0.0000000 0.0270950 0.0223809 0.0020299 0.0111935 0.0949051 0.1429103 0.1813217 0.0386012 0.0069950 0.0040234 0.0272006 0.0872392 0.0026698 0.0141972 0.0846458
 48 K  48 0.0720423 0.0123427 0.2160276 0.1665704 0.0000000 0.0621668 0.0865374 0.0371458 0.0418744 0.0040657 0.0194397 0.1309461 0.0045213 0.0045272 0.0000000 0.0714693 0.0451107 0.0000000 0.0085185 0.0166942
 49 G  49 0.0260948 0.0000000 0.0305113 0.0053353 0.0000000 0.0278259 0.0089743 0.4382415 0.0000000 0.0000000 0.0000000 0.0059394 0.0087418 0.0000000 0.3978381 0.0354747 0.0093043 0.0000000 0.0036140 0.0021045
 50 G  50 0.0457364 0.0569326 0.0402882 0.0432277 0.0000000 0.0968615 0.0446392 0.2849074 0.0330611 0.0103280 0.0124666 0.0535132 0.0048519 0.0026732 0.0601458 0.1527570 0.0343570 0.0000000 0.0023036 0.0209497
 51 S  51 0.1929073 0.0504275 0.0369116 0.0109482 0.0038956 0.0486798 0.0266739 0.0427863 0.0164130 0.0098969 0.0135487 0.1644756 0.0174315 0.0045291 0.0724291 0.1854273 0.0563481 0.0000000 0.0043307 0.0419397
 52 G  52 0.0677378 0.0355562 0.0400629 0.0184098 0.0000000 0.0262210 0.0456428 0.4109677 0.0109439 0.0322604 0.0373021 0.0911794 0.0293388 0.0229922 0.0043445 0.0238318 0.0086064 0.0017518 0.0087327 0.0841180
 53 V  53 0.0513741 0.0473589 0.0874971 0.0098545 0.0000000 0.0105669 0.0430337 0.0210588 0.0532776 0.0965845 0.0141062 0.1918844 0.0081008 0.0072741 0.0074006 0.0322956 0.0228529 0.0070783 0.0078928 0.2805082
 54 W  54 0.0564886 0.0106921 0.0078623 0.0296161 0.0000000 0.0119947 0.0338958 0.0031004 0.0037974 0.0179789 0.0262605 0.0273469 0.0030104 0.0516948 0.1860014 0.0107406 0.0116780 0.3543221 0.0580441 0.0954751
 55 G  55 0.0290977 0.0033740 0.0536825 0.0579614 0.0000000 0.0410416 0.0259119 0.6242027 0.0016269 0.0025024 0.0045959 0.0653681 0.0000000 0.0074222 0.0597706 0.0133754 0.0066557 0.0018577 0.0015533 0.0000000
 56 S  56 0.0467843 0.0690481 0.1079586 0.1203884 0.0000000 0.0424007 0.0620943 0.1061596 0.0113782 0.0000000 0.0098895 0.0566341 0.0199603 0.0423246 0.0670572 0.0696158 0.0450985 0.0017133 0.1084625 0.0130319
 57 V  57 0.0999694 0.0450660 0.0228999 0.0119830 0.0034261 0.0200166 0.0295212 0.0555499 0.0061189 0.0868754 0.0368377 0.0111099 0.0588818 0.0196263 0.1003537 0.0468803 0.1393461 0.0024130 0.0410442 0.1620806
 58 P  58 0.1687569 0.0212252 0.0052244 0.0094001 0.0024636 0.0517548 0.0519423 0.0105871 0.0105970 0.0274373 0.0252366 0.0396818 0.0244778 0.0072852 0.3784381 0.0247467 0.0339034 0.0024086 0.0275355 0.0768975
 59 M  59 0.0000000 0.0000000 0.0000000 0.0000000 0.0000000 0.0034397 0.0217399 0.0053284 0.0000000 0.0000000 0.0000000 0.0000000 0.9607087 0.0000000 0.0000000 0.0000000 0.0046690 0.0041142 0.0000000 0.0000000
 60 P  60 0.0382189 0.0051409 0.0128360 0.0023402 0.0000000 0.0157266 0.0193998 0.0047089 0.0000000 0.0048343 0.0093933 0.0236698 0.0000000 0.0016501 0.7733262 0.0275558 0.0564890 0.0000000 0.0000000 0.0047103
 61 P  61 0.2853048 0.0219388 0.0780851 0.0430714 0.0000000 0.0275323 0.0265657 0.0244861 0.0099385 0.0028795 0.0062238 0.0343996 0.0000000 0.0034054 0.2662928 0.1090884 0.0430485 0.0000000 0.0015838 0.0161553
 62 Q  62 0.0343711 0.0000000 0.1461251 0.0183763 0.0000000 0.1610110 0.0128059 0.0190413 0.1138462 0.0097981 0.0421394 0.0115112 0.0605753 0.2279505 0.0073003 0.0038398 0.0159446 0.0037872 0.0916581 0.0199186
 63 N  63 0.0788515 0.0250837 0.1129049 0.0605010 0.0000000 0.2141760 0.0224482 0.0907430 0.0580960 0.0095676 0.0239357 0.0852222 0.0051838 0.0000000 0.1427107 0.0220492 0.0295293 0.0000000 0.0013945 0.0176027
 64 V  64 0.0130801 0.0017109 0.0000000 0.0000000 0.0000000 0.0051903 0.0026494 0.0086759 0.0016655 0.1293531 0.5369715 0.0037579 0.0631816 0.0243131 0.0065583 0.0019893 0.0000000 0.0000000 0.0094337 0.1914693
 65 T  65 0.0242484 0.0083918 0.0480657 0.0350734 0.0000000 0.0130033 0.0112676 0.0347847 0.0000000 0.0092813 0.0071623 0.0678188 0.0000000 0.0000000 0.0642221 0.4483266 0.2283542 0.0000000 0.0000000 0.0000000
 66 D  66 0.0626790 0.0130249 0.0255854 0.3439529 0.0000000 0.0265741 0.2671072 0.0171853 0.0026654 0.0000000 0.0079675 0.0492919 0.0060561 0.0017659 0.1340315 0.0145604 0.0192765 0.0000000 0.0031124 0.0051637
 67 A  67 0.2231210 0.0178112 0.0121763 0.1731335 0.0000000 0.0917178 0.2956483 0.0282374 0.0014781 0.0043370 0.0073587 0.0492752 0.0014964 0.0000000 0.0171236 0.0433458 0.0195675 0.0000000 0.0027555 0.0114164
 68 E  68 0.0059917 0.0030411 0.0167160 0.3286587 0.0000000 0.1537642 0.4245117 0.0066258 0.0024125 0.0000000 0.0020300 0.0262546 0.0041965 0.0000000 0.0000000 0.0077976 0.0113823 0.0019605 0.0000000 0.0046570
 69 A  69 0.3283177 0.0389995 0.0000000 0.0000000 0.0000000 0.0000000 0.0000000 0.0037264 0.0000000 0.2324621 0.2065486 0.0095899 0.0327058 0.0017719 0.0000000 0.0097079 0.0202507 0.0000000 0.0046185 0.1113010
 70 K  70 0.0612325 0.1582083 0.0377314 0.1520463 0.0000000 0.0625845 0.1028652 0.0230435 0.0456340 0.0083483 0.0447691 0.2129738 0.0068745 0.0000000 0.0024926 0.0295194 0.0359380 0.0085868 0.0013887 0.0057628
 71 Q  71 0.2843527 0.0230278 0.0743464 0.1752482 0.0034008 0.0781146 0.0722827 0.0146952 0.0096452 0.0195833 0.0269766 0.0727540 0.0057705 0.0000000 0.0000000 0.0481446 0.0674933 0.0016289 0.0000000 0.0225349
 72 L  72 0.0089899 0.0000000 0.0000000 0.0000000 0.0000000 0.0000000 0.0000000 0.0000000 0.0000000 0.2966291 0.4623541 0.0000000 0.0820451 0.0050020 0.0000000 0.0000000 0.0053098 0.0000000 0.0000000 0.1396699
 73 A  73 0.3929470 0.0000000 0.0022507 0.0000000 0.0000000 0.0022002 0.0114125 0.0014067 0.0000000 0.1055611 0.0973272 0.0000000 0.0051822 0.0032264 0.0028199 0.0256198 0.0353400 0.0000000 0.0056081 0.3090982
 74 Q  74 0.3000803 0.0417594 0.0254474 0.1020294 0.0000000 0.0820840 0.1789986 0.0280403 0.0124513 0.0034790 0.0111883 0.0913975 0.0052849 0.0000000 0.0019212 0.0614379 0.0369782 0.0000000 0.0093409 0.0080814
 75 W  75 0.0027115 0.0000000 0.0000000 0.0000000 0.0000000 0.0000000 0.0000000 0.0044857 0.0000000 0.0000000 0.0053909 0.0000000 0.0021664 0.1347436 0.0000000 0.0000000 0.0042315 0.2983701 0.5479003 0.0000000
 76 I  76 0.0018829 0.0000000 0.0000000 0.0000000 0.0000000 0.0000000 0.0023235 0.0000000 0.0000000 0.4159799 0.3172418 0.0000000 0.0495982 0.0161865 0.0000000 0.0000000 0.0039522 0.0000000 0.0037060 0.1891290
 77 L  77 0.0314955 0.0977843 0.0273177 0.0095192 0.0000000 0.0455367 0.0458223 0.0061972 0.0103721 0.0049523 0.4390255 0.1209515 0.0575095 0.0122809 0.0000000 0.0207422 0.0056701 0.0042789 0.0506725 0.0098715
 78 S  78 0.0833592 0.0019384 0.0267854 0.0086072 0.0000000 0.0227947 0.0229354 0.0441964 0.0093934 0.0000000 0.0042173 0.0234140 0.0026097 0.0000000 0.0000000 0.5576870 0.1899402 0.0000000 0.0000000 0.0021217
 79 I  79 0.0082304 0.0082376 0.0042464 0.0000000 0.0000000 0.1244559 0.0054989 0.0000000 0.0094296 0.0407426 0.7321555 0.0032745 0.0228812 0.0132966 0.0000000 0.0044111 0.0023867 0.0000000 0.0067429 0.0140101
 80 K  80 0.0000000 0.1463621 0.0538699 0.0000000 0.0000000 0.0000000 0.0935198 0.0000000 0.0000000 0.0000000 0.0000000 0.7062482 0.0000000 0.0000000 0.0000000 0.0000000 0.0000000 0.0000000 0.0000000 0.0000000
