   80         A         R         N         D         C         Q         E         G         H         I         L         K         M         F         P         S         T         W         Y         V         X    
  1 N   1 0.0000000 0.0000000 0.0139405 0.0137820 0.0000000 0.0000000 0.0000000 0.6394178 0.0000000 0.0000000 0.0000000 0.0000000 0.0000000 0.0000000 0.0000000 0.0059247 0.0000000 0.0000000 0.0000000 0.0000000 0.3269350
  2 E   2 0.0414537 0.0788192 0.0026909 0.0011501 0.0000000 0.1023075 0.1849690 0.0023736 0.0054869 0.0022121 0.0285601 0.2701647 0.0030212 0.0024236 0.0062347 0.0064258 0.0037447 0.0000000 0.0037042 0.0023002 0.2519577
  3 Q   3 0.2064483 0.0802333 0.0094664 0.0313068 0.0000000 0.1098312 0.1497740 0.0084720 0.0158246 0.0090818 0.0119486 0.1117048 0.0000000 0.0016348 0.0060121 0.0292145 0.0469968 0.0000000 0.0015717 0.0161960 0.1542823
  4 L   4 0.0239833 0.0013965 0.0000000 0.0000000 0.0000000 0.0017535 0.0000000 0.0000000 0.0000000 0.1117856 0.5983193 0.0084005 0.0087782 0.0058482 0.0031266 0.0000000 0.0077273 0.0015660 0.0053368 0.0932447 0.1287335
  5 A   5 0.2283659 0.0000000 0.0000000 0.0000000 0.0000000 0.0000000 0.0000000 0.0000000 0.0023720 0.0562044 0.0513193 0.0000000 0.0335860 0.3592378 0.0000000 0.0067399 0.0077409 0.0338086 0.0554493 0.0559733 0.1092025
  6 K   6 0.0752209 0.0567168 0.0687611 0.0406365 0.0000000 0.1120088 0.1669896 0.0208545 0.0015889 0.0131206 0.0294625 0.1430567 0.0074426 0.0070491 0.0000000 0.0422573 0.0517892 0.0000000 0.0090420 0.0200637 0.1339392
  7 Q   7 0.1184661 0.0831576 0.0144022 0.0183569 0.0000000 0.1630436 0.0555824 0.0349080 0.0076977 0.0035634 0.0271989 0.1760454 0.0036331 0.0039897 0.0000000 0.1115310 0.0500952 0.0091027 0.0110527 0.0084477 0.0997259
  8 K   8 0.0332016 0.0322996 0.2071009 0.0000000 0.0000000 0.0543519 0.0113722 0.0267030 0.0420058 0.0045737 0.0379133 0.2003012 0.0265379 0.0107856 0.0000000 0.1268414 0.0142016 0.0115597 0.0744415 0.0063627 0.0794465
  9 G   9 0.0754202 0.0124958 0.1618553 0.0714590 0.0000000 0.0237082 0.0038876 0.2902442 0.0218690 0.0054144 0.0057425 0.0053033 0.0052051 0.0000000 0.0097139 0.0348927 0.0422467 0.0015505 0.0000000 0.0055279 0.2234639
 10 A  10 0.0091262 0.0000000 0.0000000 0.0000000 0.9720986 0.0000000 0.0000000 0.0000000 0.0000000 0.0000000 0.0000000 0.0000000 0.0000000 0.0000000 0.0000000 0.0000000 0.0000000 0.0000000 0.0000000 0.0000000 0.0187752
 11 M  11 0.2139535 0.0090441 0.0260981 0.0000000 0.0000000 0.0150844 0.0024667 0.0407149 0.0000000 0.0954623 0.1316965 0.0384127 0.1108218 0.0498515 0.0056534 0.0623369 0.0858862 0.0067256 0.0134689 0.0761964 0.0161260
 12 A  12 0.3622117 0.0203318 0.0349607 0.0066086 0.0000000 0.0358693 0.0034686 0.2267449 0.0014888 0.0037781 0.0062452 0.0216251 0.0117814 0.0149054 0.0000000 0.1468113 0.0651655 0.0016746 0.0027738 0.0174292 0.0161260
 13 A  13 0.0091262 0.0000000 0.0000000 0.0000000 0.9747478 0.0000000 0.0000000 0.0000000 0.0000000 0.0000000 0.0000000 0.0000000 0.0000000 0.0000000 0.0000000 0.0000000 0.0000000 0.0000000 0.0000000 0.0000000 0.0161260
 14 H  14 0.0000000 0.0000000 0.0000000 0.0000000 0.0000000 0.0000000 0.0000000 0.0000000 0.9838740 0.0000000 0.0000000 0.0000000 0.0000000 0.0000000 0.0000000 0.0000000 0.0000000 0.0000000 0.0000000 0.0000000 0.0161260
 15 D  15 0.2383782 0.0337127 0.0238513 0.0446413 0.0000000 0.0552671 0.0068008 0.1291760 0.0101236 0.0027814 0.0058898 0.0863113 0.0151078 0.0029694 0.0000000 0.1720992 0.1339872 0.0000000 0.0000000 0.0199641 0.0189387
 16 L  16 0.0661418 0.0062178 0.0134495 0.0182535 0.0000000 0.0154591 0.0280282 0.0191932 0.0026152 0.2027382 0.1277525 0.0125491 0.0486616 0.0161990 0.0705568 0.0188683 0.0476250 0.0000000 0.0208334 0.2487319 0.0161260
 17 K  17 0.0836006 0.0155112 0.0663679 0.4609796 0.0000000 0.0269192 0.0970572 0.0615027 0.0042962 0.0039584 0.0012202 0.0367264 0.0059679 0.0034736 0.0128314 0.0389419 0.0463162 0.0000000 0.0083250 0.0081096 0.0178949
 18 A  18 0.1249120 0.0774438 0.0286557 0.0129388 0.0000000 0.0523596 0.0520154 0.2176884 0.0208513 0.0045373 0.0113143 0.1713604 0.0118907 0.0039216 0.0168527 0.0952492 0.0556100 0.0000000 0.0048500 0.0191786 0.0183704
 19 K  19 0.0695794 0.0921780 0.0228484 0.0378574 0.0000000 0.0295893 0.0227305 0.1208065 0.0097004 0.0044684 0.0045363 0.3487769 0.0104458 0.0000000 0.0792581 0.0324835 0.0750227 0.0000000 0.0000000 0.0168440 0.0228746
 20 K  20 0.0445602 0.0489655 0.0193328 0.0071526 0.0000000 0.0199261 0.0056467 0.1556942 0.0114877 0.0415937 0.1450315 0.0968803 0.0815442 0.0405224 0.0168978 0.0868966 0.0302885 0.0000000 0.0380920 0.0984518 0.0110356
 21 V  21 0.0511745 0.0253899 0.0112588 0.0088479 0.0000000 0.0051935 0.0032978 0.0057193 0.0091593 0.1866764 0.0531228 0.0287849 0.0464749 0.0364131 0.0056903 0.0152813 0.0483195 0.0000000 0.0091628 0.4399240 0.0101091
 22 G  22 0.1153660 0.0000000 0.0000000 0.0000000 0.0020068 0.0000000 0.0028509 0.8455434 0.0000000 0.0000000 0.0000000 0.0000000 0.0000000 0.0042356 0.0019043 0.0152716 0.0000000 0.0000000 0.0024016 0.0000000 0.0104199
 23 P  23 0.0000000 0.0052910 0.0000000 0.0000000 0.0000000 0.0025195 0.0000000 0.0079947 0.0000000 0.0000000 0.0000000 0.0000000 0.0000000 0.0000000 0.9618968 0.0027125 0.0000000 0.0000000 0.0000000 0.0055564 0.0140291
 24 A  24 0.2577796 0.0047944 0.0913921 0.0860944 0.0000000 0.0014136 0.0390745 0.0382034 0.0000000 0.0000000 0.0076181 0.0046839 0.0039872 0.0000000 0.1153873 0.2700981 0.0593533 0.0000000 0.0036177 0.0057573 0.0107449
 25 Y  25 0.0022403 0.0026675 0.0000000 0.0000000 0.0000000 0.0000000 0.0000000 0.0000000 0.0017861 0.0183502 0.4784894 0.0000000 0.0160204 0.2366216 0.0108878 0.0018910 0.0076251 0.0797056 0.1143801 0.0242747 0.0050604
 26 A  26 0.1179977 0.0959896 0.0223983 0.0234523 0.0000000 0.0698798 0.0310651 0.0424789 0.0342078 0.0175865 0.0252174 0.2331149 0.0241243 0.0106234 0.0164770 0.0359139 0.1608874 0.0023214 0.0055402 0.0218936 0.0088305
 27 D  27 0.0615418 0.0222186 0.0702631 0.2386990 0.0000000 0.0511715 0.1327814 0.2421106 0.0485235 0.0084810 0.0037268 0.0333378 0.0058024 0.0070972 0.0033797 0.0189875 0.0228828 0.0053398 0.0026303 0.0110858 0.0099395
 28 V  28 0.0134670 0.0036617 0.0141533 0.0131555 0.0000000 0.0017305 0.0041776 0.0038513 0.0000000 0.3365544 0.1384779 0.0016423 0.0222518 0.0332069 0.0062828 0.0048644 0.0136549 0.0013968 0.0016097 0.3618750 0.0239861
 29 A  29 0.4353141 0.0106588 0.0088748 0.0081463 0.0000000 0.0279476 0.0125542 0.1305321 0.0190790 0.0104830 0.0337544 0.0198990 0.0166045 0.0339631 0.0000000 0.0566336 0.0322442 0.0212804 0.0607341 0.0234787 0.0378182
 30 K  30 0.1616312 0.0334417 0.0318515 0.0792714 0.0000000 0.0510930 0.1171906 0.1188044 0.0030497 0.0097579 0.0159246 0.1395222 0.0013854 0.0057085 0.0095805 0.0783524 0.0370243 0.0441284 0.0070237 0.0130086 0.0422500
 31 K  31 0.0168944 0.4245223 0.0104528 0.0042532 0.0000000 0.0218107 0.0083002 0.0073986 0.0209648 0.0293204 0.0451170 0.3230478 0.0039493 0.0049890 0.0000000 0.0180254 0.0036378 0.0000000 0.0016705 0.0118948 0.0437510
 32 Y  32 0.0045260 0.0509664 0.0169612 0.0096442 0.0000000 0.0123994 0.0380312 0.0029170 0.0527566 0.0013788 0.0316820 0.0185081 0.0016392 0.0221383 0.0126261 0.0107718 0.0479342 0.0271531 0.5158187 0.0119772 0.1101707
 33 A  33 0.1539592 0.1005808 0.0149484 0.0200481 0.0000000 0.0263826 0.0547127 0.1019932 0.0041677 0.0082381 0.0110517 0.1634976 0.0134505 0.0027193 0.0386535 0.0647793 0.0556158 0.0024793 0.0045138 0.0225230 0.1356853
 34 G  34 0.0342177 0.0116011 0.0760226 0.0788545 0.0000000 0.0094005 0.0281000 0.3590252 0.0091687 0.0506667 0.0256761 0.0401960 0.0038258 0.0062368 0.0124093 0.0309266 0.0622889 0.0031971 0.0052911 0.0116750 0.1412204
 35 R  35 0.0418926 0.0495809 0.0831686 0.1340307 0.0000000 0.0861559 0.0479194 0.0400434 0.0105837 0.0157395 0.0590028 0.1208921 0.0138211 0.0084656 0.0017994 0.0382448 0.0347471 0.0000000 0.0016154 0.0681702 0.1441269
 36 K  36 0.1638854 0.0253262 0.0309398 0.0289904 0.0000000 0.0216370 0.0902028 0.0254879 0.0115257 0.0051503 0.0038688 0.1192905 0.0028086 0.0000000 0.1975350 0.0398617 0.0352666 0.0152860 0.0035215 0.0169666 0.1624495
 37 D  37 0.0647304 0.0570061 0.0747776 0.2492170 0.0000000 0.0372757 0.0574551 0.1316622 0.0129113 0.0061349 0.0179112 0.0297802 0.0125122 0.0027735 0.0116863 0.0140826 0.0458155 0.0013169 0.0095722 0.0227896 0.1405893
 38 A  38 0.3276044 0.0055392 0.0557237 0.0826012 0.0000000 0.0000000 0.0086451 0.1014673 0.0027312 0.0202300 0.0210532 0.0062739 0.0037239 0.0087267 0.0079057 0.0958399 0.0919822 0.0044829 0.0113347 0.0327858 0.1113490
 39 V  39 0.0841212 0.0641317 0.0056595 0.0203895 0.0011492 0.0304559 0.1965051 0.0194263 0.0114653 0.0702799 0.0504835 0.0373778 0.0084392 0.0077821 0.1026094 0.0251131 0.0197287 0.0000000 0.0045426 0.1313569 0.1089831
 40 D  40 0.2407413 0.0217257 0.0386644 0.1494233 0.0000000 0.0343749 0.2539606 0.0408230 0.0048731 0.0030308 0.0051194 0.0398733 0.0051657 0.0065236 0.0133790 0.0281782 0.0174307 0.0048718 0.0019796 0.0104924 0.0793693
 41 Y  41 0.0402811 0.0245578 0.0953702 0.0177797 0.0000000 0.0665332 0.0262922 0.0179383 0.0234640 0.0103149 0.0270347 0.0903789 0.0485430 0.0363113 0.0020007 0.0210553 0.0728814 0.0921870 0.1962432 0.0203172 0.0705159
 42 L  42 0.0038725 0.0000000 0.0000000 0.0000000 0.0000000 0.0000000 0.0023674 0.0000000 0.0000000 0.1776809 0.6473244 0.0000000 0.0391209 0.0129959 0.0042066 0.0019552 0.0031683 0.0055945 0.0032137 0.0629101 0.0355896
 43 A  43 0.2484367 0.0945920 0.0058151 0.0038589 0.0000000 0.0274458 0.0355479 0.0039283 0.0273468 0.0931289 0.0205100 0.1020878 0.0442798 0.0214085 0.0028824 0.0280687 0.0579505 0.0032978 0.0187790 0.1371119 0.0235233
 44 G  44 0.1549615 0.0777858 0.0893525 0.0701061 0.0000000 0.0774347 0.1607410 0.0478648 0.0274501 0.0058456 0.0081019 0.1444013 0.0070049 0.0052821 0.0063845 0.0449951 0.0331113 0.0000000 0.0045215 0.0121183 0.0225370
 45 K  45 0.0478428 0.0166550 0.0161513 0.0014517 0.0000000 0.0260920 0.0083793 0.0176588 0.0227189 0.0160802 0.0204230 0.2077154 0.0249212 0.0752336 0.0051647 0.1601578 0.0581799 0.2092130 0.0256282 0.0160826 0.0242506
 46 I  46 0.0025482 0.0000000 0.0000000 0.0000000 0.0000000 0.0050465 0.0028923 0.0037171 0.0000000 0.6580977 0.1128359 0.0000000 0.0414301 0.0088872 0.0000000 0.0000000 0.0055767 0.0000000 0.0000000 0.1372705 0.0216978
 47 K  47 0.0553408 0.1748184 0.0099217 0.0013879 0.0000000 0.0270748 0.0221665 0.0018732 0.0105433 0.0921417 0.1532718 0.1700568 0.0357811 0.0066156 0.0036617 0.0273180 0.0838399 0.0025145 0.0139160 0.0815352 0.0262210
 48 K  48 0.0677298 0.0124972 0.2095374 0.1581817 0.0000000 0.0596232 0.0841001 0.0500510 0.0467826 0.0037813 0.0206895 0.1193830 0.0042125 0.0042333 0.0000000 0.0687796 0.0435524 0.0000000 0.0085869 0.0160693 0.0222092
 49 G  49 0.0237254 0.0000000 0.0307458 0.0051527 0.0000000 0.0257427 0.0085778 0.4321127 0.0000000 0.0000000 0.0000000 0.0062713 0.0079788 0.0000000 0.3800723 0.0343733 0.0091235 0.0000000 0.0032887 0.0019786 0.0308565
 50 G  50 0.0428938 0.0559807 0.0381395 0.0410961 0.0000000 0.0907845 0.0414875 0.2635321 0.0337130 0.0095618 0.0119341 0.0527275 0.0043926 0.0025274 0.0550559 0.1658797 0.0320418 0.0000000 0.0023325 0.0201120 0.0358076
 51 S  51 0.1834605 0.0478867 0.0344173 0.0125976 0.0041858 0.0476057 0.0250520 0.0403220 0.0152116 0.0097701 0.0124334 0.1585998 0.0174044 0.0040477 0.0693146 0.1838187 0.0528161 0.0000000 0.0039383 0.0412660 0.0358518
 52 G  52 0.0609336 0.0510357 0.0366503 0.0160829 0.0000000 0.0234019 0.0412910 0.3720425 0.0098801 0.0296972 0.0342116 0.0877524 0.0265339 0.0204810 0.0038142 0.0219610 0.0077070 0.0015962 0.0080495 0.0752723 0.0716058
 53 V  53 0.0459447 0.0424237 0.0960741 0.0090120 0.0000000 0.0094792 0.0392439 0.0187729 0.0486962 0.0896798 0.0122787 0.1672230 0.0068970 0.0065011 0.0075546 0.0284659 0.0216306 0.0058204 0.0069417 0.2431931 0.0941673
 54 W  54 0.0459169 0.0085208 0.0073938 0.0268020 0.0000000 0.0096872 0.0276607 0.0025750 0.0033551 0.0169901 0.0218391 0.0223352 0.0024204 0.0438514 0.1527146 0.0099156 0.0102711 0.3048247 0.0506622 0.0780186 0.1542454
 55 G  55 0.0249116 0.0029716 0.0457611 0.0499966 0.0000000 0.0345535 0.0210582 0.5250218 0.0012968 0.0020146 0.0037418 0.0534787 0.0000000 0.0060302 0.0496455 0.0108778 0.0051318 0.0015079 0.0016120 0.0000000 0.1603885
 56 S  56 0.0370182 0.0571589 0.0877866 0.0978245 0.0000000 0.0370125 0.0491290 0.0865056 0.0095669 0.0000000 0.0081012 0.0506154 0.0180822 0.0341398 0.0712825 0.0516082 0.0362191 0.0021631 0.0865046 0.0103472 0.1689344
 57 V  57 0.0843383 0.0398114 0.0189515 0.0100684 0.0028042 0.0164268 0.0245629 0.0465493 0.0049560 0.0727602 0.0307178 0.0090834 0.0495283 0.0162666 0.0867869 0.0394903 0.1193205 0.0020007 0.0365015 0.1500379 0.1390369
 58 P  58 0.1443776 0.0189794 0.0044144 0.0084503 0.0020309 0.0430007 0.0442517 0.0090969 0.0097029 0.0227951 0.0228679 0.0328505 0.0209016 0.0059716 0.3284426 0.0207355 0.0278971 0.0020779 0.0225425 0.0655127 0.1431000
 59 M  59 0.0000000 0.0000000 0.0000000 0.0000000 0.0000000 0.0030298 0.0200939 0.0046941 0.0000000 0.0000000 0.0000000 0.0000000 0.9468039 0.0000000 0.0000000 0.0000000 0.0061507 0.0038400 0.0000000 0.0000000 0.0153875
 60 P  60 0.0365127 0.0047693 0.0123753 0.0021812 0.0000000 0.0151899 0.0179127 0.0042958 0.0000000 0.0045222 0.0091316 0.0229903 0.0000000 0.0015978 0.7648235 0.0260106 0.0556556 0.0000000 0.0000000 0.0044377 0.0175938
 61 P  61 0.2815434 0.0207904 0.0758085 0.0416844 0.0000000 0.0263472 0.0261247 0.0237450 0.0096916 0.0026967 0.0058082 0.0339822 0.0000000 0.0033839 0.2671943 0.1064550 0.0397518 0.0000000 0.0014849 0.0160011 0.0175068
 62 Q  62 0.0324001 0.0000000 0.1396565 0.0174131 0.0000000 0.1652768 0.0148210 0.0197657 0.1067256 0.0093323 0.0418597 0.0114114 0.0594425 0.2251831 0.0069661 0.0035917 0.0150719 0.0038448 0.0873645 0.0186322 0.0212408
 63 N  63 0.0746472 0.0253010 0.1065541 0.0587883 0.0000000 0.2066906 0.0224150 0.0867414 0.0578116 0.0093237 0.0248902 0.0821141 0.0052898 0.0000000 0.1565833 0.0209218 0.0280761 0.0000000 0.0014250 0.0174957 0.0149310
 64 V  64 0.0129406 0.0016051 0.0000000 0.0000000 0.0000000 0.0047769 0.0028127 0.0082139 0.0017271 0.1226000 0.5237694 0.0037546 0.0612562 0.0246406 0.0065128 0.0020508 0.0000000 0.0000000 0.0090965 0.1967254 0.0175175
 65 T  65 0.0244660 0.0081889 0.0606297 0.0343290 0.0000000 0.0124586 0.0115508 0.0340908 0.0000000 0.0089883 0.0069165 0.0641032 0.0000000 0.0000000 0.0628573 0.4359877 0.2179155 0.0000000 0.0000000 0.0000000 0.0175175
 66 D  66 0.0606403 0.0127338 0.0258113 0.3436385 0.0000000 0.0260431 0.2576343 0.0179281 0.0025276 0.0000000 0.0075200 0.0468687 0.0056411 0.0016402 0.1343983 0.0139344 0.0187204 0.0000000 0.0029144 0.0049777 0.0164278
 67 A  67 0.2104162 0.0323980 0.0114587 0.1688091 0.0000000 0.0885611 0.2906904 0.0271151 0.0013868 0.0041518 0.0080216 0.0480955 0.0013966 0.0000000 0.0162676 0.0413755 0.0186144 0.0000000 0.0026303 0.0121835 0.0164278
 68 E  68 0.0058558 0.0030911 0.0166202 0.3323782 0.0000000 0.1525181 0.4061803 0.0063708 0.0023749 0.0000000 0.0020016 0.0269225 0.0039981 0.0000000 0.0000000 0.0076210 0.0111463 0.0018985 0.0000000 0.0045947 0.0164278
 69 A  69 0.3161001 0.0384707 0.0000000 0.0000000 0.0000000 0.0000000 0.0000000 0.0036866 0.0000000 0.2276122 0.2141712 0.0094711 0.0325435 0.0016407 0.0000000 0.0091612 0.0193163 0.0000000 0.0043585 0.1070401 0.0164278
 70 K  70 0.0598245 0.1533650 0.0360428 0.1506431 0.0000000 0.0614322 0.0992067 0.0228353 0.0447458 0.0077670 0.0426752 0.2158270 0.0066354 0.0000000 0.0025106 0.0284356 0.0362899 0.0083892 0.0012963 0.0056506 0.0164278
 71 Q  71 0.2767949 0.0243275 0.0743168 0.1700953 0.0032034 0.0718391 0.0693645 0.0139741 0.0097681 0.0342636 0.0265373 0.0685037 0.0055748 0.0000000 0.0000000 0.0465643 0.0641996 0.0017584 0.0000000 0.0224869 0.0164278
 72 L  72 0.0085040 0.0000000 0.0000000 0.0000000 0.0000000 0.0000000 0.0000000 0.0000000 0.0000000 0.3081809 0.4441814 0.0000000 0.0783201 0.0046126 0.0000000 0.0000000 0.0046941 0.0000000 0.0000000 0.1350792 0.0164278
 73 A  73 0.3815406 0.0000000 0.0021020 0.0000000 0.0000000 0.0020632 0.0111145 0.0013836 0.0000000 0.1015440 0.0974488 0.0000000 0.0048529 0.0030563 0.0035215 0.0259507 0.0345210 0.0000000 0.0052657 0.3081754 0.0174596
 74 Q  74 0.2931372 0.0395235 0.0247552 0.1139150 0.0000000 0.0758729 0.1725243 0.0260232 0.0117839 0.0032978 0.0104840 0.0862176 0.0048761 0.0000000 0.0017958 0.0616576 0.0365487 0.0000000 0.0091135 0.0084578 0.0200161
 75 W  75 0.0024543 0.0000000 0.0000000 0.0000000 0.0000000 0.0000000 0.0000000 0.0045036 0.0000000 0.0000000 0.0051581 0.0000000 0.0019463 0.1326315 0.0000000 0.0000000 0.0038564 0.2969326 0.5325012 0.0000000 0.0200161
 76 I  76 0.0016224 0.0000000 0.0000000 0.0000000 0.0000000 0.0000000 0.0020312 0.0000000 0.0000000 0.3907987 0.2977198 0.0000000 0.0463607 0.0150467 0.0000000 0.0000000 0.0037420 0.0000000 0.0032887 0.1754385 0.0639515
 77 L  77 0.0262474 0.0820871 0.0232574 0.0077157 0.0000000 0.0379313 0.0371661 0.0049214 0.0092457 0.0040998 0.3696690 0.0984321 0.0460945 0.0104627 0.0000000 0.0180011 0.0048234 0.0035216 0.0420286 0.0078902 0.1664049
 78 S  78 0.0632673 0.0015137 0.0208406 0.0068353 0.0000000 0.0327774 0.0177842 0.0338487 0.0071688 0.0000000 0.0031200 0.0188466 0.0019548 0.0000000 0.0000000 0.4337376 0.1472414 0.0000000 0.0000000 0.0016027 0.2094609
 79 I  79 0.0053006 0.0053531 0.0029030 0.0000000 0.0000000 0.0978797 0.0040253 0.0000000 0.0062140 0.0251674 0.4920170 0.0021517 0.0180444 0.0087862 0.0000000 0.0028779 0.0015563 0.0000000 0.0044908 0.0093010 0.3139317
 80 K  80 0.0000000 0.0590789 0.0208082 0.0000000 0.0000000 0.0000000 0.0384772 0.0000000 0.0000000 0.0000000 0.0000000 0.2750294 0.0000000 0.0000000 0.0000000 0.0000000 0.0000000 0.0000000 0.0000000 0.0000000 0.6066062
