   99         A         R         N         D         C         Q         E         G         H         I         L         K         M         F         P         S         T         W         Y         V         X    
  1 M   1 0.0000000 0.0000000 0.0000000 0.0000000 0.0000000 0.0000000 0.0000000 0.0000000 0.0000000 0.0000000 0.0000000 0.0000000 0.0766390 0.0000000 0.0000000 0.0000000 0.0000000 0.0000000 0.0000000 0.0000000 0.9233610
  2 S   2 0.0000000 0.0000000 0.0000000 0.0000000 0.0000000 0.0000000 0.0000000 0.0000000 0.0000000 0.0000000 0.0000000 0.0000000 0.0000000 0.0000000 0.0000000 0.0766390 0.0000000 0.0000000 0.0000000 0.0000000 0.9233610
  3 Y   3 0.0000000 0.0000000 0.0000000 0.0000000 0.0000000 0.0000000 0.0000000 0.0000000 0.0000000 0.0000000 0.0000000 0.0000000 0.0000000 0.0397858 0.0000000 0.0000000 0.0000000 0.0000000 0.0368532 0.0000000 0.9233610
  4 Y   4 0.0000000 0.0000000 0.0000000 0.0000000 0.0000000 0.0397858 0.0000000 0.0000000 0.0000000 0.0000000 0.0000000 0.0000000 0.0000000 0.0000000 0.0000000 0.0000000 0.0000000 0.0000000 0.0368532 0.0000000 0.9233610
  5 H   5 0.0000000 0.0000000 0.0000000 0.0000000 0.0000000 0.0000000 0.0000000 0.0000000 0.0766390 0.0000000 0.0000000 0.0000000 0.0000000 0.0000000 0.0000000 0.0000000 0.0000000 0.0000000 0.0000000 0.0000000 0.9233610
  6 H   6 0.0000000 0.0000000 0.0000000 0.0000000 0.0000000 0.0000000 0.0000000 0.0000000 0.0368532 0.0000000 0.0000000 0.0000000 0.0000000 0.0000000 0.0000000 0.0000000 0.0000000 0.0000000 0.0000000 0.0397858 0.9233610
  7 H   7 0.0000000 0.0000000 0.0000000 0.0000000 0.0000000 0.0000000 0.0000000 0.0000000 0.0766390 0.0000000 0.0000000 0.0000000 0.0000000 0.0000000 0.0000000 0.0000000 0.0000000 0.0000000 0.0000000 0.0000000 0.9233610
  8 H   8 0.0000000 0.0397858 0.0000000 0.0000000 0.0000000 0.0000000 0.0000000 0.0000000 0.0368532 0.0000000 0.0000000 0.0000000 0.0000000 0.0000000 0.0000000 0.0000000 0.0000000 0.0000000 0.0000000 0.0000000 0.9233610
  9 H   9 0.0000000 0.0000000 0.0397858 0.0000000 0.0000000 0.0000000 0.0000000 0.0000000 0.0491788 0.0000000 0.0000000 0.0000000 0.0000000 0.0000000 0.0000000 0.0000000 0.0000000 0.0000000 0.0000000 0.0000000 0.9110354
 10 H  10 0.0000000 0.0000000 0.0000000 0.0397858 0.0283843 0.0000000 0.0000000 0.0000000 0.0368532 0.0000000 0.0000000 0.0000000 0.0000000 0.0000000 0.0000000 0.0000000 0.0000000 0.0000000 0.0000000 0.0000000 0.8949767
 11 D  11 0.0160587 0.0397858 0.0000000 0.0491788 0.0000000 0.0000000 0.0000000 0.0000000 0.0000000 0.0000000 0.0000000 0.0000000 0.0000000 0.0000000 0.0000000 0.0000000 0.0000000 0.0000000 0.0000000 0.0000000 0.8949767
 12 Y  12 0.0000000 0.0000000 0.0000000 0.0000000 0.0000000 0.0000000 0.0000000 0.0000000 0.0160587 0.0000000 0.0000000 0.0000000 0.0000000 0.0214102 0.0000000 0.0000000 0.0000000 0.0000000 0.0766390 0.0000000 0.8858921
 13 D  13 0.0000000 0.0160587 0.0000000 0.0857236 0.0000000 0.0000000 0.0000000 0.0000000 0.0000000 0.0000000 0.0000000 0.0000000 0.0000000 0.0000000 0.0000000 0.0210643 0.0000000 0.0000000 0.0000000 0.0000000 0.8771533
 14 I  14 0.0000000 0.0000000 0.0000000 0.0000000 0.0000000 0.0000000 0.0000000 0.0000000 0.0090846 0.0368532 0.0000000 0.0000000 0.0000000 0.0000000 0.0558445 0.0000000 0.0087388 0.0000000 0.0000000 0.0000000 0.8894789
 15 P  15 0.0000000 0.0000000 0.0000000 0.0000000 0.0205853 0.0000000 0.0000000 0.0000000 0.0000000 0.0000000 0.0000000 0.0000000 0.0000000 0.0000000 0.1266157 0.0000000 0.0000000 0.0000000 0.0000000 0.0000000 0.8527990
 16 T  16 0.0000000 0.0160587 0.0000000 0.0000000 0.0000000 0.0000000 0.0000000 0.0000000 0.0000000 0.0061030 0.0156416 0.0000000 0.0000000 0.0079310 0.0000000 0.0035696 0.0779602 0.0000000 0.0049868 0.0521113 0.8156377
 17 T  17 0.0123256 0.0041331 0.0296662 0.0000000 0.0000000 0.0160587 0.0062967 0.0000000 0.0000000 0.0000000 0.0069827 0.0000000 0.0000000 0.0000000 0.0087388 0.0440221 0.0559317 0.0000000 0.0079310 0.0000000 0.8079133
 18 E  18 0.0157894 0.0000000 0.0000000 0.0000000 0.0049868 0.0000000 0.0402696 0.0000000 0.0000000 0.0038400 0.0000000 0.0000000 0.0106901 0.0000000 0.0000000 0.0418132 0.0562974 0.0000000 0.0000000 0.0253192 0.8009944
 19 N  19 0.0000000 0.0631831 0.0967653 0.0000000 0.0000000 0.0000000 0.0160587 0.0087388 0.0043748 0.0000000 0.0000000 0.0000000 0.0034163 0.0000000 0.0000000 0.0062967 0.0000000 0.0000000 0.0035913 0.0064242 0.7911508
 20 L  20 0.0043748 0.0150355 0.0051315 0.0073511 0.0050287 0.0160587 0.0106371 0.0000000 0.0000000 0.0062372 0.0509247 0.0000000 0.0000000 0.0106901 0.0000000 0.0000000 0.0123256 0.0000000 0.0000000 0.0280473 0.8281579
 21 Y  21 0.0210643 0.0152514 0.0000000 0.0069708 0.0000000 0.0000000 0.0332550 0.0026651 0.0000000 0.0162490 0.0056005 0.0204642 0.0000000 0.0090846 0.0079310 0.0041331 0.0021940 0.0000000 0.0368532 0.0000000 0.8182836
 22 F  22 0.0000000 0.0234608 0.0035913 0.0104377 0.0000000 0.0000000 0.0156730 0.0068796 0.0000000 0.0000000 0.0221434 0.0208084 0.0000000 0.0651820 0.0000000 0.0000000 0.0090846 0.0000000 0.0035688 0.0115046 0.8076658
 23 Q  23 0.0000000 0.0663842 0.0000000 0.0000000 0.0000000 0.0474051 0.0140928 0.0192286 0.0000000 0.0087388 0.0123256 0.0122094 0.0000000 0.0000000 0.0000000 0.0065570 0.0035688 0.0000000 0.0027060 0.0021137 0.8046701
 24 G  24 0.0100749 0.0285518 0.0019477 0.0000000 0.0000000 0.0023208 0.0034638 0.0666474 0.0000000 0.0040105 0.0000000 0.0137459 0.0015074 0.0000000 0.0346924 0.0093549 0.0064966 0.0000000 0.0014270 0.0260567 0.7897020
 25 A  25 0.0553264 0.0000000 0.0115041 0.0061242 0.0000000 0.0031343 0.0023972 0.0138566 0.0079274 0.0194383 0.0085780 0.0346457 0.0398295 0.0000000 0.0000000 0.0104314 0.0149277 0.0000000 0.0000000 0.0044460 0.7674329
 26 M  26 0.0000000 0.0062967 0.0044030 0.0128979 0.0000000 0.0129562 0.0000000 0.0000000 0.0000000 0.0092354 0.0156503 0.0182745 0.2968997 0.0000000 0.0000000 0.0050281 0.0114492 0.0000000 0.0000000 0.0046948 0.6022143
 27 N  27 0.0155079 0.0283268 0.0780718 0.0267749 0.0000000 0.0224475 0.0251385 0.0128977 0.0000000 0.0055494 0.0013305 0.0927610 0.0154614 0.0015833 0.0255158 0.0474387 0.0270954 0.0000000 0.0000000 0.0066968 0.5674026
 28 E  28 0.0122284 0.0116334 0.0586108 0.0300927 0.0000000 0.0177589 0.1094297 0.0399661 0.0089377 0.0000000 0.0045746 0.1129304 0.0000000 0.0000000 0.0036803 0.0377920 0.0357365 0.0000000 0.0000000 0.0000000 0.5166285
 29 V  29 0.0189787 0.0202721 0.0253511 0.0094926 0.0017094 0.0162182 0.0348723 0.0036644 0.0038199 0.0584083 0.0382466 0.1555666 0.0613140 0.0053852 0.0206971 0.0241291 0.0327447 0.0000000 0.0011081 0.0557956 0.4122262
 30 E  30 0.0127739 0.0211744 0.0426258 0.0159076 0.0000000 0.0755095 0.0870084 0.0116542 0.0012411 0.0349341 0.0434082 0.0872360 0.0195887 0.0037599 0.0703001 0.0489449 0.0151163 0.0000000 0.0042634 0.0208075 0.3837460
 31 F  31 0.0190376 0.0941700 0.0071402 0.0063446 0.0038961 0.0195894 0.0180691 0.0048515 0.0186014 0.0521917 0.0464185 0.1420327 0.0724106 0.0410495 0.0923634 0.0158150 0.0440286 0.0028926 0.0033179 0.0388289 0.2569506
 32 N  32 0.0294712 0.1638766 0.0860773 0.0161529 0.0000000 0.0833316 0.0555972 0.0264102 0.0262335 0.0069457 0.0089052 0.1874051 0.0011025 0.0000000 0.0408871 0.0605451 0.0426634 0.0000000 0.0000000 0.0168438 0.1475515
 33 V  33 0.0021499 0.0000000 0.0000000 0.0000000 0.0000000 0.0000000 0.0000000 0.0000000 0.0000000 0.2514994 0.4834428 0.0000000 0.0272982 0.0181788 0.0796785 0.0000000 0.0000000 0.0000000 0.0000000 0.0635306 0.0742219
 34 S  34 0.0036082 0.0000000 0.0031280 0.0017108 0.0000000 0.0000000 0.0000000 0.2647521 0.0019693 0.0000000 0.0000000 0.0000000 0.0000000 0.0189469 0.0633650 0.3336473 0.2808694 0.0000000 0.0019668 0.0000000 0.0260363
 35 N  35 0.0605205 0.0374634 0.0898425 0.2852738 0.0000000 0.0616711 0.2395232 0.0138078 0.0080709 0.0047401 0.0014272 0.0737930 0.0029058 0.0026863 0.0597601 0.0223906 0.0099197 0.0000000 0.0017474 0.0038944 0.0205622
 36 A  36 0.3491396 0.0374573 0.0014535 0.0000000 0.0026140 0.0252725 0.0000000 0.0244136 0.0000000 0.0018363 0.2745562 0.0405513 0.0013570 0.0022561 0.0000000 0.1548986 0.0301497 0.0000000 0.0024341 0.0332199 0.0183902
 37 E  37 0.0000000 0.0000000 0.0000000 0.0000000 0.0000000 0.0217677 0.9575093 0.0042609 0.0000000 0.0000000 0.0000000 0.0000000 0.0000000 0.0000000 0.0000000 0.0000000 0.0000000 0.0000000 0.0000000 0.0000000 0.0164621
 38 L  38 0.1084697 0.0838975 0.0014993 0.0063236 0.0011226 0.0138597 0.1315373 0.0020230 0.0092815 0.0035555 0.2628619 0.0215519 0.0180057 0.0458537 0.0000000 0.0209309 0.0588567 0.1828989 0.0100594 0.0009491 0.0164621
 39 I  39 0.0984975 0.0256298 0.0152638 0.0507704 0.0009800 0.1249499 0.4545063 0.0038082 0.0013870 0.0408809 0.0176719 0.0517583 0.0013669 0.0028796 0.0000000 0.0216065 0.0154793 0.0000000 0.0040222 0.0520796 0.0164621
 40 V  40 0.0053354 0.0000000 0.0000000 0.0000000 0.0018253 0.0000000 0.0000000 0.0000000 0.0000000 0.3737974 0.0734855 0.0000000 0.0034338 0.0243618 0.0000000 0.0000000 0.0017835 0.0000000 0.0000000 0.5001470 0.0158303
 41 M  41 0.0043504 0.0000000 0.0000000 0.0000000 0.0000000 0.0000000 0.0000000 0.0000000 0.0000000 0.0038807 0.1686935 0.0000000 0.7807370 0.0000000 0.0000000 0.0000000 0.0000000 0.0000000 0.0000000 0.0423384 0.0000000
 42 R  42 0.0203513 0.1991527 0.0633075 0.1437022 0.0020052 0.1263693 0.1147868 0.0205755 0.0188194 0.0032080 0.0232171 0.1556983 0.0061738 0.0000000 0.0000000 0.0141666 0.0869385 0.0000000 0.0000000 0.0015278 0.0000000
 43 V  43 0.0915077 0.0355860 0.0000000 0.0000000 0.0148946 0.0165465 0.0146977 0.0013843 0.0252529 0.2338320 0.0563069 0.0041877 0.0049420 0.0194906 0.0000000 0.0015429 0.0202317 0.0188961 0.0415374 0.3991629 0.0000000
 44 I  44 0.0043789 0.0000000 0.0000000 0.0000000 0.0042518 0.0000000 0.0000000 0.0000000 0.0000000 0.2491066 0.5069562 0.0000000 0.0059826 0.0357074 0.0000000 0.0000000 0.0000000 0.0000000 0.0025309 0.1910855 0.0000000
 45 W  45 0.0045032 0.0000000 0.0000000 0.0033365 0.0023184 0.0000000 0.0000000 0.0397858 0.0036224 0.0000000 0.0000000 0.0000000 0.0000000 0.0032085 0.0000000 0.0000000 0.0000000 0.9310689 0.0121564 0.0000000 0.0000000
 46 S  46 0.1483167 0.0905164 0.0363625 0.1470852 0.0017823 0.0835693 0.1294487 0.0090844 0.0047095 0.0014016 0.0103481 0.1299128 0.0082334 0.0000000 0.0000000 0.1088071 0.0842104 0.0000000 0.0000000 0.0062118 0.0000000
 47 L  47 0.0495283 0.0930730 0.0747852 0.0267750 0.0163603 0.0427069 0.0555414 0.0235786 0.0753274 0.0183827 0.2365762 0.0951511 0.0122180 0.0034668 0.0000000 0.0666807 0.0583257 0.0199794 0.0193388 0.0110775 0.0011271
 48 G  48 0.0559628 0.0045581 0.0524393 0.0764171 0.0000000 0.0283608 0.1707586 0.3967741 0.0101220 0.0000000 0.0000000 0.0619654 0.0000000 0.0012364 0.0598364 0.0714237 0.0029422 0.0000000 0.0057666 0.0014363 0.0000000
 49 E  49 0.0199094 0.0484106 0.0117334 0.0444276 0.0045808 0.0285868 0.1757752 0.0266549 0.0099643 0.0000000 0.0040698 0.0922556 0.0014671 0.0000000 0.4623922 0.0441876 0.0161023 0.0042135 0.0052688 0.0000000 0.0000000
 50 A  50 0.2712396 0.0304934 0.0014184 0.0048689 0.0451197 0.0538793 0.0013925 0.0646374 0.0012396 0.0745615 0.1698215 0.0132120 0.0323461 0.0046661 0.0036062 0.0473474 0.0397749 0.0000000 0.0000000 0.1403757 0.0000000
 51 R  51 0.0245664 0.0488268 0.0268199 0.0171771 0.0054062 0.0009568 0.0023207 0.0078036 0.0081283 0.0025613 0.0258950 0.0209526 0.0033826 0.0867475 0.0223799 0.1454334 0.5205506 0.0000000 0.0093772 0.0207140 0.0000000
 52 V  52 0.2027353 0.0090371 0.0000000 0.0000000 0.0066895 0.0000000 0.0000000 0.0112228 0.0000000 0.0447061 0.0169524 0.0000000 0.0233501 0.0068308 0.0576125 0.1422262 0.0593101 0.0000000 0.0103514 0.4089757 0.0000000
 53 D  53 0.0809876 0.2955267 0.0805409 0.0440924 0.0000000 0.0196722 0.0363263 0.0721121 0.0136175 0.0015044 0.0033090 0.2087779 0.0085849 0.0038896 0.0099177 0.0756057 0.0354391 0.0009039 0.0009232 0.0082690 0.0000000
 54 E  54 0.0264951 0.0119419 0.0059391 0.2438491 0.0000000 0.1644467 0.4154497 0.0147921 0.0131176 0.0032582 0.0054029 0.0251795 0.0051078 0.0113977 0.0000000 0.0186362 0.0234609 0.0023184 0.0058777 0.0033293 0.0000000
 55 I  55 0.0063927 0.0000000 0.0000000 0.0025176 0.0020571 0.0000000 0.0000000 0.0000000 0.0000000 0.3949812 0.1215049 0.0000000 0.0078665 0.0049873 0.0000000 0.0000000 0.0028672 0.0000000 0.0035813 0.4532442 0.0000000
 56 Y  56 0.0597082 0.0817369 0.0073845 0.0024066 0.0073306 0.0452819 0.0087075 0.0071926 0.1247344 0.1961193 0.1687737 0.0045651 0.0396139 0.0356679 0.0000000 0.0191310 0.0444285 0.0012940 0.0469828 0.0956437 0.0032967
 57 A  57 0.1958520 0.0410049 0.0227179 0.2012348 0.0029194 0.0469217 0.3278378 0.0109871 0.0177205 0.0030614 0.0102762 0.0507993 0.0051519 0.0000000 0.0082868 0.0316701 0.0153839 0.0000000 0.0021978 0.0034967 0.0024797
 58 Q  58 0.1815729 0.1002641 0.0100977 0.0490125 0.0081144 0.1060644 0.1370987 0.0110861 0.0291999 0.0634350 0.0888657 0.0597445 0.0009540 0.0156002 0.0016304 0.0359973 0.0203189 0.0022446 0.0212704 0.0556825 0.0017457
 59 I  59 0.0115597 0.0020787 0.0000000 0.0000000 0.0035688 0.0012524 0.0000000 0.0000000 0.0047575 0.1029133 0.6776647 0.0048186 0.0582775 0.0357202 0.0000000 0.0024718 0.0037720 0.0011280 0.0477934 0.0399179 0.0023056
 60 P  60 0.1103998 0.0200238 0.0721195 0.0819439 0.0089394 0.0741596 0.0954152 0.0665229 0.0139487 0.0030639 0.0346206 0.0672766 0.0000000 0.0000000 0.1756179 0.1034382 0.0358470 0.0014138 0.0025482 0.0142910 0.0184101
 61 Q  61 0.0859944 0.0531292 0.0161619 0.0956919 0.0000000 0.1224257 0.2471496 0.0621026 0.0244135 0.0037951 0.0189310 0.0905319 0.0026531 0.0000000 0.0802709 0.0289049 0.0291471 0.0000000 0.0019019 0.0086280 0.0281673
 62 E  62 0.0386317 0.0590679 0.0276278 0.1034289 0.0029485 0.0709214 0.1621676 0.0391497 0.0110154 0.0049837 0.0087702 0.1113145 0.0028326 0.0023691 0.1287904 0.0931058 0.0482780 0.0000000 0.0048621 0.0308373 0.0488974
 63 L  63 0.0124545 0.2920252 0.0335928 0.0023478 0.0060621 0.0387655 0.0149332 0.0511180 0.0219178 0.0158452 0.0448370 0.2095978 0.0394175 0.0207512 0.0201969 0.0174579 0.0906428 0.0010185 0.0173613 0.0227297 0.0269271
 64 E  64 0.0218429 0.0156280 0.0463562 0.1906294 0.0022248 0.0613750 0.1514822 0.1563414 0.0095718 0.0000000 0.0018032 0.0294222 0.0000000 0.0000000 0.1966130 0.0679325 0.0167351 0.0000000 0.0000000 0.0039106 0.0281316
 65 W  65 0.0099477 0.0219535 0.0032425 0.0000000 0.0019426 0.0061735 0.0000000 0.0083373 0.0021978 0.0720677 0.2304434 0.0018840 0.0040357 0.0019480 0.0337158 0.0034431 0.0125336 0.4283316 0.0000000 0.0365295 0.1212726
 66 S  66 0.3789580 0.0010750 0.0436982 0.0052076 0.0014527 0.0175499 0.0063262 0.0330726 0.0683548 0.0000000 0.0015108 0.1316886 0.0000000 0.0000000 0.0075906 0.2122807 0.0585875 0.0000000 0.0030531 0.0025401 0.0270535
 67 L  67 0.0417690 0.0420567 0.0057845 0.0286488 0.0000000 0.0189143 0.0630908 0.0023010 0.0147788 0.0072585 0.0623113 0.0467525 0.0117350 0.0301397 0.1303425 0.0114409 0.0215335 0.0000000 0.4351305 0.0238139 0.0021978
 68 A  68 0.1040280 0.0044667 0.1791168 0.0000000 0.0000000 0.0354466 0.0019977 0.0138080 0.0053930 0.0000000 0.0000000 0.0724093 0.0000000 0.0000000 0.0208947 0.2026142 0.3598251 0.0000000 0.0000000 0.0000000 0.0000000
 69 T  69 0.0219652 0.0000000 0.0037313 0.0053930 0.0000000 0.0000000 0.0000000 0.0025401 0.0000000 0.0000000 0.0000000 0.0000000 0.0000000 0.0000000 0.0000000 0.0534124 0.9092943 0.0000000 0.0000000 0.0036637 0.0000000
 70 V  70 0.0104771 0.0000000 0.0000000 0.0000000 0.0025723 0.0000000 0.0000000 0.0040936 0.0000000 0.2552114 0.0608081 0.0000000 0.0016675 0.0000000 0.0000000 0.0029485 0.0809863 0.0000000 0.0022469 0.5789883 0.0000000
 71 K  71 0.1020595 0.0696973 0.0073953 0.0000000 0.0000000 0.0695013 0.0000000 0.0060946 0.0180309 0.0267825 0.1515563 0.2298283 0.1303233 0.0088444 0.0000000 0.0857284 0.0176038 0.0000000 0.0237683 0.0527858 0.0000000
 72 T  72 0.0189427 0.0037313 0.0100215 0.0000000 0.0106715 0.0000000 0.0000000 0.0040851 0.0000000 0.0000000 0.0000000 0.0438068 0.0038499 0.0000000 0.0000000 0.0988503 0.8060410 0.0000000 0.0000000 0.0000000 0.0000000
 73 L  73 0.0070162 0.0000000 0.0000000 0.0000000 0.0000000 0.0072516 0.0000000 0.0000000 0.0000000 0.1115620 0.3861943 0.0079310 0.0570736 0.0667710 0.0000000 0.0000000 0.1252748 0.0000000 0.0200018 0.2109237 0.0000000
 74 L  74 0.0066381 0.0000000 0.0000000 0.0000000 0.0033481 0.0000000 0.0000000 0.0000000 0.0000000 0.1649227 0.5937342 0.0000000 0.1371509 0.0015498 0.0000000 0.0024341 0.0032854 0.0000000 0.0000000 0.0869367 0.0000000
 75 G  75 0.0445478 0.1604766 0.1043743 0.1052220 0.0000000 0.0700252 0.0327813 0.1084421 0.0129336 0.0028642 0.0118209 0.1365542 0.0014151 0.0012890 0.0000000 0.0930964 0.0958823 0.0000000 0.0101321 0.0081429 0.0000000
 76 R  76 0.0071390 0.6827220 0.0961349 0.0000000 0.0000000 0.0028807 0.0000000 0.0164569 0.0081614 0.1208398 0.0064531 0.0195571 0.0000000 0.0023994 0.0000000 0.0017457 0.0046696 0.0000000 0.0000000 0.0308404 0.0000000
 77 L  77 0.0000000 0.0000000 0.0000000 0.0000000 0.0216726 0.0000000 0.0000000 0.0000000 0.0000000 0.0060025 0.8550571 0.0000000 0.1148208 0.0000000 0.0000000 0.0000000 0.0000000 0.0000000 0.0000000 0.0024469 0.0000000
 78 V  78 0.0709184 0.0125164 0.0013783 0.0063179 0.0015353 0.0195233 0.2273870 0.0064499 0.1109994 0.0464807 0.0664248 0.0153203 0.0075451 0.0198200 0.0000000 0.0185591 0.0644927 0.0000000 0.0500476 0.2542839 0.0000000
 79 K  79 0.0510215 0.0852248 0.0413159 0.1185535 0.0000000 0.0877525 0.2639033 0.0187509 0.0053357 0.0000000 0.0067966 0.2470841 0.0000000 0.0000000 0.0000000 0.0234763 0.0467543 0.0000000 0.0000000 0.0040305 0.0000000
 80 K  80 0.0040851 0.0249256 0.0038896 0.0000000 0.0000000 0.0030859 0.0045338 0.0000000 0.0000000 0.0000000 0.0000000 0.9594800 0.0000000 0.0000000 0.0000000 0.0000000 0.0000000 0.0000000 0.0000000 0.0000000 0.0000000
 81 E  81 0.0016177 0.0278799 0.0444517 0.0236371 0.0000000 0.0266694 0.0949727 0.6987987 0.0132163 0.0000000 0.0000000 0.0564722 0.0000000 0.0000000 0.0000000 0.0122844 0.0000000 0.0000000 0.0000000 0.0000000 0.0000000
 82 M  82 0.2199714 0.0025808 0.0000000 0.0025482 0.0053444 0.0011627 0.0011836 0.0000000 0.0123027 0.0295443 0.1631345 0.0048709 0.0632710 0.1993108 0.0000000 0.0000000 0.0073210 0.1007262 0.0997208 0.0870067 0.0000000
 83 L  83 0.0171999 0.0000000 0.0000000 0.0000000 0.0000000 0.0000000 0.0000000 0.0000000 0.0000000 0.1260792 0.4443218 0.0000000 0.0000000 0.0030343 0.0000000 0.0000000 0.0030407 0.0000000 0.0000000 0.4063242 0.0000000
 84 S  84 0.1182665 0.1076768 0.0344081 0.0559104 0.0029485 0.0439239 0.0582777 0.1004678 0.0105922 0.0130905 0.0149293 0.0963818 0.0010331 0.0000000 0.0000000 0.1438341 0.1585531 0.0014666 0.0025422 0.0241602 0.0115371
 85 T  85 0.0684600 0.3131578 0.0011763 0.0058927 0.0331368 0.0302652 0.0000000 0.0045196 0.1154188 0.0117361 0.0009828 0.0207672 0.0039374 0.0533436 0.0076797 0.0670533 0.1093003 0.0000000 0.0807916 0.0608436 0.0115371
 86 E  86 0.0165673 0.0960511 0.0500500 0.0876087 0.0024202 0.0612928 0.3311457 0.0115862 0.0772955 0.0247616 0.0046124 0.1066573 0.0000000 0.0000000 0.0000000 0.0236939 0.0625127 0.0000000 0.0095848 0.0291426 0.0050173
 87 K  87 0.0478207 0.2572084 0.0059062 0.0142341 0.0000000 0.0567463 0.0847037 0.0206995 0.0063621 0.0033201 0.0218089 0.3433993 0.0048608 0.0000000 0.0238428 0.0258777 0.0397491 0.0000000 0.0000000 0.0342154 0.0092447
 88 E  88 0.0361314 0.0370569 0.0562467 0.1662664 0.0025955 0.0979851 0.2043233 0.0185930 0.0276168 0.0359792 0.0194352 0.0362887 0.0033558 0.0403138 0.0092336 0.0647650 0.0218871 0.0000000 0.0442097 0.0668377 0.0108790
 89 G  89 0.0243238 0.0084826 0.0147427 0.0505660 0.0000000 0.0247994 0.0481091 0.7100632 0.0025033 0.0018071 0.0014911 0.0142898 0.0000000 0.0018588 0.0000000 0.0539855 0.0217490 0.0000000 0.0000000 0.0055450 0.0156838
 90 R  90 0.0023332 0.5673052 0.0917012 0.0016927 0.0000000 0.0043677 0.0022962 0.0260978 0.0167495 0.0080105 0.0269634 0.1822016 0.0012166 0.0026720 0.0250138 0.0128046 0.0030890 0.0000000 0.0028416 0.0029489 0.0196946
 91 K  91 0.2862655 0.0747546 0.0272663 0.0061570 0.0070582 0.0173382 0.0378114 0.0327895 0.0177986 0.0182174 0.0245344 0.0827319 0.0112573 0.0058427 0.0397326 0.1098348 0.1409084 0.0000000 0.0000000 0.0424011 0.0173002
 92 F  92 0.0031776 0.0611430 0.0667409 0.0000000 0.0017450 0.0109357 0.0000000 0.0024220 0.1436310 0.0072429 0.0253295 0.0222554 0.0018956 0.2696146 0.0000000 0.0091375 0.0060849 0.0250055 0.3255830 0.0064311 0.0116248
 93 V  93 0.0158039 0.1383813 0.0082614 0.0000000 0.0049936 0.0727118 0.0603446 0.0028812 0.0346103 0.1288536 0.1377421 0.0233692 0.0132542 0.0177915 0.0000000 0.0148294 0.0403985 0.0041636 0.0401053 0.2277383 0.0137661
 94 Y  94 0.0000000 0.0000000 0.0000000 0.0000000 0.0214331 0.0000000 0.0000000 0.0000000 0.0038341 0.0000000 0.0032217 0.0000000 0.0000000 0.0528054 0.0000000 0.0000000 0.0000000 0.0163030 0.8907779 0.0000000 0.0116248
 95 R  95 0.0529894 0.1872834 0.0069053 0.0037170 0.0017429 0.0376795 0.0533026 0.0437028 0.0331754 0.0166447 0.0279389 0.0229452 0.0017675 0.0700069 0.0000000 0.1229983 0.1156340 0.0096729 0.1377560 0.0312621 0.0228752
 96 P  96 0.3316386 0.0000000 0.0016843 0.0000000 0.0000000 0.0000000 0.0000000 0.0000000 0.0000000 0.0045766 0.0000000 0.0000000 0.0000000 0.0000000 0.5785535 0.0281292 0.0115988 0.0000000 0.0000000 0.0095269 0.0342921
 97 L  97 0.1911719 0.0231863 0.0167328 0.0000000 0.0029873 0.0000000 0.0036435 0.0026895 0.0000000 0.0573498 0.3840491 0.0315154 0.0108809 0.0000000 0.0000000 0.0099677 0.0884707 0.0000000 0.0000000 0.1025707 0.0747842
 98 M  98 0.0426327 0.0000000 0.0000000 0.0000000 0.0000000 0.0000000 0.0000000 0.0000000 0.0000000 0.2765815 0.0952094 0.0000000 0.0689408 0.0017535 0.0000000 0.0000000 0.0037901 0.0000000 0.0000000 0.3008878 0.2102043
 99 E  99 0.0000000 0.0000000 0.0000000 0.1025201 0.0000000 0.0201185 0.0839998 0.0000000 0.0000000 0.0000000 0.0000000 0.0552636 0.0000000 0.0000000 0.0000000 0.0000000 0.0000000 0.0000000 0.0000000 0.0000000 0.7380981
