   99         A         R         N         D         C         Q         E         G         H         I         L         K         M         F         P         S         T         W         Y         V    
  1 M   1 0.0000000 0.0000000 0.0000000 0.0000000 0.0000000 0.0000000 0.0000000 0.0000000 0.0000000 0.0000000 0.0000000 0.0000000 1.0000000 0.0000000 0.0000000 0.0000000 0.0000000 0.0000000 0.0000000 0.0000000
  2 S   2 0.0000000 0.0000000 0.0000000 0.0000000 0.0000000 0.0000000 0.0000000 0.0000000 0.0000000 0.0000000 0.0000000 0.0000000 0.0000000 0.0000000 0.0000000 1.0000000 0.0000000 0.0000000 0.0000000 0.0000000
  3 Y   3 0.0000000 0.0000000 0.0000000 0.0000000 0.0000000 0.0000000 0.0000000 0.0000000 0.0000000 0.0000000 0.0000000 0.0000000 0.0000000 0.5163480 0.0000000 0.0000000 0.0000000 0.0000000 0.4836520 0.0000000
  4 Y   4 0.0000000 0.0000000 0.0000000 0.0000000 0.0000000 0.5163480 0.0000000 0.0000000 0.0000000 0.0000000 0.0000000 0.0000000 0.0000000 0.0000000 0.0000000 0.0000000 0.0000000 0.0000000 0.4836520 0.0000000
  5 H   5 0.0000000 0.0000000 0.0000000 0.0000000 0.0000000 0.0000000 0.0000000 0.0000000 1.0000000 0.0000000 0.0000000 0.0000000 0.0000000 0.0000000 0.0000000 0.0000000 0.0000000 0.0000000 0.0000000 0.0000000
  6 H   6 0.0000000 0.0000000 0.0000000 0.0000000 0.0000000 0.0000000 0.0000000 0.0000000 0.4836520 0.0000000 0.0000000 0.0000000 0.0000000 0.0000000 0.0000000 0.0000000 0.0000000 0.0000000 0.0000000 0.5163480
  7 H   7 0.0000000 0.0000000 0.0000000 0.0000000 0.0000000 0.0000000 0.0000000 0.0000000 1.0000000 0.0000000 0.0000000 0.0000000 0.0000000 0.0000000 0.0000000 0.0000000 0.0000000 0.0000000 0.0000000 0.0000000
  8 H   8 0.0000000 0.5163480 0.0000000 0.0000000 0.0000000 0.0000000 0.0000000 0.0000000 0.4836520 0.0000000 0.0000000 0.0000000 0.0000000 0.0000000 0.0000000 0.0000000 0.0000000 0.0000000 0.0000000 0.0000000
  9 H   9 0.0000000 0.0000000 0.4567693 0.0000000 0.0000000 0.0000000 0.0000000 0.0000000 0.5432307 0.0000000 0.0000000 0.0000000 0.0000000 0.0000000 0.0000000 0.0000000 0.0000000 0.0000000 0.0000000 0.0000000
 10 H  10 0.0000000 0.0000000 0.0000000 0.3975879 0.2300001 0.0000000 0.0000000 0.0000000 0.3724120 0.0000000 0.0000000 0.0000000 0.0000000 0.0000000 0.0000000 0.0000000 0.0000000 0.0000000 0.0000000 0.0000000
 11 D  11 0.1295652 0.3975879 0.0000000 0.4728469 0.0000000 0.0000000 0.0000000 0.0000000 0.0000000 0.0000000 0.0000000 0.0000000 0.0000000 0.0000000 0.0000000 0.0000000 0.0000000 0.0000000 0.0000000 0.0000000
 12 Y  12 0.0000000 0.0000000 0.0000000 0.0000000 0.0000000 0.0000000 0.0000000 0.0000000 0.1208601 0.0000000 0.0000000 0.0000000 0.0000000 0.1608743 0.0000000 0.0000000 0.0000000 0.0000000 0.7182657 0.0000000
 13 D  13 0.0000000 0.1137953 0.0000000 0.7395403 0.0000000 0.0000000 0.0000000 0.0000000 0.0000000 0.0000000 0.0000000 0.0000000 0.0000000 0.0000000 0.0000000 0.1466643 0.0000000 0.0000000 0.0000000 0.0000000
 14 I  14 0.0000000 0.0000000 0.0000000 0.0000000 0.0000000 0.0000000 0.0000000 0.0000000 0.0693800 0.3587280 0.0000000 0.0000000 0.0000000 0.0000000 0.5077833 0.0000000 0.0641088 0.0000000 0.0000000 0.0000000
 15 P  15 0.0000000 0.0000000 0.0000000 0.0000000 0.1194297 0.0000000 0.0000000 0.0000000 0.0000000 0.0000000 0.0000000 0.0000000 0.0000000 0.0000000 0.8805703 0.0000000 0.0000000 0.0000000 0.0000000 0.0000000
 16 T  16 0.0000000 0.0826016 0.0000000 0.0000000 0.0000000 0.0000000 0.0000000 0.0000000 0.0000000 0.0267266 0.0763837 0.0000000 0.0000000 0.0365986 0.0000000 0.0177141 0.4202209 0.0000000 0.0222506 0.3175040
 17 T  17 0.0619288 0.0175110 0.1255012 0.0000000 0.0000000 0.0798906 0.0276588 0.0000000 0.0000000 0.0000000 0.0294452 0.0000000 0.0000000 0.0000000 0.0410377 0.2629797 0.3186494 0.0000000 0.0353975 0.0000000
 18 E  18 0.0745877 0.0000000 0.0000000 0.0000000 0.0209131 0.0000000 0.2373229 0.0000000 0.0000000 0.0157859 0.0000000 0.0000000 0.0456502 0.0000000 0.0000000 0.1950733 0.3086402 0.0000000 0.0000000 0.1020267
 19 N  19 0.0000000 0.3321223 0.4581705 0.0000000 0.0000000 0.0000000 0.0746639 0.0383529 0.0172295 0.0000000 0.0000000 0.0000000 0.0136289 0.0000000 0.0000000 0.0258493 0.0000000 0.0000000 0.0143068 0.0256760
 20 L  20 0.0221074 0.0823786 0.0260699 0.0370486 0.0251379 0.0958021 0.0561611 0.0000000 0.0000000 0.0313394 0.3544300 0.0000000 0.0000000 0.0563318 0.0000000 0.0000000 0.0742629 0.0000000 0.0000000 0.1389304
 21 Y  21 0.1177775 0.0756069 0.0000000 0.0327785 0.0000000 0.0000000 0.1740676 0.0128723 0.0000000 0.0797476 0.0244722 0.0982932 0.0000000 0.0508003 0.0404892 0.0200298 0.0104028 0.0000000 0.2626622 0.0000000
 22 F  22 0.0000000 0.1143870 0.0166773 0.0447085 0.0000000 0.0000000 0.0717481 0.0320751 0.0000000 0.0000000 0.1150700 0.1056056 0.0000000 0.3810382 0.0000000 0.0000000 0.0483838 0.0000000 0.0162783 0.0540282
 23 Q  23 0.0000000 0.3207229 0.0000000 0.0000000 0.0000000 0.2967494 0.0616136 0.0863171 0.0000000 0.0441329 0.0665996 0.0543465 0.0000000 0.0000000 0.0000000 0.0316872 0.0160690 0.0000000 0.0122985 0.0094634
 24 G  24 0.0437650 0.1331898 0.0080806 0.0000000 0.0000000 0.0098086 0.0149461 0.3716690 0.0000000 0.0167990 0.0000000 0.0572362 0.0061973 0.0000000 0.1500761 0.0418752 0.0279311 0.0000000 0.0058523 0.1125737
 25 A  25 0.2878026 0.0000000 0.0447695 0.0239710 0.0000000 0.0102475 0.0091829 0.0516798 0.0318973 0.0795885 0.0341957 0.1447246 0.1636375 0.0000000 0.0000000 0.0445204 0.0566509 0.0000000 0.0000000 0.0171317
 26 M  26 0.0000000 0.0163108 0.0107793 0.0348104 0.0000000 0.0313965 0.0000000 0.0000000 0.0000000 0.0217381 0.0381707 0.0464190 0.7487618 0.0000000 0.0000000 0.0124020 0.0278628 0.0000000 0.0000000 0.0113486
 27 N  27 0.0333281 0.0669026 0.2164155 0.0587936 0.0000000 0.0478232 0.0555592 0.0277015 0.0000000 0.0118422 0.0029197 0.2080980 0.0350002 0.0033624 0.0543559 0.1037074 0.0598076 0.0000000 0.0000000 0.0143828
 28 E  28 0.0246472 0.0221890 0.1170865 0.0580946 0.0000000 0.0336967 0.2525312 0.0832390 0.0180633 0.0000000 0.0089653 0.2295700 0.0000000 0.0000000 0.0073648 0.0734123 0.0711403 0.0000000 0.0000000 0.0000000
 29 V  29 0.0306873 0.0323920 0.0444360 0.0169383 0.0028093 0.0254279 0.0626658 0.0057303 0.0061864 0.0940210 0.0654169 0.2546568 0.0946035 0.0092540 0.0332252 0.0378051 0.0540463 0.0000000 0.0017942 0.1279037
 30 E  30 0.0198129 0.0364115 0.0687001 0.0237238 0.0000000 0.1267869 0.1691168 0.0197344 0.0019381 0.0529843 0.0656021 0.1359890 0.0298424 0.0057780 0.1038799 0.0764251 0.0227784 0.0000000 0.0066634 0.0338329
 31 F  31 0.0259114 0.1520994 0.0090907 0.0080738 0.0048524 0.0244783 0.0222745 0.0059100 0.0254141 0.0636846 0.0577360 0.1799071 0.0918438 0.0795200 0.1146697 0.0195564 0.0600052 0.0032889 0.0042264 0.0474574
 32 N  32 0.0332809 0.2046646 0.1201228 0.0182516 0.0000000 0.0908209 0.0607304 0.0342369 0.0326189 0.0083005 0.0108416 0.2033952 0.0012469 0.0000000 0.0474287 0.0651643 0.0483221 0.0000000 0.0000000 0.0205736
 33 V  33 0.0024061 0.0000000 0.0000000 0.0000000 0.0000000 0.0000000 0.0000000 0.0000000 0.0000000 0.2606412 0.4900614 0.0000000 0.0285523 0.0235088 0.1063449 0.0000000 0.0000000 0.0000000 0.0000000 0.0884853
 34 S  34 0.0035730 0.0000000 0.0031662 0.0018507 0.0000000 0.0000000 0.0000000 0.2798392 0.0019936 0.0000000 0.0000000 0.0000000 0.0000000 0.0171269 0.0639791 0.3524486 0.2740324 0.0000000 0.0019901 0.0000000
 35 N  35 0.0577708 0.0371040 0.1080471 0.2845753 0.0000000 0.0836175 0.2332503 0.0137992 0.0083804 0.0044955 0.0014020 0.0691611 0.0028482 0.0026333 0.0570274 0.0210517 0.0094638 0.0000000 0.0017009 0.0036713
 36 A  36 0.3629303 0.0370297 0.0014269 0.0000000 0.0024364 0.0247832 0.0000000 0.0237227 0.0000000 0.0019593 0.2870876 0.0369955 0.0013755 0.0022775 0.0000000 0.1500922 0.0293683 0.0000000 0.0024581 0.0360569
 37 E  37 0.0000000 0.0000000 0.0000000 0.0000000 0.0000000 0.0225603 0.9724015 0.0050382 0.0000000 0.0000000 0.0000000 0.0000000 0.0000000 0.0000000 0.0000000 0.0000000 0.0000000 0.0000000 0.0000000 0.0000000
 38 L  38 0.1098716 0.0799228 0.0013837 0.0055611 0.0010585 0.0127994 0.1218008 0.0019431 0.0085862 0.0034573 0.2800237 0.0211361 0.0175647 0.0455383 0.0000000 0.0193999 0.0814779 0.1781188 0.0094492 0.0009071
 39 I  39 0.0954770 0.0238015 0.0160201 0.0498573 0.0009617 0.1198403 0.4633344 0.0039629 0.0014025 0.0619502 0.0175223 0.0490454 0.0013742 0.0028479 0.0000000 0.0177369 0.0144732 0.0000000 0.0039656 0.0564264
 40 V  40 0.0051266 0.0000000 0.0000000 0.0000000 0.0019289 0.0000000 0.0000000 0.0000000 0.0000000 0.3891450 0.0704576 0.0000000 0.0036061 0.0274159 0.0000000 0.0000000 0.0019040 0.0000000 0.0000000 0.5004160
 41 M  41 0.0041933 0.0000000 0.0000000 0.0000000 0.0000000 0.0000000 0.0000000 0.0000000 0.0000000 0.0037472 0.1609733 0.0000000 0.7672721 0.0000000 0.0000000 0.0000000 0.0000000 0.0000000 0.0000000 0.0638141
 42 R  42 0.0189917 0.2144699 0.0594850 0.1366405 0.0018182 0.1220905 0.1093160 0.0187333 0.0174630 0.0029807 0.0221476 0.1502175 0.0059567 0.0000000 0.0000000 0.0132749 0.1049413 0.0000000 0.0000000 0.0014732
 43 V  43 0.0870307 0.0267761 0.0000000 0.0000000 0.0141835 0.0160249 0.0135621 0.0012841 0.0230333 0.2248150 0.0522802 0.0039574 0.0041950 0.0188865 0.0000000 0.0015088 0.0209675 0.0225810 0.0393855 0.4295285
 44 I  44 0.0041276 0.0000000 0.0000000 0.0000000 0.0039520 0.0000000 0.0000000 0.0000000 0.0000000 0.2642890 0.4993856 0.0000000 0.0055635 0.0342536 0.0000000 0.0000000 0.0000000 0.0000000 0.0024720 0.1859566
 45 W  45 0.0042288 0.0000000 0.0000000 0.0032668 0.0021752 0.0000000 0.0000000 0.0613798 0.0033850 0.0000000 0.0000000 0.0000000 0.0000000 0.0030941 0.0000000 0.0000000 0.0000000 0.9096138 0.0128565 0.0000000
 46 S  46 0.1391704 0.1090415 0.0349001 0.1505567 0.0017856 0.0796464 0.1240559 0.0089429 0.0045848 0.0013634 0.0103653 0.1175915 0.0080658 0.0000000 0.0000000 0.1225600 0.0815027 0.0000000 0.0000000 0.0058671
 47 L  47 0.0445633 0.0893763 0.0723920 0.0253678 0.0160650 0.0418355 0.0505202 0.0246575 0.0754879 0.0172076 0.2511224 0.0903955 0.0119473 0.0033385 0.0000000 0.0648400 0.0785276 0.0135134 0.0182058 0.0106364
 48 G  48 0.0544780 0.0040522 0.0444500 0.0956202 0.0000000 0.0255638 0.1695094 0.3991064 0.0099325 0.0000000 0.0000000 0.0579704 0.0000000 0.0011585 0.0576655 0.0708259 0.0027756 0.0000000 0.0056240 0.0012678
 49 E  49 0.0184958 0.0476606 0.0108046 0.0402997 0.0042968 0.0266737 0.1914435 0.0256771 0.0096055 0.0000000 0.0041190 0.0896997 0.0014497 0.0000000 0.4662992 0.0412481 0.0151253 0.0018587 0.0052430 0.0000000
 50 A  50 0.2775426 0.0311680 0.0013930 0.0047836 0.0431631 0.0526076 0.0013486 0.0652724 0.0011650 0.0765361 0.1793618 0.0131663 0.0307237 0.0046748 0.0035369 0.0461974 0.0370564 0.0000000 0.0000000 0.1303028
 51 R  51 0.0237502 0.0683806 0.0247114 0.0164801 0.0056206 0.0008957 0.0022936 0.0075411 0.0083095 0.0024303 0.0258462 0.0204414 0.0033011 0.0783184 0.0220701 0.1394983 0.5210748 0.0000000 0.0087374 0.0202991
 52 V  52 0.1920686 0.0088348 0.0000000 0.0000000 0.0065588 0.0000000 0.0000000 0.0120697 0.0000000 0.0430292 0.0146399 0.0000000 0.0220549 0.0065574 0.0774253 0.1376045 0.0568888 0.0000000 0.0100214 0.4122467
 53 D  53 0.0778810 0.2788778 0.0784989 0.0644535 0.0000000 0.0180350 0.0371144 0.0919092 0.0136322 0.0014097 0.0032375 0.1963735 0.0077963 0.0039920 0.0092698 0.0742457 0.0338761 0.0008419 0.0008600 0.0076956
 54 E  54 0.0244805 0.0110700 0.0057923 0.2355821 0.0000000 0.1590336 0.4360253 0.0145080 0.0120065 0.0030944 0.0052400 0.0256941 0.0050771 0.0109850 0.0000000 0.0179118 0.0226258 0.0021752 0.0056580 0.0030404
 55 I  55 0.0066789 0.0000000 0.0000000 0.0025191 0.0020284 0.0000000 0.0000000 0.0000000 0.0000000 0.4021863 0.1145823 0.0000000 0.0071981 0.0049101 0.0000000 0.0000000 0.0027610 0.0000000 0.0035698 0.4535660
 56 Y  56 0.0529313 0.1009817 0.0071430 0.0023429 0.0069025 0.0432156 0.0085320 0.0074212 0.1220446 0.1914232 0.1573050 0.0042297 0.0375950 0.0388146 0.0000000 0.0178941 0.0426225 0.0013199 0.0674465 0.0898348
 57 A  57 0.2098118 0.0407643 0.0223025 0.2102225 0.0028360 0.0463983 0.3148856 0.0094858 0.0173803 0.0029793 0.0098012 0.0492193 0.0053896 0.0000000 0.0080691 0.0306200 0.0148393 0.0000000 0.0016746 0.0033205
 58 Q  58 0.1749761 0.0913298 0.0095572 0.0456549 0.0077892 0.1230689 0.1340292 0.0103473 0.0280948 0.0607911 0.1086205 0.0573740 0.0009305 0.0148040 0.0015580 0.0360914 0.0189689 0.0022016 0.0206739 0.0531387
 59 I  59 0.0114401 0.0021001 0.0000000 0.0000000 0.0037476 0.0012348 0.0000000 0.0000000 0.0046724 0.1189562 0.6728874 0.0048352 0.0562926 0.0330314 0.0000000 0.0023746 0.0036425 0.0011112 0.0443223 0.0393515
 60 P  60 0.1070447 0.0194255 0.0753980 0.1017965 0.0081978 0.0663169 0.0923541 0.0625958 0.0117700 0.0028957 0.0336464 0.0653433 0.0000000 0.0000000 0.1928593 0.1057941 0.0341283 0.0014409 0.0026917 0.0163009
 61 Q  61 0.0833078 0.0535157 0.0160239 0.0947200 0.0000000 0.1455339 0.2378167 0.0609343 0.0229398 0.0034011 0.0175975 0.0924209 0.0027158 0.0000000 0.1020792 0.0283073 0.0283593 0.0000000 0.0018433 0.0084834
 62 E  62 0.0394436 0.0590372 0.0295457 0.1015427 0.0031237 0.0771091 0.1748271 0.0388710 0.0109131 0.0050245 0.0089172 0.1132921 0.0029107 0.0024458 0.1252047 0.1199365 0.0480676 0.0000000 0.0050240 0.0347639
 63 L  63 0.0107155 0.2814576 0.0324922 0.0022640 0.0058661 0.0407945 0.0147423 0.0736116 0.0219466 0.0151198 0.0666584 0.2036740 0.0388165 0.0208736 0.0207046 0.0164678 0.0927929 0.0010283 0.0174605 0.0225131
 64 E  64 0.0212992 0.0147516 0.0477760 0.1840981 0.0022404 0.0839259 0.1755259 0.1545189 0.0095498 0.0000000 0.0017701 0.0289449 0.0000000 0.0000000 0.1930526 0.0628339 0.0163627 0.0000000 0.0000000 0.0033501
 65 W  65 0.0110833 0.0277737 0.0034361 0.0000000 0.0021591 0.0070018 0.0000000 0.0086242 0.0018860 0.0768600 0.2678908 0.0020085 0.0044090 0.0020907 0.0345778 0.0037087 0.0140986 0.4930373 0.0000000 0.0393545
 66 S  66 0.3675627 0.0010995 0.0426291 0.0050915 0.0014997 0.0174274 0.0063059 0.0328537 0.0649638 0.0000000 0.0015538 0.1311225 0.0000000 0.0000000 0.0077863 0.2543500 0.0600022 0.0000000 0.0031561 0.0025957
 67 L  67 0.0408165 0.0406252 0.0054768 0.0277770 0.0000000 0.0177639 0.0635011 0.0023115 0.0152569 0.0071165 0.0818064 0.0439012 0.0110010 0.0287283 0.1260900 0.0105532 0.0195470 0.0000000 0.4348360 0.0228915
 68 A  68 0.1220970 0.0042371 0.1666324 0.0000000 0.0000000 0.0343298 0.0020416 0.0138014 0.0052728 0.0000000 0.0000000 0.0697679 0.0000000 0.0000000 0.0222549 0.2203215 0.3392437 0.0000000 0.0000000 0.0000000
 69 T  69 0.0222360 0.0000000 0.0036407 0.0052728 0.0000000 0.0000000 0.0000000 0.0025288 0.0000000 0.0000000 0.0000000 0.0000000 0.0000000 0.0000000 0.0000000 0.0537591 0.9089962 0.0000000 0.0000000 0.0035665
 70 V  70 0.0102683 0.0000000 0.0000000 0.0000000 0.0025137 0.0000000 0.0000000 0.0040105 0.0000000 0.2477947 0.0580340 0.0000000 0.0016317 0.0000000 0.0000000 0.0029739 0.0756598 0.0000000 0.0022532 0.5948602
 71 K  71 0.0997206 0.0681278 0.0071811 0.0000000 0.0000000 0.0666238 0.0000000 0.0062106 0.0167558 0.0261612 0.1476903 0.2464528 0.1174948 0.0086607 0.0000000 0.0781447 0.0159497 0.0000000 0.0208748 0.0739514
 72 T  72 0.0196523 0.0036407 0.0097832 0.0000000 0.0115407 0.0000000 0.0000000 0.0041356 0.0000000 0.0000000 0.0000000 0.0425468 0.0037504 0.0000000 0.0000000 0.0986987 0.8062516 0.0000000 0.0000000 0.0000000
 73 L  73 0.0068070 0.0000000 0.0000000 0.0000000 0.0000000 0.0066239 0.0000000 0.0000000 0.0000000 0.1033443 0.3961957 0.0088625 0.0549566 0.0637577 0.0000000 0.0000000 0.1495516 0.0000000 0.0197128 0.1901878
 74 L  74 0.0060677 0.0000000 0.0000000 0.0000000 0.0029155 0.0000000 0.0000000 0.0000000 0.0000000 0.1567940 0.6124573 0.0000000 0.1350007 0.0014758 0.0000000 0.0024340 0.0029830 0.0000000 0.0000000 0.0798721
 75 G  75 0.0434473 0.1508946 0.1020692 0.0982747 0.0000000 0.0671037 0.0281012 0.1267238 0.0131047 0.0027691 0.0114692 0.1312976 0.0013703 0.0012548 0.0000000 0.0896885 0.1143667 0.0000000 0.0099432 0.0081212
 76 R  76 0.0072681 0.7001449 0.0880991 0.0000000 0.0000000 0.0027985 0.0000000 0.0154233 0.0072667 0.1164638 0.0065554 0.0176760 0.0000000 0.0023375 0.0000000 0.0012102 0.0043821 0.0000000 0.0000000 0.0303745
 77 L  77 0.0000000 0.0000000 0.0000000 0.0000000 0.0199010 0.0000000 0.0000000 0.0000000 0.0000000 0.0057833 0.8596163 0.0000000 0.1123105 0.0000000 0.0000000 0.0000000 0.0000000 0.0000000 0.0000000 0.0023888
 78 V  78 0.0692355 0.0116408 0.0013599 0.0061274 0.0014771 0.0184821 0.2172144 0.0056519 0.1219427 0.0436645 0.0663272 0.0141240 0.0072344 0.0180654 0.0000000 0.0177867 0.0618830 0.0000000 0.0518286 0.2659545
 79 K  79 0.0490323 0.0805399 0.0384456 0.1103406 0.0000000 0.0826554 0.2770562 0.0171448 0.0048749 0.0000000 0.0068108 0.2604451 0.0000000 0.0000000 0.0000000 0.0221243 0.0465534 0.0000000 0.0000000 0.0039767
 80 K  80 0.0041356 0.0243348 0.0039920 0.0000000 0.0000000 0.0030685 0.0044487 0.0000000 0.0000000 0.0000000 0.0000000 0.9600205 0.0000000 0.0000000 0.0000000 0.0000000 0.0000000 0.0000000 0.0000000 0.0000000
 81 E  81 0.0015427 0.0307864 0.0414866 0.0223831 0.0000000 0.0258993 0.1129461 0.6865324 0.0130718 0.0000000 0.0000000 0.0541105 0.0000000 0.0000000 0.0000000 0.0112412 0.0000000 0.0000000 0.0000000 0.0000000
 82 M  82 0.2363286 0.0024052 0.0000000 0.0026493 0.0052932 0.0010886 0.0011011 0.0000000 0.0124214 0.0271832 0.1555364 0.0046424 0.0822820 0.1902398 0.0000000 0.0000000 0.0070625 0.0945273 0.0930979 0.0841410
 83 L  83 0.0162733 0.0000000 0.0000000 0.0000000 0.0000000 0.0000000 0.0000000 0.0000000 0.0000000 0.1193089 0.4569939 0.0000000 0.0000000 0.0030475 0.0000000 0.0000000 0.0028591 0.0000000 0.0000000 0.4015174
 84 S  84 0.1380251 0.0991413 0.0333584 0.0538450 0.0029970 0.0429930 0.0554301 0.0951205 0.0095143 0.0127338 0.0135180 0.0980844 0.0010177 0.0000000 0.0000000 0.1591408 0.1583010 0.0014090 0.0025782 0.0227925
 85 T  85 0.0688757 0.3195689 0.0011653 0.0058168 0.0309298 0.0295884 0.0000000 0.0045167 0.1113360 0.0119659 0.0009697 0.0193673 0.0037686 0.0513790 0.0082550 0.0688501 0.1286426 0.0000000 0.0743679 0.0606362
 86 E  86 0.0164246 0.0915913 0.0483194 0.0855482 0.0024546 0.0619921 0.3335372 0.0110473 0.0991182 0.0254943 0.0044743 0.1015251 0.0000000 0.0000000 0.0000000 0.0224278 0.0583924 0.0000000 0.0096252 0.0280280
 87 K  87 0.0410290 0.2766359 0.0056973 0.0137185 0.0000000 0.0545859 0.0828080 0.0210343 0.0067095 0.0030996 0.0203346 0.3549119 0.0046052 0.0000000 0.0221250 0.0243095 0.0381256 0.0000000 0.0000000 0.0302700
 88 E  88 0.0344590 0.0351503 0.0604257 0.1826970 0.0025325 0.0930220 0.2152805 0.0187113 0.0278498 0.0349809 0.0184486 0.0352327 0.0031609 0.0374864 0.0084164 0.0629172 0.0208299 0.0000000 0.0408410 0.0675580
 89 G  89 0.0251359 0.0084768 0.0144624 0.0529946 0.0000000 0.0241685 0.0462196 0.7269567 0.0024377 0.0017518 0.0015161 0.0139967 0.0000000 0.0018667 0.0000000 0.0525030 0.0220648 0.0000000 0.0000000 0.0054488
 90 R  90 0.0022788 0.5930781 0.0878736 0.0017551 0.0000000 0.0043370 0.0022373 0.0255554 0.0165607 0.0083487 0.0285630 0.1811436 0.0011714 0.0027748 0.0230789 0.0127165 0.0030559 0.0000000 0.0027188 0.0027524
 91 K  91 0.2970810 0.0767075 0.0248546 0.0060731 0.0071238 0.0165967 0.0384015 0.0301195 0.0178078 0.0177552 0.0246253 0.1026319 0.0110302 0.0056249 0.0402254 0.1066436 0.1361247 0.0000000 0.0000000 0.0405733
 92 F  92 0.0031912 0.0588976 0.0645463 0.0000000 0.0017841 0.0108750 0.0000000 0.0018180 0.1365517 0.0076904 0.0282001 0.0216558 0.0019775 0.3037425 0.0000000 0.0088623 0.0059974 0.0229901 0.3153242 0.0058958
 93 V  93 0.0143049 0.1472655 0.0079036 0.0000000 0.0047327 0.0686921 0.0569587 0.0028929 0.0356150 0.1246394 0.1325626 0.0245883 0.0121766 0.0167444 0.0000000 0.0139571 0.0400266 0.0041654 0.0395565 0.2532176
 94 Y  94 0.0000000 0.0000000 0.0000000 0.0000000 0.0192223 0.0000000 0.0000000 0.0000000 0.0033458 0.0000000 0.0030869 0.0000000 0.0000000 0.0509771 0.0000000 0.0000000 0.0000000 0.0155497 0.9078181 0.0000000
 95 R  95 0.0530221 0.2117544 0.0067279 0.0035477 0.0016205 0.0384655 0.0484213 0.0660746 0.0310996 0.0168232 0.0277003 0.0219592 0.0017333 0.0659160 0.0000000 0.1200248 0.1120394 0.0086372 0.1314541 0.0329789
 96 P  96 0.3497062 0.0000000 0.0018486 0.0000000 0.0000000 0.0000000 0.0000000 0.0000000 0.0000000 0.0048228 0.0000000 0.0000000 0.0000000 0.0000000 0.5933313 0.0284131 0.0118719 0.0000000 0.0000000 0.0100062
 97 L  97 0.2065764 0.0237825 0.0174345 0.0000000 0.0030577 0.0000000 0.0037654 0.0028309 0.0000000 0.0575979 0.4422419 0.0318715 0.0117275 0.0000000 0.0000000 0.0104490 0.0905078 0.0000000 0.0000000 0.0981571
 98 M  98 0.0787553 0.0000000 0.0000000 0.0000000 0.0000000 0.0000000 0.0000000 0.0000000 0.0000000 0.3324597 0.1146699 0.0000000 0.1141103 0.0023257 0.0000000 0.0000000 0.0047784 0.0000000 0.0000000 0.3529007
 99 E  99 0.0000000 0.0000000 0.0000000 0.4122449 0.0000000 0.0646213 0.3471354 0.0000000 0.0000000 0.0000000 0.0000000 0.1759984 0.0000000 0.0000000 0.0000000 0.0000000 0.0000000 0.0000000 0.0000000 0.0000000
