  105         A         R         N         D         C         Q         E         G         H         I         L         K         M         F         P         S         T         W         Y         V    
  1 E   1 0.0000000 0.4068387 0.0000000 0.0422785 0.0000000 0.1312250 0.3388250 0.0000000 0.0000000 0.0000000 0.0000000 0.0808328 0.0000000 0.0000000 0.0000000 0.0000000 0.0000000 0.0000000 0.0000000 0.0000000
  2 T   2 0.0033322 0.0074689 0.0043715 0.0131109 0.0000000 0.0083903 0.0358423 0.0000000 0.0000000 0.0126566 0.0164944 0.0000000 0.0000000 0.0000000 0.0000000 0.0293997 0.7344272 0.0000000 0.0000000 0.1345060
  3 Y   3 0.0163862 0.0206779 0.0075897 0.0060895 0.0000000 0.0045786 0.0037504 0.0000000 0.2080089 0.2586422 0.0056584 0.0446549 0.0000000 0.0267710 0.0028834 0.0036489 0.0366640 0.0075025 0.0738761 0.2726175
  4 T   4 0.0149313 0.0370194 0.0245928 0.0824571 0.0000000 0.0618523 0.2638475 0.0042479 0.0024239 0.0171923 0.0055925 0.0421784 0.0186676 0.0031196 0.0080665 0.0298025 0.2878719 0.0000000 0.0022092 0.0939273
  5 V   5 0.0000000 0.0000000 0.0032707 0.0000000 0.0000000 0.0000000 0.0000000 0.0000000 0.0000000 0.2452717 0.0365122 0.0129495 0.0000000 0.0000000 0.0000000 0.0071598 0.0000000 0.0000000 0.0000000 0.6948361
  6 K   6 0.0628613 0.0852889 0.0291234 0.0540006 0.0000000 0.0645596 0.0963754 0.0518276 0.0139124 0.0177948 0.0612159 0.1647347 0.0195191 0.0063479 0.0000000 0.0571639 0.1610394 0.0035058 0.0061111 0.0446182
  7 L   7 0.0378540 0.0000000 0.0043908 0.0000000 0.0000000 0.0067799 0.0026216 0.0023259 0.0000000 0.1274666 0.1554573 0.0043648 0.3986918 0.0069967 0.0087236 0.0028772 0.0087441 0.0024402 0.0000000 0.2302654
  8 G   8 0.0496126 0.0724927 0.0220406 0.0137778 0.0000000 0.0139739 0.0852915 0.3756080 0.0093999 0.0095759 0.0548256 0.0559395 0.0052812 0.0000000 0.0016948 0.0765865 0.0997545 0.0000000 0.0050312 0.0491139
  9 S   9 0.1386825 0.0045143 0.0893040 0.1447082 0.0379884 0.0160811 0.0261474 0.1208455 0.0044121 0.0288241 0.0079071 0.0189481 0.0082887 0.0000000 0.0820564 0.0856086 0.1468499 0.0000000 0.0014180 0.0374159
 10 D  10 0.0552272 0.0077770 0.1755055 0.2846131 0.0000000 0.0180714 0.1579201 0.0328021 0.0231927 0.0182129 0.0191758 0.0700971 0.0027788 0.0000000 0.0110252 0.0438056 0.0288451 0.0000000 0.0047058 0.0462445
 11 K  11 0.0892525 0.0252601 0.0490992 0.2565734 0.0000000 0.0387999 0.0596169 0.2125485 0.0079261 0.0099834 0.0061004 0.0519703 0.0045672 0.0060667 0.0445674 0.0771172 0.0384935 0.0000000 0.0031533 0.0189040
 12 G  12 0.0372685 0.0149845 0.0484735 0.0464823 0.0000000 0.0479328 0.0558619 0.5778248 0.0059513 0.0035882 0.0043578 0.0264700 0.0035020 0.0038742 0.0046944 0.0500057 0.0518285 0.0049990 0.0050791 0.0068214
 13 L  13 0.1243945 0.0354261 0.1365276 0.0998948 0.0000000 0.0561647 0.1171751 0.1269873 0.0106219 0.0054743 0.0184295 0.0652537 0.0330930 0.0023239 0.0219740 0.0704167 0.0412635 0.0000000 0.0166326 0.0179466
 14 L  14 0.0041899 0.0106528 0.0147047 0.0058773 0.0000000 0.0015991 0.0080481 0.0030806 0.0000000 0.0194169 0.2930889 0.0109853 0.3484093 0.1466882 0.0131072 0.0192750 0.0051898 0.0094560 0.0782536 0.0079775
 15 V  15 0.2025091 0.1209932 0.0098193 0.0092177 0.0313965 0.0432763 0.0209810 0.0349561 0.0109728 0.0252041 0.0316817 0.1067958 0.0191828 0.0167089 0.0012523 0.0457684 0.0536144 0.0073078 0.0375494 0.1708124
 16 F  16 0.0000000 0.0000000 0.0000000 0.0000000 0.0000000 0.0000000 0.0000000 0.0000000 0.0000000 0.0103678 0.0000000 0.0000000 0.0039785 0.7957227 0.0000000 0.0000000 0.0000000 0.0029082 0.1842806 0.0027421
 17 E  17 0.0306825 0.0089396 0.0512060 0.1827929 0.0031769 0.0395586 0.2118319 0.0228834 0.0053256 0.0341252 0.0291401 0.0310003 0.0046318 0.0190992 0.0000000 0.1340872 0.0979351 0.0000000 0.0100213 0.0835626
 18 P  18 0.0048704 0.0082285 0.0000000 0.0016201 0.0000000 0.0187971 0.0052726 0.0019037 0.0000000 0.0081527 0.0162442 0.0247567 0.0017462 0.0000000 0.8589048 0.0085066 0.0199075 0.0000000 0.0026136 0.0184752
 19 A  19 0.2346296 0.0118479 0.0541928 0.1202376 0.0000000 0.0234592 0.0954079 0.0379570 0.0087251 0.0145224 0.0116840 0.0772795 0.0140886 0.0095388 0.1026390 0.1292578 0.0361005 0.0000000 0.0068800 0.0115520
 20 K  20 0.0837634 0.0472921 0.0519434 0.0507860 0.0000000 0.0348665 0.1431419 0.0227229 0.0187029 0.0293219 0.0254425 0.0399998 0.0061866 0.0517488 0.0089598 0.0980774 0.1688863 0.0008903 0.0292403 0.0880271
 21 L  21 0.0329848 0.0000000 0.0000000 0.0000000 0.0000000 0.0034865 0.0000000 0.0000000 0.0000000 0.3125457 0.3239392 0.0000000 0.0102807 0.0795665 0.0021712 0.0027041 0.0185545 0.0024672 0.0094285 0.2018710
 22 T  22 0.0279295 0.1111500 0.0376845 0.0261881 0.0000000 0.0571062 0.1385091 0.0010580 0.0475123 0.0117928 0.0021106 0.1064240 0.0063110 0.0055202 0.0049079 0.0638672 0.3070268 0.0120638 0.0080049 0.0248331
 23 I  23 0.1514437 0.0000000 0.0000000 0.0000000 0.0019677 0.0000000 0.0054422 0.0023792 0.0000000 0.2865303 0.0360516 0.0000000 0.0040980 0.0291553 0.0000000 0.0000000 0.0034304 0.0000000 0.0000000 0.4795017
 24 K  24 0.1247750 0.0691830 0.0397544 0.0668181 0.0038742 0.0496408 0.1016902 0.0045422 0.0212251 0.0025368 0.0099407 0.2624412 0.0010922 0.0052835 0.0809958 0.0904756 0.0431903 0.0000000 0.0043344 0.0182066
 25 P  25 0.2503520 0.0252393 0.0058706 0.0000000 0.0000000 0.0575687 0.0459561 0.0015742 0.0031128 0.0144623 0.0217295 0.0637957 0.0020488 0.0000000 0.2384800 0.0533491 0.0272005 0.0000000 0.0000000 0.1892604
 26 G  26 0.0000000 0.0000000 0.0139380 0.0157487 0.0000000 0.0000000 0.0078389 0.9477363 0.0016119 0.0000000 0.0000000 0.0027140 0.0075483 0.0000000 0.0000000 0.0028639 0.0000000 0.0000000 0.0000000 0.0000000
 27 D  27 0.0277269 0.0081972 0.0051705 0.4171068 0.0000000 0.0635428 0.1937041 0.0503867 0.0016763 0.0000000 0.0000000 0.0374563 0.0034599 0.0000000 0.0032205 0.0292669 0.1533787 0.0000000 0.0016567 0.0040498
 28 T  28 0.0090774 0.0432256 0.0044502 0.0000000 0.0011818 0.0316881 0.0368643 0.0020154 0.0063112 0.0208237 0.0136726 0.0977721 0.0033191 0.0000000 0.0207642 0.0606622 0.6007680 0.0014074 0.0000000 0.0459966
 29 V  29 0.0000000 0.0000000 0.0000000 0.0000000 0.0000000 0.0000000 0.0000000 0.0000000 0.0000000 0.2262375 0.0307724 0.0020759 0.0000000 0.0000000 0.0000000 0.0000000 0.0031684 0.0000000 0.0125000 0.7252459
 30 E  30 0.0195648 0.2041628 0.0075833 0.0019373 0.0016909 0.0229732 0.1135546 0.0000000 0.0196878 0.0396769 0.0121622 0.1157856 0.0081912 0.0021741 0.0000000 0.0154470 0.3113121 0.0000000 0.0049429 0.0991534
 31 F  31 0.0000000 0.0000000 0.0031997 0.0000000 0.0000000 0.0000000 0.0000000 0.0000000 0.0000000 0.0053705 0.1103397 0.0000000 0.0024147 0.4956795 0.0000000 0.0000000 0.0000000 0.3674728 0.0088611 0.0066620
 32 L  32 0.0103823 0.0244340 0.0186752 0.0300089 0.0000000 0.0301229 0.1347503 0.0014903 0.0243165 0.0898275 0.0496425 0.1221400 0.0105617 0.0069634 0.0000000 0.0220527 0.1258942 0.0000000 0.0033477 0.2953900
 33 N  33 0.0305161 0.0000000 0.6415106 0.0015868 0.0000000 0.0119703 0.0000000 0.0039714 0.0194425 0.0042294 0.0150000 0.0019454 0.0081249 0.0645413 0.0735059 0.0039548 0.0020981 0.1018302 0.0018869 0.0138853
 34 N  34 0.0749059 0.0298586 0.1391438 0.0607439 0.0000000 0.0236433 0.0981016 0.0121281 0.0260087 0.0089282 0.0279415 0.0986508 0.0113291 0.0227877 0.0422870 0.0450375 0.2001801 0.0000000 0.0143217 0.0640024
 35 K  35 0.0553333 0.0014233 0.0267775 0.3670511 0.0013538 0.0023672 0.0221808 0.2933756 0.0100496 0.0000000 0.0053905 0.0396269 0.0074094 0.0017670 0.0041368 0.1124375 0.0267228 0.0064636 0.0142461 0.0018873
 36 V  36 0.0712695 0.0424694 0.0469230 0.0550473 0.0000000 0.0562142 0.0638282 0.1698952 0.0168886 0.0159605 0.0405898 0.1086952 0.0186513 0.0154870 0.0778158 0.0997046 0.0575946 0.0000000 0.0062316 0.0367342
 37 P  37 0.0974974 0.0203484 0.0158487 0.0116432 0.0036724 0.0298895 0.0425118 0.1577229 0.0068840 0.0533662 0.1149094 0.0411521 0.0995555 0.0657290 0.0260699 0.0264340 0.0648561 0.0000000 0.0108206 0.1110887
 38 P  38 0.1144642 0.0236483 0.0686711 0.0553748 0.0000000 0.0321891 0.0582107 0.0744927 0.0174255 0.0107497 0.0376687 0.0384458 0.0147143 0.0244271 0.2789974 0.0820044 0.0338403 0.0000000 0.0047250 0.0299508
 39 H  39 0.0000000 0.0000000 0.0000000 0.0023298 0.0028398 0.0033478 0.0000000 0.0000000 0.9817977 0.0000000 0.0000000 0.0000000 0.0000000 0.0000000 0.0000000 0.0033924 0.0027894 0.0000000 0.0000000 0.0035031
 40 N  40 0.0080433 0.0000000 0.3996039 0.0661485 0.0000000 0.0060303 0.1332419 0.0029218 0.0000000 0.0044762 0.0000000 0.0051432 0.0016386 0.0015453 0.0000000 0.0890192 0.2537293 0.0000000 0.0245154 0.0039429
 41 V  41 0.1323580 0.0000000 0.0000000 0.0000000 0.0031920 0.0000000 0.0000000 0.0000000 0.0000000 0.1067481 0.0595197 0.0000000 0.0354061 0.1468032 0.0000000 0.0067069 0.0199995 0.0158676 0.0049157 0.4684833
 42 V  42 0.0931194 0.0112775 0.0266368 0.0173858 0.0000000 0.0158780 0.0633801 0.0100351 0.0313818 0.0390598 0.0377985 0.0078803 0.0065932 0.0068487 0.0000000 0.0159453 0.3021279 0.0093857 0.0087853 0.2964808
 43 F  43 0.1742578 0.0045727 0.0151567 0.0051151 0.0013789 0.0300893 0.0078272 0.0059883 0.0065007 0.0970814 0.1370984 0.0059397 0.0143576 0.1627873 0.0087577 0.1851457 0.0390295 0.0025866 0.0072932 0.0890363
 44 D  44 0.0535468 0.0183686 0.0131227 0.1754331 0.0000000 0.0189444 0.0733017 0.1811534 0.0363261 0.0977697 0.0345667 0.0582848 0.0117121 0.0053889 0.0035282 0.0459250 0.0423525 0.0019952 0.0634275 0.0648528
 45 A  45 0.0889340 0.0130673 0.0566696 0.1461179 0.0000000 0.0354714 0.1373880 0.0675416 0.0252032 0.0030483 0.0031023 0.1078342 0.0011673 0.0027825 0.0382014 0.1312973 0.1269511 0.0000000 0.0013602 0.0138623
 46 A  46 0.0716693 0.0177005 0.0266245 0.1430153 0.0015930 0.0331110 0.0635990 0.2040959 0.0065254 0.0103348 0.0205756 0.0518315 0.0186715 0.0710964 0.1339620 0.0329927 0.0361816 0.0037833 0.0141419 0.0384951
 47 L  47 0.1806916 0.0116742 0.0230066 0.1045477 0.0224491 0.0148364 0.0912867 0.1449973 0.0086187 0.0226571 0.0596680 0.0515341 0.0808484 0.0141895 0.0243757 0.0786853 0.0414480 0.0070877 0.0021127 0.0152851
 48 N  48 0.0691281 0.0239191 0.0651137 0.0979232 0.0012058 0.0332663 0.0892094 0.0638460 0.0221018 0.1073913 0.0780832 0.0431587 0.0315429 0.0351414 0.0121863 0.0441222 0.0601157 0.0139855 0.0048347 0.1037245
 49 P  49 0.0505646 0.0207486 0.0536791 0.0549136 0.0000000 0.0401598 0.0142926 0.0614546 0.0351970 0.0373002 0.1078310 0.0024999 0.0061191 0.0158447 0.4297198 0.0186974 0.0200893 0.0052337 0.0019539 0.0237011
 50 A  50 0.1499351 0.0193735 0.0106143 0.1339614 0.0718093 0.0362869 0.1479922 0.0428369 0.0072562 0.0099434 0.0669374 0.0550744 0.0187469 0.0246133 0.0606055 0.0778211 0.0148381 0.0071589 0.0047554 0.0394398
 51 K  51 0.0763214 0.0140676 0.0459868 0.0888300 0.0000000 0.0463097 0.1775714 0.2856153 0.0197072 0.0083412 0.0083272 0.0615456 0.0106407 0.0144246 0.0249345 0.0477229 0.0409175 0.0000000 0.0115980 0.0171385
 52 S  52 0.2264885 0.0227146 0.0221572 0.0435345 0.0041928 0.0381734 0.0112445 0.0970097 0.1950455 0.0381727 0.0107010 0.0075011 0.0023120 0.0101697 0.0478475 0.0538629 0.0137563 0.0184533 0.0122301 0.1244329
 53 A  53 0.1936338 0.0472544 0.0249282 0.0519866 0.0000000 0.0380926 0.0912427 0.1480771 0.0072334 0.0221076 0.0266319 0.0801525 0.0153905 0.0111073 0.0634598 0.0431696 0.0757587 0.0000000 0.0162972 0.0434762
 54 D  54 0.1536700 0.0086237 0.0595856 0.0924064 0.0000000 0.0395298 0.1193264 0.0767036 0.0022765 0.0311475 0.0233203 0.0796128 0.0110795 0.0483799 0.0880101 0.0367390 0.0318992 0.0020803 0.0460928 0.0495168
 55 L  55 0.1019392 0.0109302 0.0396161 0.0372562 0.0000000 0.0260626 0.0760390 0.0704482 0.0041766 0.0188812 0.0530821 0.0099264 0.0792749 0.1772350 0.0450167 0.0471641 0.0160089 0.0874393 0.0084020 0.0911010
 56 A  56 0.2139039 0.0185119 0.0351148 0.0534953 0.0000000 0.0257524 0.0719616 0.0571269 0.0310708 0.0048305 0.0149490 0.1255178 0.1689939 0.0058095 0.0140075 0.1027733 0.0259817 0.0000000 0.0063796 0.0238196
 57 K  57 0.0970942 0.0197987 0.0263045 0.0629217 0.0000000 0.0144544 0.0693935 0.2064453 0.0000000 0.0470114 0.0158771 0.0598175 0.0102042 0.0112831 0.0988366 0.1691185 0.0489262 0.0000000 0.0000000 0.0425130
 58 S  58 0.1329617 0.0223739 0.0273268 0.0472821 0.0024011 0.0302635 0.1276766 0.1124010 0.0062520 0.0136171 0.0114335 0.1763826 0.0077220 0.0380346 0.0389710 0.1145560 0.0635008 0.0079795 0.0060769 0.0127873
 59 L  59 0.0352011 0.0132698 0.0220655 0.0218121 0.0034562 0.0141798 0.0285916 0.1020913 0.0135551 0.1174596 0.1113305 0.0321285 0.2480945 0.0639010 0.0421329 0.0279320 0.0176668 0.0298568 0.0108521 0.0444227
 60 S  60 0.0800565 0.0129075 0.1098879 0.1110693 0.0000000 0.0094482 0.0908480 0.1026417 0.0032977 0.0484319 0.0478374 0.0225279 0.0034542 0.0335497 0.0666382 0.1863232 0.0257162 0.0177654 0.0174672 0.0101319
 61 H  61 0.0426242 0.0174352 0.0331582 0.0419665 0.0000000 0.0149652 0.1052491 0.0623239 0.1486179 0.0352248 0.0153929 0.0203330 0.0226530 0.2211715 0.0275283 0.0625020 0.0412402 0.0394698 0.0233862 0.0247579
 62 K  62 0.0497596 0.0228222 0.0913292 0.2476118 0.0000000 0.0255601 0.1274257 0.0690517 0.0653081 0.0051835 0.0098676 0.0501676 0.0091080 0.0090882 0.0292719 0.1135608 0.0384934 0.0042712 0.0075341 0.0245852
 63 Q  63 0.0361934 0.0136642 0.0174764 0.1585808 0.0000000 0.0201430 0.1414355 0.0449689 0.0139069 0.0189005 0.0070690 0.0213345 0.0230422 0.0173444 0.0153142 0.3141312 0.1083019 0.0000000 0.0131766 0.0150165
 64 L  64 0.0255141 0.0211077 0.0244399 0.0387050 0.0000000 0.0082318 0.0297276 0.1811099 0.0119086 0.0800029 0.1484844 0.0571435 0.0095123 0.0140865 0.1518619 0.0459803 0.0289721 0.0000000 0.0317032 0.0915082
 65 L  65 0.0907831 0.0748201 0.0200234 0.0156609 0.0000000 0.0121558 0.0475066 0.0045662 0.0195272 0.0423865 0.2417929 0.0100350 0.0605447 0.0240503 0.0424190 0.0531357 0.0991036 0.0064747 0.0238234 0.1111909
 66 M  66 0.0414197 0.0118056 0.0429973 0.0099494 0.0000000 0.0162917 0.0124412 0.0134674 0.0000000 0.1137159 0.3511494 0.0161948 0.0801195 0.0479058 0.0075120 0.0592728 0.0312757 0.0000000 0.0229578 0.1215241
 67 S  67 0.1689517 0.0175713 0.0649354 0.0855787 0.0000000 0.0687707 0.1454956 0.0924388 0.0088746 0.0112924 0.0204552 0.0672868 0.0390322 0.0158512 0.0482323 0.0727623 0.0544773 0.0000000 0.0051612 0.0128322
 68 P  68 0.1293868 0.0163633 0.0121962 0.0188105 0.0000000 0.0473226 0.0520661 0.0569040 0.0110373 0.0099541 0.0029632 0.0490039 0.0016771 0.0021446 0.4566847 0.0529888 0.0646725 0.0000000 0.0000000 0.0158240
 69 G  69 0.0125797 0.0157614 0.0635639 0.0525342 0.0000000 0.0059800 0.0277004 0.7379569 0.0026322 0.0000000 0.0000000 0.0264581 0.0000000 0.0028888 0.0140028 0.0271888 0.0034295 0.0000000 0.0000000 0.0073233
 70 Q  70 0.0903523 0.0111090 0.0185343 0.0626717 0.0000000 0.1623077 0.3048208 0.0356166 0.0247973 0.0054431 0.0028107 0.1163327 0.0070133 0.0243631 0.0084706 0.0374461 0.0486105 0.0044620 0.0167923 0.0180456
 71 S  71 0.0240652 0.0451819 0.0236319 0.0194249 0.0000000 0.0314032 0.1077466 0.0080034 0.0087642 0.0077382 0.0028638 0.0544120 0.0136326 0.0069167 0.0065600 0.2909716 0.3241461 0.0000000 0.0000000 0.0245376
 72 T  72 0.0845537 0.0177815 0.0122159 0.0247716 0.0000000 0.0139575 0.0393563 0.1097342 0.0106119 0.0369208 0.0261661 0.0202125 0.0064538 0.2287457 0.0021250 0.0115497 0.0248208 0.0685259 0.2044942 0.0570029
 73 S  73 0.0408425 0.0337685 0.0190937 0.0468122 0.0019355 0.0299653 0.3018499 0.0096075 0.0135972 0.0075176 0.0044142 0.0324714 0.0000000 0.0018756 0.0048255 0.1961141 0.2156916 0.0000000 0.0000000 0.0396177
 74 T  74 0.0103536 0.0325893 0.0055738 0.0017556 0.0000000 0.0253541 0.0080019 0.0027606 0.1249717 0.1499002 0.1163352 0.0131476 0.0159324 0.0848129 0.0000000 0.0217215 0.0165545 0.0362735 0.1165745 0.2173871
 75 T  75 0.0159404 0.0423835 0.0040758 0.0131153 0.0000000 0.0124494 0.0622980 0.0022975 0.0059080 0.0535086 0.0197375 0.0569365 0.0012876 0.0155304 0.0055259 0.0308735 0.5051436 0.0026153 0.0114977 0.1388756
 76 F  76 0.0021177 0.0017690 0.0000000 0.0000000 0.0000000 0.0026082 0.0000000 0.0000000 0.0000000 0.0265246 0.1081457 0.0018222 0.0028686 0.6277265 0.0000000 0.0017494 0.0127949 0.1375818 0.0092769 0.0650144
 77 P  77 0.0079415 0.0271983 0.0694227 0.1822077 0.0000000 0.0439648 0.1659661 0.0056095 0.0167321 0.0124776 0.0100001 0.1215373 0.0108775 0.0000000 0.0367040 0.0262842 0.2387115 0.0000000 0.0019543 0.0224108
 78 A  78 0.2566402 0.0084001 0.0276190 0.0340123 0.0000000 0.0256049 0.0104238 0.0080160 0.0145249 0.0560043 0.0113131 0.0327405 0.0045043 0.1745449 0.0123869 0.0304230 0.1491503 0.0000000 0.0031699 0.1405216
 79 D  79 0.0520728 0.0202995 0.0565418 0.0994162 0.0000000 0.0073842 0.1748399 0.0203053 0.0000000 0.0163643 0.0471086 0.0354961 0.0044058 0.0113280 0.3035798 0.0305587 0.0906986 0.0000000 0.0000000 0.0296004
 80 A  80 0.1259606 0.0505950 0.0468217 0.0617166 0.0000000 0.0236476 0.0491599 0.0317883 0.0064790 0.0327256 0.0543750 0.0530033 0.0162363 0.0043396 0.0000000 0.1151224 0.2958598 0.0000000 0.0027543 0.0294149
 81 P  81 0.0187574 0.0361635 0.0575426 0.0977564 0.0000000 0.0765137 0.3150612 0.0046069 0.0106588 0.0108375 0.0032596 0.2265960 0.0068852 0.0000000 0.0656570 0.0168682 0.0403201 0.0033879 0.0041247 0.0050033
 82 A  82 0.2730687 0.0094411 0.0093640 0.0116525 0.0000000 0.0081581 0.0470876 0.0060982 0.0000000 0.0121281 0.0082403 0.0386214 0.0025471 0.0000000 0.4187685 0.0631222 0.0550114 0.0000000 0.0039001 0.0327908
 83 G  83 0.0059188 0.0015708 0.0020098 0.0054088 0.0000000 0.0000000 0.0067672 0.9307031 0.0026978 0.0000000 0.0000000 0.0064820 0.0000000 0.0000000 0.0130530 0.0066607 0.0172757 0.0000000 0.0000000 0.0014523
 84 E  84 0.0456021 0.0374084 0.0314095 0.0645757 0.0000000 0.0098915 0.1364997 0.0011409 0.0036197 0.0713153 0.0359317 0.0243140 0.0047551 0.0155822 0.0096015 0.0411903 0.3037425 0.0000000 0.0015410 0.1618788
 85 Y  85 0.0047057 0.0000000 0.0026009 0.0000000 0.0000000 0.0053689 0.0014504 0.0000000 0.0337083 0.0648436 0.0218617 0.0047559 0.0082025 0.1514059 0.0069566 0.0065584 0.0069515 0.0124034 0.6128267 0.0553996
 86 T  86 0.0332762 0.0356275 0.0372278 0.1502366 0.0000000 0.0223310 0.1478414 0.0980834 0.0207511 0.0166545 0.0387058 0.0503246 0.0144212 0.0142723 0.1017775 0.0376134 0.0532210 0.0564057 0.0304706 0.0407584
 87 F  87 0.0095493 0.0000000 0.0000000 0.0000000 0.0000000 0.0000000 0.0000000 0.0043657 0.0000000 0.0520768 0.0358387 0.0000000 0.0044580 0.2721520 0.0000000 0.0000000 0.0000000 0.0000000 0.5704319 0.0511275
 88 Y  88 0.1252737 0.0438139 0.0052317 0.0055456 0.0032984 0.0153165 0.0182283 0.0109430 0.0630682 0.0761887 0.0305791 0.0688226 0.0030518 0.1105114 0.0000000 0.0200896 0.0128597 0.0210218 0.2516132 0.1145428
 89 C  89 0.0000000 0.0000000 0.0000000 0.0000000 0.9748994 0.0000000 0.0000000 0.0039871 0.0000000 0.0000000 0.0000000 0.0000000 0.0000000 0.0000000 0.0000000 0.0211135 0.0000000 0.0000000 0.0000000 0.0000000
 90 E  90 0.0989413 0.0330730 0.0097455 0.0258814 0.0000000 0.0263561 0.0627992 0.0354583 0.0028181 0.0460069 0.0266259 0.0202348 0.0372057 0.0000000 0.1696995 0.1234222 0.2419596 0.0000000 0.0000000 0.0397723
 91 P  91 0.0076716 0.0038518 0.0017208 0.0131903 0.0000000 0.0272946 0.0062902 0.2423516 0.0000000 0.0672693 0.0548881 0.0034880 0.0032620 0.0453515 0.4007577 0.0099653 0.0018380 0.0014629 0.0253725 0.0839741
 92 H  92 0.0000000 0.0025000 0.0080037 0.0027313 0.0000000 0.0023616 0.0000000 0.0268099 0.9451927 0.0000000 0.0000000 0.0000000 0.0000000 0.0038827 0.0000000 0.0000000 0.0000000 0.0000000 0.0085180 0.0000000
 93 R  93 0.0423181 0.0934317 0.0015960 0.0063392 0.0779935 0.0416214 0.0778048 0.0083645 0.0426002 0.0206219 0.0285110 0.0584255 0.0129050 0.0390148 0.2097091 0.0163653 0.0253314 0.0238512 0.1562491 0.0169462
 94 G  94 0.1060915 0.0343287 0.0104778 0.0489251 0.0000000 0.1213865 0.1414058 0.1492707 0.0187223 0.0157392 0.0137593 0.0189371 0.0227201 0.0180302 0.0206608 0.0944473 0.0513497 0.0848915 0.0250918 0.0037645
 95 A  95 0.3525627 0.0118900 0.0579177 0.0075871 0.0000000 0.0338001 0.0019069 0.0394054 0.0058911 0.0223288 0.0999432 0.0273359 0.1826535 0.0227927 0.0041120 0.0729802 0.0065516 0.0000000 0.0113520 0.0389892
 96 G  96 0.0096158 0.0122849 0.0758201 0.0000000 0.0030546 0.0100196 0.0098753 0.8157873 0.0016769 0.0085293 0.0040151 0.0034948 0.0000000 0.0035401 0.0000000 0.0104344 0.0079385 0.0000000 0.0000000 0.0239131
 97 M  97 0.0046650 0.0000000 0.0063239 0.0000000 0.0000000 0.0096146 0.0000000 0.0021440 0.0022182 0.0026216 0.0047385 0.0000000 0.9676741 0.0000000 0.0000000 0.0000000 0.0000000 0.0000000 0.0000000 0.0000000
 98 V  98 0.0360453 0.0545595 0.0272841 0.0036837 0.0000000 0.0436085 0.0197140 0.0093335 0.0354811 0.0621398 0.0163173 0.1798496 0.0048193 0.0329468 0.0000000 0.0162652 0.0924824 0.0052089 0.0443611 0.3159000
 99 G  99 0.0845012 0.0078588 0.0000000 0.0000000 0.0000000 0.0018053 0.0063796 0.8390876 0.0000000 0.0000000 0.0193540 0.0000000 0.0287826 0.0044061 0.0000000 0.0042263 0.0000000 0.0000000 0.0000000 0.0035985
100 K 100 0.1121911 0.0587193 0.0045736 0.0305903 0.0000000 0.0263161 0.0324901 0.0070323 0.0128792 0.0392620 0.0973691 0.1279863 0.0235897 0.0059385 0.0089585 0.0571607 0.2271875 0.0000000 0.0059332 0.1218224
101 I 101 0.0089167 0.0000000 0.0000000 0.0000000 0.0000000 0.0000000 0.0000000 0.0000000 0.0000000 0.4534667 0.1294986 0.0000000 0.0441501 0.0259264 0.0000000 0.0000000 0.0000000 0.0000000 0.0000000 0.3380414
102 T 102 0.0319590 0.0314163 0.0115355 0.0101172 0.0000000 0.0661384 0.0328720 0.0021169 0.0140179 0.2350576 0.0207112 0.0661175 0.0026057 0.0052978 0.0000000 0.0184351 0.2123250 0.0000000 0.0165501 0.2227267
103 V 103 0.0076586 0.0000000 0.0000000 0.0000000 0.0034794 0.0000000 0.0000000 0.0000000 0.0000000 0.0577530 0.0000000 0.0000000 0.0000000 0.0000000 0.0000000 0.0000000 0.0000000 0.0000000 0.0000000 0.9311090
104 A 104 0.0693647 0.0087003 0.0806365 0.0038326 0.0000000 0.0989951 0.2781653 0.3190491 0.0000000 0.0000000 0.0000000 0.0090625 0.0000000 0.0000000 0.0000000 0.0901747 0.0163897 0.0000000 0.0036382 0.0219911
105 G 105 0.4417202 0.0000000 0.0000000 0.0000000 0.0000000 0.0000000 0.0000000 0.5582798 0.0000000 0.0000000 0.0000000 0.0000000 0.0000000 0.0000000 0.0000000 0.0000000 0.0000000 0.0000000 0.0000000 0.0000000
