  105         A         R         N         D         C         Q         E         G         H         I         L         K         M         F         P         S         T         W         Y         V         X    
  1 E   1 0.0000000 0.1313266 0.0000000 0.0132482 0.0000000 0.0432558 0.1124628 0.0000000 0.0000000 0.0000000 0.0000000 0.0315454 0.0000000 0.0000000 0.0000000 0.0000000 0.0000000 0.0000000 0.0000000 0.0000000 0.6681611
  2 T   2 0.0014708 0.0034060 0.0020798 0.0059228 0.0000000 0.0038592 0.0167705 0.0000000 0.0000000 0.0059952 0.0074251 0.0000000 0.0000000 0.0000000 0.0000000 0.0134421 0.3443764 0.0000000 0.0000000 0.0626332 0.5326187
  3 Y   3 0.0097676 0.0122650 0.0047153 0.0037082 0.0000000 0.0027791 0.0022957 0.0000000 0.1394335 0.1587075 0.0033367 0.0273240 0.0000000 0.0167573 0.0018447 0.0022164 0.0220961 0.0045960 0.0454506 0.1686359 0.3740703
  4 T   4 0.0101953 0.0260877 0.0172109 0.0581068 0.0000000 0.0486380 0.1867596 0.0028394 0.0016539 0.0124639 0.0040175 0.0296325 0.0137855 0.0021937 0.0055639 0.0206296 0.2017664 0.0000000 0.0015650 0.0655954 0.2912951
  5 V   5 0.0000000 0.0000000 0.0022505 0.0000000 0.0000000 0.0000000 0.0000000 0.0000000 0.0000000 0.1788057 0.0269999 0.0092764 0.0000000 0.0000000 0.0000000 0.0050684 0.0000000 0.0000000 0.0000000 0.5227689 0.2548302
  6 K   6 0.0464415 0.0618120 0.0220207 0.0394266 0.0000000 0.0478327 0.0707087 0.0386240 0.0106375 0.0134768 0.0459527 0.1233984 0.0144963 0.0046181 0.0000000 0.0464875 0.1177900 0.0026276 0.0047988 0.0325266 0.2563236
  7 L   7 0.0285471 0.0000000 0.0031780 0.0000000 0.0000000 0.0050461 0.0018936 0.0016609 0.0000000 0.0991402 0.1131275 0.0038621 0.2960511 0.0050821 0.0062290 0.0021478 0.0065015 0.0018514 0.0000000 0.1716971 0.2539846
  8 G   8 0.0363287 0.0527673 0.0156259 0.0103894 0.0000000 0.0100007 0.0614632 0.2732028 0.0066702 0.0068769 0.0402634 0.0408381 0.0037128 0.0000000 0.0011973 0.0552214 0.0772656 0.0000000 0.0037226 0.0350953 0.2693584
  9 S   9 0.0962225 0.0030029 0.0616248 0.0992829 0.0261978 0.0111900 0.0177965 0.0857646 0.0030762 0.0200898 0.0054626 0.0134744 0.0056410 0.0000000 0.0564250 0.0633978 0.0976320 0.0000000 0.0009740 0.0252631 0.3074822
 10 D  10 0.0417495 0.0051794 0.1193996 0.1895340 0.0000000 0.0120414 0.1049824 0.0215958 0.0151247 0.0123651 0.0125269 0.0474002 0.0017552 0.0000000 0.0073080 0.0293934 0.0193664 0.0000000 0.0031176 0.0299492 0.3272113
 11 K  11 0.0533906 0.0154550 0.0300034 0.1520954 0.0000000 0.0234229 0.0356474 0.1341677 0.0046544 0.0063354 0.0036487 0.0315876 0.0027260 0.0034888 0.0260148 0.0460501 0.0232929 0.0000000 0.0018518 0.0115709 0.3945960
 12 G  12 0.0226853 0.0091696 0.0292175 0.0283406 0.0000000 0.0298312 0.0337388 0.3569476 0.0035603 0.0021472 0.0024819 0.0163811 0.0022579 0.0026061 0.0028973 0.0310644 0.0323888 0.0031092 0.0030515 0.0041160 0.3840078
 13 L  13 0.0921937 0.0256804 0.1028121 0.0725699 0.0000000 0.0408488 0.0848471 0.0939332 0.0081981 0.0042384 0.0130215 0.0468637 0.0248711 0.0016539 0.0164835 0.0535944 0.0300785 0.0000000 0.0120263 0.0137113 0.2623740
 14 L  14 0.0034512 0.0087110 0.0124661 0.0048377 0.0000000 0.0013229 0.0067781 0.0026846 0.0000000 0.0161791 0.2427324 0.0089607 0.2900175 0.1238403 0.0107086 0.0157132 0.0041683 0.0077519 0.0634326 0.0065230 0.1697206
 15 V  15 0.1816581 0.1054204 0.0087995 0.0081634 0.0277733 0.0379909 0.0183398 0.0310235 0.0093727 0.0222633 0.0270373 0.0948383 0.0169778 0.0147523 0.0011126 0.0399620 0.0480513 0.0063284 0.0329127 0.1560740 0.1111484
 16 F  16 0.0000000 0.0000000 0.0000000 0.0000000 0.0000000 0.0000000 0.0000000 0.0000000 0.0000000 0.0093502 0.0000000 0.0000000 0.0034819 0.7481844 0.0000000 0.0000000 0.0000000 0.0026993 0.1710913 0.0023958 0.0627971
 17 E  17 0.0289962 0.0085661 0.0484846 0.1692351 0.0030292 0.0374226 0.2027176 0.0217435 0.0048947 0.0327309 0.0273665 0.0283741 0.0044188 0.0171353 0.0000000 0.1317641 0.0913150 0.0000000 0.0096709 0.0787499 0.0533851
 18 P  18 0.0046206 0.0079713 0.0000000 0.0015118 0.0000000 0.0175661 0.0048870 0.0017288 0.0000000 0.0123926 0.0147917 0.0223235 0.0016305 0.0000000 0.8141515 0.0076978 0.0182390 0.0000000 0.0023331 0.0169783 0.0511764
 19 A  19 0.2361042 0.0111027 0.0521020 0.1170743 0.0000000 0.0225447 0.0919622 0.0381318 0.0081228 0.0139359 0.0114848 0.0750868 0.0141114 0.0094866 0.1007762 0.1259069 0.0347790 0.0000000 0.0066987 0.0106263 0.0199629
 20 K  20 0.0814341 0.0446130 0.0509524 0.0541171 0.0000000 0.0333453 0.1394173 0.0212081 0.0177299 0.0286672 0.0248147 0.0380415 0.0059848 0.0527582 0.0085832 0.0949481 0.1661969 0.0008797 0.0290169 0.0852678 0.0220239
 21 L  21 0.0319999 0.0000000 0.0000000 0.0000000 0.0000000 0.0033601 0.0000000 0.0000000 0.0000000 0.3048081 0.3222972 0.0000000 0.0096347 0.0758665 0.0020924 0.0028534 0.0180917 0.0023284 0.0090612 0.2000776 0.0175288
 22 T  22 0.0270066 0.1088573 0.0376264 0.0254223 0.0000000 0.0610792 0.1341106 0.0010691 0.0471624 0.0113561 0.0020365 0.1065290 0.0061903 0.0054685 0.0047018 0.0627358 0.3008863 0.0116875 0.0076371 0.0240169 0.0144202
 23 I  23 0.1510888 0.0000000 0.0000000 0.0000000 0.0018299 0.0000000 0.0053642 0.0024018 0.0000000 0.2871906 0.0346533 0.0000000 0.0041091 0.0272989 0.0000000 0.0000000 0.0032208 0.0000000 0.0000000 0.4684224 0.0144202
 24 K  24 0.1239241 0.0676739 0.0401049 0.0658307 0.0036953 0.0493958 0.1060373 0.0045338 0.0206792 0.0023810 0.0095761 0.2548646 0.0010802 0.0053309 0.0793251 0.0889456 0.0418649 0.0000000 0.0041390 0.0172591 0.0133586
 25 P  25 0.2434044 0.0253827 0.0056497 0.0000000 0.0000000 0.0562731 0.0446040 0.0014844 0.0031976 0.0145299 0.0213013 0.0617963 0.0019634 0.0000000 0.2349402 0.0526996 0.0267624 0.0000000 0.0000000 0.1935639 0.0124471
 26 G  26 0.0000000 0.0000000 0.0134338 0.0151672 0.0000000 0.0000000 0.0075943 0.9374145 0.0015129 0.0000000 0.0000000 0.0025823 0.0070420 0.0000000 0.0000000 0.0028060 0.0000000 0.0000000 0.0000000 0.0000000 0.0124471
 27 D  27 0.0269788 0.0075412 0.0050397 0.4224346 0.0000000 0.0609091 0.1862171 0.0488905 0.0015624 0.0000000 0.0000000 0.0349989 0.0039222 0.0000000 0.0029351 0.0286078 0.1503515 0.0000000 0.0015907 0.0039015 0.0141190
 28 T  28 0.0089471 0.0424853 0.0043747 0.0000000 0.0011556 0.0303117 0.0362555 0.0019132 0.0059034 0.0211148 0.0133425 0.0972172 0.0032032 0.0000000 0.0196960 0.0599635 0.5977052 0.0013553 0.0000000 0.0453439 0.0097119
 29 V  29 0.0000000 0.0000000 0.0000000 0.0000000 0.0000000 0.0000000 0.0000000 0.0000000 0.0000000 0.2250508 0.0298188 0.0018515 0.0000000 0.0000000 0.0000000 0.0000000 0.0029512 0.0000000 0.0115910 0.7232056 0.0055310
 30 E  30 0.0192023 0.1999210 0.0073628 0.0018582 0.0016273 0.0224116 0.1112615 0.0000000 0.0195732 0.0399749 0.0118278 0.1136802 0.0079318 0.0024703 0.0000000 0.0154394 0.3169401 0.0000000 0.0050646 0.0977877 0.0056653
 31 F  31 0.0000000 0.0000000 0.0029351 0.0000000 0.0000000 0.0000000 0.0000000 0.0000000 0.0000000 0.0051345 0.1054179 0.0000000 0.0023504 0.4923727 0.0000000 0.0000000 0.0000000 0.3726274 0.0089410 0.0066821 0.0035389
 32 L  32 0.0102892 0.0230023 0.0186573 0.0282164 0.0000000 0.0296847 0.1288193 0.0013792 0.0234465 0.0890957 0.0469941 0.1180558 0.0102639 0.0069271 0.0000000 0.0213412 0.1270967 0.0000000 0.0031667 0.2847566 0.0288072
 33 N  33 0.0296240 0.0000000 0.6308178 0.0015134 0.0000000 0.0107509 0.0000000 0.0038457 0.0189338 0.0040735 0.0138445 0.0022022 0.0076714 0.0640057 0.0741931 0.0041277 0.0023032 0.0989324 0.0021265 0.0130629 0.0179714
 34 N  34 0.0706477 0.0293766 0.1402717 0.0587666 0.0000000 0.0224963 0.0922542 0.0113871 0.0248076 0.0082725 0.0272050 0.0947506 0.0108226 0.0223245 0.0398067 0.0428345 0.1929148 0.0000000 0.0137865 0.0612683 0.0360064
 35 K  35 0.0531468 0.0012980 0.0255445 0.3577068 0.0012300 0.0021210 0.0204272 0.2749296 0.0096742 0.0000000 0.0047545 0.0368781 0.0070226 0.0017177 0.0047893 0.1038549 0.0251547 0.0062085 0.0135228 0.0018743 0.0481444
 36 V  36 0.0699441 0.0409065 0.0452530 0.0550824 0.0000000 0.0541017 0.0608926 0.1635588 0.0172667 0.0154574 0.0395815 0.1058185 0.0185248 0.0149909 0.0754038 0.0983871 0.0608241 0.0000000 0.0060512 0.0356014 0.0223536
 37 P  37 0.0919233 0.0189246 0.0154776 0.0108213 0.0031537 0.0269962 0.0444257 0.1471275 0.0061899 0.0492595 0.1051964 0.0386678 0.0897878 0.0624119 0.0242773 0.0246329 0.0617237 0.0000000 0.0104892 0.1025504 0.0659631
 38 P  38 0.1037136 0.0198056 0.0671059 0.0468872 0.0000000 0.0271680 0.0501851 0.0656375 0.0151233 0.0094317 0.0326381 0.0331402 0.0126342 0.0217532 0.2440944 0.0744087 0.0302788 0.0000000 0.0044775 0.0268933 0.1146241
 39 H  39 0.0000000 0.0000000 0.0000000 0.0020914 0.0025270 0.0029745 0.0000000 0.0000000 0.9632836 0.0000000 0.0000000 0.0000000 0.0000000 0.0000000 0.0000000 0.0030285 0.0025986 0.0000000 0.0000000 0.0031537 0.0203427
 40 N  40 0.0080250 0.0000000 0.3842359 0.0642378 0.0000000 0.0055359 0.1259723 0.0029289 0.0000000 0.0042567 0.0000000 0.0049197 0.0016115 0.0014733 0.0000000 0.0918954 0.2516823 0.0000000 0.0224926 0.0041354 0.0265971
 41 V  41 0.1342974 0.0000000 0.0000000 0.0000000 0.0029371 0.0000000 0.0000000 0.0000000 0.0000000 0.1030723 0.0571184 0.0000000 0.0332193 0.1382019 0.0000000 0.0065655 0.0202909 0.0147005 0.0048524 0.4568083 0.0279361
 42 V  42 0.0889644 0.0102735 0.0255630 0.0169972 0.0000000 0.0153104 0.0618439 0.0098787 0.0301163 0.0365244 0.0351283 0.0076379 0.0060624 0.0064048 0.0000000 0.0157737 0.2909679 0.0098136 0.0080529 0.2835480 0.0411388
 43 F  43 0.1678501 0.0042778 0.0147355 0.0048758 0.0012681 0.0282053 0.0073369 0.0057433 0.0063520 0.0891143 0.1253049 0.0057635 0.0129086 0.1511894 0.0100827 0.1741413 0.0378414 0.0024294 0.0064349 0.0834004 0.0607444
 44 D  44 0.0542507 0.0170433 0.0114002 0.1636023 0.0000000 0.0179296 0.0686370 0.1655351 0.0339483 0.0919417 0.0307336 0.0537025 0.0108579 0.0049585 0.0032832 0.0427317 0.0392494 0.0018338 0.0581127 0.0583552 0.0718935
 45 A  45 0.0815230 0.0121617 0.0505222 0.1384171 0.0000000 0.0334264 0.1249884 0.0633638 0.0252513 0.0028250 0.0028641 0.0988239 0.0010668 0.0024104 0.0345113 0.1216554 0.1154099 0.0000000 0.0012278 0.0124153 0.0771360
 46 A  46 0.0618812 0.0167511 0.0229475 0.1233264 0.0013490 0.0278239 0.0545868 0.1834695 0.0055371 0.0087291 0.0171776 0.0442893 0.0155950 0.0603401 0.1141667 0.0289591 0.0306318 0.0032183 0.0120175 0.0335227 0.1336801
 47 L  47 0.1518050 0.0096769 0.0189398 0.0855929 0.0192037 0.0122432 0.0751211 0.1180696 0.0073259 0.0188466 0.0502390 0.0408980 0.0693973 0.0120518 0.0203311 0.0647437 0.0391709 0.0061182 0.0035111 0.0127066 0.1640077
 48 N  48 0.0527196 0.0183536 0.0503580 0.0748919 0.0009123 0.0253934 0.0692377 0.0491738 0.0171039 0.0836704 0.0631722 0.0330920 0.0242553 0.0274738 0.0094825 0.0338740 0.0474918 0.0111198 0.0036965 0.0832352 0.2212922
 49 P  49 0.0375274 0.0156342 0.0394087 0.0433568 0.0000000 0.0295407 0.0109479 0.0469447 0.0263672 0.0280610 0.0797281 0.0019744 0.0047435 0.0121688 0.3353139 0.0140850 0.0151855 0.0042786 0.0014610 0.0183171 0.2349556
 50 A  50 0.1123114 0.0142346 0.0078597 0.1006670 0.0542351 0.0262634 0.1123622 0.0331577 0.0056911 0.0075218 0.0501926 0.0413431 0.0141643 0.0188179 0.0485329 0.0576576 0.0110543 0.0054734 0.0033937 0.0288548 0.2462113
 51 K  51 0.0576346 0.0111185 0.0345912 0.0654931 0.0000000 0.0330693 0.1264899 0.2133984 0.0147993 0.0060890 0.0061440 0.0434941 0.0076591 0.0112539 0.0185460 0.0356356 0.0299762 0.0000000 0.0095143 0.0126814 0.2624120
 52 S  52 0.1673552 0.0162689 0.0163290 0.0317472 0.0030021 0.0276990 0.0087977 0.0718755 0.1391440 0.0280854 0.0073591 0.0055169 0.0024402 0.0071968 0.0349429 0.0439093 0.0101397 0.0133717 0.0088194 0.0905062 0.2654939
 53 A  53 0.1407386 0.0341799 0.0180817 0.0384427 0.0000000 0.0285653 0.0689268 0.1093527 0.0051582 0.0166009 0.0194209 0.0578926 0.0117700 0.0085644 0.0472693 0.0321652 0.0586343 0.0000000 0.0124399 0.0316726 0.2601238
 54 D  54 0.1105180 0.0061280 0.0414528 0.0671069 0.0000000 0.0277014 0.0861778 0.0551778 0.0015756 0.0218695 0.0166966 0.0566901 0.0079985 0.0353111 0.0638117 0.0271213 0.0235731 0.0014625 0.0328855 0.0354178 0.2813242
 55 L  55 0.0727397 0.0078020 0.0281022 0.0270242 0.0000000 0.0184533 0.0535951 0.0543336 0.0028394 0.0139090 0.0368578 0.0071321 0.0561685 0.1337132 0.0319997 0.0350262 0.0126085 0.0632224 0.0061238 0.0645070 0.2738423
 56 A  56 0.1569101 0.0138655 0.0260940 0.0402679 0.0000000 0.0191567 0.0525221 0.0437155 0.0227773 0.0034446 0.0112992 0.0989999 0.1225285 0.0042925 0.0111413 0.0769074 0.0200269 0.0000000 0.0046301 0.0174760 0.2539443
 57 K  57 0.0722263 0.0146153 0.0194826 0.0470039 0.0000000 0.0107277 0.0514230 0.1600935 0.0000000 0.0381088 0.0116858 0.0451772 0.0073980 0.0086973 0.0739097 0.1304134 0.0369951 0.0000000 0.0000000 0.0312927 0.2407497
 58 S  58 0.1009947 0.0174324 0.0212255 0.0361717 0.0021265 0.0230105 0.0967627 0.0859568 0.0046139 0.0106181 0.0085323 0.1341440 0.0057868 0.0304692 0.0307845 0.0909933 0.0486031 0.0060758 0.0045513 0.0099401 0.2312069
 59 L  59 0.0262358 0.0098355 0.0165361 0.0167325 0.0026686 0.0108650 0.0214942 0.0773090 0.0103526 0.0904473 0.0848664 0.0243520 0.1896132 0.0481119 0.0320852 0.0210075 0.0131353 0.0235792 0.0081076 0.0338099 0.2388550
 60 S  60 0.0626099 0.0100323 0.0880384 0.0889510 0.0000000 0.0072801 0.0706420 0.0796436 0.0024753 0.0377089 0.0373335 0.0184951 0.0028122 0.0267570 0.0524982 0.1499441 0.0199919 0.0134779 0.0136710 0.0080661 0.2095718
 61 H  61 0.0339826 0.0141899 0.0265568 0.0337770 0.0000000 0.0124332 0.0887525 0.0512941 0.1182026 0.0275875 0.0128685 0.0168188 0.0182084 0.1869842 0.0225937 0.0517660 0.0336856 0.0314192 0.0186645 0.0201980 0.1800170
 62 K  62 0.0413876 0.0194944 0.0738131 0.2089513 0.0000000 0.0205420 0.1099656 0.0563640 0.0522432 0.0042819 0.0078967 0.0408579 0.0073692 0.0075340 0.0244536 0.0939910 0.0323353 0.0033912 0.0063065 0.0197616 0.1690599
 63 Q  63 0.0299489 0.0112162 0.0145838 0.1335945 0.0000000 0.0163802 0.1155155 0.0365876 0.0109667 0.0163642 0.0061871 0.0169879 0.0186240 0.0144392 0.0126800 0.2661071 0.0886332 0.0000000 0.0120469 0.0126435 0.1664935
 64 L  64 0.0210080 0.0172838 0.0202317 0.0320071 0.0000000 0.0068121 0.0244535 0.1547340 0.0100293 0.0640059 0.1213915 0.0469796 0.0080422 0.0110883 0.1242943 0.0380594 0.0238434 0.0000000 0.0288700 0.0744120 0.1724537
 65 L  65 0.0767362 0.0612838 0.0176838 0.0137245 0.0000000 0.0103067 0.0389674 0.0039519 0.0166441 0.0356767 0.2058220 0.0083361 0.0508186 0.0204059 0.0366053 0.0502455 0.0830117 0.0052221 0.0195160 0.0942968 0.1507446
 66 M  66 0.0347286 0.0102387 0.0400628 0.0083085 0.0000000 0.0139300 0.0108644 0.0116654 0.0000000 0.0996787 0.3011690 0.0139976 0.0670269 0.0409643 0.0064076 0.0503942 0.0269197 0.0000000 0.0196080 0.1013198 0.1427158
 67 S  67 0.1488672 0.0149511 0.0549444 0.0721467 0.0000000 0.0574262 0.1218986 0.0813547 0.0072675 0.0095186 0.0170514 0.0585823 0.0340833 0.0135117 0.0405723 0.0615801 0.0455572 0.0000000 0.0042626 0.0105803 0.1458440
 68 P  68 0.1109414 0.0139206 0.0108139 0.0160518 0.0000000 0.0411977 0.0446170 0.0484038 0.0102595 0.0085134 0.0024985 0.0419286 0.0014711 0.0017627 0.3951672 0.0457227 0.0607435 0.0000000 0.0000000 0.0133536 0.1326332
 69 G  69 0.0112606 0.0135341 0.0570028 0.0470074 0.0000000 0.0051621 0.0240334 0.6570469 0.0022154 0.0000000 0.0000000 0.0230134 0.0000000 0.0024104 0.0124846 0.0250500 0.0029333 0.0000000 0.0000000 0.0065057 0.1103397
 70 Q  70 0.0823177 0.0104446 0.0168927 0.0607586 0.0000000 0.1486984 0.2924078 0.0325579 0.0231746 0.0050559 0.0025701 0.1077474 0.0064243 0.0218873 0.0078200 0.0342821 0.0446159 0.0041357 0.0153464 0.0167742 0.0660885
 71 S  71 0.0227198 0.0412929 0.0224986 0.0185247 0.0000000 0.0293488 0.1004886 0.0075724 0.0078402 0.0070364 0.0026178 0.0500693 0.0124574 0.0064856 0.0059335 0.2754954 0.3105351 0.0000000 0.0000000 0.0228168 0.0562668
 72 T  72 0.0789855 0.0168605 0.0116737 0.0227144 0.0000000 0.0127898 0.0362534 0.1010982 0.0097930 0.0359323 0.0258046 0.0190320 0.0060948 0.2245125 0.0019846 0.0107461 0.0228890 0.0656914 0.1980716 0.0532886 0.0457838
 73 S  73 0.0417883 0.0318547 0.0174396 0.0436335 0.0018461 0.0288089 0.2860629 0.0089399 0.0126939 0.0069636 0.0042784 0.0315729 0.0000000 0.0019070 0.0044682 0.1962260 0.2068805 0.0000000 0.0000000 0.0378881 0.0367476
 74 T  74 0.0098542 0.0312345 0.0053010 0.0024402 0.0000000 0.0249047 0.0076632 0.0025924 0.1247501 0.1423800 0.1093521 0.0129958 0.0149510 0.0849020 0.0000000 0.0211496 0.0154219 0.0334777 0.1131111 0.2131020 0.0304163
 75 T  75 0.0152595 0.0400619 0.0037386 0.0129119 0.0000000 0.0118873 0.0595444 0.0022632 0.0059508 0.0505181 0.0203890 0.0552588 0.0012157 0.0143897 0.0045215 0.0291279 0.4938323 0.0024328 0.0105795 0.1300557 0.0360614
 76 F  76 0.0019511 0.0016236 0.0000000 0.0000000 0.0000000 0.0024801 0.0000000 0.0000000 0.0000000 0.0252381 0.1052830 0.0018025 0.0025823 0.5903302 0.0000000 0.0016246 0.0116732 0.1247864 0.0085456 0.0611287 0.0609506
 77 P  77 0.0065509 0.0225306 0.0575006 0.1575735 0.0000000 0.0360359 0.1362018 0.0045883 0.0135168 0.0102964 0.0080720 0.0985287 0.0089802 0.0000000 0.0295947 0.0213922 0.1978182 0.0000000 0.0015764 0.0184704 0.1707725
 78 A  78 0.1813697 0.0059214 0.0200508 0.0249887 0.0000000 0.0185626 0.0092672 0.0060407 0.0106345 0.0404968 0.0079296 0.0242692 0.0031586 0.1220807 0.0088059 0.0271434 0.1071981 0.0000000 0.0022698 0.1014248 0.2783875
 79 D  79 0.0283514 0.0107578 0.0296592 0.0525679 0.0000000 0.0038192 0.1000122 0.0108333 0.0000000 0.0085275 0.0257104 0.0187334 0.0024448 0.0063197 0.1575441 0.0170335 0.0477491 0.0000000 0.0000000 0.0162136 0.4637229
 80 A  80 0.0682837 0.0282107 0.0257370 0.0341829 0.0000000 0.0139471 0.0272342 0.0176974 0.0037697 0.0174595 0.0306903 0.0296621 0.0086035 0.0023463 0.0000000 0.0671541 0.1669308 0.0000000 0.0015319 0.0159699 0.4405890
 81 P  81 0.0128357 0.0245791 0.0388944 0.0674429 0.0000000 0.0535427 0.2178649 0.0031966 0.0072771 0.0073271 0.0021210 0.1572300 0.0045529 0.0000000 0.0449603 0.0117197 0.0283833 0.0022154 0.0028974 0.0034032 0.3095563
 82 A  82 0.2223975 0.0078857 0.0076862 0.0097506 0.0000000 0.0077115 0.0386415 0.0048213 0.0000000 0.0097162 0.0067764 0.0345148 0.0021476 0.0000000 0.3413589 0.0510646 0.0439830 0.0000000 0.0031176 0.0269661 0.1814606
 83 G  83 0.0055189 0.0014095 0.0018859 0.0048807 0.0000000 0.0000000 0.0061189 0.8756555 0.0024832 0.0000000 0.0000000 0.0060438 0.0000000 0.0000000 0.0122084 0.0061931 0.0158918 0.0000000 0.0000000 0.0012806 0.0604298
 84 E  84 0.0428904 0.0352994 0.0281891 0.0616092 0.0000000 0.0091682 0.1268005 0.0010358 0.0033526 0.0681884 0.0347602 0.0226236 0.0043795 0.0151658 0.0090603 0.0446660 0.2889694 0.0000000 0.0014001 0.1563757 0.0460657
 85 Y  85 0.0043949 0.0000000 0.0025685 0.0000000 0.0000000 0.0051944 0.0014412 0.0000000 0.0319177 0.0640920 0.0208939 0.0045455 0.0079369 0.1433003 0.0065373 0.0066054 0.0069072 0.0173365 0.5938758 0.0533665 0.0290860
 86 T  86 0.0337554 0.0394176 0.0369696 0.1465353 0.0000000 0.0213684 0.1425639 0.0984563 0.0204934 0.0163925 0.0378037 0.0498120 0.0146091 0.0140584 0.0996974 0.0401730 0.0518967 0.0560329 0.0303104 0.0420547 0.0075994
 87 F  87 0.0091706 0.0000000 0.0000000 0.0000000 0.0000000 0.0000000 0.0000000 0.0042643 0.0000000 0.0531452 0.0341391 0.0000000 0.0043910 0.2690877 0.0000000 0.0000000 0.0000000 0.0000000 0.5740826 0.0517194 0.0000000
 88 Y  88 0.1208650 0.0426114 0.0050978 0.0054803 0.0031005 0.0153349 0.0183980 0.0113962 0.0642595 0.0755326 0.0298835 0.0702558 0.0030038 0.1113921 0.0000000 0.0193567 0.0134746 0.0204628 0.2525361 0.1119591 0.0055991
 89 C  89 0.0000000 0.0000000 0.0000000 0.0000000 0.9711477 0.0000000 0.0000000 0.0032061 0.0000000 0.0000000 0.0000000 0.0000000 0.0000000 0.0000000 0.0000000 0.0200470 0.0000000 0.0000000 0.0000000 0.0000000 0.0055991
 90 E  90 0.1017623 0.0326387 0.0097110 0.0255539 0.0000000 0.0278357 0.0610299 0.0363264 0.0028926 0.0452199 0.0265922 0.0213799 0.0370635 0.0000000 0.1654886 0.1230670 0.2374864 0.0000000 0.0000000 0.0403529 0.0055991
 91 P  91 0.0075727 0.0037540 0.0017527 0.0128376 0.0000000 0.0274958 0.0064407 0.2331668 0.0000000 0.0675992 0.0558009 0.0034791 0.0033613 0.0450162 0.4013195 0.0096196 0.0019300 0.0014781 0.0261654 0.0833081 0.0079023
 92 H  92 0.0000000 0.0022940 0.0075780 0.0024819 0.0000000 0.0021686 0.0000000 0.0252249 0.9420210 0.0000000 0.0000000 0.0000000 0.0000000 0.0040169 0.0000000 0.0000000 0.0000000 0.0000000 0.0086156 0.0000000 0.0055991
 93 R  93 0.0408230 0.0888373 0.0015183 0.0059653 0.0762886 0.0436168 0.0750169 0.0081721 0.0392030 0.0204037 0.0274996 0.0555069 0.0122368 0.0371097 0.2080098 0.0155748 0.0235207 0.0224179 0.1507153 0.0164671 0.0310962
 94 G  94 0.0991969 0.0314819 0.0096648 0.0455562 0.0000000 0.1127523 0.1290606 0.1422008 0.0177566 0.0146842 0.0125739 0.0174311 0.0219736 0.0173107 0.0190415 0.0881854 0.0489799 0.0807790 0.0229377 0.0034871 0.0649458
 95 A  95 0.2803526 0.0094595 0.0459615 0.0055731 0.0000000 0.0269220 0.0014707 0.0308217 0.0048359 0.0170892 0.0769029 0.0222595 0.1470236 0.0176999 0.0031965 0.0568818 0.0053916 0.0000000 0.0086489 0.0304232 0.2090858
 96 G  96 0.0073354 0.0089304 0.0599944 0.0000000 0.0023092 0.0075714 0.0077366 0.6260039 0.0012891 0.0061955 0.0029200 0.0026691 0.0000000 0.0026943 0.0000000 0.0080215 0.0060856 0.0000000 0.0000000 0.0180206 0.2322231
 97 M  97 0.0042631 0.0000000 0.0059056 0.0000000 0.0000000 0.0088576 0.0000000 0.0019626 0.0020061 0.0024234 0.0046284 0.0000000 0.9390026 0.0000000 0.0000000 0.0000000 0.0000000 0.0000000 0.0000000 0.0000000 0.0309505
 98 V  98 0.0354431 0.0535326 0.0264505 0.0034904 0.0000000 0.0420390 0.0191830 0.0092169 0.0341956 0.0591032 0.0160012 0.1782867 0.0048270 0.0330159 0.0000000 0.0162141 0.0908650 0.0048692 0.0427142 0.3115641 0.0189883
 99 G  99 0.0841174 0.0072636 0.0000000 0.0000000 0.0000000 0.0017149 0.0065122 0.8180261 0.0000000 0.0000000 0.0185252 0.0000000 0.0285622 0.0043097 0.0000000 0.0039147 0.0000000 0.0000000 0.0000000 0.0034658 0.0235883
100 K 100 0.1081059 0.0564545 0.0045870 0.0284946 0.0000000 0.0255794 0.0318959 0.0068053 0.0125561 0.0383445 0.0958206 0.1256669 0.0238130 0.0055743 0.0083067 0.0558031 0.2206411 0.0000000 0.0058679 0.1188046 0.0268784
101 I 101 0.0083137 0.0000000 0.0000000 0.0000000 0.0000000 0.0000000 0.0000000 0.0000000 0.0000000 0.4419963 0.1261928 0.0000000 0.0412637 0.0246532 0.0000000 0.0000000 0.0000000 0.0000000 0.0000000 0.3291619 0.0284184
102 T 102 0.0276858 0.0272868 0.0102331 0.0089689 0.0000000 0.0607099 0.0284924 0.0018322 0.0125546 0.2080989 0.0185768 0.0589322 0.0022279 0.0047399 0.0000000 0.0171084 0.1923691 0.0000000 0.0144241 0.1970872 0.1086719
103 V 103 0.0063196 0.0000000 0.0000000 0.0000000 0.0025640 0.0000000 0.0000000 0.0000000 0.0000000 0.0500904 0.0000000 0.0000000 0.0000000 0.0000000 0.0000000 0.0000000 0.0000000 0.0000000 0.0000000 0.8110749 0.1299510
104 A 104 0.0428656 0.0050817 0.0530328 0.0023314 0.0000000 0.0614979 0.1742189 0.2019559 0.0000000 0.0000000 0.0000000 0.0053324 0.0000000 0.0000000 0.0000000 0.0558835 0.0098827 0.0000000 0.0022698 0.0134264 0.3722212
105 G 105 0.0409200 0.0000000 0.0000000 0.0000000 0.0000000 0.0000000 0.0000000 0.0521352 0.0000000 0.0000000 0.0000000 0.0000000 0.0000000 0.0000000 0.0000000 0.0000000 0.0000000 0.0000000 0.0000000 0.0000000 0.9069449
