   89         A         R         N         D         C         Q         E         G         H         I         L         K         M         F         P         S         T         W         Y         V    
  1 M   1 0.0000000 0.0000000 0.0000000 0.0000000 0.0000000 0.0000000 0.0000000 0.0000000 0.0000000 0.0000000 0.0000000 0.0000000 1.0000000 0.0000000 0.0000000 0.0000000 0.0000000 0.0000000 0.0000000 0.0000000
  2 A   2 0.7099981 0.0000000 0.0000000 0.0000000 0.0000000 0.0000000 0.0000000 0.0000000 0.0000000 0.0000000 0.0000000 0.0000000 0.0000000 0.0000000 0.0000000 0.2900019 0.0000000 0.0000000 0.0000000 0.0000000
  3 E   3 0.0000000 0.0000000 0.0979676 0.4041853 0.0000000 0.0000000 0.4346290 0.0000000 0.0000000 0.0000000 0.0000000 0.0000000 0.0000000 0.0000000 0.0000000 0.0632181 0.0000000 0.0000000 0.0000000 0.0000000
  4 C   4 0.0000000 0.0000000 0.0000000 0.0000000 0.1457172 0.0000000 0.0000000 0.0000000 0.0000000 0.2542205 0.1294247 0.0000000 0.0000000 0.0413591 0.0000000 0.0000000 0.0243423 0.0000000 0.0000000 0.4049362
  5 V   5 0.0000000 0.0000000 0.0000000 0.0000000 0.0000000 0.0000000 0.0000000 0.0000000 0.0000000 0.6609606 0.1184805 0.0000000 0.0000000 0.0000000 0.0000000 0.0000000 0.0000000 0.0000000 0.0000000 0.2205589
  6 S   6 0.0374560 0.0000000 0.0000000 0.0000000 0.0000000 0.0436491 0.0000000 0.0000000 0.0000000 0.1701224 0.0000000 0.0986917 0.2062487 0.0000000 0.0000000 0.1564569 0.1280426 0.0000000 0.0000000 0.1593326
  7 Q   7 0.0000000 0.0000000 0.0000000 0.0000000 0.0000000 0.6547155 0.0368086 0.0000000 0.0000000 0.0000000 0.0000000 0.0000000 0.0000000 0.0000000 0.0000000 0.0000000 0.0000000 0.0000000 0.0000000 0.3084759
  8 A   8 0.1671156 0.0000000 0.0755693 0.0751275 0.0000000 0.0000000 0.0000000 0.0000000 0.4578651 0.0000000 0.0397253 0.0000000 0.0513159 0.0000000 0.0000000 0.0345897 0.0000000 0.0000000 0.0000000 0.0986917
  9 I   9 0.0000000 0.0000000 0.0000000 0.0000000 0.0000000 0.0000000 0.0000000 0.0000000 0.0000000 0.3371590 0.0000000 0.0000000 0.5684181 0.0000000 0.0000000 0.0000000 0.0000000 0.0000000 0.0000000 0.0944228
 10 D  10 0.0000000 0.0000000 0.0000000 0.8237248 0.0000000 0.0000000 0.0385612 0.0000000 0.0432912 0.0000000 0.0000000 0.0000000 0.0000000 0.0000000 0.0000000 0.0944228 0.0000000 0.0000000 0.0000000 0.0000000
 11 I  11 0.0000000 0.0000000 0.0000000 0.0000000 0.0000000 0.0000000 0.0000000 0.0000000 0.0000000 0.8151553 0.0904219 0.0000000 0.0000000 0.0000000 0.0000000 0.0000000 0.0000000 0.0000000 0.0000000 0.0944228
 12 N  12 0.0490962 0.3733334 0.2648585 0.0000000 0.0000000 0.0668980 0.0944228 0.0000000 0.0000000 0.0000000 0.0000000 0.0723006 0.0000000 0.0000000 0.0000000 0.0000000 0.0790905 0.0000000 0.0000000 0.0000000
 13 E  13 0.0000000 0.0000000 0.0000000 0.0000000 0.0352164 0.1435190 0.6677023 0.0000000 0.0000000 0.0000000 0.0000000 0.0000000 0.0000000 0.0000000 0.0000000 0.0432547 0.1103075 0.0000000 0.0000000 0.0000000
 14 P  14 0.0000000 0.0000000 0.0593924 0.0000000 0.0000000 0.0000000 0.0000000 0.0000000 0.0000000 0.0000000 0.0000000 0.0380070 0.0000000 0.0000000 0.7771483 0.0310295 0.0944228 0.0000000 0.0000000 0.0000000
 15 I  15 0.0000000 0.0000000 0.0000000 0.0000000 0.0000000 0.0000000 0.0000000 0.0000000 0.0000000 0.2953980 0.6628410 0.0000000 0.0000000 0.0000000 0.0000000 0.0000000 0.0000000 0.0000000 0.0000000 0.0417611
 16 G  16 0.0000000 0.0000000 0.0000000 0.0000000 0.0000000 0.0000000 0.0000000 0.2648585 0.0000000 0.0000000 0.0316816 0.0723006 0.0000000 0.0000000 0.0000000 0.4449366 0.0565836 0.0000000 0.1296392 0.0000000
 17 N  17 0.0640389 0.0380070 0.2215673 0.0944228 0.0000000 0.0000000 0.0000000 0.0000000 0.0000000 0.0000000 0.0000000 0.0627111 0.0171059 0.0000000 0.0000000 0.0555558 0.3530299 0.0000000 0.0000000 0.0935613
 18 L  18 0.0000000 0.0000000 0.0000000 0.0000000 0.0000000 0.0000000 0.0000000 0.0000000 0.0000000 0.0000000 0.9055772 0.0000000 0.0000000 0.0000000 0.0000000 0.0000000 0.0000000 0.0000000 0.0000000 0.0944228
 19 K  19 0.0944228 0.3352274 0.0000000 0.0000000 0.0000000 0.0000000 0.0000000 0.0000000 0.0000000 0.0000000 0.0000000 0.5703498 0.0000000 0.0000000 0.0000000 0.0000000 0.0000000 0.0000000 0.0000000 0.0000000
 20 K  20 0.0432547 0.0000000 0.0732125 0.0723006 0.0000000 0.0946927 0.0944228 0.0593924 0.0000000 0.0000000 0.0000000 0.3441258 0.0000000 0.0000000 0.0000000 0.1973378 0.0212607 0.0000000 0.0000000 0.0000000
 21 L  21 0.0000000 0.0000000 0.0000000 0.0000000 0.0000000 0.0000000 0.0000000 0.0000000 0.0000000 0.1163632 0.7242331 0.0000000 0.0871032 0.0000000 0.0000000 0.0000000 0.0000000 0.0000000 0.0000000 0.0723006
 22 L  22 0.0000000 0.0000000 0.0000000 0.0000000 0.0000000 0.0000000 0.0000000 0.0000000 0.0000000 0.0310295 0.7992899 0.0000000 0.0000000 0.0000000 0.0000000 0.0000000 0.0000000 0.0000000 0.0000000 0.1696806
 23 E  23 0.0000000 0.0000000 0.0000000 0.0000000 0.0000000 0.0564771 0.7788714 0.0923509 0.0000000 0.0000000 0.0000000 0.0000000 0.0000000 0.0000000 0.0000000 0.0723006 0.0000000 0.0000000 0.0000000 0.0000000
 24 P  24 0.0000000 0.2614936 0.0000000 0.0381969 0.0000000 0.2467793 0.0716395 0.0000000 0.0432547 0.0000000 0.0000000 0.0352164 0.0000000 0.0000000 0.2648585 0.0385612 0.0000000 0.0000000 0.0000000 0.0000000
 25 R  25 0.0000000 0.8511506 0.0000000 0.0000000 0.0000000 0.0000000 0.0000000 0.0000000 0.0000000 0.0000000 0.0000000 0.1488494 0.0000000 0.0000000 0.0000000 0.0000000 0.0000000 0.0000000 0.0000000 0.0000000
 26 L  26 0.0000000 0.0000000 0.0000000 0.0000000 0.0000000 0.0000000 0.0000000 0.0000000 0.0000000 0.2307158 0.6597471 0.0000000 0.0000000 0.0352164 0.0000000 0.0000000 0.0310295 0.0000000 0.0000000 0.0432912
 27 Q  27 0.0358358 0.0723006 0.0906726 0.0207477 0.0000000 0.3525158 0.0000000 0.3873175 0.0000000 0.0000000 0.0000000 0.0000000 0.0000000 0.0000000 0.0000000 0.0406100 0.0000000 0.0000000 0.0000000 0.0000000
 28 C  28 0.0418384 0.0000000 0.0000000 0.0000000 0.1922766 0.0000000 0.0000000 0.0000000 0.0000000 0.2995894 0.0715555 0.0699332 0.0182611 0.0000000 0.0000000 0.0418736 0.0367625 0.0000000 0.0000000 0.2279097
 29 S  29 0.0403937 0.0000000 0.0000000 0.2388646 0.1078768 0.0000000 0.1113994 0.0000000 0.0000000 0.0000000 0.0000000 0.0474886 0.0000000 0.0000000 0.0291306 0.3793491 0.0000000 0.0000000 0.0000000 0.0454971
 30 L  30 0.0000000 0.0000000 0.0000000 0.0000000 0.0000000 0.0000000 0.0000000 0.0000000 0.0000000 0.0000000 0.9581616 0.0000000 0.0000000 0.0418384 0.0000000 0.0000000 0.0000000 0.0000000 0.0000000 0.0000000
 31 D  31 0.0606577 0.0205646 0.0866086 0.2945448 0.0000000 0.0000000 0.0418736 0.0000000 0.0547308 0.0000000 0.0000000 0.0930411 0.0000000 0.0000000 0.0000000 0.2385389 0.1094399 0.0000000 0.0000000 0.0000000
 32 A  32 0.1851817 0.0000000 0.0980317 0.2061330 0.0000000 0.0000000 0.0815519 0.1532056 0.0992860 0.0000000 0.0000000 0.0699332 0.0000000 0.0000000 0.0000000 0.0000000 0.0000000 0.0000000 0.1066769 0.0000000
 33 H  33 0.0000000 0.0000000 0.0000000 0.0000000 0.1331694 0.0000000 0.0000000 0.0000000 0.3368273 0.0000000 0.0000000 0.0000000 0.0000000 0.0000000 0.0000000 0.0000000 0.0000000 0.0000000 0.5300032 0.0000000
 34 E  34 0.0527713 0.0000000 0.0418736 0.1394575 0.0000000 0.0913311 0.3243065 0.0000000 0.0000000 0.0000000 0.0000000 0.0300135 0.0000000 0.0000000 0.0000000 0.1782959 0.1419507 0.0000000 0.0000000 0.0000000
 35 I  35 0.0000000 0.0000000 0.0000000 0.0000000 0.0000000 0.0000000 0.0327439 0.0000000 0.0000000 0.4154461 0.0000000 0.0000000 0.0000000 0.5518100 0.0000000 0.0000000 0.0000000 0.0000000 0.0000000 0.0000000
 36 C  36 0.0000000 0.0000000 0.0000000 0.0000000 0.2322402 0.0000000 0.0000000 0.0000000 0.0000000 0.0000000 0.0000000 0.0000000 0.0000000 0.0346624 0.0000000 0.0000000 0.0000000 0.4218132 0.3112842 0.0000000
 37 L  37 0.0000000 0.0000000 0.0000000 0.0000000 0.0000000 0.0000000 0.0000000 0.0000000 0.0000000 0.0000000 1.0000000 0.0000000 0.0000000 0.0000000 0.0000000 0.0000000 0.0000000 0.0000000 0.0000000 0.0000000
 38 Q  38 0.0000000 0.0000000 0.0000000 0.0000000 0.0000000 1.0000000 0.0000000 0.0000000 0.0000000 0.0000000 0.0000000 0.0000000 0.0000000 0.0000000 0.0000000 0.0000000 0.0000000 0.0000000 0.0000000 0.0000000
 39 D  39 0.0000000 0.0000000 0.1071553 0.7968364 0.0000000 0.0000000 0.0432912 0.0527171 0.0000000 0.0000000 0.0000000 0.0000000 0.0000000 0.0000000 0.0000000 0.0000000 0.0000000 0.0000000 0.0000000 0.0000000
 40 I  40 0.2353658 0.0000000 0.0000000 0.0327439 0.0000000 0.0000000 0.0000000 0.0000000 0.0000000 0.3475170 0.0000000 0.0000000 0.0000000 0.0699332 0.0000000 0.0000000 0.2726018 0.0000000 0.0000000 0.0418384
 41 Q  41 0.0000000 0.0000000 0.0000000 0.0000000 0.0000000 0.6107913 0.0000000 0.0000000 0.0000000 0.0000000 0.0000000 0.1280935 0.0390624 0.0000000 0.0418736 0.0000000 0.1102460 0.0000000 0.0699332 0.0000000
 42 L  42 0.0000000 0.0000000 0.0000000 0.0000000 0.0000000 0.0000000 0.0000000 0.0000000 0.0000000 0.0410457 0.9589543 0.0000000 0.0000000 0.0000000 0.0000000 0.0000000 0.0000000 0.0000000 0.0000000 0.0000000
 43 D  43 0.0000000 0.0928053 0.0352220 0.2445946 0.0000000 0.0000000 0.4326901 0.0000000 0.0706466 0.0000000 0.0000000 0.0000000 0.0000000 0.0000000 0.0000000 0.0000000 0.0757862 0.0000000 0.0000000 0.0482552
 44 P  44 0.0546041 0.0000000 0.0684948 0.0757862 0.0000000 0.0000000 0.0482552 0.0928053 0.0000000 0.0000000 0.0000000 0.0000000 0.0000000 0.0000000 0.4220582 0.2379962 0.0000000 0.0000000 0.0000000 0.0000000
 45 D  45 0.0000000 0.0000000 0.0000000 0.3395614 0.0000000 0.0000000 0.2190164 0.0425496 0.3636507 0.0000000 0.0000000 0.0000000 0.0000000 0.0000000 0.0000000 0.0352220 0.0000000 0.0000000 0.0000000 0.0000000
 46 R  46 0.0000000 0.1309830 0.0000000 0.0000000 0.0000000 0.0425496 0.0000000 0.0000000 0.0706466 0.0000000 0.0710620 0.5161673 0.0000000 0.0000000 0.0000000 0.0928053 0.0757862 0.0000000 0.0000000 0.0000000
 47 S  47 0.0000000 0.0000000 0.3736378 0.0000000 0.0000000 0.0000000 0.0000000 0.0000000 0.0000000 0.0000000 0.0000000 0.0000000 0.0000000 0.0000000 0.0928053 0.3634964 0.1700605 0.0000000 0.0000000 0.0000000
 48 L  48 0.0000000 0.0000000 0.0000000 0.0000000 0.0000000 0.0000000 0.0000000 0.0000000 0.0000000 0.0000000 1.0000000 0.0000000 0.0000000 0.0000000 0.0000000 0.0000000 0.0000000 0.0000000 0.0000000 0.0000000
 49 F  49 0.0379006 0.0000000 0.0000000 0.0000000 0.0000000 0.0000000 0.0000000 0.0000000 0.0000000 0.0000000 0.0482552 0.0000000 0.0000000 0.3152412 0.0000000 0.0757862 0.0000000 0.0000000 0.0000000 0.5228168
 50 D  50 0.0379006 0.0000000 0.0000000 0.6056959 0.0000000 0.0000000 0.3564035 0.0000000 0.0000000 0.0000000 0.0000000 0.0000000 0.0000000 0.0000000 0.0000000 0.0000000 0.0000000 0.0000000 0.0000000 0.0000000
 51 Q  51 0.0000000 0.0000000 0.0000000 0.0000000 0.0000000 0.9071947 0.0000000 0.0000000 0.0928053 0.0000000 0.0000000 0.0000000 0.0000000 0.0000000 0.0000000 0.0000000 0.0000000 0.0000000 0.0000000 0.0000000
 52 G  52 0.0000000 0.0000000 0.0000000 0.0000000 0.6365036 0.0000000 0.0000000 0.3634964 0.0000000 0.0000000 0.0000000 0.0000000 0.0000000 0.0000000 0.0000000 0.0000000 0.0000000 0.0000000 0.0000000 0.0000000
 53 V  53 0.0000000 0.0000000 0.0000000 0.0000000 0.0000000 0.0000000 0.0000000 0.0000000 0.0000000 0.2183157 0.0000000 0.0000000 0.0000000 0.0000000 0.0000000 0.0000000 0.0000000 0.0000000 0.0000000 0.7816843
 54 K  54 0.0000000 0.0373559 0.0000000 0.0000000 0.0000000 0.3600428 0.1307059 0.0000000 0.0000000 0.0000000 0.0000000 0.4236401 0.0000000 0.0000000 0.0000000 0.0482552 0.0000000 0.0000000 0.0000000 0.0000000
 55 T  55 0.0482552 0.0000000 0.0000000 0.0000000 0.0000000 0.0000000 0.0000000 0.5436983 0.0000000 0.1638674 0.0000000 0.0000000 0.0000000 0.0000000 0.0000000 0.0000000 0.2441792 0.0000000 0.0000000 0.0000000
 56 D  56 0.0000000 0.0000000 0.0000000 0.2441792 0.0000000 0.0690395 0.4855581 0.0000000 0.0710620 0.0000000 0.0000000 0.0000000 0.0000000 0.0000000 0.0000000 0.1301612 0.0000000 0.0000000 0.0000000 0.0000000
 57 G  57 0.0000000 0.0000000 0.0000000 0.0000000 0.0000000 0.0000000 0.0000000 0.9667276 0.0000000 0.0000000 0.0000000 0.0332724 0.0000000 0.0000000 0.0000000 0.0000000 0.0000000 0.0000000 0.0000000 0.0000000
 58 T  58 0.0000000 0.0000000 0.0000000 0.0000000 0.0000000 0.0000000 0.0000000 0.0000000 0.0000000 0.0000000 0.5986030 0.0000000 0.0000000 0.0000000 0.0000000 0.1035887 0.1691029 0.0000000 0.0000000 0.1287054
 59 V  59 0.0000000 0.0000000 0.0000000 0.0000000 0.0000000 0.0000000 0.0000000 0.0000000 0.0000000 0.0000000 0.0000000 0.0000000 0.0000000 0.0000000 0.0000000 0.0000000 0.0000000 0.0000000 0.0000000 1.0000000
 60 Q  60 0.0000000 0.0000000 0.0000000 0.0000000 0.0000000 0.9289380 0.0710620 0.0000000 0.0000000 0.0000000 0.0000000 0.0000000 0.0000000 0.0000000 0.0000000 0.0000000 0.0000000 0.0000000 0.0000000 0.0000000
 61 L  61 0.0000000 0.0000000 0.0000000 0.0000000 0.0000000 0.0000000 0.0000000 0.0000000 0.0000000 0.3200885 0.4080465 0.0000000 0.0000000 0.0482552 0.0000000 0.0000000 0.0000000 0.0000000 0.0000000 0.2236098
 62 S  62 0.0000000 0.0000000 0.5057977 0.0000000 0.0000000 0.0000000 0.0000000 0.0000000 0.0000000 0.0000000 0.0928053 0.0000000 0.0000000 0.0000000 0.0000000 0.4013970 0.0000000 0.0000000 0.0000000 0.0000000
 63 V  63 0.0000000 0.0000000 0.0000000 0.0000000 0.0000000 0.0000000 0.0000000 0.0000000 0.0000000 0.1389159 0.2096372 0.0000000 0.0000000 0.0000000 0.0000000 0.0000000 0.0000000 0.0000000 0.0000000 0.6514468
 64 Q  64 0.0000000 0.0000000 0.0000000 0.0000000 0.0000000 0.7615734 0.2384266 0.0000000 0.0000000 0.0000000 0.0000000 0.0000000 0.0000000 0.0000000 0.0000000 0.0000000 0.0000000 0.0000000 0.0000000 0.0000000
 65 V  65 0.0000000 0.0000000 0.0000000 0.0000000 0.0000000 0.0000000 0.0000000 0.0000000 0.0000000 0.4610964 0.1069251 0.0000000 0.0000000 0.0000000 0.0000000 0.0000000 0.0000000 0.0000000 0.0000000 0.4319785
 66 I  66 0.0000000 0.0701918 0.0000000 0.0000000 0.0000000 0.0885964 0.0000000 0.0000000 0.0000000 0.3185512 0.0000000 0.4327073 0.0000000 0.0000000 0.0000000 0.0000000 0.0000000 0.0000000 0.0000000 0.0899534
 67 S  67 0.0270640 0.0000000 0.0518037 0.0000000 0.0000000 0.0278625 0.0000000 0.0000000 0.0000000 0.0557434 0.0000000 0.0000000 0.0000000 0.0000000 0.0000000 0.5971246 0.2404017 0.0000000 0.0000000 0.0000000
 68 Y  68 0.1298840 0.0000000 0.1270841 0.0000000 0.0000000 0.0455221 0.0000000 0.0000000 0.0000000 0.0484422 0.0000000 0.1481664 0.0000000 0.0000000 0.0265128 0.1517344 0.0787961 0.0000000 0.1377928 0.1060652
 69 Q  69 0.0000000 0.0000000 0.0000000 0.0386020 0.0000000 0.5782733 0.0379348 0.0000000 0.1017115 0.0000000 0.0000000 0.0415378 0.0000000 0.0000000 0.0774262 0.0778816 0.0466329 0.0000000 0.0000000 0.0000000
 70 G  70 0.1316537 0.0000000 0.0805002 0.0402581 0.0000000 0.0000000 0.0000000 0.4019493 0.0000000 0.0000000 0.0000000 0.0000000 0.0000000 0.0000000 0.1149702 0.0000000 0.2306685 0.0000000 0.0000000 0.0000000
 71 M  71 0.0239379 0.0000000 0.0863282 0.0432809 0.0000000 0.0000000 0.0532048 0.1160455 0.0000000 0.2907659 0.0406719 0.0000000 0.1314140 0.0000000 0.0000000 0.0613379 0.0486317 0.0000000 0.0000000 0.1043813
 72 E  72 0.0000000 0.1137801 0.0784160 0.0836290 0.0000000 0.0854726 0.3290837 0.0000000 0.0374642 0.0000000 0.0343613 0.0971887 0.0000000 0.0000000 0.0000000 0.0381951 0.0000000 0.0000000 0.1024094 0.0000000
 73 P  73 0.0000000 0.2119842 0.0000000 0.0000000 0.0000000 0.0206115 0.0751275 0.0000000 0.0000000 0.0000000 0.0000000 0.2649946 0.0000000 0.0000000 0.4272822 0.0000000 0.0000000 0.0000000 0.0000000 0.0000000
 74 K  74 0.0000000 0.5566526 0.0000000 0.0000000 0.0000000 0.0000000 0.0000000 0.0000000 0.0000000 0.0000000 0.0000000 0.4433474 0.0000000 0.0000000 0.0000000 0.0000000 0.0000000 0.0000000 0.0000000 0.0000000
 75 L  75 0.0000000 0.0000000 0.0000000 0.0000000 0.0000000 0.0000000 0.0000000 0.0000000 0.0000000 0.5350612 0.4649388 0.0000000 0.0000000 0.0000000 0.0000000 0.0000000 0.0000000 0.0000000 0.0000000 0.0000000
 76 N  76 0.0000000 0.0000000 0.9300668 0.0000000 0.0000000 0.0000000 0.0000000 0.0000000 0.0000000 0.0699332 0.0000000 0.0000000 0.0000000 0.0000000 0.0000000 0.0000000 0.0000000 0.0000000 0.0000000 0.0000000
 77 I  77 0.0000000 0.0000000 0.0000000 0.0000000 0.0000000 0.0000000 0.0000000 0.0000000 0.0000000 0.9086689 0.0000000 0.0000000 0.0000000 0.0000000 0.0000000 0.0000000 0.0000000 0.0000000 0.0000000 0.0913311
 78 L  78 0.1927853 0.0000000 0.0000000 0.0000000 0.0000000 0.0000000 0.0000000 0.0000000 0.0000000 0.1086456 0.2868302 0.0000000 0.0367625 0.0000000 0.0000000 0.0000000 0.0000000 0.0000000 0.0000000 0.3749765
 79 E  79 0.0000000 0.0000000 0.0000000 0.6738809 0.0000000 0.0000000 0.3261191 0.0000000 0.0000000 0.0000000 0.0000000 0.0000000 0.0000000 0.0000000 0.0000000 0.0000000 0.0000000 0.0000000 0.0000000 0.0000000
 80 I  80 0.0000000 0.0000000 0.0000000 0.0000000 0.0000000 0.0000000 0.0000000 0.0000000 0.0000000 0.4230652 0.0000000 0.0000000 0.0000000 0.0000000 0.0000000 0.0000000 0.0000000 0.0000000 0.0000000 0.5769348
 81 V  81 0.0000000 0.0000000 0.0000000 0.0000000 0.0000000 0.0913311 0.0000000 0.0000000 0.0000000 0.0000000 0.5350612 0.0000000 0.0000000 0.0000000 0.0000000 0.0000000 0.0000000 0.0000000 0.0000000 0.3736077
 82 K  82 0.0000000 0.0000000 0.0000000 0.0000000 0.0000000 0.0000000 0.0000000 0.0000000 0.0000000 0.0913311 0.0000000 0.9086689 0.0000000 0.0000000 0.0000000 0.0000000 0.0000000 0.0000000 0.0000000 0.0000000
 83 T  83 0.0320100 0.0000000 0.0000000 0.0000000 0.0000000 0.0000000 0.0000000 0.0000000 0.0000000 0.0000000 0.0000000 0.0000000 0.0000000 0.0000000 0.8710978 0.0000000 0.0968923 0.0000000 0.0000000 0.0000000
 84 A  84 0.3525988 0.0000000 0.0000000 0.0420457 0.0000000 0.0853007 0.0000000 0.0000000 0.0000000 0.1022047 0.0000000 0.0000000 0.0799834 0.0000000 0.0000000 0.0000000 0.2217406 0.0000000 0.0000000 0.1161260
 85 E  85 0.0000000 0.0000000 0.0000000 0.2099390 0.0000000 0.2222290 0.5678321 0.0000000 0.0000000 0.0000000 0.0000000 0.0000000 0.0000000 0.0000000 0.0000000 0.0000000 0.0000000 0.0000000 0.0000000 0.0000000
 86 T  86 0.0423319 0.0000000 0.0444705 0.3653151 0.0000000 0.0000000 0.2357410 0.0000000 0.0000000 0.0000000 0.0000000 0.0000000 0.0000000 0.0000000 0.0000000 0.0000000 0.3121414 0.0000000 0.0000000 0.0000000
 87 V  87 0.1622948 0.0000000 0.0000000 0.0000000 0.0000000 0.0000000 0.0000000 0.0000000 0.0000000 0.0657290 0.1597620 0.0000000 0.0000000 0.0000000 0.0000000 0.0000000 0.0000000 0.0000000 0.0000000 0.6122142
 88 E  88 0.0000000 0.0000000 0.0000000 0.0000000 0.0000000 0.0000000 0.7891891 0.0000000 0.0000000 0.0000000 0.0000000 0.2108109 0.0000000 0.0000000 0.0000000 0.0000000 0.0000000 0.0000000 0.0000000 0.0000000
 89 W  89 0.0000000 0.0000000 0.0000000 0.0000000 0.0000000 0.0000000 0.0000000 0.0000000 0.0000000 0.0000000 0.0000000 0.0000000 0.0000000 0.0000000 0.0000000 0.0000000 0.0000000 1.0000000 0.0000000 0.0000000
