   89         A         R         N         D         C         Q         E         G         H         I         L         K         M         F         P         S         T         W         Y         V         X    
  1 M   1 0.0000000 0.0000000 0.0000000 0.0000000 0.0000000 0.0000000 0.0000000 0.0000000 0.0000000 0.0000000 0.0000000 0.0000000 0.0317557 0.0000000 0.0000000 0.0000000 0.0000000 0.0000000 0.0000000 0.0000000 0.9682443
  2 A   2 0.2097315 0.0000000 0.0000000 0.0000000 0.0000000 0.0000000 0.0000000 0.0000000 0.0000000 0.0000000 0.0000000 0.0000000 0.0000000 0.0000000 0.0000000 0.0587468 0.0000000 0.0000000 0.0000000 0.0000000 0.7315217
  3 E   3 0.0000000 0.0000000 0.0400522 0.1739001 0.0000000 0.0000000 0.2423566 0.0000000 0.0000000 0.0000000 0.0000000 0.0000000 0.0000000 0.0000000 0.0000000 0.0260130 0.0000000 0.0000000 0.0000000 0.0000000 0.5176781
  4 C   4 0.0000000 0.0000000 0.0000000 0.0000000 0.1572919 0.0000000 0.0000000 0.0000000 0.0000000 0.1746786 0.0836356 0.0000000 0.0000000 0.0275508 0.0000000 0.0000000 0.0180645 0.0000000 0.0000000 0.2744937 0.2642849
  5 V   5 0.0000000 0.0000000 0.0000000 0.0000000 0.0000000 0.0000000 0.0000000 0.0000000 0.0000000 0.5344420 0.0975970 0.0000000 0.0000000 0.0000000 0.0000000 0.0000000 0.0000000 0.0000000 0.0000000 0.2366152 0.1313458
  6 S   6 0.0305437 0.0000000 0.0000000 0.0000000 0.0000000 0.0327338 0.0000000 0.0000000 0.0000000 0.1415876 0.0000000 0.0793233 0.1681416 0.0000000 0.0000000 0.1848427 0.1019885 0.0000000 0.0000000 0.1294931 0.1313458
  7 Q   7 0.0000000 0.0000000 0.0000000 0.0000000 0.0000000 0.5842885 0.0293363 0.0000000 0.0000000 0.0000000 0.0000000 0.0000000 0.0000000 0.0000000 0.0000000 0.0000000 0.0000000 0.0000000 0.0000000 0.2550294 0.1313458
  8 A   8 0.1943394 0.0000000 0.0593356 0.0576226 0.0000000 0.0000000 0.0000000 0.0000000 0.3778052 0.0000000 0.0326251 0.0000000 0.0400522 0.0000000 0.0000000 0.0275508 0.0000000 0.0000000 0.0000000 0.0793233 0.1313458
  9 I   9 0.0000000 0.0000000 0.0000000 0.0000000 0.0000000 0.0000000 0.0000000 0.0000000 0.0000000 0.3388484 0.0000000 0.0000000 0.4929691 0.0000000 0.0000000 0.0000000 0.0000000 0.0000000 0.0000000 0.0793233 0.0888592
 10 D  10 0.0000000 0.0000000 0.0000000 0.7633814 0.0000000 0.0000000 0.0313886 0.0000000 0.0370475 0.0000000 0.0000000 0.0000000 0.0000000 0.0000000 0.0000000 0.0793233 0.0000000 0.0000000 0.0000000 0.0000000 0.0888592
 11 I  11 0.0000000 0.0000000 0.0000000 0.0000000 0.0000000 0.0000000 0.0000000 0.0000000 0.0000000 0.7532908 0.0785267 0.0000000 0.0000000 0.0000000 0.0000000 0.0000000 0.0000000 0.0000000 0.0000000 0.0793233 0.0888592
 12 N  12 0.0400522 0.3245373 0.2795128 0.0000000 0.0000000 0.0553493 0.0793233 0.0000000 0.0000000 0.0000000 0.0000000 0.0593356 0.0000000 0.0000000 0.0000000 0.0000000 0.0730303 0.0000000 0.0000000 0.0000000 0.0888592
 13 E  13 0.0000000 0.0000000 0.0000000 0.0000000 0.0293363 0.1193755 0.6279816 0.0000000 0.0000000 0.0000000 0.0000000 0.0000000 0.0000000 0.0000000 0.0000000 0.0424866 0.0919608 0.0000000 0.0000000 0.0000000 0.0888592
 14 P  14 0.0000000 0.0000000 0.0526042 0.0000000 0.0000000 0.0000000 0.0000000 0.0000000 0.0000000 0.0000000 0.0000000 0.0326251 0.0000000 0.0000000 0.7206657 0.0259225 0.0793233 0.0000000 0.0000000 0.0000000 0.0888592
 15 I  15 0.0000000 0.0000000 0.0000000 0.0000000 0.0000000 0.0000000 0.0000000 0.0000000 0.0000000 0.3061146 0.5722924 0.0000000 0.0000000 0.0000000 0.0000000 0.0000000 0.0000000 0.0000000 0.0000000 0.0327338 0.0888592
 16 G  16 0.0000000 0.0000000 0.0000000 0.0000000 0.0000000 0.0000000 0.0000000 0.2795128 0.0000000 0.0000000 0.0260130 0.0593356 0.0000000 0.0000000 0.0000000 0.3895229 0.0480969 0.0000000 0.1086596 0.0000000 0.0888592
 17 N  17 0.0546007 0.0326251 0.2424653 0.0793233 0.0000000 0.0000000 0.0000000 0.0000000 0.0000000 0.0000000 0.0000000 0.0519354 0.0157079 0.0000000 0.0000000 0.0482678 0.3082705 0.0000000 0.0000000 0.0779447 0.0888592
 18 L  18 0.0000000 0.0000000 0.0000000 0.0000000 0.0000000 0.0000000 0.0000000 0.0000000 0.0000000 0.0000000 0.8318175 0.0000000 0.0000000 0.0000000 0.0000000 0.0000000 0.0000000 0.0000000 0.0000000 0.0793233 0.0888592
 19 K  19 0.0793233 0.2871296 0.0000000 0.0000000 0.0000000 0.0000000 0.0000000 0.0000000 0.0000000 0.0000000 0.0000000 0.5446879 0.0000000 0.0000000 0.0000000 0.0000000 0.0000000 0.0000000 0.0000000 0.0000000 0.0888592
 20 K  20 0.0424866 0.0000000 0.0635627 0.0593356 0.0000000 0.0807846 0.0793233 0.0526042 0.0000000 0.0000000 0.0000000 0.3462648 0.0000000 0.0000000 0.0000000 0.1681698 0.0186091 0.0000000 0.0000000 0.0000000 0.0888592
 21 L  21 0.0000000 0.0000000 0.0000000 0.0000000 0.0000000 0.0000000 0.0000000 0.0000000 0.0000000 0.1048314 0.6742965 0.0000000 0.0726773 0.0000000 0.0000000 0.0000000 0.0000000 0.0000000 0.0000000 0.0593356 0.0888592
 22 L  22 0.0000000 0.0000000 0.0000000 0.0000000 0.0000000 0.0000000 0.0000000 0.0000000 0.0000000 0.0259225 0.7354348 0.0000000 0.0000000 0.0000000 0.0000000 0.0000000 0.0000000 0.0000000 0.0000000 0.1497836 0.0888592
 23 E  23 0.0000000 0.0000000 0.0000000 0.0000000 0.0000000 0.0479454 0.7213209 0.0825388 0.0000000 0.0000000 0.0000000 0.0000000 0.0000000 0.0000000 0.0000000 0.0593356 0.0000000 0.0000000 0.0000000 0.0000000 0.0888592
 24 P  24 0.0000000 0.2222010 0.0000000 0.0327609 0.0000000 0.2121487 0.0613058 0.0000000 0.0424866 0.0000000 0.0000000 0.0293363 0.0000000 0.0000000 0.2795128 0.0313886 0.0000000 0.0000000 0.0000000 0.0000000 0.0888592
 25 R  25 0.0000000 0.7825728 0.0000000 0.0000000 0.0000000 0.0000000 0.0000000 0.0000000 0.0000000 0.0000000 0.0000000 0.1285680 0.0000000 0.0000000 0.0000000 0.0000000 0.0000000 0.0000000 0.0000000 0.0000000 0.0888592
 26 L  26 0.0000000 0.0000000 0.0000000 0.0000000 0.0000000 0.0000000 0.0000000 0.0000000 0.0000000 0.1997906 0.6190439 0.0000000 0.0000000 0.0293363 0.0000000 0.0000000 0.0259225 0.0000000 0.0000000 0.0370475 0.0888592
 27 Q  27 0.0305437 0.0593356 0.0771692 0.0175532 0.0000000 0.3509536 0.0000000 0.3402022 0.0000000 0.0000000 0.0000000 0.0000000 0.0000000 0.0000000 0.0000000 0.0353834 0.0000000 0.0000000 0.0000000 0.0000000 0.0888592
 28 C  28 0.0424866 0.0000000 0.0000000 0.0000000 0.2248949 0.0000000 0.0000000 0.0000000 0.0000000 0.2576408 0.0625936 0.0593356 0.0165683 0.0000000 0.0000000 0.0370475 0.0326251 0.0000000 0.0000000 0.2668075 0.0000000
 29 S  29 0.0327338 0.0000000 0.0000000 0.2752870 0.0950312 0.0000000 0.1004765 0.0000000 0.0000000 0.0000000 0.0000000 0.0400522 0.0000000 0.0000000 0.0248888 0.3903867 0.0000000 0.0000000 0.0000000 0.0411438 0.0000000
 30 L  30 0.0000000 0.0000000 0.0000000 0.0000000 0.0000000 0.0000000 0.0000000 0.0000000 0.0000000 0.0000000 0.9575134 0.0000000 0.0000000 0.0424866 0.0000000 0.0000000 0.0000000 0.0000000 0.0000000 0.0000000 0.0000000
 31 D  31 0.0519354 0.0186091 0.0796262 0.3713766 0.0000000 0.0000000 0.0370475 0.0000000 0.0480969 0.0000000 0.0000000 0.0845862 0.0000000 0.0000000 0.0000000 0.2124456 0.0962764 0.0000000 0.0000000 0.0000000 0.0000000
 32 A  32 0.2175764 0.0000000 0.0876386 0.1807193 0.0000000 0.0000000 0.0693885 0.1930713 0.0950909 0.0000000 0.0000000 0.0593356 0.0000000 0.0000000 0.0000000 0.0000000 0.0000000 0.0000000 0.0971794 0.0000000 0.0000000
 33 H  33 0.0000000 0.0000000 0.0000000 0.0000000 0.1218100 0.0000000 0.0000000 0.0000000 0.4101372 0.0000000 0.0000000 0.0000000 0.0000000 0.0000000 0.0000000 0.0000000 0.0000000 0.0000000 0.4680529 0.0000000 0.0000000
 34 E  34 0.0474968 0.0000000 0.0370475 0.1169582 0.0000000 0.0793233 0.4088449 0.0000000 0.0000000 0.0000000 0.0000000 0.0259225 0.0000000 0.0000000 0.0000000 0.1580405 0.1263663 0.0000000 0.0000000 0.0000000 0.0000000
 35 I  35 0.0000000 0.0000000 0.0000000 0.0000000 0.0000000 0.0000000 0.0888592 0.0000000 0.0000000 0.4213873 0.0000000 0.0000000 0.0000000 0.4897536 0.0000000 0.0000000 0.0000000 0.0000000 0.0000000 0.0000000 0.0000000
 36 C  36 0.0000000 0.0000000 0.0000000 0.0000000 0.2581537 0.0000000 0.0000000 0.0000000 0.0000000 0.0000000 0.0000000 0.0000000 0.0000000 0.0305437 0.0000000 0.0000000 0.0000000 0.4436085 0.2676941 0.0000000 0.0000000
 37 L  37 0.0000000 0.0000000 0.0000000 0.0000000 0.0000000 0.0000000 0.0000000 0.0000000 0.0000000 0.0000000 0.9111408 0.0000000 0.0000000 0.0000000 0.0000000 0.0000000 0.0000000 0.0000000 0.0000000 0.0000000 0.0888592
 38 Q  38 0.0000000 0.0000000 0.0000000 0.0000000 0.0000000 0.9111408 0.0000000 0.0000000 0.0000000 0.0000000 0.0000000 0.0000000 0.0000000 0.0000000 0.0000000 0.0000000 0.0000000 0.0000000 0.0000000 0.0000000 0.0888592
 39 D  39 0.0000000 0.0000000 0.0906433 0.7394656 0.0000000 0.0000000 0.0370475 0.0439845 0.0000000 0.0000000 0.0000000 0.0000000 0.0000000 0.0000000 0.0000000 0.0000000 0.0000000 0.0000000 0.0000000 0.0000000 0.0888592
 40 I  40 0.2091385 0.0000000 0.0000000 0.0888592 0.0000000 0.0000000 0.0000000 0.0000000 0.0000000 0.3588361 0.0000000 0.0000000 0.0000000 0.0593356 0.0000000 0.0000000 0.2413439 0.0000000 0.0000000 0.0424866 0.0000000
 41 Q  41 0.0000000 0.0000000 0.0000000 0.0000000 0.0000000 0.6020889 0.0000000 0.0000000 0.0000000 0.0000000 0.0000000 0.1119484 0.0347457 0.0000000 0.0370475 0.0000000 0.1548338 0.0000000 0.0593356 0.0000000 0.0000000
 42 L  42 0.0000000 0.0000000 0.0000000 0.0000000 0.0000000 0.0000000 0.0000000 0.0000000 0.0000000 0.0327338 0.8834716 0.0000000 0.0000000 0.0000000 0.0000000 0.0000000 0.0000000 0.0000000 0.0000000 0.0000000 0.0837946
 43 D  43 0.0000000 0.0793233 0.0305437 0.1974312 0.0000000 0.0000000 0.3798866 0.0000000 0.0576226 0.0000000 0.0000000 0.0000000 0.0000000 0.0000000 0.0000000 0.0000000 0.1313458 0.0000000 0.0000000 0.0400522 0.0837946
 44 P  44 0.0482678 0.0000000 0.0586381 0.1313458 0.0000000 0.0000000 0.0400522 0.0793233 0.0000000 0.0000000 0.0000000 0.0000000 0.0000000 0.0000000 0.3481375 0.2104408 0.0000000 0.0000000 0.0000000 0.0000000 0.0837946
 45 D  45 0.0000000 0.0000000 0.0000000 0.2737185 0.0000000 0.0000000 0.2524108 0.0370475 0.3224850 0.0000000 0.0000000 0.0000000 0.0000000 0.0000000 0.0000000 0.0305437 0.0000000 0.0000000 0.0000000 0.0000000 0.0837946
 46 R  46 0.0000000 0.1010481 0.0000000 0.0000000 0.0000000 0.0370475 0.0000000 0.0000000 0.0576226 0.0000000 0.0593356 0.4504825 0.0000000 0.0000000 0.0000000 0.0793233 0.1313458 0.0000000 0.0000000 0.0000000 0.0837946
 47 S  47 0.0000000 0.0000000 0.3296422 0.0000000 0.0000000 0.0000000 0.0000000 0.0000000 0.0000000 0.0000000 0.0000000 0.0000000 0.0000000 0.0000000 0.0793233 0.2951060 0.2121338 0.0000000 0.0000000 0.0000000 0.0837946
 48 L  48 0.0000000 0.0000000 0.0000000 0.0000000 0.0000000 0.0000000 0.0000000 0.0000000 0.0000000 0.0000000 0.9162054 0.0000000 0.0000000 0.0000000 0.0000000 0.0000000 0.0000000 0.0000000 0.0000000 0.0000000 0.0837946
 49 F  49 0.0313886 0.0000000 0.0000000 0.0000000 0.0000000 0.0000000 0.0000000 0.0000000 0.0000000 0.0000000 0.0400522 0.0000000 0.0000000 0.2550538 0.0000000 0.1313458 0.0000000 0.0000000 0.0000000 0.4583650 0.0837946
 50 D  50 0.0313886 0.0000000 0.0000000 0.5161217 0.0000000 0.0000000 0.3686950 0.0000000 0.0000000 0.0000000 0.0000000 0.0000000 0.0000000 0.0000000 0.0000000 0.0000000 0.0000000 0.0000000 0.0000000 0.0000000 0.0837946
 51 Q  51 0.0000000 0.0000000 0.0000000 0.0000000 0.0000000 0.8368821 0.0000000 0.0000000 0.0793233 0.0000000 0.0000000 0.0000000 0.0000000 0.0000000 0.0000000 0.0000000 0.0000000 0.0000000 0.0000000 0.0000000 0.0837946
 52 G  52 0.0000000 0.0000000 0.0000000 0.0000000 0.6210994 0.0000000 0.0000000 0.2951060 0.0000000 0.0000000 0.0000000 0.0000000 0.0000000 0.0000000 0.0000000 0.0000000 0.0000000 0.0000000 0.0000000 0.0000000 0.0837946
 53 V  53 0.0000000 0.0000000 0.0000000 0.0000000 0.0000000 0.0000000 0.0000000 0.0000000 0.0000000 0.2521860 0.0000000 0.0000000 0.0000000 0.0000000 0.0000000 0.0000000 0.0000000 0.0000000 0.0000000 0.6640194 0.0837946
 54 K  54 0.0000000 0.0326251 0.0000000 0.0000000 0.0000000 0.3805830 0.1107119 0.0000000 0.0000000 0.0000000 0.0000000 0.3522332 0.0000000 0.0000000 0.0000000 0.0400522 0.0000000 0.0000000 0.0000000 0.0000000 0.0837946
 55 T  55 0.0400522 0.0000000 0.0000000 0.0000000 0.0000000 0.0000000 0.0000000 0.5417761 0.0000000 0.1386589 0.0000000 0.0000000 0.0000000 0.0000000 0.0000000 0.0000000 0.1957182 0.0000000 0.0000000 0.0000000 0.0837946
 56 D  56 0.0000000 0.0000000 0.0000000 0.1957182 0.0000000 0.0574016 0.4918015 0.0000000 0.0593356 0.0000000 0.0000000 0.0000000 0.0000000 0.0000000 0.0000000 0.1119484 0.0000000 0.0000000 0.0000000 0.0000000 0.0837946
 57 G  57 0.0000000 0.0000000 0.0000000 0.0000000 0.0000000 0.0000000 0.0000000 0.8273463 0.0000000 0.0000000 0.0000000 0.0888592 0.0000000 0.0000000 0.0000000 0.0000000 0.0000000 0.0000000 0.0000000 0.0000000 0.0837946
 58 T  58 0.0000000 0.0000000 0.0000000 0.0000000 0.0000000 0.0000000 0.0000000 0.0000000 0.0000000 0.0000000 0.5897108 0.0000000 0.0000000 0.0000000 0.0000000 0.0868864 0.1311199 0.0000000 0.0000000 0.1084883 0.0837946
 59 V  59 0.0000000 0.0000000 0.0000000 0.0000000 0.0000000 0.0000000 0.0000000 0.0000000 0.0000000 0.0000000 0.0000000 0.0000000 0.0000000 0.0000000 0.0000000 0.0000000 0.0000000 0.0000000 0.0000000 0.9162054 0.0837946
 60 Q  60 0.0000000 0.0000000 0.0000000 0.0000000 0.0000000 0.8568698 0.0593356 0.0000000 0.0000000 0.0000000 0.0000000 0.0000000 0.0000000 0.0000000 0.0000000 0.0000000 0.0000000 0.0000000 0.0000000 0.0000000 0.0837946
 61 L  61 0.0000000 0.0000000 0.0000000 0.0000000 0.0000000 0.0000000 0.0000000 0.0000000 0.0000000 0.2816465 0.3343771 0.0000000 0.0000000 0.0400522 0.0000000 0.0000000 0.0000000 0.0000000 0.0000000 0.2601296 0.0837946
 62 S  62 0.0000000 0.0000000 0.5103875 0.0000000 0.0000000 0.0000000 0.0000000 0.0000000 0.0000000 0.0000000 0.0793233 0.0000000 0.0000000 0.0000000 0.0000000 0.3264947 0.0000000 0.0000000 0.0000000 0.0000000 0.0837946
 63 V  63 0.0000000 0.0000000 0.0000000 0.0000000 0.0000000 0.0000000 0.0000000 0.0000000 0.0000000 0.1178832 0.2434029 0.0000000 0.0000000 0.0000000 0.0000000 0.0000000 0.0000000 0.0000000 0.0000000 0.5549193 0.0837946
 64 Q  64 0.0000000 0.0000000 0.0000000 0.0000000 0.0000000 0.6456563 0.2705491 0.0000000 0.0000000 0.0000000 0.0000000 0.0000000 0.0000000 0.0000000 0.0000000 0.0000000 0.0000000 0.0000000 0.0000000 0.0000000 0.0837946
 65 V  65 0.0000000 0.0000000 0.0000000 0.0000000 0.0000000 0.0000000 0.0000000 0.0000000 0.0000000 0.4005607 0.1573588 0.0000000 0.0000000 0.0000000 0.0000000 0.0000000 0.0000000 0.0000000 0.0000000 0.3582859 0.0837946
 66 I  66 0.0000000 0.0498984 0.0000000 0.0000000 0.0000000 0.0593356 0.0000000 0.0000000 0.0000000 0.2043777 0.0000000 0.3648608 0.0000000 0.0000000 0.0000000 0.0000000 0.0000000 0.0000000 0.0000000 0.0619363 0.2595912
 67 S  67 0.0169531 0.0000000 0.0305437 0.0000000 0.0000000 0.0172732 0.0000000 0.0000000 0.0000000 0.0313886 0.0000000 0.0000000 0.0000000 0.0000000 0.0000000 0.4014543 0.1369459 0.0000000 0.0000000 0.0000000 0.3654411
 68 Y  68 0.0793233 0.0000000 0.0770997 0.0000000 0.0000000 0.0275508 0.0000000 0.0000000 0.0000000 0.0293363 0.0000000 0.0881663 0.0000000 0.0000000 0.0172732 0.0919608 0.0483418 0.0000000 0.0734973 0.1313458 0.3361047
 69 Q  69 0.0000000 0.0000000 0.0000000 0.0305437 0.0000000 0.5150942 0.0293363 0.0000000 0.0793233 0.0000000 0.0000000 0.0313886 0.0000000 0.0000000 0.0576226 0.0593356 0.0370475 0.0000000 0.0000000 0.0000000 0.1603081
 70 G  70 0.1053363 0.0000000 0.1313458 0.0313886 0.0000000 0.0000000 0.0000000 0.3794450 0.0000000 0.0000000 0.0000000 0.0000000 0.0000000 0.0000000 0.0944850 0.0000000 0.1911478 0.0000000 0.0000000 0.0000000 0.0668515
 71 M  71 0.0180645 0.0000000 0.0574016 0.0293363 0.0000000 0.0000000 0.0370475 0.0793233 0.0000000 0.3383729 0.0275508 0.0000000 0.0823468 0.0000000 0.0000000 0.0424907 0.0336599 0.0000000 0.0000000 0.0705959 0.1838097
 72 E  72 0.0000000 0.0912071 0.0593356 0.1313458 0.0000000 0.0681443 0.3109014 0.0000000 0.0309098 0.0000000 0.0260130 0.0760881 0.0000000 0.0000000 0.0000000 0.0293363 0.0000000 0.0000000 0.0793233 0.0000000 0.0973952
 73 P  73 0.0000000 0.1746854 0.0000000 0.0000000 0.0000000 0.0177241 0.0576226 0.0000000 0.0000000 0.0000000 0.0000000 0.2180208 0.0000000 0.0000000 0.4006013 0.0000000 0.0000000 0.0000000 0.0000000 0.0000000 0.1313458
 74 K  74 0.0000000 0.5577681 0.0000000 0.0000000 0.0000000 0.0000000 0.0000000 0.0000000 0.0000000 0.0000000 0.0000000 0.4422319 0.0000000 0.0000000 0.0000000 0.0000000 0.0000000 0.0000000 0.0000000 0.0000000 0.0000000
 75 L  75 0.0000000 0.0000000 0.0000000 0.0000000 0.0000000 0.0000000 0.0000000 0.0000000 0.0000000 0.5417761 0.4582239 0.0000000 0.0000000 0.0000000 0.0000000 0.0000000 0.0000000 0.0000000 0.0000000 0.0000000 0.0000000
 76 N  76 0.0000000 0.0000000 0.9406644 0.0000000 0.0000000 0.0000000 0.0000000 0.0000000 0.0000000 0.0593356 0.0000000 0.0000000 0.0000000 0.0000000 0.0000000 0.0000000 0.0000000 0.0000000 0.0000000 0.0000000 0.0000000
 77 I  77 0.0000000 0.0000000 0.0000000 0.0000000 0.0000000 0.0000000 0.0000000 0.0000000 0.0000000 0.9206767 0.0000000 0.0000000 0.0000000 0.0000000 0.0000000 0.0000000 0.0000000 0.0000000 0.0000000 0.0793233 0.0000000
 78 L  78 0.1749271 0.0000000 0.0000000 0.0000000 0.0000000 0.0000000 0.0000000 0.0000000 0.0000000 0.1606821 0.3055258 0.0000000 0.0326251 0.0000000 0.0000000 0.0000000 0.0000000 0.0000000 0.0000000 0.3262398 0.0000000
 79 E  79 0.0000000 0.0000000 0.0000000 0.6611516 0.0000000 0.0000000 0.3388484 0.0000000 0.0000000 0.0000000 0.0000000 0.0000000 0.0000000 0.0000000 0.0000000 0.0000000 0.0000000 0.0000000 0.0000000 0.0000000 0.0000000
 80 I  80 0.0000000 0.0000000 0.0000000 0.0000000 0.0000000 0.0000000 0.0000000 0.0000000 0.0000000 0.4211764 0.0000000 0.0000000 0.0000000 0.0000000 0.0000000 0.0000000 0.0000000 0.0000000 0.0000000 0.5788236 0.0000000
 81 V  81 0.0000000 0.0000000 0.0000000 0.0000000 0.0000000 0.0793233 0.0000000 0.0000000 0.0000000 0.0000000 0.5417761 0.0000000 0.0000000 0.0000000 0.0000000 0.0000000 0.0000000 0.0000000 0.0000000 0.3789006 0.0000000
 82 K  82 0.0000000 0.0000000 0.0000000 0.0000000 0.0000000 0.0000000 0.0000000 0.0000000 0.0000000 0.0793233 0.0000000 0.9206767 0.0000000 0.0000000 0.0000000 0.0000000 0.0000000 0.0000000 0.0000000 0.0000000 0.0000000
 83 T  83 0.0275508 0.0000000 0.0000000 0.0000000 0.0000000 0.0000000 0.0000000 0.0000000 0.0000000 0.0000000 0.0000000 0.0000000 0.0000000 0.0000000 0.8989519 0.0000000 0.0734973 0.0000000 0.0000000 0.0000000 0.0000000
 84 A  84 0.3300547 0.0000000 0.0000000 0.0326251 0.0000000 0.1313458 0.0000000 0.0000000 0.0000000 0.0770997 0.0000000 0.0000000 0.0593356 0.0000000 0.0000000 0.0000000 0.1717566 0.0000000 0.0000000 0.0851734 0.1126091
 85 E  85 0.0000000 0.0000000 0.0000000 0.2249631 0.0000000 0.2277290 0.4012667 0.0000000 0.0000000 0.0000000 0.0000000 0.0000000 0.0000000 0.0000000 0.0000000 0.0000000 0.0000000 0.0000000 0.0000000 0.0000000 0.1460412
 86 T  86 0.0309728 0.0000000 0.0313886 0.3356334 0.0000000 0.0000000 0.1734466 0.0000000 0.0000000 0.0000000 0.0000000 0.0000000 0.0000000 0.0000000 0.0000000 0.0000000 0.2825175 0.0000000 0.0000000 0.0000000 0.1460412
 87 V  87 0.0744484 0.0000000 0.0000000 0.0000000 0.0000000 0.0000000 0.0000000 0.0000000 0.0000000 0.0305437 0.0726773 0.0000000 0.0000000 0.0000000 0.0000000 0.0000000 0.0000000 0.0000000 0.0000000 0.3363407 0.4859899
 88 E  88 0.0000000 0.0000000 0.0000000 0.0000000 0.0000000 0.0000000 0.2825175 0.0000000 0.0000000 0.0000000 0.0000000 0.0593356 0.0000000 0.0000000 0.0000000 0.0000000 0.0000000 0.0000000 0.0000000 0.0000000 0.6581469
 89 W  89 0.0000000 0.0000000 0.0000000 0.0000000 0.0000000 0.0000000 0.0000000 0.0000000 0.0000000 0.0000000 0.0000000 0.0000000 0.0000000 0.0000000 0.0000000 0.0000000 0.0000000 0.0317557 0.0000000 0.0000000 0.9682443
