   56         A         R         N         D         C         Q         E         G         H         I         L         K         M         F         P         S         T         W         Y         V         X    
  1 L   1 0.0000000 0.0000000 0.0000000 0.0000000 0.0000000 0.0000000 0.0000000 0.0000000 0.0000000 0.0131595 0.0644374 0.0000000 0.0000000 0.0000000 0.0000000 0.0000000 0.0000000 0.0000000 0.0000000 0.0132001 0.9092030
  2 A   2 0.0320344 0.0117067 0.0000000 0.0000000 0.0000000 0.0140127 0.0162960 0.0460902 0.0000000 0.0000000 0.0032672 0.0000000 0.0000000 0.0000000 0.0346115 0.0035340 0.0101237 0.0000000 0.0000000 0.0059971 0.8223266
  3 A   3 0.0166857 0.0073384 0.0000000 0.0069222 0.0083152 0.0052403 0.0165654 0.0726466 0.0000000 0.0038835 0.0101758 0.0248879 0.0058255 0.0000000 0.0357107 0.0300291 0.0000000 0.0000000 0.0000000 0.0000000 0.7557736
  4 V   4 0.0614032 0.0190786 0.0059971 0.0029589 0.0494990 0.0025186 0.0042398 0.0077844 0.0019891 0.0199715 0.0076034 0.0164841 0.0000000 0.0000000 0.0146938 0.0063260 0.0218515 0.0000000 0.0063071 0.0483524 0.7029415
  5 S   5 0.0034739 0.0031365 0.0329900 0.0175777 0.0000000 0.0694550 0.0433099 0.0068247 0.0000000 0.0000000 0.0022842 0.0699741 0.0000000 0.0000000 0.0082193 0.0346345 0.0458512 0.0000000 0.0000000 0.0056582 0.6566110
  6 V   6 0.0200392 0.0000000 0.0029500 0.0198062 0.0035872 0.0000000 0.0065194 0.0000000 0.0000000 0.0819660 0.0276121 0.0000000 0.0112414 0.0000000 0.0429725 0.0045186 0.0135669 0.0000000 0.0000000 0.1447824 0.6204380
  7 D   7 0.0039140 0.0027204 0.1048473 0.2289125 0.0000000 0.0091988 0.0428539 0.0000000 0.0000000 0.0000000 0.0000000 0.0000000 0.0026229 0.0000000 0.0000000 0.0076350 0.0000000 0.0000000 0.0138288 0.0036827 0.5797836
  8 C   8 0.0083539 0.0000000 0.0000000 0.0000000 0.4842557 0.0000000 0.0044720 0.0043634 0.0000000 0.0000000 0.0081621 0.0000000 0.0000000 0.0000000 0.0000000 0.0000000 0.0047831 0.0059971 0.0000000 0.0000000 0.4796128
  9 S   9 0.0264460 0.0168146 0.0188957 0.0478088 0.0000000 0.0131473 0.0231529 0.0415310 0.0021286 0.0000000 0.0020004 0.0431612 0.0036681 0.0057039 0.0093190 0.2214643 0.0387564 0.0000000 0.0000000 0.0021627 0.4838390
 10 E  10 0.0178423 0.0322763 0.0313340 0.0457854 0.0100832 0.0473350 0.0670820 0.0349421 0.0314185 0.0247023 0.0038739 0.0431432 0.0123955 0.0080425 0.0226828 0.0223614 0.0057181 0.0049574 0.0117968 0.0095717 0.5126556
 11 Y  11 0.0049140 0.0016233 0.0030806 0.0017441 0.0459146 0.0045488 0.0115196 0.0013459 0.0085686 0.0053294 0.0025656 0.0073160 0.0155586 0.0843712 0.0000000 0.0000000 0.0072367 0.0000000 0.2753232 0.0073991 0.5116409
 12 P  12 0.0271605 0.0878817 0.0055906 0.0205035 0.0229739 0.0181773 0.0113264 0.0210961 0.0101069 0.0029605 0.0054499 0.0939471 0.0017867 0.0000000 0.0996835 0.0986414 0.0114941 0.0000000 0.0000000 0.0016173 0.4596028
 13 K  13 0.0092375 0.0500938 0.0452469 0.0317815 0.0018890 0.0497211 0.0687468 0.0065566 0.0000000 0.0180192 0.0384870 0.1487365 0.0018264 0.0045027 0.0478756 0.0221011 0.0302535 0.0038828 0.0050851 0.0278984 0.3880583
 14 P  14 0.0173531 0.0276067 0.0096038 0.0212860 0.0117514 0.0108501 0.0044384 0.0115730 0.0263759 0.0955061 0.0739497 0.0456979 0.0047041 0.0735505 0.1364977 0.0149592 0.0254083 0.0018558 0.0000000 0.0422803 0.3447519
 15 A  15 0.1458476 0.0098944 0.0055877 0.0154354 0.0117067 0.0076162 0.0135302 0.0436385 0.0051961 0.0726129 0.0226549 0.0246644 0.0334854 0.0604899 0.1081522 0.0229705 0.0442347 0.0000000 0.0136219 0.0952695 0.2433909
 16 C  16 0.0000000 0.0000000 0.0000000 0.0000000 0.9096267 0.0000000 0.0000000 0.0000000 0.0000000 0.0000000 0.0000000 0.0000000 0.0000000 0.0000000 0.0000000 0.0000000 0.0000000 0.0000000 0.0000000 0.0167976 0.0735757
 17 T  17 0.0126600 0.0118210 0.0251292 0.0152441 0.0000000 0.0058477 0.0141664 0.0137624 0.0091391 0.0027062 0.0095745 0.0499004 0.0026010 0.0043308 0.3482337 0.0845847 0.2973000 0.0000000 0.0136423 0.0075457 0.0718109
 18 L  18 0.0445504 0.2569659 0.0202931 0.0563746 0.0000000 0.0452003 0.0400443 0.0354906 0.0213364 0.0310491 0.0704851 0.1083780 0.0543451 0.0121167 0.0379782 0.0402217 0.0349900 0.0012924 0.0091872 0.0104394 0.0692614
 19 E  19 0.0113026 0.0186034 0.0888405 0.1179408 0.0000000 0.0180277 0.2815028 0.0065321 0.0487415 0.0922744 0.0416794 0.0092981 0.0159639 0.0081258 0.0025774 0.0282868 0.0647523 0.0000000 0.0123583 0.0688690 0.0643233
 20 H  20 0.0129635 0.0188873 0.0642748 0.0125399 0.0000000 0.0071285 0.0110426 0.0106700 0.0357188 0.0170919 0.0995054 0.0252388 0.0163979 0.0944537 0.0080555 0.0542011 0.0077197 0.0274108 0.4105809 0.0208167 0.0453022
 21 R  21 0.0812027 0.1013637 0.0993150 0.2056715 0.0018736 0.0505070 0.0711808 0.0017594 0.0221375 0.0139734 0.0454732 0.0960526 0.0364213 0.0098950 0.0066728 0.0775370 0.0258444 0.0024724 0.0057874 0.0197764 0.0250829
 22 P  22 0.0153694 0.0048549 0.0000000 0.0000000 0.0000000 0.0057912 0.0167044 0.0000000 0.0052228 0.0043007 0.0236654 0.0059069 0.0000000 0.0019272 0.8759357 0.0091131 0.0028219 0.0000000 0.0036861 0.0038645 0.0208358
 23 L  23 0.0041832 0.0040191 0.0000000 0.0117067 0.0000000 0.0079957 0.0000000 0.0000000 0.0200545 0.1240524 0.0532235 0.0060221 0.0050182 0.0058261 0.0000000 0.0000000 0.0000000 0.0000000 0.0019429 0.7512293 0.0047263
 24 C  24 0.0000000 0.0388649 0.0000000 0.0000000 0.9423490 0.0000000 0.0000000 0.0000000 0.0000000 0.0000000 0.0089941 0.0000000 0.0000000 0.0000000 0.0000000 0.0042320 0.0000000 0.0000000 0.0055600 0.0000000 0.0000000
 25 G  25 0.0990775 0.0000000 0.0000000 0.0120202 0.0000000 0.0000000 0.0000000 0.8573418 0.0000000 0.0000000 0.0000000 0.0000000 0.0000000 0.0000000 0.0000000 0.0272592 0.0000000 0.0000000 0.0000000 0.0000000 0.0043013
 26 S  26 0.0166737 0.0061597 0.0201543 0.0351068 0.0046816 0.0052411 0.0089565 0.0030580 0.0044074 0.0109074 0.0031305 0.0028581 0.0035910 0.0000000 0.0377185 0.5322669 0.2911638 0.0000000 0.0000000 0.0139249 0.0000000
 27 D  27 0.0048637 0.0000000 0.1679943 0.8058581 0.0000000 0.0000000 0.0000000 0.0000000 0.0000000 0.0000000 0.0035302 0.0000000 0.0000000 0.0000000 0.0000000 0.0076034 0.0055973 0.0000000 0.0045530 0.0000000 0.0000000
 28 N  28 0.0188396 0.0073286 0.0625544 0.0165726 0.0000000 0.0106606 0.0028620 0.7661475 0.0178111 0.0000000 0.0048406 0.0037154 0.0164374 0.0045923 0.0000000 0.0255733 0.0117067 0.0017520 0.0257414 0.0028645 0.0000000
 29 K  29 0.0062405 0.0842229 0.0504398 0.0100568 0.0021962 0.0572112 0.0357304 0.0075864 0.0330698 0.0957194 0.0201537 0.3173614 0.0107084 0.0127518 0.0000000 0.0324544 0.0156724 0.0000000 0.0038580 0.2045663 0.0000000
 30 T  30 0.0000000 0.0033911 0.0121393 0.0071586 0.0000000 0.0032156 0.0049881 0.0000000 0.0000000 0.0149605 0.0234045 0.0000000 0.0025223 0.0120684 0.0000000 0.0607486 0.8377030 0.0000000 0.0036219 0.0140780 0.0000000
 31 Y  31 0.0000000 0.0000000 0.0000000 0.0000000 0.0117067 0.0000000 0.0000000 0.0000000 0.0405102 0.0000000 0.0000000 0.0000000 0.0000000 0.0220566 0.0000000 0.0000000 0.0000000 0.0000000 0.9257265 0.0000000 0.0000000
 32 G  32 0.0903219 0.0277073 0.0840537 0.1063003 0.0117913 0.0416072 0.0483608 0.1737783 0.0061441 0.0077688 0.0271516 0.0151679 0.0028261 0.0181503 0.0680919 0.2355293 0.0223988 0.0000000 0.0066750 0.0061754 0.0000000
 33 N  33 0.0000000 0.0000000 0.8805968 0.0083211 0.0000000 0.0030861 0.0000000 0.0030633 0.0057307 0.0000000 0.0000000 0.0000000 0.0000000 0.0000000 0.0000000 0.0682911 0.0278361 0.0000000 0.0000000 0.0000000 0.0030748
 34 K  34 0.0140460 0.0470588 0.0050049 0.0596001 0.0000000 0.0300205 0.3482740 0.0043343 0.0563843 0.0190748 0.0517121 0.1781153 0.0157186 0.0030054 0.0948099 0.0346960 0.0169596 0.0019159 0.0050627 0.0142068 0.0000000
 35 C  35 0.0062961 0.0000000 0.0000000 0.0000000 0.9717787 0.0000000 0.0000000 0.0052050 0.0000000 0.0000000 0.0000000 0.0000000 0.0000000 0.0000000 0.0000000 0.0105015 0.0000000 0.0000000 0.0000000 0.0062186 0.0000000
 36 N  36 0.0817358 0.0179775 0.0198736 0.0229193 0.0000000 0.0727354 0.1672806 0.0150031 0.0555173 0.0464411 0.1155507 0.0373578 0.0704366 0.0681284 0.0000000 0.0327433 0.0704053 0.0167210 0.0295605 0.0596128 0.0000000
 37 F  37 0.0089579 0.0145073 0.0000000 0.0000000 0.0000000 0.0000000 0.0000000 0.0000000 0.0034934 0.0210588 0.5538853 0.0000000 0.1135612 0.2202567 0.0000000 0.0062186 0.0000000 0.0000000 0.0108888 0.0302924 0.0168795
 38 C  38 0.0163491 0.1469810 0.0325799 0.0230710 0.4009454 0.0555866 0.0860054 0.0183417 0.0641673 0.0095158 0.0076389 0.0799191 0.0042164 0.0019087 0.0000000 0.0111991 0.0121483 0.0000000 0.0023607 0.0019484 0.0251170
 39 N  39 0.1342135 0.1007911 0.1026035 0.0073099 0.0218791 0.0305986 0.0336338 0.0100512 0.0252346 0.0402891 0.0735598 0.1347992 0.0338155 0.0242447 0.0000000 0.0466154 0.0387123 0.0058255 0.0185171 0.0947210 0.0225849
 40 A  40 0.4663672 0.0084327 0.0049044 0.0329502 0.0037566 0.0273340 0.2006388 0.0064486 0.0317697 0.0169293 0.0181011 0.0358374 0.0099405 0.0188644 0.0000000 0.0202759 0.0427427 0.0000000 0.0274296 0.0161833 0.0110935
 41 V  41 0.2398926 0.0525703 0.1301152 0.0144679 0.0017891 0.0805145 0.0152051 0.0187043 0.0038341 0.0602247 0.0304659 0.0522842 0.0132966 0.0106065 0.0000000 0.1382804 0.0229345 0.0117067 0.0098755 0.0736076 0.0196243
 42 V  42 0.0367830 0.0599204 0.0088829 0.0021436 0.5152935 0.0161911 0.0111343 0.0020957 0.0040539 0.0276418 0.1190698 0.0184435 0.0498300 0.0362253 0.0000000 0.0051634 0.0056047 0.0085183 0.0030003 0.0429487 0.0270558
 43 E  43 0.0240243 0.0957949 0.0387236 0.0575417 0.0136856 0.0814321 0.1772516 0.0028862 0.0059574 0.0362218 0.1021560 0.1935807 0.0207547 0.0075816 0.0086224 0.0182008 0.0274409 0.0000000 0.0023440 0.0256840 0.0601157
 44 S  44 0.0332376 0.0761705 0.0834650 0.0269966 0.0028337 0.0865921 0.0340349 0.0185924 0.0291525 0.0062751 0.0347031 0.1102076 0.0078755 0.0147280 0.0000000 0.2022824 0.0969493 0.0020870 0.0124435 0.0069571 0.1144160
 45 N  45 0.0129548 0.1085916 0.1132674 0.0938764 0.0000000 0.1328818 0.0809280 0.2011906 0.0266177 0.0015865 0.0034099 0.1049684 0.0080057 0.0012721 0.0070936 0.0252269 0.0101625 0.0000000 0.0027380 0.0037059 0.0615220
 46 G  46 0.0713008 0.0813158 0.0251877 0.0156976 0.0000000 0.0524238 0.0608913 0.1376609 0.0143390 0.0184720 0.0374115 0.1104413 0.0051757 0.0251571 0.0554316 0.0629102 0.1101052 0.0079299 0.0066953 0.0335177 0.0679357
 47 T  47 0.0457010 0.0839582 0.1304795 0.1054798 0.0029294 0.0515644 0.0992296 0.0282056 0.0311701 0.0079826 0.0085521 0.1257012 0.0066914 0.0038224 0.0300198 0.0720628 0.0851352 0.0034301 0.0029915 0.0122456 0.0626476
 48 L  48 0.0032115 0.0000000 0.0039135 0.0000000 0.0000000 0.0000000 0.0317989 0.0000000 0.0000000 0.4603299 0.2214077 0.0000000 0.0098967 0.0235866 0.0000000 0.0022663 0.0151175 0.0030680 0.0038580 0.1572650 0.0642805
 49 T  49 0.0282686 0.1080145 0.0414407 0.0397914 0.0000000 0.0780940 0.0591251 0.0543114 0.0248282 0.0256544 0.0516974 0.0911992 0.0035640 0.0166770 0.0108627 0.0802405 0.1763837 0.0026534 0.0231250 0.0186189 0.0654498
 50 L  50 0.0208424 0.0062006 0.0098867 0.0034718 0.0000000 0.0171734 0.0051700 0.0000000 0.0000000 0.2258211 0.1350809 0.1240541 0.0272879 0.1030395 0.0064699 0.0021457 0.0052487 0.0014941 0.0102834 0.2319032 0.0644266
 51 S  51 0.1554793 0.0673525 0.0177915 0.0293666 0.0000000 0.0291013 0.0275356 0.0090001 0.0058347 0.0462794 0.1129866 0.1763697 0.0233444 0.0085898 0.0000000 0.0574759 0.0082678 0.0053025 0.0070484 0.1492819 0.0635920
 52 H  52 0.0202834 0.0664258 0.0222346 0.0029573 0.0049783 0.0362964 0.0060543 0.0071916 0.4023533 0.0000000 0.0000000 0.1224905 0.0000000 0.0066223 0.0055163 0.1084275 0.0040851 0.0030672 0.1130184 0.0000000 0.0679975
 53 F  53 0.0186301 0.0671085 0.0478481 0.1687140 0.0000000 0.0632212 0.1399666 0.0059758 0.0207807 0.0046764 0.0514235 0.0767053 0.0152280 0.0525423 0.0219002 0.0626455 0.0197731 0.0304256 0.0467567 0.0146054 0.0710731
 54 G  54 0.0043839 0.0029047 0.0111074 0.0113252 0.0000000 0.0017173 0.0143418 0.8035597 0.0000000 0.0000000 0.0018753 0.0200792 0.0043603 0.0030262 0.0000000 0.0205772 0.0151833 0.0000000 0.0000000 0.0029573 0.0826010
 55 K  55 0.0596390 0.0649421 0.0175773 0.0259791 0.0000000 0.0213141 0.2152392 0.0093512 0.0371067 0.0041975 0.0096174 0.1369040 0.0107895 0.0053728 0.1823458 0.0405872 0.0224525 0.0000000 0.0039410 0.0338771 0.0987666
 56 C  56 0.0000000 0.0000000 0.0000000 0.0000000 0.8830018 0.0000000 0.0000000 0.0000000 0.0000000 0.0000000 0.0000000 0.0000000 0.0000000 0.0000000 0.0000000 0.0000000 0.0000000 0.0000000 0.0000000 0.0000000 0.1169982
