   93         A         R         N         D         C         Q         E         G         H         I         L         K         M         F         P         S         T         W         Y         V    
  1 G   1 0.0910725 0.0000000 0.0000000 0.0000000 0.0000000 0.0000000 0.0000000 0.1556194 0.0000000 0.0000000 0.0000000 0.0000000 0.0000000 0.0000000 0.6275609 0.1257472 0.0000000 0.0000000 0.0000000 0.0000000
  2 S   2 0.0037551 0.0056249 0.0000000 0.0000000 0.0049021 0.0000000 0.0064421 0.0000000 0.0049440 0.0000000 0.0000000 0.0000000 0.0000000 0.0000000 0.0000000 0.5170969 0.4572350 0.0000000 0.0000000 0.0000000
  3 E   3 0.0039731 0.0139793 0.0066127 0.1908946 0.0000000 0.2067192 0.2264637 0.0048701 0.0000000 0.0000000 0.0127790 0.1019466 0.0000000 0.0000000 0.1545336 0.0163765 0.0511083 0.0000000 0.0047174 0.0050260
  4 L   4 0.0364909 0.0000000 0.0017786 0.0034385 0.0000000 0.0025040 0.0050504 0.0000000 0.0000000 0.0211642 0.6572797 0.0000000 0.1239013 0.0049774 0.0000000 0.0329543 0.0699728 0.0000000 0.0000000 0.0404878
  5 E   5 0.0044105 0.0000000 0.0071288 0.0197771 0.0000000 0.0248334 0.7491878 0.0000000 0.0000000 0.0030067 0.1687031 0.0048795 0.0000000 0.0045339 0.0026639 0.0031309 0.0077446 0.0000000 0.0000000 0.0000000
  6 T   6 0.0215428 0.2032749 0.0598981 0.0433199 0.0097204 0.1184083 0.1203154 0.0117115 0.0519010 0.0042931 0.0226738 0.1840137 0.0141514 0.0000000 0.0000000 0.0629463 0.0570695 0.0063784 0.0047458 0.0036357
  7 A   7 0.4043934 0.0072818 0.0628877 0.0485247 0.0732165 0.0049630 0.0654769 0.0334857 0.0180475 0.0000000 0.0155755 0.0019472 0.0033322 0.0076196 0.0000000 0.2148948 0.0202184 0.0000000 0.0022636 0.0158714
  8 M   8 0.0120496 0.0059535 0.0000000 0.0024546 0.0020347 0.0039736 0.0108690 0.0000000 0.0015352 0.4424561 0.1531940 0.0034010 0.2380970 0.0094238 0.0085820 0.0000000 0.0042754 0.0000000 0.0000000 0.1017005
  9 E   9 0.1113932 0.0317935 0.0664640 0.0717243 0.0138273 0.0378891 0.3188002 0.0299971 0.0160041 0.0285253 0.0607731 0.0471035 0.0100166 0.0416188 0.0023274 0.0231532 0.0227875 0.0000000 0.0000000 0.0658018
 10 T  10 0.0762578 0.0062297 0.0550761 0.0441746 0.0381253 0.0195898 0.1200419 0.0637742 0.0297754 0.0092166 0.0479068 0.0417691 0.0171529 0.0062832 0.0075651 0.1186758 0.2507903 0.0000000 0.0047133 0.0428821
 11 L  11 0.0530986 0.0062712 0.0000000 0.0000000 0.0000000 0.0000000 0.0000000 0.0000000 0.0000000 0.2693927 0.3737167 0.0044774 0.1106343 0.0196110 0.0050654 0.0058328 0.0178818 0.0000000 0.0000000 0.1340181
 12 I  12 0.0360042 0.0881379 0.0044216 0.0000000 0.0000000 0.0185072 0.0092253 0.0000000 0.0000000 0.3869775 0.0571094 0.0412059 0.0539757 0.0525218 0.0000000 0.0049332 0.0267997 0.0000000 0.0135844 0.2065963
 13 N  13 0.1063092 0.0698592 0.0740951 0.1301858 0.0158091 0.0170781 0.1739060 0.0174807 0.0224637 0.0021814 0.0651427 0.0983568 0.0126290 0.0515697 0.0000000 0.0590128 0.0645162 0.0000000 0.0085293 0.0108751
 14 V  14 0.1547503 0.0045969 0.0194792 0.0000000 0.0405867 0.0224818 0.0101486 0.0015942 0.0011778 0.1457617 0.0537087 0.0054658 0.0161079 0.0020405 0.0000000 0.0066407 0.2049728 0.0000000 0.0029030 0.3075834
 15 F  15 0.0000000 0.0000000 0.0000000 0.0000000 0.0035102 0.0000000 0.0000000 0.0000000 0.0000000 0.0060982 0.0059558 0.0000000 0.0000000 0.9155487 0.0000000 0.0000000 0.0000000 0.0049402 0.0601663 0.0037806
 16 H  16 0.0086250 0.0747376 0.0596020 0.0460939 0.0020314 0.1933889 0.0297173 0.0167699 0.3797365 0.0035424 0.0217890 0.0757339 0.0072929 0.0163453 0.0050076 0.0062077 0.0023887 0.0000000 0.0432330 0.0077572
 17 A  17 0.0187288 0.1211193 0.0607057 0.0046869 0.0134533 0.1615863 0.0808048 0.0038881 0.0273489 0.0146143 0.0249899 0.3446983 0.0383078 0.0000000 0.0000000 0.0289195 0.0246575 0.0025119 0.0000000 0.0289787
 18 H  18 0.0192132 0.0000000 0.0046260 0.0151864 0.0072765 0.0000000 0.0000000 0.0046559 0.0581285 0.0113322 0.0027190 0.0048515 0.0000000 0.1869239 0.0000000 0.0354935 0.0000000 0.0000000 0.6495934 0.0000000
 19 S  19 0.4510762 0.0055502 0.0143165 0.0599748 0.0131070 0.0000000 0.0070567 0.0000000 0.0000000 0.0175678 0.0000000 0.0000000 0.0035603 0.0485295 0.0000000 0.3260011 0.0420914 0.0000000 0.0000000 0.0111686
 20 G  20 0.0562859 0.0867028 0.0085565 0.2773741 0.0089211 0.0185889 0.0195021 0.2298540 0.0015389 0.0230693 0.0307372 0.0614372 0.0033468 0.0012581 0.0059562 0.0749256 0.0417555 0.0000000 0.0000000 0.0501898
 21 K  21 0.0242881 0.1607088 0.0292140 0.0818519 0.0065446 0.0686471 0.0569255 0.0384171 0.0184424 0.0109757 0.0310861 0.3251552 0.0041096 0.0026143 0.0253064 0.0391203 0.0564736 0.0000000 0.0048491 0.0152703
 22 E  22 0.0232996 0.0177325 0.0588104 0.4504362 0.0129390 0.0211640 0.2416272 0.0184577 0.0163580 0.0049728 0.0122578 0.0693601 0.0027947 0.0000000 0.0028844 0.0171712 0.0074462 0.0000000 0.0056568 0.0166316
 23 G  23 0.0051577 0.0101697 0.0113366 0.0909935 0.0181273 0.0014335 0.0344155 0.7478698 0.0000000 0.0000000 0.0000000 0.0292357 0.0000000 0.0000000 0.0084973 0.0370861 0.0000000 0.0000000 0.0000000 0.0056774
 24 D  24 0.0045831 0.0293770 0.2562808 0.3670265 0.0080306 0.0118703 0.0552375 0.0235092 0.0637029 0.0000000 0.0000000 0.0394563 0.0000000 0.0000000 0.0037287 0.0979765 0.0110422 0.0000000 0.0081786 0.0199996
 25 K  25 0.0203756 0.0420624 0.0731208 0.0248955 0.0872359 0.0092704 0.0063519 0.1227337 0.0125114 0.0000000 0.0111606 0.2736988 0.0112955 0.0155439 0.0639244 0.1410850 0.0354047 0.0045644 0.0265902 0.0181750
 26 Y  26 0.0498908 0.0207909 0.0585502 0.1563850 0.0447815 0.0083981 0.0571566 0.2750826 0.0483942 0.0000000 0.0246102 0.0320893 0.0028687 0.0745621 0.0134333 0.0379097 0.0328596 0.0082697 0.0486605 0.0053069
 27 K  27 0.0611375 0.0321156 0.0107194 0.0000000 0.0000000 0.0525811 0.0038506 0.0075245 0.0083597 0.0019419 0.0248552 0.2023248 0.0219206 0.0064145 0.0000000 0.0843753 0.3013723 0.0000000 0.1473024 0.0332046
 28 L  28 0.0000000 0.0052411 0.0000000 0.0000000 0.0000000 0.0000000 0.0000000 0.0045388 0.0049461 0.3107769 0.5872505 0.0000000 0.0475544 0.0044522 0.0000000 0.0052164 0.0000000 0.0000000 0.0000000 0.0300236
 29 S  29 0.0034502 0.0041497 0.1006265 0.0762151 0.0335929 0.0110161 0.0240595 0.0195492 0.0000000 0.0029775 0.0000000 0.0276733 0.0168278 0.0036497 0.0052274 0.4509420 0.1959683 0.0000000 0.0223463 0.0017286
 30 K  30 0.0568134 0.1543999 0.0265208 0.0091861 0.0066246 0.0475187 0.0090207 0.0187637 0.0114314 0.0132544 0.0325914 0.4859212 0.0023436 0.0128415 0.0262207 0.0171724 0.0271055 0.0000000 0.0128574 0.0294124
 31 K  31 0.1310778 0.0536789 0.0315810 0.1205052 0.0047178 0.0555130 0.1460890 0.1276049 0.0067412 0.0008942 0.0026923 0.1462022 0.0009171 0.0010455 0.0163891 0.0666631 0.0669658 0.0025413 0.0073975 0.0107829
 32 E  32 0.0125221 0.0064582 0.0097053 0.0959925 0.0000000 0.0147918 0.7962302 0.0149716 0.0013828 0.0019904 0.0000000 0.0153000 0.0000000 0.0000000 0.0000000 0.0146642 0.0131634 0.0000000 0.0000000 0.0028273
 33 L  33 0.0254948 0.0000000 0.0000000 0.0000000 0.0000000 0.0000000 0.0000000 0.0000000 0.0000000 0.0160696 0.6887707 0.0000000 0.0506775 0.1771054 0.0086636 0.0065184 0.0062578 0.0000000 0.0024355 0.0180067
 34 K  34 0.0390722 0.1742643 0.0031478 0.0014282 0.0054334 0.0806024 0.0351528 0.0227926 0.0119586 0.0038059 0.0805057 0.4788559 0.0024279 0.0163234 0.0034231 0.0183440 0.0105367 0.0000000 0.0057088 0.0062165
 35 E  35 0.0558145 0.0657650 0.0709878 0.0750714 0.0000000 0.1456256 0.2202480 0.0159040 0.0364448 0.0108570 0.0188345 0.1062211 0.0113167 0.0000000 0.0028004 0.0764015 0.0537999 0.0000000 0.0000000 0.0339079
 36 L  36 0.0766828 0.0000000 0.0000000 0.0000000 0.0020267 0.0000000 0.0000000 0.0101067 0.0000000 0.0179298 0.6335829 0.0000000 0.0814424 0.0693629 0.0000000 0.0045689 0.0115872 0.0000000 0.0015535 0.0911562
 37 L  37 0.0243897 0.0000000 0.0000000 0.0000000 0.0000000 0.0000000 0.0000000 0.0000000 0.0000000 0.0971320 0.5130198 0.0033249 0.2254123 0.0205118 0.0033761 0.0041794 0.0071730 0.0000000 0.0000000 0.1014809
 38 Q  38 0.0196304 0.0900320 0.1017708 0.0102437 0.0024081 0.1484711 0.2188349 0.0316835 0.0177252 0.0020834 0.0483481 0.1307151 0.0211678 0.0010362 0.0000000 0.0256237 0.1168152 0.0000000 0.0019838 0.0114272
 39 T  39 0.0718684 0.0743991 0.0709498 0.0575489 0.0033345 0.0523944 0.0666559 0.0326217 0.0136759 0.0083145 0.0109271 0.2683344 0.0107011 0.0013758 0.0067259 0.0929555 0.1471422 0.0000000 0.0019276 0.0081475
 40 E  40 0.0027576 0.0069750 0.0559249 0.0331905 0.0080236 0.1213202 0.6496012 0.0056625 0.0034513 0.0036298 0.0386806 0.0122767 0.0239009 0.0000000 0.0000000 0.0230177 0.0115874 0.0000000 0.0000000 0.0000000
 41 L  41 0.0236393 0.0030299 0.0000000 0.0056941 0.0289986 0.0017291 0.0000000 0.0103995 0.0074954 0.0286846 0.4636862 0.0000000 0.0352099 0.3070361 0.0197766 0.0082619 0.0027634 0.0000000 0.0134847 0.0401108
 42 S  42 0.1553800 0.0475568 0.0173138 0.0100526 0.0143288 0.0146304 0.0344642 0.1753031 0.0174958 0.0142098 0.0101935 0.0167291 0.0051862 0.0000000 0.3648214 0.0590918 0.0344746 0.0000000 0.0025973 0.0061708
 43 G  43 0.0811456 0.0273757 0.1693136 0.1452272 0.0057463 0.0512302 0.0688979 0.0732042 0.0657934 0.0082251 0.0363109 0.0312727 0.0013486 0.0000000 0.0364202 0.1037977 0.0659352 0.0046343 0.0000000 0.0241212
 44 F  44 0.0253689 0.0000000 0.0215072 0.0055662 0.0188019 0.0171873 0.0047179 0.0141238 0.0000000 0.1215475 0.1419420 0.0103062 0.0311650 0.3742514 0.0278628 0.0114958 0.0261105 0.0329023 0.0445495 0.0705937
 45 L  45 0.0184046 0.0081451 0.0026986 0.0022603 0.0071442 0.0028530 0.0117384 0.0366166 0.0081349 0.0797615 0.5090083 0.0073564 0.0703462 0.0212909 0.0130065 0.0285063 0.0990653 0.0000000 0.0000000 0.0736628
 46 D  46 0.0101373 0.0415432 0.0081326 0.0349190 0.0293896 0.0981869 0.0982412 0.1831708 0.0035724 0.0046146 0.0042552 0.2851237 0.0051921 0.0079396 0.0620479 0.0412212 0.0313839 0.0033057 0.0208000 0.0268232
 47 A  47 0.0190988 0.0538762 0.2005155 0.1016951 0.0177756 0.0208300 0.1144063 0.1147106 0.0383962 0.0025163 0.0148112 0.1205881 0.0264520 0.0000000 0.0181421 0.0549386 0.0527018 0.0000000 0.0126429 0.0159026
 48 Q  48 0.0529838 0.0681472 0.0278698 0.0177417 0.0156061 0.1954861 0.0633889 0.0367782 0.0185237 0.0270864 0.0196849 0.1225321 0.0400635 0.0000000 0.1684984 0.0314535 0.0519953 0.0056613 0.0074766 0.0290225
 49 K  49 0.0140073 0.0354200 0.0748527 0.0513217 0.0021341 0.0499483 0.0438953 0.0590938 0.0599139 0.0212575 0.1154294 0.2847017 0.0246999 0.0183329 0.0169599 0.0384864 0.0384943 0.0030204 0.0082486 0.0397817
 50 D  50 0.0117907 0.0260425 0.1068210 0.5061982 0.0067715 0.0143617 0.0611928 0.0406095 0.0052621 0.0014273 0.0237850 0.0164887 0.0024866 0.0000000 0.0078148 0.0614089 0.0826544 0.0000000 0.0000000 0.0248844
 51 V  51 0.0365185 0.0344745 0.0153637 0.1033634 0.0019346 0.0617593 0.1676404 0.0139062 0.0134218 0.0186966 0.0164681 0.0944378 0.0073867 0.0065135 0.3219313 0.0350338 0.0176021 0.0000000 0.0068412 0.0267064
 52 D  52 0.1427591 0.0258514 0.0507084 0.1105921 0.0281072 0.0569061 0.1772403 0.0840870 0.0287692 0.0063948 0.0438187 0.0625575 0.0142063 0.0021174 0.0356318 0.0692739 0.0148294 0.0000000 0.0232366 0.0229128
 53 A  53 0.1719423 0.0077524 0.0041885 0.0600176 0.0009193 0.0179235 0.1170111 0.0478421 0.0010662 0.0498864 0.0365765 0.0667044 0.0089103 0.0167101 0.0040702 0.0464278 0.1900403 0.0047273 0.0595203 0.0877635
 54 V  54 0.0621339 0.0044005 0.0101881 0.0000000 0.0116721 0.0000000 0.0000000 0.0017906 0.0000000 0.1835426 0.2527038 0.0000000 0.0208115 0.0206465 0.0000000 0.0057467 0.0000000 0.0175997 0.0434265 0.3653375
 55 D  55 0.0413862 0.0353930 0.0582503 0.4553274 0.0131414 0.0493210 0.1505369 0.0223492 0.0088131 0.0000000 0.0020905 0.1043509 0.0000000 0.0000000 0.0044617 0.0244363 0.0241259 0.0000000 0.0027077 0.0033085
 56 K  56 0.0209246 0.0713684 0.0658083 0.0841957 0.0082219 0.0561063 0.2645652 0.0057192 0.0283467 0.0264848 0.0194167 0.2275151 0.0024869 0.0000000 0.0000000 0.0404427 0.0329243 0.0013098 0.0026626 0.0415009
 57 V  57 0.0162025 0.0000000 0.0195952 0.0019789 0.0000000 0.0037062 0.0049668 0.0027845 0.0034416 0.3064034 0.2042756 0.0265059 0.1724558 0.0553411 0.0011092 0.0050007 0.0384886 0.0192061 0.0046193 0.1139187
 58 M  58 0.0047153 0.0049906 0.0000000 0.0000000 0.0000000 0.0040826 0.0000000 0.0035041 0.0000000 0.1799174 0.2167565 0.0016319 0.3616826 0.1937292 0.0000000 0.0049069 0.0000000 0.0036136 0.0045612 0.0159083
 59 K  59 0.0225225 0.1296635 0.0778824 0.0585323 0.0093495 0.1225756 0.1313694 0.0215024 0.0230579 0.0106756 0.0019430 0.2664011 0.0139516 0.0015203 0.0023259 0.0827552 0.0190001 0.0000000 0.0030238 0.0019479
 60 E  60 0.0569147 0.0218679 0.0556997 0.1975620 0.0054678 0.0526364 0.2251475 0.0214583 0.0172944 0.0140761 0.0990021 0.0965143 0.0183876 0.0113104 0.0000000 0.0631288 0.0159400 0.0017561 0.0000000 0.0258361
 61 L  61 0.1095762 0.0000000 0.0035730 0.0000000 0.0093487 0.0122185 0.0000000 0.0063572 0.0000000 0.0255915 0.5838456 0.0245682 0.0542096 0.0230283 0.0000000 0.0000000 0.0077574 0.0000000 0.0043120 0.1356137
 62 D  62 0.0033797 0.0000000 0.0150684 0.9240013 0.0045612 0.0000000 0.0123433 0.0272395 0.0021503 0.0017285 0.0000000 0.0000000 0.0039668 0.0000000 0.0000000 0.0019474 0.0036136 0.0000000 0.0000000 0.0000000
 63 E  63 0.0931217 0.0896444 0.0131910 0.0221950 0.0015030 0.0694472 0.1022443 0.0127320 0.0128412 0.0688218 0.0882254 0.1433619 0.0198251 0.0092362 0.0000000 0.0523320 0.1288398 0.0036581 0.0030289 0.0657510
 64 N  64 0.0000000 0.0058367 0.5045913 0.3924175 0.0245761 0.0140491 0.0048588 0.0028095 0.0152051 0.0000000 0.0000000 0.0098825 0.0000000 0.0000000 0.0029646 0.0122200 0.0039296 0.0000000 0.0030882 0.0035708
 65 G  65 0.0165563 0.0861788 0.0943139 0.0176888 0.0239827 0.0728441 0.0239234 0.2482837 0.0886107 0.0000000 0.0071300 0.1628356 0.0053334 0.0055848 0.0127641 0.1007254 0.0302377 0.0000000 0.0000000 0.0030064
 66 D  66 0.0021571 0.0000000 0.1032127 0.7844048 0.0000000 0.0000000 0.0287732 0.0214167 0.0079143 0.0000000 0.0000000 0.0021048 0.0000000 0.0000000 0.0000000 0.0265226 0.0189169 0.0000000 0.0045767 0.0000000
 67 G  67 0.0253027 0.0296768 0.0765002 0.0296250 0.0152533 0.0549199 0.0221667 0.5919508 0.0040279 0.0000000 0.0025884 0.0825040 0.0000000 0.0000000 0.0000000 0.0571512 0.0000000 0.0047044 0.0036288 0.0000000
 68 E  68 0.0349296 0.1032706 0.0119785 0.0038880 0.0127003 0.1873168 0.1994566 0.0084972 0.0269558 0.0056449 0.0315232 0.2092663 0.0000000 0.0104026 0.0000000 0.0228984 0.0796927 0.0000000 0.0175952 0.0339833
 69 V  69 0.0000000 0.0000000 0.0000000 0.0000000 0.0090378 0.0000000 0.0035538 0.0000000 0.0000000 0.3663885 0.1950477 0.0000000 0.0074402 0.0019916 0.0028668 0.0000000 0.0022877 0.0000000 0.0000000 0.4113858
 70 D  70 0.0000000 0.0082999 0.1623916 0.4892838 0.0191606 0.0037164 0.0386326 0.0271853 0.0000000 0.0014351 0.0000000 0.0139226 0.0000000 0.0000000 0.0000000 0.1832745 0.0472741 0.0000000 0.0022546 0.0031688
 71 F  71 0.0000000 0.0000000 0.0000000 0.0000000 0.0000000 0.0060671 0.0045684 0.0000000 0.0000000 0.0030580 0.0123778 0.0041808 0.0000000 0.8763838 0.0000000 0.0031212 0.0000000 0.0000000 0.0902428 0.0000000
 72 Q  72 0.0219180 0.0336194 0.0727123 0.1191461 0.0040155 0.2076099 0.2595157 0.0291581 0.0354141 0.0023951 0.0124374 0.0675197 0.0015007 0.0000000 0.0092931 0.0563189 0.0534664 0.0000000 0.0037005 0.0102590
 73 E  73 0.0000000 0.0000000 0.0136829 0.0384239 0.0000000 0.0142062 0.8808690 0.0023282 0.0059666 0.0000000 0.0000000 0.0036712 0.0049858 0.0000000 0.0000000 0.0358663 0.0000000 0.0000000 0.0000000 0.0000000
 74 Y  74 0.0000000 0.0000000 0.0000000 0.0000000 0.0122592 0.0000000 0.0000000 0.0000000 0.0000000 0.0000000 0.0097835 0.0000000 0.0000000 0.7985725 0.0000000 0.0024257 0.0000000 0.0041359 0.1673181 0.0055050
 75 V  75 0.0308986 0.0021821 0.0000000 0.0000000 0.0475214 0.0080803 0.0089815 0.0000000 0.0025350 0.0656350 0.2797547 0.0070091 0.0939807 0.0381323 0.0049927 0.0293364 0.0185084 0.0608449 0.0045080 0.2970987
 76 V  76 0.0799229 0.0675589 0.0763373 0.0248908 0.0176533 0.0382999 0.0339622 0.0132765 0.0097489 0.0684662 0.1392122 0.0335403 0.0405815 0.0059878 0.0141417 0.1123022 0.0911784 0.0000000 0.0251742 0.1077646
 77 L  77 0.0412063 0.0000000 0.0051039 0.0000000 0.0079430 0.0118210 0.0000000 0.0049554 0.0035035 0.0356697 0.4455263 0.0000000 0.2420663 0.1133367 0.0000000 0.0136817 0.0043441 0.0000000 0.0106128 0.0602292
 78 V  78 0.0073061 0.0000000 0.0000000 0.0000000 0.0000000 0.0000000 0.0000000 0.0022982 0.0000000 0.2458290 0.1981561 0.0000000 0.1813783 0.0151468 0.0000000 0.0000000 0.0227179 0.0000000 0.0194979 0.3076696
 79 A  79 0.2400747 0.0136820 0.0090210 0.0163302 0.0209234 0.0451118 0.0085547 0.2423269 0.0016830 0.0238910 0.0458944 0.0201834 0.0054794 0.1579619 0.0000000 0.0516041 0.0502064 0.0000000 0.0000000 0.0470718
 80 A  80 0.0625975 0.1193883 0.0329928 0.0436878 0.0429933 0.0391506 0.0481123 0.1700045 0.0015789 0.0047885 0.0174028 0.2351740 0.0189923 0.0050659 0.0020486 0.0891191 0.0301379 0.0052208 0.0156589 0.0158852
 81 L  81 0.0150812 0.0023406 0.0000000 0.0028378 0.0033612 0.0085275 0.0025169 0.0018159 0.0000000 0.1485409 0.5552041 0.0000000 0.0406209 0.0106809 0.0020894 0.0142582 0.0091243 0.0000000 0.0000000 0.1830003
 82 T  82 0.4140408 0.0000000 0.0000000 0.0025750 0.0449310 0.0000000 0.0000000 0.0238008 0.0000000 0.0215272 0.0831000 0.0000000 0.0357964 0.0096284 0.0000000 0.0477669 0.2591275 0.0000000 0.0000000 0.0577060
 83 V  83 0.0128957 0.0265497 0.0737513 0.0142783 0.0230529 0.1262600 0.0064966 0.0000000 0.0044714 0.1560013 0.0619879 0.0950973 0.1046754 0.0081868 0.0058622 0.0249960 0.0779860 0.0043724 0.0054254 0.1676532
 84 A  84 0.4710116 0.0056093 0.0000000 0.0846299 0.0360485 0.0099491 0.0210843 0.0276062 0.0089021 0.0414008 0.0650728 0.0082019 0.0734133 0.0079229 0.0000000 0.0181262 0.0409859 0.0150692 0.0226283 0.0423378
 85 C  85 0.0649495 0.0062037 0.0000000 0.0104817 0.5647753 0.0098951 0.0000000 0.0162030 0.0124311 0.0000000 0.0177187 0.0025231 0.0051240 0.0206031 0.0000000 0.0922204 0.0206970 0.0076481 0.1345534 0.0139727
 86 N  86 0.0068488 0.0000000 0.2618297 0.0623948 0.0000000 0.0077989 0.0287283 0.0000000 0.4207623 0.0000000 0.0000000 0.0087284 0.0028861 0.0370285 0.0000000 0.0109348 0.0000000 0.0000000 0.1520594 0.0000000
 87 N  87 0.0252635 0.0177586 0.0499831 0.1875639 0.0125752 0.0279060 0.3190563 0.0099104 0.0391149 0.0109256 0.0275592 0.1960790 0.0000000 0.0000000 0.0000000 0.0331782 0.0037471 0.0000000 0.0350016 0.0043775
 88 F  88 0.0837979 0.0165548 0.0228332 0.0329273 0.0271726 0.0609637 0.0323207 0.0000000 0.0368714 0.0524279 0.0307939 0.0810384 0.0033030 0.1708272 0.0000000 0.1090471 0.0426345 0.0000000 0.1652547 0.0312316
 89 F  89 0.0000000 0.0000000 0.0040137 0.0000000 0.0049959 0.0000000 0.0000000 0.0000000 0.0000000 0.0786781 0.1982551 0.0045513 0.0932205 0.4107836 0.0000000 0.0939887 0.0307652 0.0109502 0.0618627 0.0079350
 90 W  90 0.0032378 0.0330888 0.0090944 0.0083708 0.0097029 0.0913492 0.0721979 0.0349189 0.2846579 0.0092694 0.0974359 0.0801417 0.0088766 0.0000000 0.0000000 0.0804589 0.0195437 0.0064781 0.0083450 0.1428320
 91 E  91 0.0056956 0.1103841 0.0144367 0.0744632 0.0000000 0.1131949 0.2011991 0.0634555 0.0204144 0.0000000 0.0098202 0.3269944 0.0052258 0.0000000 0.0061559 0.0104718 0.0000000 0.0000000 0.0000000 0.0380885
 92 N  92 0.0772512 0.0050835 0.0786952 0.0752659 0.0395416 0.1515471 0.2122750 0.0179812 0.1180310 0.0000000 0.0000000 0.0193549 0.0000000 0.0000000 0.0000000 0.1473443 0.0415019 0.0000000 0.0161273 0.0000000
 93 S  93 0.1213148 0.0000000 0.1833265 0.0000000 0.0000000 0.0000000 0.0000000 0.0000000 0.0000000 0.0000000 0.0000000 0.0000000 0.0000000 0.0000000 0.3432157 0.2707601 0.0813829 0.0000000 0.0000000 0.0000000
