  207         A         R         N         D         C         Q         E         G         H         I         L         K         M         F         P         S         T         W         Y         V    
  1 M   1 0.0000000 0.0000000 0.0000000 0.0000000 0.0000000 0.0000000 0.0000000 0.0000000 0.0000000 0.1210025 0.0820667 0.0000000 0.5222075 0.0000000 0.0000000 0.0000000 0.0000000 0.0000000 0.0000000 0.2747232
  2 G   2 0.0000000 0.0000000 0.0000000 0.0000000 0.0000000 0.0000000 0.0000000 0.9960000 0.0000000 0.0000000 0.0000000 0.0000000 0.0000000 0.0000000 0.0000000 0.0040000 0.0000000 0.0000000 0.0000000 0.0000000
  3 S   3 0.0000000 0.0044323 0.0048471 0.0000000 0.0000000 0.0000000 0.0000000 0.0067884 0.0045538 0.0058409 0.9511154 0.0000000 0.0018834 0.0000000 0.0000000 0.0145733 0.0000000 0.0000000 0.0047004 0.0012651
  4 S   4 0.0000000 0.0000000 0.0000000 0.0045590 0.0000000 0.0089451 0.0000000 0.9555036 0.0000000 0.0000000 0.0000000 0.0000000 0.0000000 0.0000000 0.0048250 0.0145069 0.0116603 0.0000000 0.0000000 0.0000000
  5 H   5 0.0011366 0.0092468 0.0000000 0.0000000 0.0000000 0.0047334 0.0048296 0.0067639 0.0143992 0.0000000 0.8381457 0.0000000 0.1182692 0.0000000 0.0000000 0.0000000 0.0024756 0.0000000 0.0000000 0.0000000
  6 H   6 0.4865398 0.0059057 0.0047832 0.0000000 0.0047399 0.0064283 0.0046834 0.0076284 0.0201220 0.0030959 0.0078626 0.0014370 0.0014108 0.0010930 0.0427041 0.2705664 0.0948013 0.0000000 0.0000000 0.0361983
  7 H   7 0.0015681 0.0000000 0.0000000 0.0000000 0.0000000 0.0047115 0.0092041 0.0067327 0.0054204 0.9244348 0.0252328 0.0000000 0.0000000 0.0043219 0.0089124 0.0048074 0.0000000 0.0000000 0.0000000 0.0046540
  8 H   8 0.0770412 0.0000000 0.0071092 0.0000000 0.2358685 0.0000000 0.0000000 0.0012657 0.0054137 0.0068814 0.0112612 0.0000000 0.0000000 0.0000000 0.0000000 0.3510427 0.1691028 0.0000000 0.0000000 0.1350135
  9 H   9 0.0150970 0.2372101 0.0109440 0.0015921 0.0000000 0.0703458 0.0140521 0.0008430 0.0262528 0.0066846 0.0038091 0.5174770 0.0046708 0.0046561 0.0000000 0.0505662 0.0143581 0.0000000 0.0135329 0.0079082
 10 H  10 0.0176091 0.3284167 0.1325421 0.0181426 0.0000000 0.1558835 0.0405209 0.0251850 0.0481250 0.0081909 0.0035164 0.1223165 0.0023305 0.0000000 0.0000000 0.0730211 0.0217249 0.0000000 0.0016569 0.0008179
 11 S  11 0.0012335 0.0000000 0.0000000 0.0000000 0.0000000 0.0000000 0.0045367 0.0024365 0.0000000 0.1660952 0.7419262 0.0000000 0.0114864 0.0317933 0.0000000 0.0153586 0.0033238 0.0000000 0.0140002 0.0078095
 12 S  12 0.2003633 0.0027273 0.0000000 0.0000000 0.0320650 0.0040263 0.0000000 0.0000000 0.0000000 0.0712029 0.0192432 0.0000000 0.0045564 0.0000000 0.0000000 0.0474413 0.0473278 0.0000000 0.0000000 0.5710465
 13 G  13 0.0265092 0.0649431 0.0227913 0.1065915 0.0000000 0.0760139 0.4938145 0.0500784 0.0203504 0.0040174 0.0092312 0.0333946 0.0018748 0.0019453 0.0000000 0.0412343 0.0369561 0.0000000 0.0000000 0.0102539
 14 L  14 0.0391740 0.0276719 0.0000000 0.0046812 0.0030293 0.0221563 0.0032207 0.0091589 0.0079586 0.0253115 0.5978107 0.0217508 0.2157968 0.0030517 0.0000000 0.0047320 0.0027482 0.0039026 0.0022664 0.0055783
 15 V  15 0.0047100 0.0000000 0.0000000 0.0000000 0.0000000 0.0123307 0.0000000 0.0000000 0.0055123 0.0055390 0.0593006 0.0013538 0.8925038 0.0051341 0.0045631 0.0016671 0.0011264 0.0000000 0.0000000 0.0062591
 16 P  16 0.0057458 0.0096876 0.0769646 0.0704836 0.0000000 0.0139569 0.0326228 0.7236018 0.0244867 0.0048968 0.0000000 0.0117345 0.0000000 0.0000000 0.0114614 0.0131013 0.0012562 0.0000000 0.0000000 0.0000000
 17 R  17 0.0053772 0.0065856 0.0000000 0.0047645 0.0000000 0.0000000 0.0000000 0.9531236 0.0000000 0.0047142 0.0000000 0.0000000 0.0000000 0.0000000 0.0000000 0.0162743 0.0000000 0.0000000 0.0000000 0.0091606
 18 G  18 0.0388407 0.1142308 0.0398074 0.1353127 0.0023039 0.0566693 0.2446079 0.0279348 0.0314198 0.0038639 0.0043284 0.0967267 0.0000000 0.0000000 0.0000000 0.0797574 0.0990782 0.0000000 0.0038470 0.0212711
 19 S  19 0.0441285 0.0000000 0.0130033 0.0000000 0.0000000 0.0000000 0.0000000 0.0014810 0.0000000 0.5784632 0.1338851 0.0052586 0.0438935 0.0000000 0.0000000 0.0085126 0.0189083 0.0000000 0.0026503 0.1498156
 20 H  20 0.0094842 0.0617835 0.0182126 0.0157122 0.0017527 0.0246784 0.0377211 0.3594803 0.0597265 0.0060808 0.0121186 0.0419835 0.0170494 0.0027012 0.0000000 0.0714124 0.0802659 0.1645282 0.0137199 0.0015886
 21 M  21 0.0752793 0.0079862 0.0000000 0.0000000 0.0155995 0.0271636 0.0046398 0.0052698 0.0026328 0.0666834 0.1585781 0.0021531 0.0330734 0.0634668 0.0041989 0.0000000 0.0000000 0.0081487 0.0270387 0.4980880
 22 A  22 0.0701339 0.0488955 0.0364969 0.1301024 0.0035673 0.0326747 0.2908900 0.0728461 0.0261833 0.0206470 0.0126559 0.0468441 0.0000000 0.0000000 0.0000000 0.1207044 0.0519381 0.0000000 0.0000000 0.0354206
 23 S  23 0.0108579 0.0000000 0.0019942 0.0094687 0.0000000 0.0000000 0.0180587 0.0053608 0.0000000 0.0000000 0.0000000 0.0190860 0.0000000 0.0017730 0.0245578 0.7314920 0.1744847 0.0028662 0.0000000 0.0000000
 24 T  24 0.0361881 0.0623081 0.0145467 0.0058311 0.0060392 0.0490336 0.1026197 0.0019332 0.0084235 0.3791458 0.0255912 0.0608622 0.0149711 0.0027731 0.0163978 0.0142471 0.1158753 0.0000000 0.0024234 0.0807900
 25 D  25 0.0460282 0.0081861 0.0123619 0.0808267 0.0048925 0.0958894 0.2001915 0.0040600 0.0034326 0.0069844 0.0728044 0.0305833 0.0025057 0.0136287 0.2240914 0.1020367 0.0385423 0.0072211 0.0058400 0.0398931
 26 S  26 0.0471271 0.0068179 0.0210699 0.0079914 0.0113395 0.0123149 0.0064732 0.3494940 0.0023217 0.0178788 0.0223659 0.0045361 0.0000000 0.0015596 0.0000000 0.0267404 0.0009176 0.0000000 0.0000000 0.4610521
 27 E  27 0.0189009 0.0530485 0.0045080 0.0560461 0.0033272 0.1793939 0.4326791 0.0009322 0.0174580 0.0090501 0.0128921 0.1149058 0.0038525 0.0083779 0.0061680 0.0137411 0.0176147 0.0016381 0.0035933 0.0418724
 28 S  28 0.0082172 0.0026323 0.0000000 0.0000000 0.0000000 0.0045631 0.0000000 0.3363708 0.0000000 0.0000000 0.0000000 0.0027887 0.0018590 0.0000000 0.0018996 0.6292822 0.0123871 0.0000000 0.0000000 0.0000000
 29 E  29 0.0482189 0.0283278 0.0052466 0.0118794 0.0000000 0.0660532 0.3163648 0.0027163 0.0040650 0.0000000 0.0069403 0.0655752 0.0035173 0.0000000 0.0009474 0.3118645 0.1041571 0.0012536 0.0000000 0.0228726
 30 T  30 0.0244945 0.0336627 0.0057942 0.0032397 0.0167168 0.0342893 0.0739890 0.0045247 0.0040802 0.0347640 0.1391497 0.0535034 0.0165222 0.0101004 0.2160284 0.0218091 0.1917762 0.0050359 0.0192696 0.0912501
 31 R  31 0.0127572 0.0180510 0.0423943 0.0273036 0.0014238 0.0038490 0.0082911 0.5269221 0.0139116 0.0038855 0.0124803 0.0063655 0.0029524 0.3040176 0.0000000 0.0063867 0.0000000 0.0014118 0.0045051 0.0030912
 32 V  32 0.0504835 0.0828368 0.0139609 0.0134539 0.0077201 0.0848552 0.0819073 0.0172781 0.0376825 0.0348546 0.0149023 0.2117578 0.0043800 0.0106481 0.0026781 0.0573336 0.0297383 0.1268964 0.0255794 0.0910533
 33 K  33 0.0080141 0.0029765 0.0043308 0.0053318 0.0037213 0.0017756 0.0000000 0.6689016 0.0000000 0.0086126 0.0124116 0.0119696 0.0019539 0.2343404 0.0033233 0.0054233 0.0010604 0.0000000 0.0000000 0.0258533
 34 S  34 0.0293765 0.0032528 0.0045395 0.0108844 0.0063667 0.0045578 0.0121099 0.0000000 0.0011354 0.0086127 0.0079116 0.0000000 0.0021267 0.0000000 0.0024314 0.5686961 0.3302939 0.0000000 0.0000000 0.0077047
 35 V  35 0.1001124 0.0779292 0.0087272 0.0054346 0.0439220 0.0111937 0.0649786 0.0000000 0.0023477 0.0491086 0.0792701 0.0245091 0.0148453 0.0020577 0.0018394 0.0340743 0.3113810 0.0000000 0.0000000 0.1682691
 36 R  36 0.0141987 0.1137596 0.0015556 0.0023493 0.0099103 0.0178117 0.0188662 0.0009486 0.0032220 0.0136803 0.0110201 0.0132783 0.0050065 0.6510827 0.0353809 0.0170632 0.0080117 0.0042050 0.0063252 0.0523239
 37 T  37 0.0408454 0.0358278 0.0049761 0.0091519 0.0217685 0.0084915 0.0184900 0.0127527 0.0390177 0.0577955 0.1434324 0.0095046 0.0092549 0.0944889 0.0017921 0.0770560 0.2142037 0.1119270 0.0437634 0.0454598
 38 G  38 0.0406038 0.0266152 0.0025591 0.0119839 0.0077394 0.0277872 0.0356891 0.0696400 0.0036389 0.0592554 0.0848552 0.0213975 0.0131658 0.3094863 0.0171268 0.0172752 0.0147867 0.0000000 0.0027396 0.2336548
 39 R  39 0.0359552 0.1464944 0.0210284 0.0453234 0.0119581 0.0237709 0.1213122 0.0227931 0.0187409 0.0237398 0.0342936 0.0771261 0.0080790 0.0100819 0.0079784 0.0770221 0.2680453 0.0018037 0.0031784 0.0412752
 40 K  40 0.1495453 0.0168698 0.0081221 0.0102155 0.0051686 0.0271753 0.0111754 0.0303477 0.0041674 0.1570546 0.3250046 0.0208644 0.0199278 0.0295226 0.0138770 0.0258208 0.0222881 0.0000000 0.0055443 0.1173086
 41 P  41 0.0763058 0.0499744 0.0166762 0.0405659 0.0138455 0.0416169 0.0745179 0.0174900 0.0145618 0.0084416 0.0181452 0.0515696 0.0026267 0.0063850 0.4116900 0.0598685 0.0435357 0.0218721 0.0128803 0.0174307
 42 I  42 0.0947839 0.0077333 0.0046190 0.0111313 0.0119626 0.0112529 0.0298776 0.0162699 0.0083778 0.0450456 0.3859284 0.0107067 0.0316940 0.1776343 0.0167402 0.0197897 0.0230864 0.0010821 0.0083337 0.0839504
 43 G  43 0.1373725 0.0436274 0.0221341 0.0484080 0.0045176 0.0529584 0.1609688 0.1666539 0.0218673 0.0080081 0.0227001 0.0945188 0.0037925 0.0009187 0.0878285 0.0619247 0.0350205 0.0000000 0.0014877 0.0252925
 44 N  44 0.0906831 0.0882191 0.0352166 0.0328727 0.0082191 0.0374757 0.0642346 0.0192615 0.0088442 0.1138452 0.1366568 0.0807883 0.0140220 0.0059573 0.0495322 0.0670496 0.0405504 0.0023587 0.0121736 0.0920394
 45 P  45 0.2597138 0.0278724 0.0084019 0.0322576 0.0227475 0.0508084 0.0400062 0.0845330 0.0063462 0.0108502 0.0318535 0.0189223 0.0054705 0.0035504 0.1877715 0.0871469 0.0558145 0.0000000 0.0023246 0.0636085
 46 E  46 0.1301206 0.0407241 0.0360859 0.1192517 0.0052762 0.0704388 0.2296125 0.0475350 0.0066377 0.0117693 0.0255988 0.0379958 0.0032877 0.0022612 0.0677723 0.0789651 0.0442062 0.0008114 0.0017335 0.0399163
 47 D  47 0.1206539 0.0563617 0.0312749 0.1146062 0.0042442 0.0510621 0.1626211 0.0659137 0.0222681 0.0191940 0.0252575 0.0418552 0.0061063 0.0038798 0.1027372 0.0676059 0.0627435 0.0008770 0.0119629 0.0287747
 48 E  48 0.1591251 0.0457344 0.0222418 0.0651155 0.0018091 0.0890121 0.1723016 0.0369892 0.0319983 0.0147767 0.0263931 0.0602941 0.0059236 0.0015199 0.0959842 0.0840325 0.0312399 0.0000000 0.0019049 0.0536040
 49 Q  49 0.1340873 0.0545221 0.0256983 0.0397161 0.0067253 0.1226461 0.1220535 0.0375830 0.0308901 0.0272848 0.0248871 0.0932296 0.0059422 0.0019102 0.0874914 0.0807080 0.0561875 0.0000000 0.0056374 0.0427999
 50 E  50 0.1394659 0.0590774 0.0201123 0.0497180 0.0043567 0.0699252 0.1775753 0.0499573 0.0364621 0.0288496 0.0503089 0.0303391 0.0090272 0.0031920 0.1319359 0.0470342 0.0362194 0.0012159 0.0107132 0.0445145
 51 T  51 0.1312001 0.0612070 0.0153541 0.0596323 0.0026384 0.0539281 0.0830461 0.0393360 0.0262360 0.0244894 0.0499983 0.0602818 0.0064909 0.0066749 0.0973258 0.0735522 0.1210788 0.0039183 0.0058984 0.0777131
 52 S  52 0.1929334 0.0410485 0.0302641 0.0533500 0.0037889 0.0469506 0.1051098 0.0287843 0.0197740 0.0259185 0.0508463 0.0474586 0.0072844 0.0033227 0.1068840 0.1186508 0.0556103 0.0000000 0.0071827 0.0548379
 53 K  53 0.1093902 0.0565705 0.0483624 0.0472826 0.0047313 0.0807654 0.1068248 0.0513446 0.0176925 0.0099068 0.0558943 0.0972179 0.0109446 0.0045578 0.1017917 0.0623955 0.0540057 0.0088231 0.0045728 0.0669254
 54 P  54 0.0989906 0.0506364 0.0170826 0.0379644 0.0020522 0.0565869 0.1324241 0.0266201 0.0230993 0.0264308 0.0622607 0.0340975 0.0020365 0.0043993 0.2514205 0.0727134 0.0466100 0.0009690 0.0028833 0.0507225
 55 S  55 0.1569257 0.0358042 0.0446954 0.0506948 0.0014847 0.0437509 0.0972580 0.0450718 0.0090295 0.0474233 0.0681689 0.0413103 0.0169402 0.0143428 0.0723923 0.1266333 0.0506749 0.0093073 0.0075443 0.0605472
 56 D  56 0.0916746 0.0437068 0.0460285 0.1252074 0.0064526 0.0397608 0.1232437 0.0463172 0.0145955 0.0288441 0.0853385 0.0358270 0.0099686 0.0094369 0.1176088 0.0725805 0.0400085 0.0046130 0.0086939 0.0500932
 57 D  57 0.1059380 0.0686964 0.0423418 0.1120490 0.0040251 0.0538546 0.0996756 0.0498731 0.0148244 0.0370345 0.0856613 0.0557699 0.0091733 0.0007850 0.1144814 0.0549500 0.0466888 0.0043440 0.0058855 0.0339483
 58 E  58 0.1289206 0.0644575 0.0373256 0.0774244 0.0054983 0.0573189 0.1325573 0.0415230 0.0248145 0.0158133 0.0188924 0.0686529 0.0119767 0.0118334 0.1110158 0.0827597 0.0460476 0.0050585 0.0170956 0.0410139
 59 F  59 0.0991877 0.0751195 0.0443822 0.1260809 0.0132055 0.0329553 0.0561312 0.0464275 0.0200398 0.0341907 0.0648579 0.0334443 0.0128009 0.0336422 0.0829283 0.1246591 0.0482874 0.0035628 0.0068726 0.0412241
 60 L  60 0.0352050 0.0245241 0.0069892 0.0086143 0.0125986 0.0163754 0.0109239 0.0391682 0.0133094 0.0560584 0.4490754 0.0071552 0.0202654 0.1421142 0.0360777 0.0251368 0.0254843 0.0126483 0.0231187 0.0351579
 61 R  61 0.1579784 0.1993554 0.0257243 0.0335379 0.0032973 0.0575975 0.0950120 0.0196926 0.0228726 0.0064572 0.0135263 0.1008495 0.0033767 0.0056967 0.0708749 0.1047721 0.0606542 0.0000000 0.0053765 0.0133478
 62 G  62 0.0365900 0.0313333 0.0642305 0.0568247 0.0047342 0.0152173 0.0278721 0.5772288 0.0205855 0.0000000 0.0000000 0.0194271 0.0000000 0.0000000 0.0908968 0.0369276 0.0148667 0.0000000 0.0000000 0.0032653
 63 K  63 0.1001615 0.1469744 0.0018275 0.0000000 0.0269190 0.0153080 0.0053438 0.0110128 0.0141039 0.0431072 0.3057338 0.1346783 0.0462621 0.0146570 0.0109324 0.0161813 0.0231790 0.0040988 0.0129336 0.0665857
 64 R  64 0.0073116 0.5827570 0.0422830 0.0080936 0.0092734 0.0242833 0.0052161 0.0019241 0.0871624 0.0000000 0.0061129 0.1302922 0.0000000 0.0016701 0.0245239 0.0422837 0.0167123 0.0000000 0.0053575 0.0047430
 65 V  65 0.0603759 0.0000000 0.0000000 0.0000000 0.0091296 0.0000000 0.0000000 0.0000000 0.0000000 0.3921705 0.0894569 0.0000000 0.0069639 0.0223321 0.0000000 0.0022371 0.0119016 0.0000000 0.0000000 0.4054325
 66 L  66 0.0027327 0.0000000 0.0000000 0.0000000 0.0086606 0.0000000 0.0000000 0.0000000 0.0000000 0.0043973 0.9748173 0.0000000 0.0060620 0.0000000 0.0000000 0.0000000 0.0000000 0.0000000 0.0000000 0.0033301
 67 V  67 0.0262062 0.0000000 0.0000000 0.0000000 0.0068516 0.0000000 0.0000000 0.0000000 0.0000000 0.1233444 0.4810062 0.0000000 0.0073824 0.0024860 0.0000000 0.0000000 0.0000000 0.0000000 0.0000000 0.3527232
 68 V  68 0.3622513 0.0000000 0.0000000 0.0000000 0.0046088 0.0000000 0.0000000 0.0000000 0.0000000 0.0180587 0.0028485 0.0000000 0.0024166 0.0012133 0.0000000 0.0000000 0.0094645 0.0000000 0.0000000 0.5991382
 69 D  69 0.0031111 0.0000000 0.0000000 0.3226753 0.0000000 0.0023225 0.6718910 0.0000000 0.0000000 0.0000000 0.0000000 0.0000000 0.0000000 0.0000000 0.0000000 0.0000000 0.0000000 0.0000000 0.0000000 0.0000000
 70 D  70 0.0051756 0.0000000 0.0038487 0.9679760 0.0000000 0.0000000 0.0014671 0.0031142 0.0000000 0.0000000 0.0000000 0.0021020 0.0000000 0.0000000 0.0095756 0.0026762 0.0000000 0.0000000 0.0040646 0.0000000
 71 N  71 0.0121499 0.0008133 0.6797235 0.1035979 0.0033799 0.0046260 0.0230917 0.0078077 0.0464196 0.0140500 0.0094540 0.0000000 0.0033086 0.0034696 0.0000000 0.0402586 0.0258232 0.0000000 0.0028279 0.0191985
 72 F  72 0.1298506 0.0442919 0.0020605 0.0987319 0.0000000 0.0316165 0.2166127 0.0044583 0.0041950 0.0173819 0.0422501 0.0535544 0.0101947 0.0251763 0.2471995 0.0140372 0.0140286 0.0021023 0.0060361 0.0362217
 73 I  73 0.0421108 0.0035658 0.0145690 0.0405037 0.0041072 0.0082305 0.0157641 0.0029428 0.0042522 0.2934621 0.1626607 0.0000000 0.0374280 0.0063464 0.0026887 0.0305083 0.1085192 0.0000000 0.0000000 0.2223405
 74 S  74 0.0618173 0.0017361 0.7747692 0.0000000 0.0084260 0.0057066 0.0037836 0.0016261 0.0014635 0.0239784 0.0093082 0.0000000 0.0088388 0.0006260 0.0000000 0.0348697 0.0406496 0.0000000 0.0021283 0.0202727
 75 R  75 0.0849116 0.3702766 0.0000000 0.0000000 0.0589369 0.3538815 0.0029339 0.0068272 0.0000000 0.0089405 0.0494775 0.0012082 0.0284408 0.0000000 0.0000000 0.0161195 0.0095609 0.0000000 0.0016772 0.0068077
 76 K  76 0.0243704 0.0687404 0.0157175 0.0645399 0.0017418 0.0945629 0.3667646 0.0015580 0.0112595 0.0398874 0.0889361 0.1022097 0.0432109 0.0142114 0.0000000 0.0112049 0.0349621 0.0000000 0.0028193 0.0133033
 77 V  77 0.0247002 0.0016608 0.0051243 0.0000000 0.0000000 0.0017723 0.0015942 0.0022478 0.0068324 0.3276838 0.1129214 0.0025303 0.0068470 0.0201368 0.0000000 0.0297542 0.0069105 0.0000000 0.0332239 0.4160602
 78 A  78 0.4274770 0.0000000 0.0000000 0.0000000 0.0052223 0.0000000 0.0000000 0.0086979 0.0000000 0.1083703 0.2044180 0.0000000 0.0396746 0.0327013 0.0000000 0.0139461 0.0447184 0.0000000 0.0026163 0.1121577
 79 T  79 0.0774986 0.1171388 0.0060158 0.0073659 0.0416017 0.0848273 0.0790371 0.0324535 0.0164292 0.0465258 0.0806990 0.0673969 0.0274520 0.0060807 0.0015864 0.0893390 0.1107437 0.0000000 0.0089792 0.0988293
 80 G  80 0.1284554 0.0868936 0.0209440 0.0487853 0.0031079 0.0546699 0.2094647 0.0866665 0.0322547 0.0208316 0.0419669 0.0655179 0.0198055 0.0193928 0.0000000 0.0527199 0.0835455 0.0000000 0.0108839 0.0140940
 81 K  81 0.0084697 0.0084923 0.0040415 0.0000000 0.0040593 0.0573756 0.0045498 0.0000000 0.0095553 0.1560569 0.3673607 0.0103791 0.2387307 0.0322585 0.0013484 0.0008926 0.0248671 0.0088099 0.0228483 0.0399044
 82 L  82 0.0105550 0.0000000 0.0000000 0.0000000 0.0054357 0.0000000 0.0000000 0.0011588 0.0000000 0.0195342 0.8970599 0.0000000 0.0227833 0.0222509 0.0000000 0.0060260 0.0010469 0.0000000 0.0000000 0.0141492
 83 K  83 0.0533337 0.1116405 0.0401907 0.0258556 0.0077322 0.0838536 0.3115031 0.0331662 0.0193085 0.0089908 0.0166295 0.1239464 0.0026845 0.0046041 0.0000000 0.0721692 0.0667466 0.0000000 0.0031211 0.0145238
 84 K  84 0.0654242 0.1239295 0.0422708 0.0766456 0.0026609 0.0602513 0.0980878 0.0381338 0.0211991 0.0136395 0.0187612 0.1899419 0.0578373 0.0045760 0.0252215 0.1193645 0.0233349 0.0007916 0.0057273 0.0122013
 85 M  85 0.1211379 0.0324434 0.0250216 0.0073002 0.0117902 0.0326373 0.0429642 0.0070137 0.0122055 0.0329818 0.2223179 0.0292660 0.1032816 0.0875797 0.0000000 0.0240551 0.0456153 0.0835620 0.0234585 0.0553682
 86 G  86 0.0018288 0.0143956 0.0338586 0.0245548 0.0015317 0.0129595 0.0114140 0.8417687 0.0023545 0.0000000 0.0025885 0.0271781 0.0000000 0.0000000 0.0032072 0.0175620 0.0047979 0.0000000 0.0000000 0.0000000
 87 V  87 0.0666039 0.0060640 0.0036763 0.0030463 0.0868106 0.0021702 0.0043354 0.0150927 0.0426079 0.1172204 0.2121581 0.0039918 0.1052803 0.1399818 0.0063200 0.0000000 0.0000000 0.0030261 0.0771060 0.1045079
 88 S  88 0.2054670 0.0561485 0.0444266 0.0131009 0.0103000 0.0256853 0.0217219 0.0107722 0.1981485 0.0159759 0.0392131 0.0351430 0.0175992 0.0129815 0.0010997 0.1328350 0.1201648 0.0030630 0.0219739 0.0141800
 89 E  89 0.0111101 0.1531215 0.0211739 0.0532847 0.0057657 0.1079436 0.1930128 0.0175891 0.0094109 0.0344750 0.0132919 0.0659849 0.0055877 0.0019939 0.0704181 0.0618018 0.0493553 0.0018105 0.0104780 0.1123904
 90 V  90 0.1138413 0.0000000 0.0000000 0.0017064 0.0468340 0.0022830 0.0000000 0.0028974 0.0014309 0.0871851 0.0208535 0.0036992 0.0035717 0.0148601 0.0008312 0.0037860 0.0362782 0.0033460 0.0064803 0.6501157
 91 E  91 0.0317908 0.0283910 0.0057381 0.3146854 0.0025164 0.0171464 0.2296871 0.0049392 0.0157960 0.0236576 0.0282187 0.0190553 0.0025307 0.0063217 0.0000000 0.0591937 0.1662022 0.0012857 0.0041861 0.0386580
 92 Q  92 0.0880874 0.0270348 0.0016349 0.0006686 0.0480628 0.0221512 0.0385812 0.0146918 0.0120311 0.1176062 0.1056265 0.0143337 0.0222821 0.0204259 0.0088298 0.0327395 0.1641755 0.0389200 0.0036859 0.2184312
 93 C  93 0.6863997 0.0026171 0.0000000 0.0000000 0.0245510 0.0000000 0.0009759 0.0040292 0.0025112 0.0033959 0.0029489 0.0038432 0.0008956 0.0038874 0.0000000 0.0073169 0.0325477 0.0000000 0.0113972 0.2126832
 94 D  94 0.1108033 0.0247146 0.0797621 0.0936749 0.0281821 0.0245171 0.2619623 0.0613372 0.0220986 0.0111602 0.0211527 0.0268372 0.0074792 0.0020509 0.0150481 0.1032735 0.0434406 0.0112294 0.0078986 0.0433773
 95 S  95 0.0011646 0.0023045 0.4864397 0.2698619 0.0000000 0.0027796 0.0085211 0.0211112 0.0207342 0.0000000 0.0000000 0.0048465 0.0000000 0.0000000 0.0000000 0.1538780 0.0241513 0.0000000 0.0042075 0.0000000
 96 G  96 0.0404568 0.0021592 0.0000000 0.0000000 0.0025467 0.0000000 0.0000000 0.9462292 0.0000000 0.0000000 0.0000000 0.0000000 0.0000000 0.0000000 0.0000000 0.0044581 0.0014863 0.0014778 0.0000000 0.0011860
 97 K  97 0.1293330 0.1331378 0.0115058 0.0152908 0.0025407 0.1824887 0.1204593 0.0092719 0.0151986 0.0217249 0.1015134 0.1199739 0.0110897 0.0192094 0.0211209 0.0254828 0.0114599 0.0000000 0.0063304 0.0428684
 98 E  98 0.0599897 0.0204409 0.0024307 0.0549636 0.0013240 0.1583701 0.5268631 0.0040057 0.0046772 0.0355087 0.0201007 0.0566045 0.0091587 0.0013064 0.0000000 0.0182448 0.0092240 0.0000000 0.0000000 0.0167872
 99 A  99 0.8720408 0.0000000 0.0000000 0.0000000 0.0326920 0.0000000 0.0000000 0.0501293 0.0000000 0.0043589 0.0017749 0.0000000 0.0000000 0.0000000 0.0000000 0.0062841 0.0034485 0.0000000 0.0000000 0.0292714
100 L 100 0.0057739 0.0011077 0.0000000 0.0000000 0.0137261 0.0000000 0.0009473 0.0000000 0.0000000 0.0971850 0.4449212 0.0018669 0.0100321 0.0083967 0.0019092 0.0000000 0.0033367 0.0044853 0.0072650 0.3990469
101 R 101 0.1227627 0.0672132 0.0400505 0.2109552 0.0026405 0.0604344 0.3147924 0.0113337 0.0077281 0.0038578 0.0174599 0.0436592 0.0018793 0.0000000 0.0046583 0.0448345 0.0296346 0.0000000 0.0035430 0.0125629
102 L 102 0.2511080 0.1434305 0.0000000 0.0010590 0.0172078 0.0323997 0.0298888 0.0035601 0.0095168 0.0471642 0.1592292 0.1185001 0.1077899 0.0118930 0.0000000 0.0117467 0.0191186 0.0060776 0.0083603 0.0219496
103 V 103 0.0953040 0.0000000 0.0000000 0.0017431 0.0176466 0.0025532 0.0000000 0.0049857 0.0000000 0.0713883 0.3460271 0.0000000 0.0184647 0.1720759 0.0000000 0.0016508 0.0041817 0.0202400 0.0220136 0.2217251
104 T 104 0.1397973 0.1921237 0.0108691 0.0137278 0.0183216 0.1073798 0.1138587 0.0079768 0.0152779 0.0199418 0.0438184 0.1494959 0.0212243 0.0018394 0.0037253 0.0735197 0.0561533 0.0000000 0.0021704 0.0087788
105 E 105 0.1672484 0.0602055 0.0670348 0.0879474 0.0020178 0.1558179 0.1813071 0.0330016 0.0235501 0.0012164 0.0046353 0.0722825 0.0029501 0.0011587 0.0048680 0.0802487 0.0393566 0.0000000 0.0079291 0.0072241
106 G 106 0.3239522 0.0171473 0.1026807 0.0090693 0.0000000 0.0365629 0.0177412 0.1269671 0.0335092 0.0026441 0.0177189 0.0176249 0.0194042 0.0047822 0.0058888 0.2337979 0.0175564 0.0028076 0.0033061 0.0068392
107 L 107 0.1985043 0.0324817 0.0449704 0.0142297 0.0109435 0.0433138 0.0553743 0.0690961 0.0483283 0.0293330 0.1030979 0.0269430 0.0482537 0.0113309 0.0725623 0.0686710 0.0204921 0.0051293 0.0039602 0.0929845
108 T 108 0.1210763 0.0402782 0.0222421 0.0589471 0.0141812 0.0490561 0.1525998 0.0302132 0.0152399 0.0131038 0.1040273 0.0336493 0.0172475 0.0156798 0.0815419 0.0457683 0.0827139 0.0091783 0.0083437 0.0849122
109 Q 109 0.1172454 0.0881642 0.0491692 0.0398307 0.0177884 0.1247726 0.0629024 0.1378552 0.0173191 0.0158662 0.0557838 0.0467716 0.0330247 0.0167886 0.0197266 0.0547609 0.0363535 0.0061607 0.0206929 0.0390232
110 R 110 0.1244550 0.0634246 0.0403929 0.0528669 0.0090865 0.0351637 0.0702780 0.2144420 0.0300714 0.0724501 0.0282086 0.0307361 0.0286738 0.0249402 0.0063671 0.0780229 0.0484431 0.0034780 0.0120228 0.0264764
111 E 111 0.0996674 0.0829607 0.0254973 0.1117406 0.0299989 0.0316518 0.1594180 0.0218033 0.0064113 0.0851121 0.0996449 0.0098726 0.0174729 0.0075736 0.0000000 0.0754976 0.0453893 0.0110320 0.0225557 0.0566999
112 E 112 0.1359025 0.0808694 0.0081858 0.0056283 0.0329746 0.0634415 0.1158495 0.0485519 0.0000000 0.0240218 0.0679886 0.0543436 0.0074776 0.0529229 0.0944723 0.0614343 0.0242046 0.0122300 0.0434106 0.0660901
113 Q 113 0.0992608 0.0370908 0.0170448 0.0328440 0.0118585 0.1022696 0.0360544 0.0511534 0.0209900 0.0985130 0.0566912 0.0241491 0.0345984 0.0865518 0.0285829 0.0608534 0.0582964 0.0361661 0.0573129 0.0497185
114 G 114 0.2729512 0.0336015 0.0109513 0.0213598 0.0089874 0.0432865 0.1060756 0.0921970 0.0487823 0.0180954 0.0676252 0.0388239 0.0213388 0.0142302 0.0119334 0.0847461 0.0649794 0.0056729 0.0072887 0.0270733
115 S 115 0.2344391 0.0252188 0.0415266 0.0498095 0.0147346 0.0241092 0.0600217 0.0284067 0.0619776 0.0432335 0.0864424 0.0650176 0.0329799 0.0032655 0.0025287 0.1326353 0.0313113 0.0152601 0.0090088 0.0380730
116 V 116 0.2273930 0.0591335 0.0367089 0.0329283 0.0193588 0.0482847 0.0347224 0.0507788 0.0507601 0.0351794 0.0442110 0.0543888 0.0356876 0.0000000 0.0136020 0.1044322 0.0545429 0.0000000 0.0344681 0.0634196
117 D 117 0.0729735 0.0618321 0.0242070 0.0830455 0.0000000 0.0582065 0.2483247 0.0989748 0.0028091 0.0396305 0.0190093 0.0525406 0.0088498 0.0057218 0.1076322 0.0578536 0.0457693 0.0000000 0.0000000 0.0126197
118 K 118 0.0539330 0.1322450 0.0336575 0.0430207 0.0119970 0.0582912 0.0580140 0.1379778 0.0179384 0.0140452 0.0352134 0.0996407 0.0057999 0.0000000 0.2009392 0.0520102 0.0353355 0.0000000 0.0017213 0.0082201
119 L 119 0.0275193 0.0956349 0.0476629 0.0956406 0.0000000 0.1301821 0.1043735 0.1969837 0.0514321 0.0067428 0.0346614 0.0991497 0.0000000 0.0064778 0.0223569 0.0101516 0.0356663 0.0064296 0.0179996 0.0109351
120 P 120 0.0472122 0.0922370 0.0213607 0.1080334 0.0037164 0.0228419 0.0370909 0.0118593 0.0523237 0.0023102 0.0016857 0.0395466 0.0031069 0.0068411 0.2868611 0.0660366 0.1030872 0.0056067 0.0858559 0.0023867
121 F 121 0.0000000 0.0000000 0.0000000 0.0042688 0.0026914 0.0000000 0.0000000 0.0000000 0.0015346 0.0036429 0.0015264 0.0000000 0.0000000 0.4033423 0.0029203 0.0000000 0.0000000 0.0048358 0.5654795 0.0097581
122 D 122 0.0700672 0.0095427 0.0106711 0.7567407 0.0011044 0.0301640 0.0313890 0.0105802 0.0237893 0.0009912 0.0035655 0.0050127 0.0016176 0.0064443 0.0022165 0.0281235 0.0047991 0.0000000 0.0018283 0.0013527
123 Y 123 0.1206143 0.0000000 0.0000000 0.0000000 0.0213069 0.0000000 0.0000000 0.0072957 0.0000000 0.1004311 0.5125284 0.0000000 0.0499219 0.0060576 0.0000000 0.0000000 0.0022833 0.0000000 0.0126918 0.1668689
124 I 124 0.0418895 0.0000000 0.0000000 0.0000000 0.0182843 0.0000000 0.0000000 0.0000000 0.0000000 0.4879551 0.0284505 0.0000000 0.0027140 0.0084543 0.0000000 0.0000000 0.0000000 0.0000000 0.0075634 0.4046888
125 F 125 0.0000000 0.0000000 0.0000000 0.0000000 0.0000000 0.0000000 0.0000000 0.0000000 0.0000000 0.0400577 0.7841512 0.0000000 0.0154240 0.1428057 0.0000000 0.0000000 0.0017002 0.0000000 0.0033942 0.0124671
126 M 126 0.0079543 0.0000000 0.0000000 0.0000000 0.0000000 0.0000000 0.0000000 0.0000000 0.0000000 0.0670906 0.0666299 0.0000000 0.7984659 0.0000000 0.0000000 0.0096835 0.0140412 0.0000000 0.0000000 0.0361347
127 D 127 0.0000000 0.0000000 0.0000000 0.9938776 0.0000000 0.0000000 0.0032935 0.0000000 0.0000000 0.0000000 0.0000000 0.0000000 0.0000000 0.0000000 0.0000000 0.0028289 0.0000000 0.0000000 0.0000000 0.0000000
128 C 128 0.0213230 0.0000000 0.0041187 0.0000000 0.1537288 0.0080128 0.0039983 0.0055667 0.0065294 0.2635175 0.0652078 0.0000000 0.1174412 0.0032299 0.0000000 0.0108371 0.0025962 0.1155820 0.0088751 0.2094353
129 Q 129 0.0062620 0.0951043 0.0284010 0.0028194 0.0027628 0.6183211 0.0196657 0.0000000 0.0549930 0.0000000 0.0143099 0.0671724 0.0520651 0.0000000 0.0000000 0.0271354 0.0000000 0.0000000 0.0046587 0.0063291
130 M 130 0.0000000 0.0000000 0.0025774 0.0000000 0.0000000 0.0000000 0.0000000 0.0000000 0.0000000 0.0000000 0.0578883 0.0000000 0.9395344 0.0000000 0.0000000 0.0000000 0.0000000 0.0000000 0.0000000 0.0000000
131 P 131 0.0064066 0.0000000 0.0040606 0.0022842 0.0000000 0.0000000 0.0029037 0.0029515 0.0000000 0.0000000 0.0000000 0.0000000 0.0000000 0.0000000 0.9747308 0.0066626 0.0000000 0.0000000 0.0000000 0.0000000
132 E 132 0.0054096 0.0310413 0.0442678 0.0841413 0.0000000 0.0204013 0.1930792 0.1424372 0.0110916 0.0484755 0.0136837 0.0410631 0.0035555 0.0013531 0.0055797 0.0044395 0.0032471 0.0006437 0.0000000 0.3460897
133 M 133 0.0014131 0.0041049 0.0000000 0.0000000 0.0067432 0.0034174 0.0031765 0.0025288 0.0000000 0.0359758 0.1237279 0.0075676 0.7758099 0.0000000 0.0012949 0.0000000 0.0092767 0.0014212 0.0000000 0.0235422
134 D 134 0.0000000 0.0000000 0.1265587 0.7942275 0.0039248 0.0000000 0.0081612 0.0205715 0.0010218 0.0000000 0.0000000 0.0000000 0.0000000 0.0000000 0.0000000 0.0370797 0.0084548 0.0000000 0.0000000 0.0000000
135 G 135 0.0000000 0.0000000 0.0000000 0.0022223 0.0000000 0.0000000 0.0000000 0.9936267 0.0000000 0.0000000 0.0000000 0.0000000 0.0000000 0.0000000 0.0000000 0.0041510 0.0000000 0.0000000 0.0000000 0.0000000
136 Y 136 0.0098585 0.0028287 0.0016075 0.0033115 0.0112642 0.0035788 0.0224655 0.0000000 0.0106872 0.1309246 0.2766547 0.0027401 0.0253887 0.0995291 0.0084456 0.0100278 0.0110502 0.0013681 0.2946095 0.0736598
137 E 137 0.0688223 0.0038213 0.0014416 0.0593499 0.0011097 0.0781672 0.6312934 0.0110936 0.0011519 0.0009823 0.0066732 0.0124609 0.0080442 0.0000000 0.0000000 0.0194890 0.0930267 0.0000000 0.0000000 0.0030728
138 A 138 0.7115775 0.0024546 0.0000000 0.0000000 0.0133581 0.0000000 0.0000000 0.0000000 0.0000000 0.0065959 0.0879042 0.0000000 0.0089185 0.0101196 0.0000000 0.0050202 0.1068529 0.0000000 0.0000000 0.0471985
139 T 139 0.1933570 0.0024574 0.0000000 0.0000000 0.0283490 0.0000000 0.0000000 0.0299571 0.0000000 0.0138219 0.0149118 0.0000000 0.0053191 0.0000000 0.0000000 0.0512468 0.6292809 0.0000000 0.0000000 0.0312990
140 R 140 0.0462861 0.6034136 0.0038279 0.0026437 0.0024980 0.0671279 0.0372500 0.0126388 0.0119362 0.0098308 0.0063471 0.1538453 0.0065959 0.0000000 0.0018125 0.0168447 0.0146829 0.0000000 0.0000000 0.0024187
141 E 141 0.2285637 0.2591115 0.0092545 0.0009336 0.0141846 0.1016452 0.0712836 0.0024383 0.0330044 0.0337582 0.0590375 0.0695993 0.0222714 0.0044776 0.0000000 0.0101406 0.0396815 0.0043952 0.0069962 0.0292233
142 I 142 0.0024529 0.0000000 0.0000000 0.0000000 0.0000000 0.0000000 0.0000000 0.0000000 0.0000000 0.8378580 0.1223313 0.0000000 0.0103001 0.0036662 0.0000000 0.0000000 0.0011803 0.0040197 0.0000000 0.0181915
143 R 143 0.0035455 0.9015319 0.0000000 0.0015087 0.0022095 0.0121861 0.0041469 0.0047177 0.0123967 0.0043907 0.0034839 0.0474533 0.0013628 0.0000000 0.0000000 0.0000000 0.0010663 0.0000000 0.0000000 0.0000000
144 K 144 0.2675898 0.0904428 0.0430748 0.0279912 0.0010465 0.1010444 0.1255801 0.0349964 0.0083984 0.0039991 0.0307737 0.1167433 0.0075907 0.0026429 0.0000000 0.1032493 0.0216517 0.0014277 0.0028438 0.0089135
145 V 145 0.0386260 0.0462770 0.0376687 0.0797671 0.0079618 0.0389243 0.0169048 0.0553282 0.0213853 0.0513502 0.3224033 0.0267434 0.0781097 0.0270422 0.0023828 0.0981932 0.0080548 0.0128970 0.0098703 0.0201097
146 E 146 0.0493064 0.0061375 0.0252275 0.1039211 0.0052265 0.0225860 0.3187915 0.0619085 0.0103792 0.0084196 0.0150751 0.0331689 0.0018184 0.0025604 0.2287503 0.0640538 0.0256529 0.0000000 0.0014867 0.0155298
147 K 147 0.1332196 0.2061791 0.0497878 0.0694290 0.0061827 0.0569622 0.0506001 0.1467303 0.0406942 0.0146632 0.0512306 0.0661696 0.0117296 0.0011478 0.0215955 0.0360059 0.0216686 0.0009690 0.0016140 0.0134213
148 S 148 0.0831544 0.0369722 0.0308058 0.0349437 0.0139282 0.0196391 0.1083249 0.1498665 0.0082131 0.0135107 0.0665807 0.0505431 0.0066199 0.0446301 0.1782729 0.0613320 0.0369679 0.0062888 0.0315286 0.0178775
149 Y 149 0.1118610 0.0696973 0.0289941 0.2141536 0.0115911 0.0521894 0.0696090 0.0544636 0.0154169 0.0176602 0.0523685 0.0464989 0.0079776 0.0084755 0.0167296 0.0612186 0.0720717 0.0080498 0.0358218 0.0451519
150 G 150 0.2534185 0.0241228 0.0639711 0.0710119 0.0093981 0.0180800 0.0138566 0.2623934 0.0189763 0.0166693 0.0455001 0.0541568 0.0057331 0.0138741 0.0166802 0.0520996 0.0127466 0.0190178 0.0061922 0.0221015
151 V 151 0.1821217 0.1248510 0.0212686 0.0196239 0.0162604 0.0404541 0.0207974 0.0307185 0.0146248 0.0250327 0.0517314 0.1411889 0.0114767 0.0055692 0.1373853 0.0606932 0.0391837 0.0052860 0.0106135 0.0411189
152 R 152 0.0336736 0.1909437 0.0556404 0.1053326 0.0028965 0.0577230 0.0745197 0.0289385 0.1120849 0.0045337 0.0067662 0.0577139 0.0025690 0.0009350 0.0265553 0.0851266 0.1303517 0.0029550 0.0090179 0.0117230
153 T 153 0.0063046 0.0105290 0.0000000 0.0000000 0.0043562 0.0059187 0.0000000 0.0042854 0.0000000 0.3200767 0.2404862 0.0063137 0.0264779 0.0012866 0.0207179 0.0054838 0.1199082 0.0000000 0.0000000 0.2278552
154 P 154 0.0112078 0.0110400 0.0011445 0.0000000 0.0020915 0.0007250 0.0017792 0.0000000 0.0053387 0.0044598 0.0317835 0.0061456 0.0050926 0.0022977 0.8640101 0.0037685 0.0181704 0.0007814 0.0069544 0.0232094
155 I 155 0.0055888 0.0024166 0.0000000 0.0000000 0.0021482 0.0000000 0.0000000 0.0000000 0.0000000 0.8240313 0.0141352 0.0000000 0.0132846 0.0043077 0.0000000 0.0000000 0.0034216 0.0000000 0.0000000 0.1306660
156 I 156 0.0061701 0.0000000 0.0000000 0.0000000 0.0022716 0.0000000 0.0000000 0.0000000 0.0000000 0.6321083 0.0922537 0.0000000 0.0082944 0.0079114 0.0000000 0.0020990 0.0013156 0.0000000 0.0044895 0.2430863
157 A 157 0.7769609 0.0000000 0.0000000 0.0000000 0.0000000 0.0000000 0.0000000 0.0218003 0.0000000 0.0445436 0.0452769 0.0000000 0.0807526 0.0029571 0.0000000 0.0089765 0.0000000 0.0000000 0.0000000 0.0187321
158 V 158 0.0015331 0.0000000 0.0000000 0.0000000 0.0000000 0.0026079 0.0000000 0.0027809 0.0000000 0.0469650 0.3775179 0.0000000 0.4481762 0.0087582 0.0000000 0.0023706 0.0106474 0.0000000 0.0000000 0.0986428
159 S 159 0.0039247 0.0000000 0.0000000 0.0000000 0.0000000 0.0000000 0.0000000 0.0000000 0.0000000 0.0028071 0.0042273 0.0000000 0.0000000 0.0000000 0.0000000 0.1169412 0.8720997 0.0000000 0.0000000 0.0000000
160 G 160 0.8990865 0.0000000 0.0000000 0.0000000 0.0000000 0.0017324 0.0000000 0.0262946 0.0000000 0.0000000 0.0000000 0.0000000 0.0000000 0.0000000 0.0050436 0.0566184 0.0065038 0.0000000 0.0035808 0.0011399
161 H 161 0.0130703 0.0046586 0.4664466 0.0159307 0.0012274 0.0197572 0.0021136 0.0201297 0.1948455 0.0036382 0.0091265 0.0045515 0.0048380 0.0182432 0.0000000 0.0452235 0.0063812 0.0000000 0.1598214 0.0099971
162 D 162 0.7106620 0.0053499 0.0065437 0.0969667 0.0000000 0.0000000 0.0039507 0.0518644 0.0016382 0.0000000 0.0085197 0.0031690 0.0022013 0.0000000 0.0056177 0.0397766 0.0112081 0.0037401 0.0000000 0.0487920
163 P 163 0.0285054 0.0280345 0.0076177 0.0094185 0.0044317 0.0157412 0.0130734 0.0133636 0.0100592 0.0548021 0.2155868 0.0050386 0.3865655 0.0097243 0.0158127 0.0189021 0.0440510 0.0351601 0.0039420 0.0801697
164 G 164 0.0688709 0.0719883 0.0106806 0.0266373 0.0000000 0.0843809 0.0596612 0.0251812 0.0091819 0.0220230 0.0310227 0.0955151 0.0112031 0.2666070 0.0391890 0.0735072 0.0259886 0.0263804 0.0265625 0.0254191
165 S 165 0.1198123 0.0268188 0.0075363 0.0790626 0.0060217 0.0176014 0.1012639 0.3524401 0.0094240 0.0062852 0.0120615 0.0328126 0.0031201 0.0024536 0.0443049 0.1269017 0.0346229 0.0000000 0.0009398 0.0165165
166 E 166 0.0117096 0.0231526 0.0144324 0.3693602 0.0055548 0.0314523 0.4645209 0.0059804 0.0048994 0.0189391 0.0023188 0.0032001 0.0000000 0.0063712 0.0000000 0.0071550 0.0095407 0.0000000 0.0170244 0.0043880
167 E 167 0.0060919 0.2712554 0.0126110 0.4842855 0.0013278 0.0350692 0.0802516 0.0000000 0.0078152 0.0383630 0.0059617 0.0063893 0.0044665 0.0000000 0.0000000 0.0102194 0.0132628 0.0000000 0.0017138 0.0209160
168 A 168 0.1112854 0.1716625 0.0093621 0.0371724 0.0033869 0.0179839 0.0988069 0.0306584 0.0152537 0.1270462 0.0244332 0.1346964 0.0277840 0.0038455 0.0008746 0.0320470 0.0130311 0.0089217 0.0016264 0.1301219
169 R 169 0.0551285 0.1133024 0.0126033 0.0587775 0.0000000 0.1602421 0.4197823 0.0068038 0.0110033 0.0039575 0.0079319 0.0975272 0.0039252 0.0008764 0.0000000 0.0220377 0.0114988 0.0022104 0.0052216 0.0071701
170 E 170 0.1269900 0.2615208 0.0182073 0.0138070 0.0037993 0.0299650 0.0761724 0.0084836 0.0210103 0.0100374 0.0541073 0.2636448 0.0198031 0.0055299 0.0093742 0.0295041 0.0252778 0.0010261 0.0073939 0.0143456
171 T 171 0.2420730 0.0024592 0.0046863 0.0038760 0.4511137 0.0000000 0.0000000 0.0033654 0.0000000 0.0079946 0.0184581 0.0048621 0.0015244 0.0986366 0.0000000 0.0906044 0.0313206 0.0000000 0.0174677 0.0215579
172 I 172 0.0153202 0.1075289 0.0013138 0.0020693 0.0000000 0.0177863 0.0191023 0.0038591 0.0184170 0.0954673 0.5194856 0.0595050 0.0382717 0.0479042 0.0000000 0.0033956 0.0121916 0.0024605 0.0128169 0.0231047
173 Q 173 0.2930815 0.0293473 0.0399786 0.1422177 0.0000000 0.1055225 0.2339686 0.0092780 0.0032598 0.0047662 0.0076680 0.0440999 0.0021916 0.0020653 0.0000000 0.0647599 0.0130123 0.0000000 0.0000000 0.0047828
174 A 174 0.6749390 0.0009460 0.0102342 0.0035309 0.0139469 0.0058211 0.0082025 0.0078584 0.0102060 0.0227357 0.0329751 0.0106932 0.0025810 0.0009506 0.0000000 0.0930384 0.0104032 0.0000000 0.0030468 0.0878911
175 G 175 0.0009916 0.0027041 0.0000000 0.0038255 0.0000000 0.0045507 0.0031266 0.9705689 0.0024758 0.0000000 0.0000000 0.0012626 0.0000000 0.0000000 0.0000000 0.0091942 0.0000000 0.0000000 0.0000000 0.0013000
176 M 176 0.0474929 0.0000000 0.0000000 0.0000000 0.0111371 0.0000000 0.0018745 0.0016330 0.0000000 0.0447719 0.0248823 0.0000000 0.7496570 0.0475230 0.0027172 0.0000000 0.0034304 0.0000000 0.0020966 0.0627840
177 D 177 0.0201588 0.0026900 0.4278104 0.3957494 0.0045789 0.0203549 0.0054350 0.0068557 0.0044289 0.0043592 0.0025853 0.0024893 0.0000000 0.0000000 0.0000000 0.0455239 0.0468105 0.0000000 0.0000000 0.0101697
178 A 178 0.2126204 0.0093889 0.0094012 0.4671376 0.0000000 0.0009072 0.0629910 0.1852454 0.0011640 0.0027476 0.0055626 0.0059909 0.0035203 0.0015259 0.0000000 0.0197004 0.0019096 0.0000000 0.0048747 0.0053121
179 F 179 0.0035145 0.0013061 0.0000000 0.0000000 0.0106969 0.0031653 0.0000000 0.0000000 0.2754779 0.0034960 0.0112405 0.0000000 0.0000000 0.2568077 0.0000000 0.0027462 0.0000000 0.0019061 0.3930064 0.0366365
180 L 180 0.0041114 0.0000000 0.0000000 0.0000000 0.0107229 0.0000000 0.0022320 0.0000000 0.0000000 0.2701125 0.5201206 0.0000000 0.0113622 0.0082915 0.0000000 0.0013947 0.0039417 0.0000000 0.0000000 0.1677107
181 D 181 0.2689834 0.0046094 0.0096341 0.0125387 0.0000000 0.0110458 0.0047194 0.0515142 0.0099722 0.0161555 0.0162811 0.0016349 0.0046660 0.0047296 0.0679233 0.3094485 0.1628445 0.0000000 0.0000000 0.0432995
182 K 182 0.0000000 0.0000000 0.0000000 0.0000000 0.0000000 0.0000000 0.0000000 0.0000000 0.0000000 0.0000000 0.0000000 1.0000000 0.0000000 0.0000000 0.0000000 0.0000000 0.0000000 0.0000000 0.0000000 0.0000000
183 S 183 0.0000000 0.0000000 0.0038345 0.0000000 0.0000000 0.0000000 0.0000000 0.0000000 0.0000000 0.0000000 0.0021705 0.0000000 0.0000000 0.0000000 0.9805859 0.0086907 0.0000000 0.0000000 0.0000000 0.0047183
184 L 184 0.0072007 0.0000000 0.0000000 0.0000000 0.0000000 0.0000000 0.0000000 0.0000000 0.0000000 0.3644850 0.1755223 0.0000000 0.0155820 0.1111151 0.0000000 0.0000000 0.0052666 0.0000000 0.0076552 0.3131730
185 N 185 0.0103278 0.1197948 0.1115993 0.4043272 0.0000000 0.0245086 0.1148930 0.0065435 0.0021601 0.0000000 0.0033717 0.0633502 0.0010202 0.0034854 0.0000000 0.1082422 0.0245128 0.0000000 0.0000000 0.0018631
186 Q 186 0.0679007 0.1499722 0.0056704 0.0536495 0.0000000 0.1657319 0.1721919 0.0011385 0.0066782 0.0082785 0.0120798 0.1217832 0.0487282 0.0000000 0.1127762 0.0190683 0.0235556 0.0000000 0.0039703 0.0268265
187 L 187 0.0018430 0.0000000 0.0000000 0.0000000 0.0000000 0.0013250 0.0000000 0.0000000 0.0000000 0.0343567 0.8592276 0.0000000 0.0386717 0.0224322 0.0000000 0.0033034 0.0000000 0.0000000 0.0000000 0.0388403
188 A 188 0.0704607 0.0800498 0.0137925 0.0148738 0.0129831 0.0493434 0.0595079 0.0027284 0.0254074 0.0614664 0.1472121 0.0611385 0.0254455 0.1440943 0.0029441 0.0259514 0.0196114 0.0072177 0.1397795 0.0359923
189 N 189 0.1645623 0.0872927 0.0668088 0.1547012 0.0028042 0.0875132 0.1681774 0.0279980 0.0115907 0.0021435 0.0134605 0.0706953 0.0106837 0.0030616 0.0056407 0.0654543 0.0403836 0.0000000 0.0087265 0.0083016
