  207         A         R         N         D         C         Q         E         G         H         I         L         K         M         F         P         S         T         W         Y         V         X    
  1 M   1 0.0000000 0.0000000 0.0000000 0.0000000 0.0000000 0.0000000 0.0000000 0.0000000 0.0000000 0.0031454 0.0020884 0.0000000 0.0137540 0.0000000 0.0000000 0.0000000 0.0000000 0.0000000 0.0000000 0.0073893 0.9736228
  2 G   2 0.0000000 0.0000000 0.0000000 0.0000000 0.0000000 0.0000000 0.0000000 0.8254061 0.0000000 0.0000000 0.0000000 0.0000000 0.0000000 0.0000000 0.0000000 0.0024795 0.0000000 0.0000000 0.0000000 0.0000000 0.1721144
  3 S   3 0.0000000 0.0034208 0.0037240 0.0000000 0.0000000 0.0000000 0.0000000 0.0052898 0.0035078 0.0045301 0.7970899 0.0000000 0.0015076 0.0000000 0.0000000 0.0111987 0.0000000 0.0000000 0.0036722 0.0009928 0.1650662
  4 S   4 0.0000000 0.0000000 0.0000000 0.0035263 0.0000000 0.0069286 0.0000000 0.8045803 0.0000000 0.0000000 0.0000000 0.0000000 0.0000000 0.0000000 0.0037240 0.0111987 0.0085023 0.0000000 0.0000000 0.0000000 0.1615399
  5 H   5 0.0008946 0.0071986 0.0000000 0.0000000 0.0000000 0.0037175 0.0037240 0.0052898 0.0110791 0.0000000 0.7061427 0.0000000 0.0977050 0.0000000 0.0000000 0.0000000 0.0019759 0.0000000 0.0000000 0.0000000 0.1622729
  6 H   6 0.4103621 0.0046052 0.0038444 0.0000000 0.0038282 0.0050619 0.0036722 0.0054856 0.0155882 0.0025536 0.0061963 0.0011528 0.0011767 0.0008865 0.0351179 0.2276929 0.0794289 0.0000000 0.0000000 0.0310736 0.1622729
  7 H   7 0.0012565 0.0000000 0.0000000 0.0000000 0.0000000 0.0037175 0.0071986 0.0052898 0.0041505 0.7798527 0.0226570 0.0000000 0.0000000 0.0033306 0.0069286 0.0037240 0.0000000 0.0000000 0.0000000 0.0036034 0.1582909
  8 H   8 0.0644101 0.0000000 0.0056035 0.0000000 0.2040501 0.0000000 0.0000000 0.0010187 0.0041505 0.0054684 0.0088161 0.0000000 0.0000000 0.0000000 0.0000000 0.2977955 0.1392565 0.0000000 0.0000000 0.1121856 0.1572451
  9 H   9 0.0125379 0.1995444 0.0087759 0.0013385 0.0000000 0.0583740 0.0119242 0.0006945 0.0217689 0.0052980 0.0036218 0.4369223 0.0037641 0.0036722 0.0000000 0.0420579 0.0132951 0.0000000 0.0129433 0.0062219 0.1572451
 10 H  10 0.0147709 0.2753755 0.1108251 0.0151274 0.0000000 0.1355677 0.0333929 0.0206298 0.0402545 0.0064684 0.0028622 0.1042854 0.0019376 0.0000000 0.0000000 0.0608481 0.0184008 0.0000000 0.0013333 0.0006755 0.1572451
 11 S  11 0.0010058 0.0000000 0.0000000 0.0000000 0.0000000 0.0000000 0.0035263 0.0019861 0.0000000 0.1424288 0.6243381 0.0000000 0.0094241 0.0262292 0.0000000 0.0119155 0.0026422 0.0000000 0.0130578 0.0062009 0.1572451
 12 S  12 0.1689830 0.0021417 0.0000000 0.0000000 0.0264796 0.0031481 0.0000000 0.0000000 0.0000000 0.0585302 0.0164676 0.0000000 0.0035263 0.0000000 0.0000000 0.0379271 0.0394908 0.0000000 0.0000000 0.4827297 0.1605757
 13 G  13 0.0222631 0.0546525 0.0186708 0.0878006 0.0000000 0.0650611 0.4151016 0.0418929 0.0163141 0.0032398 0.0085383 0.0298663 0.0015239 0.0015735 0.0000000 0.0336840 0.0302235 0.0000000 0.0000000 0.0081667 0.1614273
 14 L  14 0.0327101 0.0225900 0.0000000 0.0036722 0.0024892 0.0177015 0.0026126 0.0072685 0.0068382 0.0203812 0.5060938 0.0177547 0.1808376 0.0024867 0.0000000 0.0037711 0.0022448 0.0028332 0.0018203 0.0044668 0.1614273
 15 V  15 0.0036722 0.0000000 0.0000000 0.0000000 0.0000000 0.0107942 0.0000000 0.0000000 0.0044759 0.0043232 0.0486714 0.0010763 0.7461329 0.0041603 0.0035078 0.0013179 0.0009050 0.0000000 0.0000000 0.0047788 0.1661840
 16 P  16 0.0046095 0.0077047 0.0648793 0.0605559 0.0000000 0.0114196 0.0261298 0.5978677 0.0192834 0.0037240 0.0000000 0.0108927 0.0000000 0.0000000 0.0087516 0.0103253 0.0010173 0.0000000 0.0000000 0.0000000 0.1728392
 17 R  17 0.0045131 0.0050533 0.0000000 0.0037175 0.0000000 0.0000000 0.0000000 0.7959246 0.0000000 0.0036722 0.0000000 0.0000000 0.0000000 0.0000000 0.0000000 0.0128443 0.0000000 0.0000000 0.0000000 0.0070341 0.1672408
 18 G  18 0.0304224 0.0845602 0.0277893 0.0971190 0.0016300 0.0412748 0.1763175 0.0196065 0.0224193 0.0029331 0.0030541 0.0706355 0.0000000 0.0000000 0.0000000 0.0579938 0.0706713 0.0000000 0.0026718 0.0145166 0.2763848
 19 S  19 0.0275541 0.0000000 0.0077984 0.0000000 0.0000000 0.0000000 0.0000000 0.0009444 0.0000000 0.3770372 0.0856434 0.0031481 0.0282585 0.0000000 0.0000000 0.0050214 0.0115304 0.0000000 0.0016355 0.0963737 0.3550549
 20 H  20 0.0058877 0.0386563 0.0108205 0.0088982 0.0010285 0.0151694 0.0225217 0.2322318 0.0363920 0.0037080 0.0071255 0.0257342 0.0103479 0.0016650 0.0000000 0.0452690 0.0494029 0.1021363 0.0081444 0.0009648 0.3738957
 21 M  21 0.0379534 0.0037175 0.0000000 0.0000000 0.0075110 0.0130848 0.0022253 0.0025530 0.0012345 0.0330294 0.0765710 0.0010459 0.0156248 0.0306798 0.0020388 0.0000000 0.0000000 0.0037240 0.0127135 0.2520344 0.5042590
 22 A  22 0.0288622 0.0207301 0.0156240 0.0564810 0.0014738 0.0139355 0.1291181 0.0309013 0.0119907 0.0084689 0.0051904 0.0201293 0.0000000 0.0000000 0.0000000 0.0527870 0.0217656 0.0000000 0.0000000 0.0166997 0.5658424
 23 S  23 0.0054679 0.0000000 0.0010680 0.0049960 0.0000000 0.0000000 0.0091417 0.0027253 0.0000000 0.0000000 0.0000000 0.0096192 0.0000000 0.0009073 0.0124985 0.3935560 0.0909413 0.0014270 0.0000000 0.0000000 0.4676518
 24 T  24 0.0219417 0.0366003 0.0086648 0.0033555 0.0035048 0.0287015 0.0642971 0.0011547 0.0046863 0.2281574 0.0152694 0.0376287 0.0091928 0.0022285 0.0093149 0.0084937 0.0727675 0.0000000 0.0014406 0.0480596 0.3945403
 25 D  25 0.0280049 0.0049090 0.0072126 0.0500087 0.0029083 0.0594598 0.1206841 0.0024901 0.0020755 0.0041535 0.0477317 0.0175858 0.0014906 0.0083362 0.1372195 0.0610136 0.0230478 0.0042415 0.0034567 0.0236946 0.3902755
 26 S  26 0.0342789 0.0048824 0.0143518 0.0057582 0.0079898 0.0086495 0.0046402 0.2617316 0.0016600 0.0127855 0.0159446 0.0032844 0.0000000 0.0011067 0.0000000 0.0184921 0.0007165 0.0000000 0.0000000 0.3423229 0.2614049
 27 E  27 0.0147110 0.0424417 0.0034974 0.0462349 0.0025579 0.1441743 0.3448397 0.0007282 0.0136607 0.0071245 0.0101216 0.0969069 0.0030158 0.0068703 0.0047641 0.0107661 0.0137401 0.0012537 0.0027998 0.0316800 0.1981112
 28 S  28 0.0062769 0.0021071 0.0000000 0.0000000 0.0000000 0.0034208 0.0000000 0.2751908 0.0000000 0.0000000 0.0000000 0.0021349 0.0014863 0.0000000 0.0015112 0.5086664 0.0101386 0.0000000 0.0000000 0.0000000 0.1890670
 29 E  29 0.0386813 0.0234751 0.0041427 0.0093787 0.0000000 0.0537327 0.2567609 0.0027418 0.0032255 0.0000000 0.0055731 0.0521667 0.0029884 0.0000000 0.0007672 0.2557067 0.0838316 0.0009823 0.0000000 0.0178688 0.1879766
 30 T  30 0.0206741 0.0286017 0.0047524 0.0026401 0.0136147 0.0280862 0.0615241 0.0035761 0.0033319 0.0275773 0.1145848 0.0481002 0.0136311 0.0085917 0.1833101 0.0187336 0.1634349 0.0041092 0.0160324 0.0755530 0.1595403
 31 R  31 0.0101967 0.0145251 0.0368150 0.0230079 0.0011339 0.0031344 0.0068554 0.4451811 0.0114484 0.0032658 0.0099963 0.0051562 0.0023768 0.2595841 0.0000000 0.0050577 0.0000000 0.0011825 0.0035078 0.0025243 0.1550506
 32 V  32 0.0447002 0.0685135 0.0112519 0.0108799 0.0063679 0.0717840 0.0698444 0.0141335 0.0309061 0.0285935 0.0123357 0.1800075 0.0038333 0.0088118 0.0021349 0.0478974 0.0244136 0.1120268 0.0207926 0.0764856 0.1542860
 33 K  33 0.0064199 0.0025328 0.0034208 0.0043269 0.0031379 0.0015400 0.0000000 0.5714891 0.0000000 0.0064067 0.0102427 0.0094144 0.0016044 0.2027448 0.0028037 0.0043963 0.0008737 0.0000000 0.0000000 0.0209834 0.1476626
 34 S  34 0.0245342 0.0027607 0.0037193 0.0088046 0.0052354 0.0038391 0.0146320 0.0000000 0.0009360 0.0070057 0.0064118 0.0000000 0.0018219 0.0000000 0.0020388 0.4899153 0.2776469 0.0000000 0.0000000 0.0063369 0.1443615
 35 V  35 0.0866318 0.0673066 0.0076406 0.0043971 0.0369798 0.0103638 0.0550644 0.0000000 0.0019901 0.0462596 0.0661577 0.0204373 0.0121513 0.0016440 0.0015229 0.0288048 0.2677966 0.0000000 0.0000000 0.1431120 0.1417395
 36 R  36 0.0121172 0.0973402 0.0013109 0.0020576 0.0083561 0.0167670 0.0161278 0.0007980 0.0027842 0.0118072 0.0094553 0.0114252 0.0042620 0.5710316 0.0321360 0.0143628 0.0083811 0.0035750 0.0052127 0.0444325 0.1262597
 37 T  37 0.0347129 0.0306975 0.0042985 0.0078829 0.0199025 0.0073509 0.0159717 0.0108459 0.0346190 0.0521976 0.1242699 0.0081523 0.0079674 0.0861976 0.0015229 0.0664603 0.1906486 0.1012647 0.0386748 0.0411223 0.1152398
 38 G  38 0.0396367 0.0231364 0.0022415 0.0103415 0.0067413 0.0242942 0.0313120 0.0642140 0.0030835 0.0515973 0.0743644 0.0184329 0.0111390 0.2755615 0.0159544 0.0146938 0.0119125 0.0000000 0.0024088 0.2039597 0.1149745
 39 R  39 0.0316073 0.1285636 0.0189030 0.0392047 0.0105243 0.0223301 0.1073730 0.0194029 0.0190027 0.0207293 0.0309702 0.0701050 0.0073767 0.0088497 0.0069585 0.0693256 0.2446331 0.0016040 0.0027685 0.0358929 0.1038749
 40 K  40 0.1354594 0.0148932 0.0069533 0.0088345 0.0045759 0.0242336 0.0097337 0.0264254 0.0037487 0.1372701 0.2885415 0.0185591 0.0176799 0.0258244 0.0119768 0.0233208 0.0222735 0.0000000 0.0046610 0.1064516 0.1085837
 41 P  41 0.0670155 0.0438537 0.0144023 0.0354148 0.0131413 0.0361830 0.0640356 0.0150858 0.0140329 0.0072020 0.0156714 0.0444827 0.0023099 0.0056983 0.3670918 0.0511322 0.0381444 0.0204626 0.0116587 0.0151908 0.1177902
 42 I  42 0.0815850 0.0067687 0.0046916 0.0095807 0.0103488 0.0125847 0.0258146 0.0141025 0.0071481 0.0389603 0.3441162 0.0093067 0.0282414 0.1592129 0.0143477 0.0171007 0.0202496 0.0009273 0.0071961 0.0728533 0.1148631
 43 G  43 0.1205659 0.0384582 0.0191583 0.0434418 0.0040080 0.0512354 0.1403655 0.1476261 0.0202448 0.0070147 0.0208635 0.0830978 0.0033147 0.0008313 0.0755359 0.0539177 0.0341456 0.0000000 0.0013419 0.0220001 0.1128328
 44 N  44 0.0800830 0.0770715 0.0302013 0.0314794 0.0070255 0.0329782 0.0561820 0.0168105 0.0079327 0.1018109 0.1238906 0.0712983 0.0124774 0.0051738 0.0453234 0.0584027 0.0351513 0.0025409 0.0104771 0.0832210 0.1104684
 45 P  45 0.2242923 0.0244203 0.0073288 0.0276093 0.0199762 0.0442093 0.0350171 0.0735208 0.0055286 0.0096456 0.0278046 0.0165354 0.0047062 0.0030128 0.1665531 0.0769988 0.0508424 0.0000000 0.0019993 0.0600402 0.1199591
 46 E  46 0.1195689 0.0354284 0.0317403 0.1039090 0.0046843 0.0637740 0.2072282 0.0447638 0.0058085 0.0101214 0.0239754 0.0333519 0.0028426 0.0020206 0.0600539 0.0725832 0.0392542 0.0007537 0.0015033 0.0357592 0.1008754
 47 D  47 0.1088217 0.0507797 0.0283450 0.1039979 0.0037261 0.0456456 0.1436833 0.0607209 0.0201425 0.0171847 0.0271306 0.0372548 0.0078491 0.0034446 0.0910931 0.0610737 0.0568480 0.0007639 0.0104529 0.0255566 0.0954854
 48 E  48 0.1447478 0.0442009 0.0199430 0.0640185 0.0017228 0.0816211 0.1551111 0.0328183 0.0312938 0.0134345 0.0251197 0.0534297 0.0052652 0.0014169 0.0868580 0.0770643 0.0278706 0.0000000 0.0017390 0.0505202 0.0818047
 49 Q  49 0.1231367 0.0503035 0.0253091 0.0367085 0.0063248 0.1117131 0.1145382 0.0337971 0.0277964 0.0254451 0.0233226 0.0835931 0.0054326 0.0017119 0.0852299 0.0740746 0.0502327 0.0000000 0.0049341 0.0404644 0.0759318
 50 E  50 0.1260993 0.0569249 0.0180037 0.0465895 0.0039041 0.0630345 0.1648488 0.0461192 0.0326794 0.0285323 0.0450243 0.0272967 0.0089944 0.0029757 0.1196929 0.0431247 0.0321266 0.0035641 0.0093257 0.0396392 0.0815002
 51 T  51 0.1206231 0.0623321 0.0137969 0.0539375 0.0023483 0.0490787 0.0742258 0.0367504 0.0235570 0.0222595 0.0467525 0.0563859 0.0060954 0.0058361 0.0881559 0.0664378 0.1082457 0.0034495 0.0052189 0.0708596 0.0836535
 52 S  52 0.1737211 0.0382994 0.0267863 0.0491570 0.0034697 0.0427139 0.0962417 0.0282539 0.0181499 0.0235907 0.0490854 0.0432865 0.0064859 0.0035273 0.0976305 0.1074709 0.0500921 0.0000000 0.0068734 0.0493110 0.0858532
 53 K  53 0.0993197 0.0519304 0.0458675 0.0430650 0.0042601 0.0766478 0.0992149 0.0476169 0.0167456 0.0098999 0.0502793 0.0879377 0.0100380 0.0050939 0.0932577 0.0592727 0.0493620 0.0088683 0.0040741 0.0608676 0.0763810
 54 P  54 0.0896386 0.0507404 0.0153820 0.0331702 0.0018043 0.0506002 0.1168953 0.0241070 0.0204938 0.0239617 0.0564229 0.0302798 0.0017999 0.0039045 0.2317713 0.0675467 0.0432922 0.0008516 0.0026206 0.0468523 0.0878647
 55 S  55 0.1427378 0.0323706 0.0430639 0.0475076 0.0013411 0.0403421 0.0881564 0.0402900 0.0103288 0.0422067 0.0644302 0.0395438 0.0155659 0.0125227 0.0703541 0.1141494 0.0461440 0.0089983 0.0068655 0.0552862 0.0777948
 56 D  56 0.0822598 0.0418303 0.0419597 0.1131784 0.0062829 0.0379553 0.1121835 0.0426634 0.0138806 0.0270084 0.0796222 0.0352283 0.0088483 0.0083353 0.1092049 0.0654550 0.0381815 0.0040767 0.0076846 0.0455162 0.0786447
 57 D  57 0.0948913 0.0639539 0.0378654 0.1017263 0.0036328 0.0508859 0.0895904 0.0462722 0.0140481 0.0337723 0.0785686 0.0548235 0.0082359 0.0006946 0.1045540 0.0507077 0.0422231 0.0035616 0.0052780 0.0338312 0.0808833
 58 E  58 0.1164570 0.0595284 0.0350454 0.0697461 0.0049061 0.0518149 0.1190708 0.0381516 0.0231229 0.0140511 0.0169858 0.0612056 0.0144508 0.0133124 0.1008139 0.0765871 0.0412752 0.0043828 0.0157720 0.0374166 0.0859035
 59 F  59 0.0916640 0.0698387 0.0395021 0.1155163 0.0119126 0.0302672 0.0507742 0.0434825 0.0195079 0.0306181 0.0617200 0.0306510 0.0116323 0.0302278 0.0769041 0.1143494 0.0430746 0.0033759 0.0060679 0.0402045 0.0787090
 60 L  60 0.0329052 0.0233024 0.0063666 0.0078897 0.0117862 0.0157384 0.0103128 0.0362892 0.0125345 0.0548231 0.4329263 0.0069202 0.0189427 0.1363953 0.0327252 0.0234357 0.0244513 0.0123747 0.0214662 0.0335292 0.0448852
 61 R  61 0.1541342 0.1908902 0.0244446 0.0346745 0.0030746 0.0544616 0.0892901 0.0188533 0.0239837 0.0063707 0.0126877 0.0959333 0.0031937 0.0052578 0.0658990 0.0980356 0.0565097 0.0000000 0.0053415 0.0130810 0.0438835
 62 G  62 0.0331038 0.0303029 0.0603037 0.0552703 0.0042659 0.0139326 0.0253501 0.5521322 0.0201661 0.0000000 0.0000000 0.0180763 0.0000000 0.0000000 0.0843284 0.0339429 0.0135998 0.0000000 0.0000000 0.0029744 0.0522504
 63 K  63 0.0930488 0.1368132 0.0016926 0.0000000 0.0240173 0.0151022 0.0048834 0.0101276 0.0128526 0.0405239 0.2866487 0.1280008 0.0444464 0.0150748 0.0100995 0.0148884 0.0206194 0.0036446 0.0133430 0.0632706 0.0609023
 64 R  64 0.0070972 0.5661855 0.0402797 0.0078097 0.0087835 0.0243198 0.0051202 0.0018016 0.0862517 0.0000000 0.0057931 0.1275601 0.0000000 0.0015062 0.0237831 0.0415242 0.0157131 0.0000000 0.0048443 0.0044452 0.0271818
 65 V  65 0.0621423 0.0000000 0.0000000 0.0000000 0.0093503 0.0000000 0.0000000 0.0000000 0.0000000 0.3884182 0.0883909 0.0000000 0.0066708 0.0217171 0.0000000 0.0028151 0.0132107 0.0000000 0.0000000 0.4041246 0.0031601
 66 L  66 0.0024930 0.0000000 0.0000000 0.0000000 0.0082693 0.0000000 0.0000000 0.0000000 0.0000000 0.0041022 0.9682562 0.0000000 0.0058809 0.0000000 0.0000000 0.0000000 0.0000000 0.0000000 0.0000000 0.0047701 0.0062285
 67 V  67 0.0258165 0.0000000 0.0000000 0.0000000 0.0065653 0.0000000 0.0000000 0.0000000 0.0000000 0.1238602 0.4744138 0.0000000 0.0069809 0.0023061 0.0000000 0.0000000 0.0000000 0.0000000 0.0000000 0.3510452 0.0090119
 68 V  68 0.3555032 0.0000000 0.0000000 0.0000000 0.0043742 0.0000000 0.0000000 0.0000000 0.0000000 0.0196191 0.0035184 0.0000000 0.0027992 0.0011192 0.0000000 0.0000000 0.0091643 0.0000000 0.0000000 0.5948903 0.0090119
 69 D  69 0.0031276 0.0000000 0.0000000 0.3265157 0.0000000 0.0029010 0.6584438 0.0000000 0.0000000 0.0000000 0.0000000 0.0000000 0.0000000 0.0000000 0.0000000 0.0000000 0.0000000 0.0000000 0.0000000 0.0000000 0.0090119
 70 D  70 0.0060115 0.0000000 0.0044968 0.9516728 0.0000000 0.0000000 0.0014298 0.0031276 0.0000000 0.0000000 0.0000000 0.0027491 0.0000000 0.0000000 0.0108995 0.0027446 0.0000000 0.0000000 0.0038219 0.0000000 0.0130465
 71 N  71 0.0116284 0.0007786 0.6709919 0.1009070 0.0032124 0.0045583 0.0225860 0.0074237 0.0471751 0.0131979 0.0093744 0.0000000 0.0031915 0.0032735 0.0000000 0.0423861 0.0252731 0.0000000 0.0026832 0.0184915 0.0128672
 72 F  72 0.1304601 0.0436345 0.0020339 0.0965968 0.0000000 0.0315395 0.2122331 0.0042330 0.0039389 0.0172906 0.0408428 0.0528539 0.0100669 0.0239191 0.2459176 0.0138023 0.0145495 0.0020087 0.0062161 0.0351127 0.0127497
 73 I  73 0.0412915 0.0058569 0.0155774 0.0382391 0.0038219 0.0085872 0.0163143 0.0028187 0.0040203 0.2825129 0.1568252 0.0000000 0.0362447 0.0060613 0.0026035 0.0317860 0.1083766 0.0000000 0.0000000 0.2169690 0.0220938
 74 S  74 0.0630038 0.0022285 0.7456463 0.0000000 0.0081729 0.0062334 0.0038251 0.0015229 0.0014362 0.0234399 0.0095041 0.0000000 0.0085370 0.0011297 0.0000000 0.0350154 0.0404428 0.0000000 0.0027491 0.0211199 0.0259931
 75 R  75 0.0815477 0.3652094 0.0000000 0.0000000 0.0571996 0.3464322 0.0027092 0.0070473 0.0000000 0.0082996 0.0493847 0.0011297 0.0273294 0.0000000 0.0000000 0.0153130 0.0093672 0.0000000 0.0015862 0.0073831 0.0200616
 76 K  76 0.0232813 0.0701925 0.0163529 0.0646881 0.0018993 0.0929593 0.3570196 0.0015899 0.0114633 0.0380565 0.0847345 0.0997657 0.0415711 0.0134987 0.0000000 0.0103225 0.0339370 0.0000000 0.0026708 0.0148180 0.0211790
 77 V  77 0.0242929 0.0017695 0.0048925 0.0000000 0.0000000 0.0016542 0.0015146 0.0020687 0.0065768 0.3207255 0.1126545 0.0025277 0.0067791 0.0190323 0.0000000 0.0295077 0.0069128 0.0000000 0.0312669 0.4077285 0.0200958
 78 A  78 0.4198463 0.0000000 0.0000000 0.0000000 0.0048888 0.0000000 0.0000000 0.0083191 0.0000000 0.1044341 0.2072559 0.0000000 0.0386760 0.0323437 0.0000000 0.0133522 0.0430310 0.0000000 0.0027969 0.1105637 0.0144922
 79 T  79 0.0764208 0.1130912 0.0058457 0.0079144 0.0420380 0.0834300 0.0774451 0.0332012 0.0155862 0.0448636 0.0796086 0.0657653 0.0265557 0.0057415 0.0015257 0.0875774 0.1081943 0.0000000 0.0088816 0.1018216 0.0144922
 80 G  80 0.1249155 0.0871266 0.0206809 0.0496989 0.0030508 0.0551620 0.2071192 0.0871020 0.0324072 0.0209270 0.0411141 0.0637405 0.0192727 0.0186170 0.0000000 0.0526763 0.0823462 0.0000000 0.0105740 0.0135829 0.0098864
 81 K  81 0.0082698 0.0082607 0.0040555 0.0000000 0.0042996 0.0578344 0.0040601 0.0000000 0.0098026 0.1541708 0.3622748 0.0094144 0.2359180 0.0313125 0.0012962 0.0017410 0.0251029 0.0087984 0.0234145 0.0389333 0.0110405
 82 L  82 0.0101368 0.0000000 0.0000000 0.0000000 0.0050777 0.0000000 0.0000000 0.0010822 0.0000000 0.0190716 0.8838161 0.0000000 0.0229087 0.0235213 0.0000000 0.0059388 0.0009752 0.0000000 0.0000000 0.0136290 0.0138425
 83 K  83 0.0534808 0.1128227 0.0401809 0.0251807 0.0075622 0.0821083 0.3079907 0.0330114 0.0187516 0.0088205 0.0154956 0.1210092 0.0026275 0.0055260 0.0000000 0.0712822 0.0660990 0.0000000 0.0043108 0.0144374 0.0093025
 84 K  84 0.0662752 0.1203609 0.0406129 0.0763705 0.0025597 0.0578225 0.0975030 0.0394164 0.0213973 0.0141680 0.0178166 0.1857084 0.0565820 0.0044030 0.0239537 0.1162018 0.0226123 0.0007312 0.0061365 0.0117434 0.0176248
 85 M  85 0.1164822 0.0308831 0.0240487 0.0071102 0.0111566 0.0306631 0.0399429 0.0068489 0.0112269 0.0334904 0.2150131 0.0283263 0.0996712 0.0880792 0.0000000 0.0245431 0.0438271 0.0850209 0.0231013 0.0532365 0.0273284
 86 G  86 0.0016628 0.0144684 0.0314029 0.0224414 0.0014298 0.0117723 0.0104739 0.7987476 0.0025447 0.0000000 0.0027850 0.0256147 0.0000000 0.0000000 0.0029100 0.0176677 0.0047636 0.0000000 0.0000000 0.0000000 0.0513153
 87 V  87 0.0562799 0.0048102 0.0028457 0.0023894 0.0700221 0.0017191 0.0036435 0.0123570 0.0348600 0.0955452 0.1708751 0.0034928 0.0867430 0.1156752 0.0051764 0.0000000 0.0000000 0.0025328 0.0630659 0.0846269 0.1833394
 88 S  88 0.1340784 0.0368107 0.0296170 0.0089220 0.0075853 0.0166020 0.0138749 0.0070496 0.1278311 0.0105904 0.0255005 0.0223233 0.0114324 0.0085547 0.0007021 0.0867675 0.0805628 0.0020613 0.0143694 0.0115778 0.3431868
 89 E  89 0.0083800 0.1160702 0.0157175 0.0397085 0.0041533 0.0805799 0.1439249 0.0136543 0.0070747 0.0264073 0.0102348 0.0505513 0.0043097 0.0014909 0.0541267 0.0469331 0.0391212 0.0013537 0.0077773 0.0866612 0.2417695
 90 V  90 0.1055303 0.0000000 0.0000000 0.0016731 0.0439784 0.0020232 0.0000000 0.0026426 0.0017818 0.0780050 0.0193811 0.0038273 0.0030734 0.0132599 0.0007361 0.0034050 0.0326195 0.0032205 0.0058342 0.5960261 0.0829825
 91 E  91 0.0300934 0.0269727 0.0054325 0.2979062 0.0024280 0.0166888 0.2168433 0.0047134 0.0153937 0.0219673 0.0269173 0.0178198 0.0023052 0.0058679 0.0000000 0.0564695 0.1569250 0.0012296 0.0038303 0.0357985 0.0543977
 92 Q  92 0.0843995 0.0246091 0.0014831 0.0006688 0.0447194 0.0200513 0.0382029 0.0141913 0.0112092 0.1126081 0.1026125 0.0134567 0.0206971 0.0190221 0.0082791 0.0330306 0.1561204 0.0387450 0.0034484 0.2088811 0.0435642
 93 C  93 0.6517257 0.0025744 0.0000000 0.0000000 0.0220661 0.0000000 0.0008914 0.0037214 0.0024280 0.0030732 0.0027044 0.0035192 0.0008173 0.0038251 0.0000000 0.0074650 0.0323229 0.0000000 0.0102374 0.1996635 0.0529651
 94 D  94 0.1083692 0.0232869 0.0762377 0.0902064 0.0274135 0.0230841 0.2514657 0.0603399 0.0210052 0.0112176 0.0202488 0.0258492 0.0070139 0.0019453 0.0141675 0.0987233 0.0415336 0.0105711 0.0073127 0.0409985 0.0390097
 95 S  95 0.0013722 0.0021353 0.4620901 0.2566307 0.0000000 0.0026237 0.0079018 0.0193757 0.0199638 0.0000000 0.0000000 0.0044668 0.0000000 0.0000000 0.0000000 0.1507152 0.0232879 0.0000000 0.0038219 0.0000000 0.0456150
 96 G  96 0.0404520 0.0027491 0.0000000 0.0000000 0.0027850 0.0000000 0.0000000 0.9055510 0.0000000 0.0000000 0.0000000 0.0000000 0.0000000 0.0000000 0.0000000 0.0043074 0.0020281 0.0021865 0.0000000 0.0019294 0.0380116
 97 K  97 0.1267936 0.1282797 0.0105315 0.0145304 0.0023735 0.1772104 0.1159273 0.0089439 0.0146774 0.0203325 0.1002144 0.1152513 0.0107279 0.0192557 0.0201035 0.0241351 0.0107499 0.0000000 0.0059104 0.0413228 0.0327288
 98 E  98 0.0586571 0.0209558 0.0022757 0.0538098 0.0013300 0.1543981 0.5082218 0.0040063 0.0048207 0.0348783 0.0186783 0.0540476 0.0089064 0.0011606 0.0000000 0.0174307 0.0089720 0.0000000 0.0000000 0.0165647 0.0308861
 99 A  99 0.8451161 0.0000000 0.0000000 0.0000000 0.0312796 0.0000000 0.0000000 0.0496726 0.0000000 0.0039954 0.0016370 0.0000000 0.0000000 0.0000000 0.0000000 0.0059027 0.0031964 0.0000000 0.0000000 0.0276565 0.0315436
100 L 100 0.0061434 0.0010294 0.0000000 0.0000000 0.0125743 0.0000000 0.0008905 0.0000000 0.0000000 0.0917953 0.4352989 0.0017321 0.0097192 0.0085994 0.0018507 0.0000000 0.0032218 0.0041176 0.0076513 0.3822621 0.0331141
101 R 101 0.1195381 0.0658072 0.0376609 0.1975899 0.0024058 0.0574517 0.2956906 0.0112967 0.0071939 0.0040425 0.0164118 0.0411122 0.0017466 0.0000000 0.0042621 0.0424149 0.0277917 0.0000000 0.0035443 0.0112682 0.0527708
102 L 102 0.2333714 0.1345545 0.0000000 0.0009537 0.0165123 0.0303029 0.0305501 0.0031915 0.0089003 0.0427863 0.1473693 0.1112102 0.1019341 0.0111466 0.0000000 0.0120872 0.0183319 0.0056013 0.0079800 0.0199297 0.0632869
103 V 103 0.0853090 0.0000000 0.0000000 0.0016731 0.0158676 0.0029010 0.0000000 0.0044289 0.0000000 0.0642724 0.3115426 0.0000000 0.0174544 0.1539951 0.0000000 0.0015866 0.0040926 0.0178418 0.0199690 0.1992570 0.0998089
104 T 104 0.1123498 0.1582725 0.0092677 0.0116329 0.0151255 0.0899117 0.0966455 0.0084066 0.0123534 0.0156034 0.0355367 0.1209421 0.0170300 0.0014863 0.0032244 0.0596701 0.0456578 0.0000000 0.0017016 0.0079018 0.1772801
105 E 105 0.1167916 0.0451185 0.0464649 0.0607130 0.0014873 0.1104733 0.1290812 0.0231277 0.0168184 0.0008259 0.0032590 0.0531603 0.0021332 0.0007890 0.0038324 0.0563584 0.0268608 0.0000000 0.0058465 0.0049355 0.2919231
106 G 106 0.1880109 0.0094668 0.0568175 0.0055673 0.0000000 0.0206748 0.0098189 0.0730213 0.0194121 0.0015208 0.0100439 0.0100043 0.0108875 0.0026921 0.0032751 0.1332821 0.0096779 0.0015410 0.0020229 0.0041091 0.4281536
107 L 107 0.0831287 0.0131133 0.0180329 0.0064886 0.0042544 0.0173787 0.0234465 0.0281643 0.0195592 0.0134967 0.0417497 0.0106988 0.0199293 0.0045548 0.0293163 0.0274576 0.0087334 0.0021332 0.0016003 0.0379452 0.5888179
108 T 108 0.0381258 0.0145460 0.0069711 0.0178502 0.0043136 0.0157080 0.0471079 0.0089061 0.0045395 0.0052119 0.0329078 0.0118547 0.0052276 0.0050332 0.0248591 0.0138788 0.0238664 0.0028872 0.0024825 0.0254554 0.6882671
109 Q 109 0.0300329 0.0214561 0.0123368 0.0114015 0.0044060 0.0312422 0.0184169 0.0353945 0.0042588 0.0038388 0.0138909 0.0117022 0.0083733 0.0041895 0.0056860 0.0142143 0.0100884 0.0015184 0.0049856 0.0099249 0.7426420
110 R 110 0.0298666 0.0137426 0.0111088 0.0114212 0.0020389 0.0075211 0.0149972 0.0480738 0.0062501 0.0160896 0.0061779 0.0066544 0.0061882 0.0053014 0.0013759 0.0170867 0.0110926 0.0007196 0.0026153 0.0059225 0.7757557
111 E 111 0.0189729 0.0171332 0.0049577 0.0214010 0.0059579 0.0064135 0.0289989 0.0039868 0.0012058 0.0168100 0.0214301 0.0018507 0.0032843 0.0013644 0.0000000 0.0141224 0.0083255 0.0038209 0.0042095 0.0108837 0.8048709
112 E 112 0.0258901 0.0153670 0.0016008 0.0010909 0.0059696 0.0118295 0.0223230 0.0096959 0.0000000 0.0050189 0.0128642 0.0104996 0.0031601 0.0093308 0.0188406 0.0114794 0.0045686 0.0024506 0.0083471 0.0129194 0.8067541
113 Q 113 0.0192558 0.0072101 0.0030720 0.0067755 0.0024506 0.0202736 0.0085884 0.0094378 0.0040450 0.0192168 0.0108258 0.0048842 0.0062826 0.0174493 0.0054944 0.0115705 0.0121902 0.0072095 0.0117568 0.0098142 0.8021968
114 G 114 0.0657735 0.0078537 0.0023410 0.0048243 0.0019333 0.0097424 0.0248466 0.0202866 0.0111048 0.0042502 0.0150211 0.0085702 0.0048590 0.0032538 0.0026705 0.0199760 0.0155162 0.0012400 0.0017400 0.0060439 0.7681532
115 S 115 0.0655318 0.0082470 0.0112699 0.0141778 0.0040490 0.0070436 0.0171484 0.0084410 0.0159683 0.0126097 0.0238170 0.0175241 0.0089609 0.0008692 0.0007156 0.0351016 0.0086225 0.0039655 0.0027850 0.0104510 0.7227011
116 V 116 0.0723177 0.0210252 0.0118956 0.0103419 0.0062639 0.0162112 0.0119246 0.0161390 0.0160047 0.0113975 0.0138779 0.0177555 0.0114091 0.0000000 0.0042004 0.0334773 0.0172727 0.0000000 0.0115615 0.0199361 0.6769882
117 D 117 0.0311683 0.0266794 0.0116431 0.0341575 0.0000000 0.0253232 0.1043666 0.0411684 0.0011343 0.0169848 0.0084768 0.0221676 0.0035505 0.0023616 0.0441765 0.0252604 0.0190499 0.0000000 0.0000000 0.0052582 0.5770731
118 K 118 0.0297709 0.0736442 0.0185307 0.0246076 0.0064988 0.0325823 0.0325427 0.0822433 0.0099888 0.0084719 0.0195593 0.0549742 0.0033066 0.0000000 0.1121614 0.0297302 0.0196122 0.0000000 0.0009370 0.0044823 0.4363556
119 L 119 0.0194596 0.0678629 0.0324341 0.0665366 0.0000000 0.0910602 0.0729485 0.1340293 0.0360123 0.0047484 0.0236470 0.0710767 0.0000000 0.0044519 0.0153885 0.0072572 0.0251367 0.0044289 0.0120725 0.0074473 0.3040014
120 P 120 0.0380610 0.0699141 0.0161123 0.0825407 0.0027959 0.0173386 0.0277997 0.0089123 0.0395984 0.0017275 0.0012912 0.0297811 0.0023129 0.0052144 0.2225318 0.0497867 0.0771444 0.0046519 0.0642683 0.0018113 0.2364053
121 F 121 0.0000000 0.0000000 0.0000000 0.0038251 0.0022828 0.0000000 0.0000000 0.0000000 0.0012829 0.0029647 0.0013806 0.0000000 0.0000000 0.3488771 0.0025435 0.0000000 0.0000000 0.0045386 0.4860950 0.0084875 0.1377224
122 D 122 0.0640734 0.0098220 0.0100037 0.6960054 0.0011348 0.0273415 0.0297648 0.0104210 0.0223354 0.0008826 0.0032325 0.0046484 0.0014424 0.0058178 0.0021621 0.0262576 0.0043211 0.0000000 0.0022285 0.0011722 0.0769326
123 Y 123 0.1159374 0.0000000 0.0000000 0.0000000 0.0203875 0.0000000 0.0000000 0.0069904 0.0000000 0.0963982 0.4958788 0.0000000 0.0479310 0.0063132 0.0000000 0.0000000 0.0022397 0.0000000 0.0114506 0.1594282 0.0370448
124 I 124 0.0413270 0.0000000 0.0000000 0.0000000 0.0172260 0.0000000 0.0000000 0.0000000 0.0000000 0.4656387 0.0315075 0.0000000 0.0025399 0.0078392 0.0000000 0.0000000 0.0000000 0.0000000 0.0070119 0.3921906 0.0347192
125 F 125 0.0000000 0.0000000 0.0000000 0.0000000 0.0000000 0.0000000 0.0000000 0.0000000 0.0000000 0.0374490 0.7394103 0.0000000 0.0166498 0.1340647 0.0000000 0.0000000 0.0015453 0.0000000 0.0032667 0.0115283 0.0560859
126 M 126 0.0078523 0.0000000 0.0000000 0.0000000 0.0000000 0.0000000 0.0000000 0.0000000 0.0000000 0.0628028 0.0645309 0.0000000 0.7232153 0.0000000 0.0000000 0.0089681 0.0131281 0.0000000 0.0000000 0.0340314 0.0854712
127 D 127 0.0000000 0.0000000 0.0000000 0.9507472 0.0000000 0.0000000 0.0027715 0.0000000 0.0000000 0.0000000 0.0000000 0.0000000 0.0000000 0.0000000 0.0000000 0.0023178 0.0000000 0.0000000 0.0000000 0.0000000 0.0441635
128 C 128 0.0212997 0.0000000 0.0045263 0.0000000 0.1456104 0.0074423 0.0043542 0.0053256 0.0063114 0.2466351 0.0628932 0.0000000 0.1135453 0.0029556 0.0000000 0.0100293 0.0023905 0.1136172 0.0089634 0.1999373 0.0441635
129 Q 129 0.0067225 0.0902839 0.0284797 0.0024930 0.0025377 0.5882482 0.0182642 0.0000000 0.0511031 0.0000000 0.0137001 0.0652833 0.0494470 0.0000000 0.0000000 0.0251758 0.0000000 0.0000000 0.0043611 0.0062078 0.0476926
130 M 130 0.0000000 0.0000000 0.0025277 0.0000000 0.0000000 0.0000000 0.0000000 0.0000000 0.0000000 0.0000000 0.0553501 0.0000000 0.8975052 0.0000000 0.0000000 0.0000000 0.0000000 0.0000000 0.0000000 0.0000000 0.0446170
131 P 131 0.0060590 0.0000000 0.0039357 0.0020687 0.0000000 0.0000000 0.0027044 0.0032381 0.0000000 0.0000000 0.0000000 0.0000000 0.0000000 0.0000000 0.9336144 0.0058435 0.0000000 0.0000000 0.0000000 0.0000000 0.0425362
132 E 132 0.0051184 0.0295464 0.0413893 0.0808778 0.0000000 0.0194226 0.1844498 0.1406813 0.0110232 0.0457741 0.0132362 0.0397155 0.0033866 0.0013333 0.0054062 0.0045804 0.0031296 0.0006056 0.0000000 0.3316094 0.0387143
133 M 133 0.0013610 0.0039382 0.0000000 0.0000000 0.0064878 0.0032226 0.0031276 0.0027850 0.0000000 0.0366159 0.1171983 0.0071665 0.7453568 0.0000000 0.0014033 0.0000000 0.0088656 0.0013192 0.0000000 0.0224293 0.0387230
134 D 134 0.0000000 0.0000000 0.1216257 0.7625073 0.0038513 0.0000000 0.0076434 0.0200183 0.0009221 0.0000000 0.0000000 0.0000000 0.0000000 0.0000000 0.0000000 0.0365343 0.0081747 0.0000000 0.0000000 0.0000000 0.0387230
135 G 135 0.0000000 0.0000000 0.0000000 0.0017447 0.0000000 0.0000000 0.0000000 0.9540677 0.0000000 0.0000000 0.0000000 0.0000000 0.0000000 0.0000000 0.0000000 0.0038219 0.0000000 0.0000000 0.0000000 0.0000000 0.0403657
136 Y 136 0.0093500 0.0028439 0.0015065 0.0030947 0.0107081 0.0033475 0.0210470 0.0000000 0.0100035 0.1288637 0.2653148 0.0027446 0.0241028 0.0942051 0.0078072 0.0100572 0.0104541 0.0013806 0.2802720 0.0700032 0.0428934
137 E 137 0.0659628 0.0036780 0.0014615 0.0562271 0.0010270 0.0742401 0.6056399 0.0104196 0.0010678 0.0009191 0.0063223 0.0116056 0.0078755 0.0000000 0.0000000 0.0185114 0.0893618 0.0000000 0.0000000 0.0028655 0.0428151
138 A 138 0.6749260 0.0021827 0.0000000 0.0000000 0.0125246 0.0000000 0.0000000 0.0000000 0.0000000 0.0065796 0.0849149 0.0000000 0.0084458 0.0098999 0.0000000 0.0048782 0.1033004 0.0000000 0.0000000 0.0453446 0.0470034
139 T 139 0.1854519 0.0021827 0.0000000 0.0000000 0.0275670 0.0000000 0.0000000 0.0285273 0.0000000 0.0140767 0.0141370 0.0000000 0.0049124 0.0000000 0.0000000 0.0488706 0.5963083 0.0000000 0.0000000 0.0296672 0.0482988
140 R 140 0.0446370 0.5774741 0.0039455 0.0025449 0.0023300 0.0644909 0.0354586 0.0123794 0.0122861 0.0092425 0.0059930 0.1456955 0.0064320 0.0000000 0.0016700 0.0160559 0.0145620 0.0000000 0.0000000 0.0023053 0.0424973
141 E 141 0.2186896 0.2480099 0.0087972 0.0008689 0.0134518 0.0981985 0.0674694 0.0027021 0.0314750 0.0315056 0.0557292 0.0667963 0.0210402 0.0041720 0.0000000 0.0096455 0.0368963 0.0042020 0.0064053 0.0280294 0.0459159
142 I 142 0.0021827 0.0000000 0.0000000 0.0000000 0.0000000 0.0000000 0.0000000 0.0000000 0.0000000 0.7973319 0.1168301 0.0000000 0.0100464 0.0036451 0.0000000 0.0000000 0.0010743 0.0039771 0.0000000 0.0177777 0.0471347
143 R 143 0.0035168 0.8413922 0.0000000 0.0015806 0.0020957 0.0115686 0.0037324 0.0045034 0.0111547 0.0043163 0.0032078 0.0439539 0.0013721 0.0000000 0.0000000 0.0000000 0.0010042 0.0000000 0.0000000 0.0000000 0.0666012
144 K 144 0.2464605 0.0843841 0.0395590 0.0246592 0.0009421 0.0930708 0.1143408 0.0317864 0.0077967 0.0037454 0.0284242 0.1077487 0.0068580 0.0024334 0.0000000 0.0944437 0.0203378 0.0014008 0.0027431 0.0078954 0.0809698
145 V 145 0.0331760 0.0411787 0.0331272 0.0698332 0.0074852 0.0338995 0.0148503 0.0471576 0.0188341 0.0438987 0.2822969 0.0233407 0.0675243 0.0232872 0.0020113 0.0848349 0.0071930 0.0112062 0.0084720 0.0175734 0.1288197
146 E 146 0.0405072 0.0050558 0.0203987 0.0847723 0.0045436 0.0184126 0.2640013 0.0519969 0.0084953 0.0068307 0.0122415 0.0267608 0.0015151 0.0021010 0.1886640 0.0512778 0.0212937 0.0000000 0.0012566 0.0127204 0.1771546
147 K 147 0.1137727 0.1785059 0.0433255 0.0602054 0.0056050 0.0495050 0.0439273 0.1263226 0.0361985 0.0127436 0.0447349 0.0584679 0.0101455 0.0010479 0.0180152 0.0312707 0.0189609 0.0008721 0.0013644 0.0113990 0.1336099
148 S 148 0.0718707 0.0324919 0.0262724 0.0307705 0.0120983 0.0172964 0.0936649 0.1298953 0.0072539 0.0120692 0.0580665 0.0440434 0.0056295 0.0398005 0.1552714 0.0524222 0.0315091 0.0054425 0.0272262 0.0146382 0.1322673
149 Y 149 0.0959646 0.0596897 0.0248220 0.1824695 0.0099440 0.0444585 0.0588724 0.0469062 0.0132019 0.0152542 0.0443392 0.0395691 0.0069542 0.0072174 0.0143537 0.0523534 0.0616539 0.0065614 0.0295391 0.0407689 0.1451068
150 G 150 0.2148944 0.0206095 0.0544211 0.0586807 0.0078328 0.0153005 0.0118153 0.2237237 0.0164327 0.0138968 0.0391564 0.0452680 0.0048057 0.0119936 0.0143448 0.0446110 0.0105653 0.0166439 0.0055079 0.0186126 0.1508834
151 V 151 0.1536737 0.1051079 0.0177399 0.0168334 0.0136040 0.0344449 0.0174739 0.0258623 0.0118091 0.0207525 0.0435595 0.1189835 0.0102408 0.0047031 0.1168537 0.0510185 0.0325599 0.0044767 0.0087400 0.0338360 0.1577266
152 R 152 0.0285291 0.1666225 0.0477625 0.0929304 0.0024551 0.0493833 0.0646247 0.0252989 0.0996851 0.0038291 0.0058618 0.0503855 0.0024506 0.0008340 0.0231278 0.0745525 0.1128096 0.0024608 0.0077374 0.0103363 0.1283228
153 T 153 0.0055171 0.0093260 0.0000000 0.0000000 0.0042722 0.0052087 0.0000000 0.0037979 0.0000000 0.2864891 0.2174810 0.0056369 0.0236213 0.0011176 0.0190078 0.0048651 0.1101812 0.0000000 0.0000000 0.2007420 0.1027361
154 P 154 0.0097739 0.0095374 0.0009575 0.0000000 0.0017430 0.0006669 0.0016306 0.0000000 0.0044803 0.0039957 0.0264456 0.0052462 0.0063347 0.0019578 0.7421418 0.0030736 0.0157343 0.0007087 0.0058862 0.0199950 0.1396908
155 I 155 0.0048427 0.0021968 0.0000000 0.0000000 0.0020206 0.0000000 0.0000000 0.0000000 0.0000000 0.7385602 0.0128008 0.0000000 0.0117944 0.0037324 0.0000000 0.0000000 0.0029747 0.0000000 0.0000000 0.1171190 0.1039584
156 I 156 0.0056854 0.0000000 0.0000000 0.0000000 0.0020404 0.0000000 0.0000000 0.0000000 0.0000000 0.5878691 0.0864688 0.0000000 0.0076321 0.0073433 0.0000000 0.0021066 0.0011751 0.0000000 0.0041188 0.2266072 0.0689531
157 A 157 0.7074418 0.0000000 0.0000000 0.0000000 0.0000000 0.0000000 0.0000000 0.0198457 0.0000000 0.0408475 0.0407882 0.0000000 0.0761557 0.0030825 0.0000000 0.0078401 0.0000000 0.0000000 0.0000000 0.0173228 0.0866758
158 V 158 0.0015795 0.0000000 0.0000000 0.0000000 0.0000000 0.0022881 0.0000000 0.0024251 0.0000000 0.0421577 0.3422243 0.0000000 0.4137421 0.0081289 0.0000000 0.0021819 0.0097431 0.0000000 0.0000000 0.0897979 0.0857314
159 S 159 0.0038251 0.0000000 0.0000000 0.0000000 0.0000000 0.0000000 0.0000000 0.0000000 0.0000000 0.0024548 0.0037371 0.0000000 0.0000000 0.0000000 0.0000000 0.1070391 0.8115496 0.0000000 0.0000000 0.0000000 0.0713943
160 G 160 0.8088516 0.0000000 0.0000000 0.0000000 0.0000000 0.0016144 0.0000000 0.0232706 0.0000000 0.0000000 0.0000000 0.0000000 0.0000000 0.0000000 0.0044093 0.0505033 0.0058364 0.0000000 0.0030720 0.0009733 0.1014691
161 H 161 0.0114304 0.0040223 0.4131219 0.0141726 0.0010490 0.0181736 0.0018699 0.0180384 0.1725091 0.0032754 0.0082933 0.0040169 0.0043075 0.0159314 0.0000000 0.0391687 0.0056578 0.0000000 0.1437401 0.0084674 0.1127542
162 D 162 0.6113148 0.0047349 0.0056221 0.0825446 0.0000000 0.0000000 0.0051988 0.0440086 0.0014362 0.0000000 0.0075339 0.0029970 0.0018995 0.0000000 0.0046748 0.0342967 0.0095746 0.0030720 0.0000000 0.0418331 0.1392584
163 P 163 0.0176838 0.0168533 0.0048229 0.0061163 0.0027253 0.0100086 0.0082577 0.0086861 0.0063594 0.0342229 0.1380170 0.0031189 0.2515881 0.0063195 0.0094144 0.0122060 0.0279635 0.0243634 0.0024510 0.0505265 0.3582956
164 G 164 0.0605347 0.0626763 0.0091625 0.0231541 0.0000000 0.0747184 0.0523730 0.0213886 0.0080451 0.0194743 0.0271549 0.0823972 0.0097330 0.2318831 0.0347834 0.0682320 0.0225715 0.0232543 0.0228228 0.0226785 0.1229623
165 S 165 0.1062540 0.0241282 0.0066294 0.0698162 0.0053018 0.0155756 0.0884875 0.3122401 0.0084452 0.0054200 0.0107699 0.0284338 0.0027253 0.0021819 0.0393473 0.1110808 0.0304667 0.0000000 0.0008104 0.0146646 0.1172215
166 E 166 0.0094997 0.0183602 0.0121308 0.3053710 0.0048185 0.0252736 0.3787204 0.0048587 0.0039467 0.0171675 0.0018317 0.0026591 0.0000000 0.0052832 0.0000000 0.0060146 0.0076803 0.0000000 0.0136547 0.0035422 0.1791873
167 E 167 0.0056689 0.2488506 0.0115214 0.4396673 0.0011682 0.0319410 0.0753632 0.0000000 0.0071101 0.0350393 0.0054178 0.0059143 0.0039354 0.0000000 0.0000000 0.0093665 0.0121743 0.0000000 0.0015406 0.0192584 0.0860627
168 A 168 0.0834192 0.1279496 0.0088563 0.0282338 0.0024382 0.0132419 0.0738640 0.0224780 0.0115624 0.0953629 0.0181688 0.1001507 0.0204615 0.0029286 0.0007029 0.0236460 0.0097926 0.0067841 0.0012522 0.0981042 0.2506021
169 R 169 0.0485517 0.0997416 0.0114877 0.0511808 0.0000000 0.1408727 0.3744737 0.0059908 0.0096992 0.0034542 0.0073630 0.0859496 0.0035273 0.0007583 0.0000000 0.0196733 0.0100367 0.0019375 0.0045252 0.0067669 0.1140098
170 E 170 0.1112634 0.2292419 0.0167612 0.0124564 0.0032455 0.0268583 0.0662365 0.0074239 0.0184962 0.0087288 0.0474635 0.2333447 0.0178041 0.0048482 0.0082505 0.0259156 0.0219347 0.0008822 0.0064247 0.0123795 0.1200403
171 T 171 0.2238270 0.0022154 0.0041273 0.0034328 0.4149891 0.0000000 0.0000000 0.0035903 0.0000000 0.0073621 0.0168870 0.0043331 0.0013244 0.0885108 0.0000000 0.0826442 0.0279727 0.0000000 0.0156186 0.0200308 0.0831344
172 I 172 0.0139822 0.0988263 0.0011563 0.0019274 0.0000000 0.0160291 0.0174533 0.0035269 0.0165069 0.0851748 0.4749615 0.0543647 0.0343666 0.0437134 0.0000000 0.0031357 0.0113571 0.0021383 0.0115048 0.0207836 0.0890912
173 Q 173 0.2724554 0.0271466 0.0367777 0.1297109 0.0000000 0.0947230 0.2150836 0.0084204 0.0030589 0.0043946 0.0069373 0.0408316 0.0019546 0.0020233 0.0000000 0.0584157 0.0120772 0.0000000 0.0000000 0.0042941 0.0816951
174 A 174 0.6166002 0.0008653 0.0092359 0.0030720 0.0130247 0.0052618 0.0074577 0.0070404 0.0092689 0.0200758 0.0304469 0.0097153 0.0022583 0.0008474 0.0000000 0.0837203 0.0095739 0.0000000 0.0029838 0.0793311 0.0892202
175 G 175 0.0009069 0.0024229 0.0000000 0.0033776 0.0000000 0.0040654 0.0029884 0.8768691 0.0024506 0.0000000 0.0000000 0.0010991 0.0000000 0.0000000 0.0000000 0.0080405 0.0000000 0.0000000 0.0000000 0.0011253 0.0966544
176 M 176 0.0436582 0.0000000 0.0000000 0.0000000 0.0098763 0.0000000 0.0016746 0.0018208 0.0000000 0.0418462 0.0222210 0.0000000 0.6775035 0.0430005 0.0023905 0.0000000 0.0030668 0.0000000 0.0018317 0.0567340 0.0943760
177 D 177 0.0184199 0.0024280 0.3877323 0.3615627 0.0042423 0.0188771 0.0050411 0.0062748 0.0039448 0.0037704 0.0024280 0.0022403 0.0000000 0.0000000 0.0000000 0.0409378 0.0428736 0.0000000 0.0000000 0.0092733 0.0899535
178 A 178 0.1948853 0.0087695 0.0086974 0.4293059 0.0000000 0.0008604 0.0574965 0.1693163 0.0011177 0.0025618 0.0051429 0.0053796 0.0031421 0.0013824 0.0000000 0.0180930 0.0017486 0.0000000 0.0062440 0.0049531 0.0809034
179 F 179 0.0032177 0.0011682 0.0000000 0.0000000 0.0096846 0.0029640 0.0000000 0.0000000 0.2559744 0.0032124 0.0104825 0.0000000 0.0000000 0.2390770 0.0000000 0.0026465 0.0000000 0.0017782 0.3647718 0.0337431 0.0712797
180 L 180 0.0037134 0.0000000 0.0000000 0.0000000 0.0106193 0.0000000 0.0020383 0.0000000 0.0000000 0.2554111 0.4818243 0.0000000 0.0101958 0.0080342 0.0000000 0.0012537 0.0036606 0.0000000 0.0000000 0.1565317 0.0667176
