   73         A         R         N         D         C         Q         E         G         H         I         L         K         M         F         P         S         T         W         Y         V         X    
  1 G   1 0.0224203 0.0000000 0.0000000 0.0000000 0.0000000 0.0000000 0.0000000 0.0453616 0.0000000 0.0000000 0.0000000 0.0000000 0.0000000 0.0000000 0.0000000 0.0255162 0.0141350 0.0000000 0.0000000 0.0000000 0.8925668
  2 T   2 0.0000000 0.0000000 0.0956983 0.0000000 0.0000000 0.0000000 0.0000000 0.0000000 0.0000000 0.0000000 0.0000000 0.0000000 0.0000000 0.0000000 0.0000000 0.0510113 0.5754140 0.0000000 0.0000000 0.0000000 0.2778763
  3 K   3 0.0658303 0.0777371 0.0000000 0.0000000 0.0000000 0.0000000 0.0000000 0.0000000 0.0000000 0.0000000 0.0000000 0.5494632 0.0000000 0.0000000 0.0000000 0.0000000 0.0377186 0.0000000 0.0000000 0.0818597 0.1873911
  4 T   4 0.0141350 0.0000000 0.0000000 0.0191360 0.0000000 0.2366859 0.1212036 0.0000000 0.0358543 0.0931528 0.0668450 0.0363240 0.0224203 0.0000000 0.0000000 0.0000000 0.1330007 0.0000000 0.0000000 0.0448633 0.1763792
  5 D   5 0.0181362 0.0000000 0.0000000 0.4728350 0.0000000 0.0129584 0.2618176 0.0000000 0.0000000 0.0000000 0.0000000 0.0179062 0.0000000 0.0000000 0.0000000 0.0168566 0.0157193 0.0000000 0.0448633 0.0000000 0.1389074
  6 Y   6 0.0000000 0.0000000 0.0000000 0.0000000 0.0000000 0.0000000 0.0000000 0.0000000 0.0000000 0.0000000 0.0312027 0.0000000 0.0000000 0.0429070 0.0000000 0.0000000 0.0000000 0.3730657 0.4139173 0.0000000 0.1389074
  7 L   7 0.0000000 0.0000000 0.0000000 0.0000000 0.0000000 0.0000000 0.0000000 0.0000000 0.0000000 0.0184326 0.7606901 0.0092715 0.0000000 0.0000000 0.0000000 0.0000000 0.0000000 0.0000000 0.0000000 0.0726984 0.1389074
  8 M   8 0.0000000 0.0353816 0.0213140 0.0000000 0.0000000 0.0000000 0.0235493 0.0000000 0.0608758 0.0312027 0.2320797 0.0000000 0.2585729 0.0494812 0.0000000 0.0000000 0.0000000 0.0000000 0.1650020 0.0000000 0.1225407
  9 R   9 0.0000000 0.2472544 0.0000000 0.0000000 0.0000000 0.2257457 0.0000000 0.0000000 0.0000000 0.0000000 0.0000000 0.3389230 0.0000000 0.0000000 0.0000000 0.0000000 0.0655362 0.0000000 0.0000000 0.0000000 0.1225407
 10 L  10 0.0000000 0.0000000 0.0000000 0.0000000 0.0000000 0.0000000 0.0000000 0.0000000 0.0101731 0.0000000 0.4794179 0.0000000 0.0000000 0.3474791 0.0000000 0.0000000 0.0000000 0.0000000 0.0000000 0.0403891 0.1225407
 11 R  11 0.0000000 0.8774593 0.0000000 0.0000000 0.0000000 0.0000000 0.0000000 0.0000000 0.0000000 0.0000000 0.0000000 0.0000000 0.0000000 0.0000000 0.0000000 0.0000000 0.0000000 0.0000000 0.0000000 0.0000000 0.1225407
 12 K  12 0.0000000 0.4291311 0.0448633 0.0000000 0.0000000 0.0000000 0.0000000 0.0000000 0.0000000 0.0000000 0.0000000 0.3779487 0.0000000 0.0000000 0.0000000 0.0000000 0.0000000 0.0000000 0.0000000 0.0255162 0.1225407
 13 C  13 0.0000000 0.0000000 0.0000000 0.0000000 0.5992085 0.0000000 0.0000000 0.0000000 0.0000000 0.0761959 0.0000000 0.0000000 0.0000000 0.0715918 0.0000000 0.0180726 0.0000000 0.0000000 0.0260590 0.0863315 0.1225407
 14 T  14 0.0000000 0.0748347 0.0864207 0.0000000 0.0000000 0.0130343 0.0255162 0.0000000 0.0163667 0.0000000 0.0000000 0.0312027 0.0403891 0.0000000 0.0572409 0.3554187 0.2067394 0.0000000 0.0000000 0.0000000 0.0928364
 15 T  15 0.0000000 0.0000000 0.1153398 0.0536230 0.0000000 0.0000000 0.0288764 0.0000000 0.0000000 0.0255162 0.0000000 0.0163667 0.0000000 0.0000000 0.0000000 0.3669976 0.3004438 0.0000000 0.0000000 0.0000000 0.0928364
 16 I  16 0.0000000 0.1486608 0.0000000 0.0180726 0.0000000 0.0357479 0.0403891 0.0347979 0.0000000 0.1612619 0.1832053 0.0367619 0.0205892 0.0349929 0.0470093 0.0333812 0.0622885 0.0000000 0.0000000 0.0500049 0.0928364
 17 D  17 0.0141781 0.0000000 0.0724252 0.4057453 0.0123776 0.0077330 0.3034477 0.0104595 0.0000000 0.0000000 0.0000000 0.0485153 0.0000000 0.0000000 0.0000000 0.0322817 0.0000000 0.0000000 0.0000000 0.0000000 0.0928364
 18 T  18 0.0000000 0.0000000 0.0000000 0.0000000 0.0000000 0.0000000 0.0000000 0.0000000 0.0000000 0.0448633 0.0347979 0.0000000 0.0000000 0.0000000 0.0000000 0.2154143 0.6120880 0.0000000 0.0000000 0.0000000 0.0928364
 19 L  19 0.0000000 0.0000000 0.0000000 0.0000000 0.0000000 0.0000000 0.0000000 0.0000000 0.0000000 0.0000000 0.8805521 0.0000000 0.0000000 0.0000000 0.0000000 0.0000000 0.0000000 0.0000000 0.0000000 0.0266115 0.0928364
 20 E  20 0.0000000 0.0000000 0.0000000 0.1321744 0.0000000 0.0190755 0.7559137 0.0000000 0.0000000 0.0000000 0.0000000 0.0000000 0.0000000 0.0000000 0.0000000 0.0000000 0.0000000 0.0000000 0.0000000 0.0000000 0.0928364
 21 R  21 0.0000000 0.2147953 0.0000000 0.0000000 0.0000000 0.0101297 0.0000000 0.0000000 0.0000000 0.0448633 0.0000000 0.5750739 0.0000000 0.0000000 0.0000000 0.0000000 0.0957532 0.0000000 0.0000000 0.0000000 0.0593846
 22 V  22 0.0000000 0.0000000 0.0000000 0.0000000 0.0000000 0.0000000 0.0000000 0.0000000 0.0000000 0.1458945 0.1241921 0.0000000 0.0923107 0.0000000 0.0000000 0.0000000 0.0000000 0.0000000 0.0403891 0.5972135 0.0000000
 23 I  23 0.0892943 0.0000000 0.0210381 0.0000000 0.0000000 0.0000000 0.0000000 0.0000000 0.0000000 0.4666361 0.0000000 0.0000000 0.0000000 0.1557878 0.0000000 0.0000000 0.0448633 0.0000000 0.1169512 0.1054293 0.0000000
 24 E  24 0.0107428 0.0000000 0.0000000 0.1999014 0.0094314 0.0159150 0.4982657 0.0224203 0.0529873 0.0000000 0.0000000 0.0000000 0.0000000 0.0000000 0.0312027 0.1252483 0.0338851 0.0000000 0.0000000 0.0000000 0.0000000
 25 K  25 0.0000000 0.2140283 0.0000000 0.0000000 0.0000000 0.0000000 0.0000000 0.0000000 0.3108863 0.0377186 0.0255162 0.3092715 0.0000000 0.0000000 0.0000000 0.0577157 0.0000000 0.0000000 0.0448633 0.0000000 0.0000000
 26 N  26 0.0000000 0.0000000 0.2673270 0.0000000 0.0000000 0.0104552 0.0000000 0.0000000 0.0000000 0.0633556 0.2642404 0.0919501 0.1338854 0.0000000 0.0000000 0.0000000 0.1687862 0.0000000 0.0000000 0.0000000 0.0000000
 27 K  27 0.0155995 0.2751340 0.1597944 0.0000000 0.0479513 0.0192564 0.0564079 0.0000000 0.0000000 0.0000000 0.0714692 0.2566336 0.0000000 0.0000000 0.0000000 0.0883223 0.0094314 0.0000000 0.0000000 0.0000000 0.0000000
 28 Y  28 0.0000000 0.0129614 0.0085136 0.1735400 0.0000000 0.0000000 0.0730127 0.0107428 0.0000000 0.0000000 0.0000000 0.1140023 0.0265731 0.0000000 0.0180726 0.0000000 0.0000000 0.0000000 0.5346385 0.0000000 0.0279430
 29 E  29 0.0000000 0.0520016 0.0429398 0.0451208 0.0085136 0.0000000 0.1295954 0.0000000 0.0000000 0.0000000 0.0000000 0.3725364 0.0000000 0.0000000 0.0000000 0.1936437 0.0873165 0.0000000 0.0000000 0.0403891 0.0279430
 30 L  30 0.0312027 0.0000000 0.0349929 0.0000000 0.0000000 0.0000000 0.0000000 0.0553611 0.0000000 0.0432196 0.7388338 0.0000000 0.0000000 0.0265731 0.0000000 0.0000000 0.0000000 0.0000000 0.0000000 0.0418739 0.0279430
 31 S  31 0.0600817 0.0000000 0.0298543 0.0819726 0.0000000 0.0000000 0.0000000 0.0000000 0.0204867 0.0000000 0.0341800 0.0255162 0.0000000 0.0000000 0.1572413 0.2806713 0.2820529 0.0000000 0.0000000 0.0000000 0.0279430
 32 D  32 0.1062688 0.0000000 0.0720983 0.2588292 0.0000000 0.0000000 0.0065951 0.1672560 0.0000000 0.0000000 0.0587567 0.0339876 0.0000000 0.0000000 0.1450107 0.0401654 0.0367099 0.0000000 0.0235493 0.0000000 0.0507730
 33 D  33 0.1010086 0.0000000 0.0715694 0.3180629 0.0000000 0.0000000 0.1010328 0.0000000 0.0000000 0.0181362 0.0000000 0.0869944 0.0000000 0.0000000 0.0000000 0.1112283 0.1110763 0.0000000 0.0000000 0.0301181 0.0507730
 34 E  34 0.0349929 0.0000000 0.0000000 0.1325055 0.0000000 0.0000000 0.7157351 0.0000000 0.0129584 0.0000000 0.0000000 0.0264621 0.0000000 0.0000000 0.0000000 0.0265731 0.0000000 0.0000000 0.0000000 0.0000000 0.0507730
 35 L  35 0.0375057 0.0395888 0.0000000 0.0000000 0.0000000 0.0000000 0.0736054 0.0000000 0.0000000 0.1482532 0.4141138 0.0000000 0.0267000 0.0403891 0.0187878 0.0900381 0.0000000 0.0265731 0.0336721 0.0000000 0.0507730
 36 E  36 0.0251564 0.0000000 0.0446457 0.0000000 0.0000000 0.0000000 0.3834873 0.0320368 0.0000000 0.1078781 0.1168019 0.0000000 0.0403891 0.0704178 0.0000000 0.0755270 0.0157193 0.0000000 0.0104552 0.0267124 0.0507730
 37 L  37 0.2496616 0.0638057 0.1493391 0.0000000 0.0000000 0.0000000 0.0349929 0.0000000 0.0184326 0.0372441 0.0696312 0.0312027 0.0287914 0.0265731 0.0101731 0.1238009 0.0489074 0.0000000 0.0155995 0.0410715 0.0507730
 38 F  38 0.0000000 0.0000000 0.0000000 0.0000000 0.0000000 0.0000000 0.0000000 0.0000000 0.0000000 0.0428397 0.0785287 0.0000000 0.1786643 0.5934444 0.0000000 0.0000000 0.0000000 0.0000000 0.0000000 0.0557500 0.0507730
 39 Y  39 0.0000000 0.0000000 0.2155638 0.0000000 0.0434014 0.0527476 0.0621899 0.0000000 0.0000000 0.0312027 0.0778978 0.0000000 0.0255162 0.0255307 0.0000000 0.0349929 0.0740874 0.0000000 0.3060967 0.0000000 0.0507730
 40 S  40 0.1971198 0.1493391 0.0000000 0.0000000 0.0000000 0.0293251 0.0000000 0.1389769 0.0000000 0.0000000 0.0190755 0.0000000 0.0129614 0.0000000 0.0000000 0.3163074 0.0403891 0.0000000 0.0000000 0.0000000 0.0965057
 41 A  41 0.8385171 0.0000000 0.0000000 0.0000000 0.0000000 0.0000000 0.0000000 0.0000000 0.0000000 0.0000000 0.0000000 0.0000000 0.0000000 0.0000000 0.0000000 0.0000000 0.0000000 0.0000000 0.0000000 0.0215758 0.1399071
 42 A  42 0.5362219 0.0000000 0.0000000 0.0000000 0.0000000 0.0000000 0.0000000 0.0000000 0.0000000 0.0312027 0.0000000 0.0000000 0.0000000 0.0000000 0.0000000 0.0159150 0.0000000 0.0000000 0.1509365 0.1258167 0.1399071
 43 D  43 0.0000000 0.0000000 0.0000000 0.8197038 0.0000000 0.0000000 0.0403891 0.0000000 0.0000000 0.0000000 0.0000000 0.0000000 0.0000000 0.0000000 0.0000000 0.0000000 0.0000000 0.0000000 0.0000000 0.0000000 0.1399071
 44 H  44 0.0000000 0.0000000 0.0210381 0.0000000 0.0000000 0.0000000 0.0000000 0.0000000 0.8390548 0.0000000 0.0000000 0.0000000 0.0000000 0.0000000 0.0000000 0.0000000 0.0000000 0.0000000 0.0000000 0.0000000 0.1399071
 45 R  45 0.0000000 0.8631307 0.0000000 0.0000000 0.0000000 0.0000000 0.0000000 0.0000000 0.0000000 0.0000000 0.0000000 0.0000000 0.0000000 0.0000000 0.0000000 0.0000000 0.0000000 0.0215758 0.0000000 0.0000000 0.1152935
 46 L  46 0.0000000 0.3052426 0.0000000 0.0000000 0.0000000 0.0312027 0.0000000 0.0245473 0.0000000 0.0000000 0.3448076 0.1352173 0.0190755 0.0000000 0.0000000 0.0246136 0.0000000 0.0000000 0.0000000 0.0000000 0.1152935
 47 A  47 0.8197701 0.0000000 0.0000000 0.0000000 0.0000000 0.0000000 0.0000000 0.0000000 0.0000000 0.0000000 0.0000000 0.0000000 0.0000000 0.0000000 0.0000000 0.0000000 0.0000000 0.0000000 0.0000000 0.0649364 0.1152935
 48 E  48 0.0000000 0.0000000 0.0000000 0.0000000 0.0000000 0.0000000 0.8600929 0.0246136 0.0000000 0.0000000 0.0000000 0.0000000 0.0000000 0.0000000 0.0000000 0.0000000 0.0000000 0.0000000 0.0000000 0.0000000 0.1152935
 49 L  49 0.0000000 0.0246136 0.0000000 0.0000000 0.0000000 0.0000000 0.0000000 0.0000000 0.0000000 0.2095498 0.6157437 0.0000000 0.0184326 0.0163667 0.0000000 0.0000000 0.0000000 0.0000000 0.0000000 0.0000000 0.1152935
 50 T  50 0.1391870 0.0403891 0.0000000 0.0000000 0.0000000 0.0000000 0.0000000 0.0000000 0.0000000 0.1101539 0.0000000 0.0255162 0.0000000 0.0000000 0.0000000 0.0271154 0.3669651 0.0000000 0.0157193 0.1596605 0.1152935
 51 M  51 0.0886315 0.0000000 0.0000000 0.0246136 0.0180726 0.0000000 0.0000000 0.1241921 0.0000000 0.0000000 0.0000000 0.0000000 0.4751736 0.0000000 0.0000000 0.0277818 0.1080522 0.0000000 0.0000000 0.0181892 0.1152935
 52 N  52 0.0000000 0.0000000 0.3434171 0.0246136 0.0000000 0.0190755 0.0000000 0.4288156 0.0180726 0.0000000 0.0000000 0.0507122 0.0000000 0.0000000 0.0000000 0.0000000 0.0000000 0.0000000 0.0000000 0.0000000 0.1152935
 53 K  53 0.0000000 0.2151280 0.0000000 0.0000000 0.0000000 0.0224203 0.0448633 0.0000000 0.0000000 0.0000000 0.0000000 0.5767787 0.0000000 0.0000000 0.0000000 0.0000000 0.0000000 0.0000000 0.0000000 0.0255162 0.1152935
 54 L  54 0.0000000 0.0000000 0.0000000 0.0000000 0.0000000 0.0000000 0.0000000 0.0000000 0.0312027 0.0766346 0.6588917 0.0000000 0.0000000 0.0102316 0.0000000 0.0245473 0.0448633 0.0000000 0.0383353 0.0000000 0.1152935
 55 Y  55 0.0000000 0.0000000 0.0000000 0.0000000 0.0000000 0.0000000 0.0000000 0.0000000 0.0000000 0.0000000 0.0000000 0.0000000 0.0000000 0.3355986 0.0000000 0.0000000 0.0000000 0.0173266 0.5317814 0.0000000 0.1152935
 56 D  56 0.0000000 0.0000000 0.0148078 0.8004218 0.0000000 0.0000000 0.0000000 0.0000000 0.0000000 0.0000000 0.0000000 0.0000000 0.0000000 0.0000000 0.0000000 0.0213140 0.0235493 0.0000000 0.0000000 0.0000000 0.1399071
 57 K  57 0.0000000 0.1950535 0.0000000 0.0000000 0.0000000 0.0391092 0.0787465 0.0000000 0.0000000 0.0000000 0.0354437 0.4890833 0.0000000 0.0000000 0.0000000 0.0000000 0.0000000 0.0000000 0.0000000 0.0226566 0.1399071
 58 I  58 0.0210381 0.0000000 0.0000000 0.0000000 0.0000000 0.0000000 0.0000000 0.0000000 0.0000000 0.2794137 0.0000000 0.0000000 0.0000000 0.0000000 0.0000000 0.0000000 0.0000000 0.0000000 0.0000000 0.5495044 0.1500438
 59 P  59 0.0000000 0.0000000 0.0000000 0.0000000 0.0000000 0.0000000 0.0000000 0.0000000 0.0000000 0.0000000 0.0000000 0.0000000 0.0000000 0.0000000 0.8499562 0.0000000 0.0000000 0.0000000 0.0000000 0.0000000 0.1500438
 60 P  60 0.2150984 0.0000000 0.0079212 0.0000000 0.0000000 0.0131303 0.0384746 0.0290154 0.0000000 0.0000000 0.0163667 0.2345778 0.0312027 0.0190755 0.1330342 0.0700705 0.0183284 0.0000000 0.0000000 0.0236603 0.1500438
 61 T  61 0.0236332 0.0000000 0.0414958 0.0235493 0.0000000 0.0000000 0.0828513 0.1130702 0.0756443 0.0000000 0.0000000 0.0155995 0.0000000 0.0000000 0.0000000 0.3061977 0.1224880 0.0000000 0.0375057 0.0079212 0.1500438
 62 V  62 0.0492753 0.0000000 0.0000000 0.0000000 0.0000000 0.0000000 0.0000000 0.0000000 0.0000000 0.0725466 0.1005387 0.0000000 0.0159150 0.0000000 0.0000000 0.0000000 0.0000000 0.0000000 0.0000000 0.6116806 0.1500438
 63 W  63 0.0000000 0.0000000 0.0000000 0.0000000 0.0000000 0.0000000 0.0000000 0.0000000 0.0000000 0.0000000 0.0000000 0.0000000 0.0000000 0.0403891 0.0000000 0.0000000 0.0000000 0.8095670 0.0000000 0.0000000 0.1500438
 64 Q  64 0.0657811 0.2009572 0.0000000 0.0000000 0.0000000 0.1173996 0.0000000 0.0000000 0.1100532 0.0000000 0.0000000 0.3207721 0.0000000 0.0000000 0.0000000 0.0000000 0.0349929 0.0000000 0.0000000 0.0000000 0.1500438
 65 H  65 0.0000000 0.0000000 0.0000000 0.0000000 0.0000000 0.0496943 0.0000000 0.0000000 0.0968591 0.0000000 0.1281107 0.0000000 0.0000000 0.1788846 0.0000000 0.0000000 0.0000000 0.0000000 0.3560184 0.0000000 0.1904330
 66 V  66 0.0000000 0.0000000 0.0000000 0.0000000 0.0000000 0.0000000 0.0000000 0.0000000 0.0000000 0.1080222 0.0000000 0.0000000 0.0000000 0.0000000 0.0000000 0.0000000 0.0000000 0.0000000 0.0000000 0.7015448 0.1904330
 67 K  67 0.0000000 0.2240666 0.0000000 0.0000000 0.0000000 0.0528834 0.0000000 0.0000000 0.0000000 0.0000000 0.0000000 0.1970004 0.0000000 0.0000000 0.0000000 0.0000000 0.0000000 0.0000000 0.0000000 0.0000000 0.5260496
 68 H  68 0.0000000 0.0000000 0.0000000 0.0000000 0.0000000 0.0181362 0.0168566 0.0000000 0.0453616 0.0000000 0.0000000 0.0000000 0.0000000 0.0000000 0.0000000 0.0000000 0.0000000 0.0000000 0.0000000 0.0000000 0.9196455
 69 H  69 0.0000000 0.0000000 0.0000000 0.0000000 0.0000000 0.0000000 0.0000000 0.0000000 0.0453616 0.0000000 0.0000000 0.0000000 0.0000000 0.0000000 0.0000000 0.0000000 0.0000000 0.0000000 0.0000000 0.0000000 0.9546384
 70 H  70 0.0000000 0.0000000 0.0000000 0.0000000 0.0000000 0.0000000 0.0000000 0.0000000 0.0453616 0.0000000 0.0000000 0.0000000 0.0000000 0.0000000 0.0000000 0.0000000 0.0000000 0.0000000 0.0000000 0.0000000 0.9546384
 71 H  71 0.0000000 0.0000000 0.0000000 0.0000000 0.0000000 0.0000000 0.0000000 0.0000000 0.0453616 0.0000000 0.0000000 0.0000000 0.0000000 0.0000000 0.0000000 0.0000000 0.0000000 0.0000000 0.0000000 0.0000000 0.9546384
 72 H  72 0.0000000 0.0000000 0.0000000 0.0000000 0.0000000 0.0000000 0.0000000 0.0000000 0.0453616 0.0000000 0.0000000 0.0000000 0.0000000 0.0000000 0.0000000 0.0000000 0.0000000 0.0000000 0.0000000 0.0000000 0.9546384
 73 H  73 0.0000000 0.0000000 0.0000000 0.0000000 0.0000000 0.0000000 0.0000000 0.0000000 0.0453616 0.0000000 0.0000000 0.0000000 0.0000000 0.0000000 0.0000000 0.0000000 0.0000000 0.0000000 0.0000000 0.0000000 0.9546384
