   73         A         R         N         D         C         Q         E         G         H         I         L         K         M         F         P         S         T         W         Y         V    
  1 G   1 0.1676082 0.0000000 0.0000000 0.0000000 0.0000000 0.0000000 0.0000000 0.5357964 0.0000000 0.0000000 0.0000000 0.0000000 0.0000000 0.0000000 0.0000000 0.1904658 0.1061296 0.0000000 0.0000000 0.0000000
  2 T   2 0.0000000 0.0000000 0.1490206 0.0000000 0.0000000 0.0000000 0.0000000 0.0000000 0.0000000 0.0000000 0.0000000 0.0000000 0.0000000 0.0000000 0.0000000 0.0826153 0.7683641 0.0000000 0.0000000 0.0000000
  3 K   3 0.0913369 0.0847565 0.0000000 0.0000000 0.0000000 0.0000000 0.0000000 0.0000000 0.0000000 0.0000000 0.0000000 0.6631916 0.0000000 0.0000000 0.0000000 0.0000000 0.0512692 0.0000000 0.0000000 0.1094457
  4 T   4 0.0192124 0.0000000 0.0000000 0.0253174 0.0000000 0.2473731 0.1365088 0.0000000 0.0467527 0.1033982 0.0888902 0.0284709 0.0303418 0.0000000 0.0000000 0.0000000 0.2136715 0.0000000 0.0000000 0.0600630
  5 D   5 0.0236498 0.0000000 0.0000000 0.5557522 0.0000000 0.0162458 0.2825216 0.0000000 0.0000000 0.0000000 0.0000000 0.0227823 0.0000000 0.0000000 0.0000000 0.0220385 0.0197158 0.0000000 0.0572941 0.0000000
  6 Y   6 0.0000000 0.0000000 0.0000000 0.0000000 0.0000000 0.0000000 0.0000000 0.0000000 0.0000000 0.0000000 0.0390815 0.0000000 0.0000000 0.0551073 0.0000000 0.0000000 0.0000000 0.3669812 0.5388300 0.0000000
  7 L   7 0.0000000 0.0000000 0.0000000 0.0000000 0.0000000 0.0000000 0.0000000 0.0000000 0.0000000 0.0236278 0.8718244 0.0116981 0.0000000 0.0000000 0.0000000 0.0000000 0.0000000 0.0000000 0.0000000 0.0928496
  8 M   8 0.0000000 0.0442442 0.0265764 0.0000000 0.0000000 0.0000000 0.0296562 0.0000000 0.0793028 0.0383574 0.2861909 0.0000000 0.3359516 0.0288340 0.0000000 0.0000000 0.0000000 0.0000000 0.1308866 0.0000000
  9 R   9 0.0000000 0.3213737 0.0000000 0.0000000 0.0000000 0.1743517 0.0000000 0.0000000 0.0000000 0.0000000 0.0000000 0.4186788 0.0000000 0.0000000 0.0000000 0.0000000 0.0855958 0.0000000 0.0000000 0.0000000
 10 L  10 0.0000000 0.0000000 0.0000000 0.0000000 0.0000000 0.0000000 0.0000000 0.0000000 0.0128513 0.0000000 0.5302151 0.0000000 0.0000000 0.4033102 0.0000000 0.0000000 0.0000000 0.0000000 0.0000000 0.0536234
 11 R  11 0.0000000 1.0000000 0.0000000 0.0000000 0.0000000 0.0000000 0.0000000 0.0000000 0.0000000 0.0000000 0.0000000 0.0000000 0.0000000 0.0000000 0.0000000 0.0000000 0.0000000 0.0000000 0.0000000 0.0000000
 12 K  12 0.0000000 0.4456505 0.0562325 0.0000000 0.0000000 0.0000000 0.0000000 0.0000000 0.0000000 0.0000000 0.0000000 0.4658361 0.0000000 0.0000000 0.0000000 0.0000000 0.0000000 0.0000000 0.0000000 0.0322808
 13 C  13 0.0000000 0.0000000 0.0000000 0.0000000 0.6537419 0.0000000 0.0000000 0.0000000 0.0000000 0.0949808 0.0000000 0.0000000 0.0000000 0.0919808 0.0000000 0.0220335 0.0000000 0.0000000 0.0325476 0.1047154
 14 T  14 0.0000000 0.0841015 0.1039385 0.0000000 0.0000000 0.0159645 0.0314362 0.0000000 0.0180441 0.0000000 0.0000000 0.0373538 0.0522204 0.0000000 0.0646000 0.3441328 0.2482082 0.0000000 0.0000000 0.0000000
 15 T  15 0.0000000 0.0000000 0.1373536 0.0650173 0.0000000 0.0000000 0.0343132 0.0000000 0.0000000 0.0314362 0.0000000 0.0180441 0.0000000 0.0000000 0.0000000 0.3670801 0.3467556 0.0000000 0.0000000 0.0000000
 16 I  16 0.0000000 0.1375720 0.0000000 0.0214571 0.0000000 0.0439573 0.0522204 0.0375023 0.0000000 0.2081863 0.1884619 0.0447888 0.0249613 0.0436685 0.0508017 0.0401066 0.0756986 0.0000000 0.0000000 0.0306173
 17 D  17 0.0166279 0.0000000 0.0582808 0.4753314 0.0098388 0.0092600 0.3234464 0.0123924 0.0000000 0.0000000 0.0000000 0.0578881 0.0000000 0.0000000 0.0000000 0.0369342 0.0000000 0.0000000 0.0000000 0.0000000
 18 T  18 0.0000000 0.0000000 0.0000000 0.0000000 0.0000000 0.0000000 0.0000000 0.0000000 0.0000000 0.0547613 0.0375023 0.0000000 0.0000000 0.0000000 0.0000000 0.2622048 0.6455317 0.0000000 0.0000000 0.0000000
 19 L  19 0.0000000 0.0000000 0.0000000 0.0000000 0.0000000 0.0000000 0.0000000 0.0000000 0.0000000 0.0000000 0.9670770 0.0000000 0.0000000 0.0000000 0.0000000 0.0000000 0.0000000 0.0000000 0.0000000 0.0329230
 20 E  20 0.0000000 0.0000000 0.0000000 0.1631796 0.0000000 0.0237275 0.8130929 0.0000000 0.0000000 0.0000000 0.0000000 0.0000000 0.0000000 0.0000000 0.0000000 0.0000000 0.0000000 0.0000000 0.0000000 0.0000000
 21 R  21 0.0000000 0.2681325 0.0000000 0.0000000 0.0000000 0.0122695 0.0000000 0.0000000 0.0000000 0.0534564 0.0000000 0.5522852 0.0000000 0.0000000 0.0000000 0.0000000 0.1138564 0.0000000 0.0000000 0.0000000
 22 V  22 0.0000000 0.0000000 0.0000000 0.0000000 0.0000000 0.0000000 0.0000000 0.0000000 0.0000000 0.0989443 0.1381988 0.0000000 0.0761865 0.0000000 0.0000000 0.0000000 0.0000000 0.0000000 0.0487893 0.6378811
 23 I  23 0.1009504 0.0000000 0.0172589 0.0000000 0.0000000 0.0000000 0.0000000 0.0000000 0.0000000 0.4153895 0.0000000 0.0000000 0.0000000 0.1754701 0.0000000 0.0000000 0.0511632 0.0000000 0.1257577 0.1140102
 24 E  24 0.0117959 0.0000000 0.0000000 0.2277709 0.0101712 0.0176490 0.5129990 0.0258459 0.0239815 0.0000000 0.0000000 0.0000000 0.0000000 0.0000000 0.0348995 0.1036271 0.0312600 0.0000000 0.0000000 0.0000000
 25 K  25 0.0000000 0.2278983 0.0000000 0.0000000 0.0000000 0.0000000 0.0000000 0.0000000 0.3082738 0.0212557 0.0293707 0.2979960 0.0000000 0.0000000 0.0000000 0.0640422 0.0000000 0.0000000 0.0511632 0.0000000
 26 N  26 0.0000000 0.0000000 0.2736903 0.0000000 0.0000000 0.0114374 0.0000000 0.0000000 0.0000000 0.0722196 0.2876966 0.1075521 0.1472088 0.0000000 0.0000000 0.0000000 0.1001953 0.0000000 0.0000000 0.0000000
 27 K  27 0.0180353 0.2333348 0.1787263 0.0000000 0.0553066 0.0210106 0.0635421 0.0000000 0.0000000 0.0000000 0.0718334 0.2921589 0.0000000 0.0000000 0.0000000 0.0558808 0.0101712 0.0000000 0.0000000 0.0000000
 28 Y  28 0.0000000 0.0144485 0.0092396 0.1586049 0.0000000 0.0000000 0.0849090 0.0118277 0.0000000 0.0000000 0.0000000 0.1223594 0.0138181 0.0000000 0.0201013 0.0000000 0.0000000 0.0000000 0.5646915 0.0000000
 29 E  29 0.0000000 0.0556064 0.0307220 0.0513729 0.0092396 0.0000000 0.1765025 0.0000000 0.0000000 0.0000000 0.0000000 0.3473791 0.0000000 0.0000000 0.0000000 0.1824289 0.0978276 0.0000000 0.0000000 0.0489209
 30 L  30 0.0349936 0.0000000 0.0409093 0.0000000 0.0000000 0.0000000 0.0000000 0.0604432 0.0000000 0.0492699 0.7658918 0.0000000 0.0000000 0.0138181 0.0000000 0.0000000 0.0000000 0.0000000 0.0000000 0.0346740
 31 S  31 0.0679973 0.0000000 0.0340634 0.0912860 0.0000000 0.0000000 0.0000000 0.0000000 0.0234275 0.0000000 0.0222695 0.0294499 0.0000000 0.0000000 0.1620098 0.2961445 0.2733522 0.0000000 0.0000000 0.0000000
 32 D  32 0.1154688 0.0000000 0.0728721 0.3231296 0.0000000 0.0000000 0.0073186 0.1929016 0.0000000 0.0000000 0.0387526 0.0379291 0.0000000 0.0000000 0.1249824 0.0390339 0.0204618 0.0000000 0.0271494 0.0000000
 33 D  33 0.0788056 0.0000000 0.0823128 0.3827604 0.0000000 0.0000000 0.1099525 0.0000000 0.0000000 0.0212495 0.0000000 0.0979137 0.0000000 0.0000000 0.0000000 0.0892641 0.1125039 0.0000000 0.0000000 0.0252375
 34 E  34 0.0410513 0.0000000 0.0000000 0.1455368 0.0000000 0.0000000 0.7553652 0.0000000 0.0145970 0.0000000 0.0000000 0.0295836 0.0000000 0.0000000 0.0000000 0.0138660 0.0000000 0.0000000 0.0000000 0.0000000
 35 L  35 0.0340442 0.0308919 0.0000000 0.0000000 0.0000000 0.0000000 0.0811712 0.0000000 0.0000000 0.1662614 0.4726547 0.0000000 0.0304262 0.0490907 0.0054902 0.0777856 0.0000000 0.0138660 0.0383179 0.0000000
 36 E  36 0.0284727 0.0000000 0.0340371 0.0000000 0.0000000 0.0000000 0.3808467 0.0368042 0.0000000 0.1203955 0.1254101 0.0000000 0.0490907 0.0785556 0.0000000 0.0867871 0.0177149 0.0000000 0.0115080 0.0303773
 37 L  37 0.2184668 0.0750975 0.1683226 0.0000000 0.0000000 0.0000000 0.0410513 0.0000000 0.0212298 0.0420983 0.1103685 0.0351151 0.0328670 0.0138660 0.0117650 0.1185710 0.0468035 0.0000000 0.0181468 0.0462307
 38 F  38 0.0000000 0.0000000 0.0000000 0.0000000 0.0000000 0.0000000 0.0000000 0.0000000 0.0000000 0.0499361 0.0928112 0.0000000 0.1998822 0.6028081 0.0000000 0.0000000 0.0000000 0.0000000 0.0000000 0.0545624
 39 Y  39 0.0000000 0.0000000 0.2068723 0.0000000 0.0264325 0.0606234 0.0668265 0.0000000 0.0000000 0.0351151 0.0830367 0.0000000 0.0295522 0.0123244 0.0000000 0.0410513 0.0656343 0.0000000 0.3725313 0.0000000
 40 S  40 0.2152227 0.1716402 0.0000000 0.0000000 0.0000000 0.0321817 0.0000000 0.1393719 0.0000000 0.0000000 0.0227451 0.0000000 0.0147845 0.0000000 0.0000000 0.3539955 0.0500583 0.0000000 0.0000000 0.0000000
 41 A  41 0.9808429 0.0000000 0.0000000 0.0000000 0.0000000 0.0000000 0.0000000 0.0000000 0.0000000 0.0000000 0.0000000 0.0000000 0.0000000 0.0000000 0.0000000 0.0000000 0.0000000 0.0000000 0.0000000 0.0191571
 42 A  42 0.6388838 0.0000000 0.0000000 0.0000000 0.0000000 0.0000000 0.0000000 0.0000000 0.0000000 0.0367991 0.0000000 0.0000000 0.0000000 0.0000000 0.0000000 0.0186096 0.0000000 0.0000000 0.1790943 0.1266132
 43 D  43 0.0000000 0.0000000 0.0000000 0.9485551 0.0000000 0.0000000 0.0514449 0.0000000 0.0000000 0.0000000 0.0000000 0.0000000 0.0000000 0.0000000 0.0000000 0.0000000 0.0000000 0.0000000 0.0000000 0.0000000
 44 H  44 0.0000000 0.0000000 0.0181984 0.0000000 0.0000000 0.0000000 0.0000000 0.0000000 0.9818016 0.0000000 0.0000000 0.0000000 0.0000000 0.0000000 0.0000000 0.0000000 0.0000000 0.0000000 0.0000000 0.0000000
 45 R  45 0.0000000 0.9812544 0.0000000 0.0000000 0.0000000 0.0000000 0.0000000 0.0000000 0.0000000 0.0000000 0.0000000 0.0000000 0.0000000 0.0000000 0.0000000 0.0000000 0.0000000 0.0187456 0.0000000 0.0000000
 46 L  46 0.0000000 0.3472001 0.0000000 0.0000000 0.0000000 0.0360088 0.0000000 0.0199422 0.0000000 0.0000000 0.3954180 0.1570824 0.0228732 0.0000000 0.0000000 0.0214753 0.0000000 0.0000000 0.0000000 0.0000000
 47 A  47 0.9297177 0.0000000 0.0000000 0.0000000 0.0000000 0.0000000 0.0000000 0.0000000 0.0000000 0.0000000 0.0000000 0.0000000 0.0000000 0.0000000 0.0000000 0.0000000 0.0000000 0.0000000 0.0000000 0.0702823
 48 E  48 0.0000000 0.0000000 0.0000000 0.0000000 0.0000000 0.0000000 0.9785247 0.0214753 0.0000000 0.0000000 0.0000000 0.0000000 0.0000000 0.0000000 0.0000000 0.0000000 0.0000000 0.0000000 0.0000000 0.0000000
 49 L  49 0.0000000 0.0214753 0.0000000 0.0000000 0.0000000 0.0000000 0.0000000 0.0000000 0.0000000 0.2392593 0.7001009 0.0000000 0.0217702 0.0173944 0.0000000 0.0000000 0.0000000 0.0000000 0.0000000 0.0000000
 50 T  50 0.1467524 0.0503401 0.0000000 0.0000000 0.0000000 0.0000000 0.0000000 0.0000000 0.0000000 0.1142728 0.0000000 0.0303043 0.0000000 0.0000000 0.0000000 0.0313990 0.4288979 0.0000000 0.0181657 0.1798677
 51 M  51 0.1016280 0.0000000 0.0000000 0.0214753 0.0206845 0.0000000 0.0000000 0.1425917 0.0000000 0.0000000 0.0000000 0.0000000 0.5589245 0.0000000 0.0000000 0.0275387 0.1064344 0.0000000 0.0000000 0.0207229
 52 N  52 0.0000000 0.0000000 0.4025396 0.0214753 0.0000000 0.0228732 0.0000000 0.4721656 0.0206845 0.0000000 0.0000000 0.0602619 0.0000000 0.0000000 0.0000000 0.0000000 0.0000000 0.0000000 0.0000000 0.0000000
 53 K  53 0.0000000 0.2348861 0.0000000 0.0000000 0.0000000 0.0266675 0.0527895 0.0000000 0.0000000 0.0000000 0.0000000 0.6553526 0.0000000 0.0000000 0.0000000 0.0000000 0.0000000 0.0000000 0.0000000 0.0303043
 54 L  54 0.0000000 0.0000000 0.0000000 0.0000000 0.0000000 0.0000000 0.0000000 0.0000000 0.0360088 0.0848923 0.7494194 0.0000000 0.0000000 0.0120703 0.0000000 0.0199422 0.0527895 0.0000000 0.0448775 0.0000000
 55 Y  55 0.0000000 0.0000000 0.0000000 0.0000000 0.0000000 0.0000000 0.0000000 0.0000000 0.0000000 0.0000000 0.0000000 0.0000000 0.0000000 0.3823284 0.0000000 0.0000000 0.0000000 0.0157378 0.6019338 0.0000000
 56 D  56 0.0000000 0.0000000 0.0177142 0.9283377 0.0000000 0.0000000 0.0000000 0.0000000 0.0000000 0.0000000 0.0000000 0.0000000 0.0000000 0.0000000 0.0000000 0.0254967 0.0284514 0.0000000 0.0000000 0.0000000
 57 K  57 0.0000000 0.1913678 0.0000000 0.0000000 0.0000000 0.0461504 0.0950375 0.0000000 0.0000000 0.0000000 0.0415459 0.5997914 0.0000000 0.0000000 0.0000000 0.0000000 0.0000000 0.0000000 0.0000000 0.0261069
 58 I  58 0.0183250 0.0000000 0.0000000 0.0000000 0.0000000 0.0000000 0.0000000 0.0000000 0.0000000 0.3481357 0.0000000 0.0000000 0.0000000 0.0000000 0.0000000 0.0000000 0.0000000 0.0000000 0.0000000 0.6335393
 59 P  59 0.0000000 0.0000000 0.0000000 0.0000000 0.0000000 0.0000000 0.0000000 0.0000000 0.0000000 0.0000000 0.0000000 0.0000000 0.0000000 0.0000000 1.0000000 0.0000000 0.0000000 0.0000000 0.0000000 0.0000000
 60 P  60 0.2355475 0.0000000 0.0090632 0.0000000 0.0000000 0.0156366 0.0465884 0.0351654 0.0000000 0.0000000 0.0178998 0.2728566 0.0370552 0.0235379 0.1790487 0.0784180 0.0215673 0.0000000 0.0000000 0.0276152
 61 T  61 0.0274492 0.0000000 0.0509803 0.0286494 0.0000000 0.0000000 0.0899428 0.1346095 0.0835350 0.0000000 0.0000000 0.0191494 0.0000000 0.0000000 0.0000000 0.3404572 0.1802387 0.0000000 0.0359252 0.0090632
 62 V  62 0.0583408 0.0000000 0.0000000 0.0000000 0.0000000 0.0000000 0.0000000 0.0000000 0.0000000 0.0786604 0.1153555 0.0000000 0.0187392 0.0000000 0.0000000 0.0000000 0.0000000 0.0000000 0.0000000 0.7289041
 63 W  63 0.0000000 0.0000000 0.0000000 0.0000000 0.0000000 0.0000000 0.0000000 0.0000000 0.0000000 0.0000000 0.0000000 0.0000000 0.0000000 0.0518030 0.0000000 0.0000000 0.0000000 0.9481970 0.0000000 0.0000000
 64 Q  64 0.0787417 0.2334649 0.0000000 0.0000000 0.0000000 0.1701859 0.0000000 0.0000000 0.1312887 0.0000000 0.0000000 0.3429994 0.0000000 0.0000000 0.0000000 0.0000000 0.0433194 0.0000000 0.0000000 0.0000000
 65 H  65 0.0000000 0.0000000 0.0000000 0.0000000 0.0000000 0.0542173 0.0000000 0.0000000 0.1567907 0.0000000 0.1622249 0.0000000 0.0000000 0.2240593 0.0000000 0.0000000 0.0000000 0.0000000 0.4027079 0.0000000
 66 V  66 0.0000000 0.0000000 0.0000000 0.0000000 0.0000000 0.0000000 0.0000000 0.0000000 0.0000000 0.1289221 0.0000000 0.0000000 0.0000000 0.0000000 0.0000000 0.0000000 0.0000000 0.0000000 0.0000000 0.8710779
 67 K  67 0.0000000 0.4371739 0.0000000 0.0000000 0.0000000 0.1090486 0.0000000 0.0000000 0.0000000 0.0000000 0.0000000 0.4537774 0.0000000 0.0000000 0.0000000 0.0000000 0.0000000 0.0000000 0.0000000 0.0000000
 68 H  68 0.0000000 0.0000000 0.0000000 0.0000000 0.0000000 0.1711132 0.1594554 0.0000000 0.6694314 0.0000000 0.0000000 0.0000000 0.0000000 0.0000000 0.0000000 0.0000000 0.0000000 0.0000000 0.0000000 0.0000000
 69 H  69 0.0000000 0.0000000 0.0000000 0.0000000 0.0000000 0.0000000 0.0000000 0.0000000 1.0000000 0.0000000 0.0000000 0.0000000 0.0000000 0.0000000 0.0000000 0.0000000 0.0000000 0.0000000 0.0000000 0.0000000
 70 H  70 0.0000000 0.0000000 0.0000000 0.0000000 0.0000000 0.0000000 0.0000000 0.0000000 1.0000000 0.0000000 0.0000000 0.0000000 0.0000000 0.0000000 0.0000000 0.0000000 0.0000000 0.0000000 0.0000000 0.0000000
 71 H  71 0.0000000 0.0000000 0.0000000 0.0000000 0.0000000 0.0000000 0.0000000 0.0000000 1.0000000 0.0000000 0.0000000 0.0000000 0.0000000 0.0000000 0.0000000 0.0000000 0.0000000 0.0000000 0.0000000 0.0000000
 72 H  72 0.0000000 0.0000000 0.0000000 0.0000000 0.0000000 0.0000000 0.0000000 0.0000000 1.0000000 0.0000000 0.0000000 0.0000000 0.0000000 0.0000000 0.0000000 0.0000000 0.0000000 0.0000000 0.0000000 0.0000000
 73 H  73 0.0000000 0.0000000 0.0000000 0.0000000 0.0000000 0.0000000 0.0000000 0.0000000 1.0000000 0.0000000 0.0000000 0.0000000 0.0000000 0.0000000 0.0000000 0.0000000 0.0000000 0.0000000 0.0000000 0.0000000
