  395         A         R         N         D         C         Q         E         G         H         I         L         K         M         F         P         S         T         W         Y         V    
  1 A   1 0.9085981 0.0000000 0.0000000 0.0000000 0.0000000 0.0000000 0.0000000 0.0000000 0.0000000 0.0000000 0.0000000 0.0000000 0.0000000 0.0000000 0.0000000 0.0914019 0.0000000 0.0000000 0.0000000 0.0000000
  2 T   2 0.2162254 0.0000000 0.0371038 0.0316465 0.0000000 0.0025376 0.0077618 0.3447619 0.0000000 0.0000000 0.0000000 0.0000000 0.0000000 0.0000000 0.0032646 0.2590618 0.0945823 0.0000000 0.0000000 0.0030543
  3 F   3 0.0037356 0.0000000 0.0000000 0.0000000 0.0000000 0.0000000 0.0000000 0.0000000 0.0000000 0.3195374 0.1877826 0.0000000 0.0184078 0.0687894 0.0000000 0.0000000 0.0000000 0.0000000 0.0000000 0.4017472
  4 L   4 0.0772983 0.0324500 0.0420021 0.0021185 0.0000000 0.1073444 0.0038690 0.0289105 0.0084032 0.0703397 0.1037693 0.0222851 0.0374026 0.0013064 0.0000000 0.1091645 0.1056692 0.0000000 0.0039259 0.2437413
  5 I   5 0.0254352 0.0000000 0.0000000 0.0000000 0.0000000 0.0000000 0.0000000 0.0000000 0.0000000 0.3472934 0.3377989 0.0000000 0.0467337 0.0021247 0.0497271 0.0000000 0.0067044 0.0000000 0.0000000 0.1841827
  6 W   6 0.0587353 0.0023095 0.0964199 0.2110711 0.0000000 0.0214641 0.0318905 0.1958431 0.0105324 0.0093457 0.0124167 0.0041373 0.0060785 0.0050396 0.0000000 0.1237354 0.0683778 0.1101044 0.0257993 0.0066994
  7 P   7 0.0972599 0.1894679 0.0162592 0.0000000 0.0000000 0.0264267 0.0048633 0.3404011 0.0027057 0.0000000 0.0074424 0.0194955 0.0000000 0.0000000 0.2197954 0.0434149 0.0224738 0.0000000 0.0032235 0.0067707
  8 I   8 0.0027396 0.0000000 0.0010660 0.0044796 0.0000000 0.0000000 0.0000000 0.0000000 0.0000000 0.1132908 0.0040856 0.0000000 0.0035936 0.0000000 0.0000000 0.0471785 0.7552568 0.0000000 0.0000000 0.0683094
  9 Y   9 0.0000000 0.8096896 0.0203364 0.0488600 0.0000000 0.0019216 0.0000000 0.0027881 0.0017453 0.0047866 0.0078897 0.0000000 0.0047753 0.0056116 0.0000000 0.0234502 0.0258583 0.0000000 0.0408145 0.0014728
 10 P  10 0.0328901 0.0000000 0.0000000 0.0000000 0.0000000 0.0121298 0.0024798 0.0000000 0.0012877 0.2234350 0.1451203 0.0000000 0.0137153 0.0446176 0.0948410 0.0000000 0.0000000 0.0000000 0.0158528 0.4136306
 11 K  11 0.0176323 0.0070802 0.0014273 0.0181880 0.0000000 0.0076062 0.0429176 0.0021075 0.0019824 0.5792629 0.0125458 0.0383507 0.0000000 0.0026106 0.0000000 0.0075555 0.0172872 0.0113674 0.0037862 0.2282923
 12 I  12 0.0022736 0.0000000 0.0000000 0.0010473 0.0000000 0.0000000 0.0000000 0.0000000 0.0056753 0.1234975 0.1261725 0.0000000 0.0309096 0.2658155 0.0000000 0.0000000 0.0000000 0.0012870 0.4292093 0.0141123
 13 E  13 0.0514550 0.0136874 0.1929535 0.1229574 0.0021044 0.0459032 0.0954675 0.0144986 0.0219447 0.0076237 0.0204562 0.0223232 0.0021847 0.0030337 0.2731873 0.0545694 0.0452579 0.0000000 0.0057588 0.0046335
 14 A  14 0.2924390 0.0000000 0.0060218 0.0138862 0.0000000 0.0556365 0.1787243 0.2562808 0.0010936 0.0029397 0.0074892 0.0000000 0.0063825 0.0000000 0.0486966 0.1259496 0.0009110 0.0000000 0.0009926 0.0025566
 15 N  15 0.0556680 0.0173697 0.1411590 0.2032362 0.0000000 0.0490144 0.0802539 0.1953906 0.0132659 0.0000000 0.0014043 0.0674324 0.0010429 0.0014516 0.0190867 0.1046759 0.0476372 0.0000000 0.0000000 0.0019113
 16 E  16 0.1176656 0.0328043 0.0462616 0.1370365 0.0000000 0.1692277 0.1968723 0.0050030 0.0047953 0.0028298 0.0027853 0.1323387 0.0071874 0.0000000 0.0000000 0.0982635 0.0254392 0.0000000 0.0067372 0.0147527
 17 K  17 0.0328304 0.1500917 0.0788449 0.0177333 0.0000000 0.0356160 0.0073784 0.0132432 0.0093325 0.0033238 0.0035446 0.4878571 0.0027229 0.0000000 0.0529445 0.0658496 0.0300940 0.0000000 0.0013987 0.0071943
 18 A  18 0.2309910 0.0013801 0.0302418 0.0477693 0.0000000 0.0563958 0.2854338 0.0605756 0.0020790 0.0019025 0.0000000 0.0073763 0.0033442 0.0055221 0.0014401 0.2322470 0.0163872 0.0009377 0.0012994 0.0146771
 19 T  19 0.2244797 0.0196208 0.0012875 0.0116822 0.0000000 0.0399893 0.0284653 0.0281405 0.0082677 0.1207690 0.0260596 0.0271138 0.0122644 0.0000000 0.0000000 0.0722906 0.1418072 0.0000000 0.0000000 0.2377624
 20 A  20 0.1328966 0.0015096 0.0392871 0.0126585 0.0000000 0.0228842 0.0391852 0.0361158 0.0000000 0.0200410 0.0066530 0.0045711 0.0050541 0.0014678 0.0041932 0.4296571 0.2049405 0.0000000 0.0016497 0.0372354
 21 V  21 0.0243229 0.0000000 0.0000000 0.0000000 0.0000000 0.0000000 0.0000000 0.0000000 0.0000000 0.2099006 0.3990734 0.0000000 0.0184704 0.0268249 0.0000000 0.0000000 0.0018505 0.0000000 0.0021483 0.3174091
 22 W  22 0.0288883 0.0872153 0.0919618 0.0084229 0.0000000 0.1392650 0.0215522 0.0248437 0.0034418 0.0098173 0.0147550 0.0584421 0.0238505 0.0060509 0.0322078 0.1134430 0.1603926 0.1374624 0.0096880 0.0282995
 23 L  23 0.0118008 0.0000000 0.0000000 0.0000000 0.0000000 0.0000000 0.0000000 0.0000000 0.0000000 0.1997209 0.4472564 0.0000000 0.0184524 0.0128255 0.0000000 0.0000000 0.0115042 0.0000000 0.0000000 0.2984398
 24 Q  24 0.0394635 0.0901305 0.0632148 0.0285404 0.0000000 0.0578194 0.1180398 0.0088113 0.0230634 0.0390330 0.0074262 0.0856033 0.0290520 0.0100691 0.0000000 0.1636233 0.1647650 0.0047438 0.0171242 0.0494771
 25 N  25 0.0000000 0.0000000 0.9892428 0.0000000 0.0000000 0.0000000 0.0000000 0.0000000 0.0000000 0.0000000 0.0000000 0.0000000 0.0000000 0.0000000 0.0000000 0.0107572 0.0000000 0.0000000 0.0000000 0.0000000
 26 T  26 0.0184453 0.0935293 0.1064868 0.0869545 0.0000000 0.1135054 0.0634031 0.0074318 0.0195864 0.0090555 0.0107669 0.1168645 0.0038267 0.0000000 0.0837456 0.0892706 0.1527722 0.0000000 0.0033364 0.0210190
 27 G  27 0.0343320 0.0012925 0.1275772 0.1756499 0.0000000 0.0216594 0.0304763 0.3572597 0.0082671 0.0000000 0.0010928 0.0019411 0.0000000 0.0016967 0.0000000 0.2168682 0.0168637 0.0000000 0.0014476 0.0035759
 28 K  28 0.0608167 0.0096747 0.1041677 0.1788985 0.0000000 0.0303552 0.0788290 0.0277079 0.0014181 0.0022436 0.0073815 0.2270661 0.0043315 0.0000000 0.0411301 0.1059034 0.1136723 0.0000000 0.0000000 0.0064038
 29 T  29 0.0634346 0.0765904 0.0407778 0.0464095 0.0000000 0.1079273 0.1113814 0.0147180 0.0304141 0.0340865 0.0270442 0.0925536 0.0077001 0.0210455 0.0000000 0.0938561 0.1422552 0.0077067 0.0596071 0.0224917
 30 D  30 0.0557064 0.0087953 0.0249512 0.0568837 0.0000000 0.0038849 0.0401485 0.0041937 0.0023454 0.0028088 0.0047683 0.0095224 0.0008771 0.0000000 0.6496670 0.0608406 0.0527780 0.0000000 0.0000000 0.0218287
 31 A  31 0.1422922 0.0099983 0.0224021 0.0033959 0.0000000 0.0038060 0.0053803 0.0025750 0.0058580 0.0741547 0.0395620 0.0006954 0.0178500 0.0551971 0.0000000 0.0666626 0.0500365 0.0216783 0.3349262 0.1435292
 32 M  32 0.0274884 0.0142470 0.0316321 0.0145345 0.0000000 0.0100516 0.0022219 0.0224642 0.0106069 0.0301155 0.5954721 0.0028255 0.0483573 0.0326462 0.0000000 0.0074072 0.0303254 0.0013139 0.0527544 0.0655358
 33 V  33 0.2128852 0.0000000 0.0000000 0.0000000 0.0000000 0.0000000 0.0000000 0.0338385 0.0000000 0.1522102 0.1531462 0.0000000 0.0536524 0.0029530 0.0000000 0.0000000 0.0095874 0.0000000 0.0026214 0.3791057
 34 Q  34 0.0000000 0.0061437 0.0023389 0.0046642 0.0000000 0.9452895 0.0146093 0.0013018 0.0018184 0.0000000 0.0016129 0.0188139 0.0000000 0.0000000 0.0000000 0.0012487 0.0021586 0.0000000 0.0000000 0.0000000
 35 I  35 0.0646178 0.0000000 0.0040284 0.0000000 0.0000000 0.0000000 0.0000000 0.0048845 0.0000000 0.1748975 0.0596584 0.0000000 0.0098765 0.0073031 0.0035020 0.0923334 0.1907234 0.0000000 0.0000000 0.3881750
 36 R  36 0.0155414 0.5844100 0.0044152 0.0277821 0.0000000 0.0304552 0.0325759 0.0203520 0.0220644 0.0000000 0.0211097 0.0415647 0.0064467 0.0112430 0.0000000 0.0340283 0.0113044 0.1292996 0.0074074 0.0000000
 37 V  37 0.0562420 0.0000000 0.0000000 0.0000000 0.0000000 0.0000000 0.0000000 0.0109232 0.0000000 0.2852025 0.0524478 0.0000000 0.0000000 0.0000000 0.0000000 0.0085181 0.0303086 0.0000000 0.0000000 0.5563578
 38 F  38 0.0057100 0.0132956 0.0259207 0.0222269 0.0000000 0.1404664 0.0327822 0.0025634 0.0079857 0.0135235 0.1312915 0.0292824 0.0307874 0.2663339 0.0000000 0.0479511 0.0247675 0.0023500 0.1256770 0.0770848
 39 K  39 0.2240737 0.0814696 0.0238518 0.0113136 0.0000000 0.0084753 0.0229725 0.0743000 0.0056442 0.0000000 0.0042776 0.0529987 0.0000000 0.0000000 0.0112722 0.4695847 0.0082775 0.0000000 0.0000000 0.0014885
 40 W  40 0.0055670 0.0033722 0.0034733 0.0050705 0.0000000 0.0000000 0.0000000 0.0017383 0.0013278 0.0015012 0.0000000 0.0000000 0.0022246 0.0064117 0.0082634 0.0036797 0.0083292 0.9426022 0.0054526 0.0009863
 41 N  41 0.0142549 0.0322371 0.0357630 0.0220445 0.0000000 0.0361311 0.0077609 0.0034273 0.0039502 0.2832956 0.1532072 0.0196273 0.0270686 0.0171661 0.0178796 0.0519382 0.0678119 0.0000000 0.0019490 0.2044874
 42 Q  42 0.0103984 0.0021798 0.0067378 0.4281351 0.0000000 0.2331126 0.2520343 0.0089396 0.0027726 0.0000000 0.0030894 0.0051911 0.0011364 0.0000000 0.0060151 0.0262954 0.0139624 0.0000000 0.0000000 0.0000000
 43 D  43 0.0612922 0.0139490 0.2009695 0.3644269 0.0017614 0.0240633 0.0733172 0.0227282 0.0057747 0.0161534 0.0093819 0.0434266 0.0009690 0.0000000 0.0130759 0.0407516 0.0760760 0.0000000 0.0030732 0.0288099
 44 G  44 0.1101426 0.0060776 0.0710417 0.0896490 0.0000000 0.0136618 0.1256283 0.3946635 0.0031220 0.0240676 0.0096506 0.0187301 0.0033448 0.0124554 0.0190771 0.0498455 0.0312445 0.0000000 0.0028390 0.0147590
 45 L  45 0.0347654 0.0369131 0.1719474 0.2356101 0.0000000 0.0602493 0.0521212 0.1753333 0.0082371 0.0046609 0.0433610 0.0722609 0.0027717 0.0189977 0.0060215 0.0511660 0.0118775 0.0000000 0.0093331 0.0043727
 46 K  46 0.1037638 0.0169017 0.0345941 0.0476787 0.0000000 0.0805379 0.1189099 0.2526336 0.0173836 0.0245284 0.0222781 0.0841822 0.0083920 0.0058484 0.0687225 0.0383339 0.0447853 0.0000000 0.0043325 0.0261934
 47 D  47 0.0124044 0.0206117 0.1589858 0.2925368 0.0000000 0.0628843 0.1735201 0.0230861 0.0142365 0.0053880 0.0031193 0.1179684 0.0055236 0.0014660 0.0064006 0.0607050 0.0249101 0.0000000 0.0000000 0.0162535
 48 N  48 0.0921386 0.0635105 0.0788339 0.0670065 0.0000000 0.0636521 0.0216810 0.0160998 0.0060481 0.0199100 0.0309413 0.2740899 0.0139425 0.0008511 0.0332100 0.0993198 0.0401524 0.0000000 0.0000000 0.0786125
 49 Y  49 0.0628564 0.0220612 0.0318681 0.0553912 0.0000000 0.0325407 0.0218552 0.0336006 0.0140471 0.1221694 0.1477374 0.0739018 0.0124032 0.0123783 0.0294828 0.0844662 0.1026755 0.0000000 0.1093327 0.0312322
 50 S  50 0.0827707 0.0263905 0.0214533 0.0444658 0.0000000 0.0401798 0.0672416 0.0174962 0.0061650 0.0235401 0.0136068 0.0593512 0.0011225 0.0013399 0.2692346 0.1279702 0.1607068 0.0000000 0.0043641 0.0326009
 51 E  51 0.0940098 0.0108127 0.0577359 0.1072084 0.0000000 0.0266347 0.2411915 0.0160317 0.0015792 0.0206276 0.0047817 0.0523831 0.0015530 0.0000000 0.2089771 0.1085289 0.0425505 0.0000000 0.0000000 0.0053943
 52 Q  52 0.0761761 0.0149919 0.0645436 0.0411054 0.0000000 0.2093151 0.0266266 0.0135395 0.0020812 0.0040709 0.0039754 0.1001931 0.0000000 0.0000000 0.0684940 0.1032055 0.2611704 0.0000000 0.0031096 0.0074017
 53 S  53 0.1352597 0.0474474 0.0441231 0.0684099 0.0000000 0.0754797 0.0256993 0.0490437 0.0016320 0.0641479 0.0476599 0.0192818 0.0102555 0.0041538 0.0381129 0.1750067 0.0859363 0.0000000 0.0000000 0.1083502
 54 E  54 0.0524770 0.0086858 0.0179084 0.1533086 0.0000000 0.0261262 0.1008598 0.0075783 0.0134690 0.0074143 0.0058379 0.0120764 0.0037314 0.0082089 0.5242390 0.0129069 0.0155260 0.0013324 0.0255346 0.0027789
 55 I  55 0.0022689 0.0037110 0.0000000 0.0000000 0.0000000 0.0000000 0.0000000 0.0000000 0.0000000 0.0925626 0.1993623 0.0000000 0.0195927 0.5836000 0.0000000 0.0000000 0.0017364 0.0000000 0.0016101 0.0955560
 56 I  56 0.0569985 0.0008287 0.0060237 0.0000000 0.0000000 0.0084460 0.0015252 0.0000000 0.0000000 0.3047538 0.1228054 0.0000000 0.0865567 0.0172874 0.0026247 0.0184907 0.0693651 0.0000000 0.0052060 0.2990882
 57 P  57 0.2281818 0.0000000 0.0000000 0.0000000 0.0000000 0.0000000 0.0000000 0.0163485 0.0000000 0.1977126 0.0790589 0.0000000 0.0057926 0.0044055 0.0613066 0.0177707 0.0193410 0.0000000 0.0000000 0.3700817
 58 S  58 0.0152197 0.0020980 0.0231471 0.0019712 0.0000000 0.0042362 0.0022154 0.0000000 0.0000000 0.0210791 0.1669840 0.0000000 0.0088174 0.0010799 0.0000000 0.2286438 0.4879911 0.0000000 0.0022668 0.0342503
 59 P  59 0.0035208 0.0015068 0.0000000 0.0000000 0.0000000 0.0027717 0.0000000 0.0000000 0.0000000 0.0000000 0.0000000 0.0000000 0.0000000 0.0000000 0.9880226 0.0019672 0.0022109 0.0000000 0.0000000 0.0000000
 60 P  60 0.0466332 0.0017582 0.0039049 0.0000000 0.0000000 0.0118724 0.0000000 0.0058977 0.0000000 0.0019378 0.0058081 0.0000000 0.0036661 0.0000000 0.8795359 0.0218193 0.0158548 0.0000000 0.0000000 0.0013117
 61 V  61 0.0077268 0.0000000 0.0000000 0.0000000 0.0000000 0.0060843 0.0000000 0.0000000 0.0000000 0.1951331 0.3892565 0.0000000 0.0894004 0.0525469 0.0000000 0.0043874 0.0030054 0.0000000 0.0000000 0.2524593
 62 A  62 0.1046193 0.0059754 0.0093201 0.0000000 0.0000000 0.1725611 0.0061492 0.0038719 0.0000000 0.0186427 0.0382265 0.0000000 0.0201769 0.3840902 0.0000000 0.0787153 0.0417534 0.0000000 0.0345931 0.0813050
 63 K  63 0.0122453 0.6152204 0.0094235 0.0000000 0.0000000 0.0304272 0.0173141 0.0018925 0.0057470 0.0020247 0.0024744 0.1802940 0.0060808 0.0000000 0.0020699 0.0203603 0.0615751 0.0000000 0.0013499 0.0315011
 64 I  64 0.0008875 0.0000000 0.0000000 0.0000000 0.0000000 0.0021130 0.0000000 0.0000000 0.0000000 0.3201341 0.3731993 0.0000000 0.0854224 0.0095115 0.0000000 0.0202737 0.0000000 0.0000000 0.0000000 0.1884585
 65 K  65 0.1149413 0.0065255 0.0768778 0.1908295 0.0000000 0.0634472 0.3409240 0.0462553 0.0016167 0.0016904 0.0104351 0.0658316 0.0023258 0.0000000 0.0414219 0.0264351 0.0061770 0.0000000 0.0013958 0.0028697
 66 A  66 0.3123491 0.0010096 0.0012408 0.0024716 0.0000000 0.0026826 0.0116912 0.1209856 0.0000000 0.0000000 0.0000000 0.0261340 0.0007674 0.0000000 0.4844578 0.0236438 0.0050292 0.0000000 0.0000000 0.0075374
 67 G  67 0.0200581 0.0141321 0.1321800 0.0391988 0.0000000 0.0529183 0.0443345 0.4640975 0.0284163 0.0000000 0.0188151 0.1403849 0.0027917 0.0000000 0.0016362 0.0301849 0.0081126 0.0000000 0.0000000 0.0027389
 68 E  68 0.1046457 0.0430945 0.0256925 0.0347315 0.0000000 0.1838067 0.1415568 0.0823492 0.0090117 0.0008959 0.0011364 0.1988653 0.0103385 0.0000000 0.0000000 0.1357760 0.0209352 0.0000000 0.0000000 0.0071641
 69 K  69 0.0176353 0.1152865 0.0244576 0.0389088 0.0000000 0.1234097 0.1456497 0.1814529 0.0021921 0.0098665 0.0078183 0.1846735 0.0050933 0.0000000 0.0053359 0.0828591 0.0344325 0.0000000 0.0065791 0.0143490
 70 H  70 0.0358685 0.0385461 0.1884576 0.0000000 0.0000000 0.4292197 0.0000000 0.0314955 0.0391912 0.0055842 0.0116566 0.0337549 0.0014560 0.0013066 0.0000000 0.1299437 0.0281806 0.0000000 0.0186048 0.0067337
 71 M  71 0.0384906 0.0261916 0.0236939 0.0037541 0.0000000 0.1497990 0.0043004 0.0100117 0.0029289 0.0806283 0.1937239 0.0184989 0.0603143 0.0082603 0.0021198 0.0870098 0.1621165 0.0000000 0.0000000 0.1281578
 72 L  72 0.0180545 0.0021130 0.0000000 0.0000000 0.0000000 0.0076579 0.0061305 0.0000000 0.0000000 0.1828496 0.4474012 0.0000000 0.0204691 0.0141715 0.0000000 0.0016498 0.0021003 0.0017426 0.0000000 0.2956600
 73 R  73 0.0008108 0.8450908 0.0043427 0.0000000 0.0000000 0.0105960 0.0009253 0.0074646 0.0105669 0.0021130 0.0102109 0.0919779 0.0018245 0.0000000 0.0000000 0.0028901 0.0066270 0.0021590 0.0000000 0.0024007
 74 L  74 0.0046392 0.0000000 0.0000000 0.0000000 0.0000000 0.0000000 0.0000000 0.0000000 0.0000000 0.4990093 0.2455579 0.0000000 0.0200677 0.0199683 0.0000000 0.0000000 0.0019835 0.0000000 0.0000000 0.2087741
 75 T  75 0.0340505 0.0277464 0.0166009 0.0000000 0.0000000 0.0460564 0.0019378 0.0238586 0.0008157 0.2521989 0.0723982 0.0255004 0.1082938 0.0301336 0.0254515 0.0376108 0.1109535 0.0000000 0.0057889 0.1806044
 76 K  76 0.0485838 0.2031216 0.0494728 0.0391413 0.0000000 0.0185031 0.0046832 0.0047216 0.0252363 0.0000000 0.0879209 0.1702215 0.0138156 0.0552091 0.0124067 0.0392386 0.0115760 0.0105186 0.1937208 0.0119084
 77 S  77 0.0622271 0.0232160 0.0494106 0.0023915 0.0016702 0.0566520 0.0107689 0.0027079 0.0013407 0.0957841 0.0967153 0.0122743 0.0229503 0.0000000 0.0195296 0.0890504 0.3499490 0.0000000 0.0018518 0.1015102
 78 V  78 0.0887356 0.0189922 0.1121433 0.0278661 0.0000000 0.0316543 0.0215942 0.4209828 0.0223324 0.0038906 0.0019275 0.0418376 0.0000000 0.0031754 0.0146402 0.1117853 0.0397531 0.0000000 0.0000000 0.0386891
 79 N  79 0.1054135 0.0210517 0.0785945 0.0722691 0.0000000 0.1232880 0.0578269 0.1143270 0.0103950 0.0024655 0.0071585 0.1223613 0.0033921 0.0000000 0.1943766 0.0439009 0.0400850 0.0000000 0.0000000 0.0030946
 80 L  80 0.0595337 0.0000000 0.0071948 0.0151320 0.0000000 0.0066849 0.0150251 0.0146142 0.0000000 0.0135348 0.7058030 0.0028904 0.0345082 0.0068346 0.0420057 0.0202913 0.0169323 0.0000000 0.0000000 0.0390149
 81 P  81 0.0836572 0.0019086 0.0074342 0.0109005 0.0000000 0.0031525 0.0027421 0.0082173 0.0000000 0.0000000 0.0095583 0.0088914 0.0018256 0.0000000 0.8184636 0.0238468 0.0117071 0.0000000 0.0000000 0.0076947
 82 D  82 0.1481454 0.0285094 0.0261380 0.0604653 0.0000000 0.2365994 0.0561056 0.0315436 0.0054069 0.0130137 0.0132859 0.1271189 0.0093954 0.0000000 0.0455868 0.0524015 0.1192758 0.0000000 0.0000000 0.0270082
 83 G  83 0.0189710 0.0097476 0.0453353 0.7299193 0.0000000 0.0161438 0.0094242 0.1025065 0.0028069 0.0000000 0.0011764 0.0137738 0.0000000 0.0000000 0.0106105 0.0193155 0.0148788 0.0000000 0.0000000 0.0053903
 84 K  84 0.0207819 0.6716487 0.0031006 0.0010879 0.0000000 0.0492802 0.0069249 0.0195344 0.0102811 0.0028650 0.0023938 0.1547477 0.0026815 0.0027996 0.0013923 0.0022788 0.0244224 0.0000000 0.0000000 0.0237792
 85 E  85 0.0000000 0.0000000 0.0000000 0.0000000 0.0000000 0.0084719 0.9880610 0.0000000 0.0000000 0.0000000 0.0034671 0.0000000 0.0000000 0.0000000 0.0000000 0.0000000 0.0000000 0.0000000 0.0000000 0.0000000
 86 Q  86 0.0134588 0.0146344 0.0012046 0.0107953 0.0000000 0.1011233 0.0234862 0.0050967 0.0014903 0.0023087 0.0206745 0.0222234 0.0039253 0.0000000 0.0000000 0.6616695 0.1048042 0.0000000 0.0044184 0.0086866
 87 S  87 0.1080704 0.0010589 0.0000000 0.0015090 0.0078748 0.0052079 0.0000000 0.0027767 0.0016889 0.0488628 0.4217121 0.0000000 0.0255691 0.0000000 0.0000000 0.0882829 0.0219360 0.0000000 0.0060625 0.2593881
 88 Y  88 0.0000000 0.0000000 0.0014680 0.0000000 0.0000000 0.0178246 0.0000000 0.0031754 0.0040191 0.0000000 0.0299178 0.0013093 0.0044306 0.5897835 0.0000000 0.0000000 0.0011961 0.0102280 0.3325104 0.0041372
 89 R  89 0.0036049 0.2284083 0.0000000 0.0000000 0.0000000 0.0000000 0.0000000 0.0016774 0.0100807 0.0065617 0.0053416 0.0013479 0.0012611 0.0250383 0.0000000 0.0000000 0.0087192 0.4148096 0.2919395 0.0012097
 90 L  90 0.0086031 0.0000000 0.0000000 0.0000000 0.0000000 0.0000000 0.0000000 0.0000000 0.0000000 0.1220086 0.5295752 0.0000000 0.0245502 0.2115052 0.0000000 0.0021157 0.0026180 0.0000000 0.0180693 0.0809546
 91 I  91 0.0069447 0.0030403 0.6687304 0.0087124 0.0268124 0.0044547 0.0000000 0.0000000 0.0032290 0.1095711 0.0577431 0.0000000 0.0014650 0.0119662 0.0000000 0.0420328 0.0112922 0.0011899 0.0114203 0.0313956
 92 V  92 0.0203943 0.0000000 0.0000000 0.0000000 0.0000000 0.0000000 0.0000000 0.0000000 0.0000000 0.2303640 0.1746710 0.0000000 0.0254681 0.0363080 0.0000000 0.0137721 0.0100395 0.0000000 0.0016040 0.4873790
 93 D  93 0.0168015 0.1862317 0.0126657 0.1906478 0.0000000 0.0768218 0.0057751 0.0000000 0.0000000 0.0050774 0.2385203 0.1841782 0.0065228 0.0010889 0.0000000 0.0059525 0.0186894 0.0000000 0.0461539 0.0048730
 94 E  94 0.1354521 0.0000000 0.0092214 0.0931996 0.0000000 0.0557969 0.5918532 0.0389530 0.0013698 0.0000000 0.0000000 0.0000000 0.0000000 0.0000000 0.0000000 0.0531044 0.0134089 0.0000000 0.0000000 0.0076409
 95 L  95 0.0034573 0.0000000 0.0000000 0.0000000 0.0000000 0.0022732 0.0000000 0.0000000 0.0000000 0.6844938 0.1247886 0.0000000 0.0028632 0.0000000 0.0000000 0.0035006 0.0035991 0.0000000 0.0000000 0.1750242
 96 P  96 0.0121694 0.0000000 0.0000000 0.0000000 0.0000000 0.0000000 0.0000000 0.0000000 0.0000000 0.0000000 0.0056811 0.0000000 0.0000000 0.0000000 0.9683364 0.0116101 0.0022031 0.0000000 0.0000000 0.0000000
 97 I  97 0.1240734 0.0144613 0.0058070 0.0086723 0.0000000 0.0474967 0.0104800 0.0205517 0.0024222 0.0334059 0.0055866 0.0049322 0.0000000 0.0000000 0.5561552 0.1401050 0.0187195 0.0000000 0.0013869 0.0057443
 98 R  98 0.0874956 0.1188451 0.0281113 0.0020856 0.0000000 0.0367821 0.0279897 0.0130412 0.0021847 0.0182726 0.0504486 0.3119662 0.0220332 0.0017606 0.0497248 0.0661298 0.0808745 0.0000000 0.0021954 0.0800590
 99 L  99 0.1078004 0.0189359 0.0600959 0.0608040 0.0000000 0.0369553 0.0772911 0.0215660 0.0101621 0.0055451 0.0538803 0.0796913 0.0094024 0.0000000 0.1594187 0.1920768 0.0856062 0.0000000 0.0046520 0.0161165
100 S 100 0.0924056 0.0315827 0.0434113 0.1501963 0.0000000 0.0406223 0.0947492 0.0101332 0.0056161 0.0138429 0.0150315 0.2245350 0.0046023 0.0000000 0.1179825 0.0884374 0.0552884 0.0000000 0.0021591 0.0094040
101 D 101 0.0446530 0.0269712 0.0901330 0.2205350 0.0000000 0.0805157 0.0871498 0.1081279 0.0076685 0.0157912 0.0057941 0.0978901 0.0183070 0.0012875 0.0937786 0.0519472 0.0296751 0.0022044 0.0038326 0.0137380
102 G 102 0.1769333 0.0116815 0.0428345 0.0790474 0.0000000 0.0307921 0.0973837 0.1142463 0.0058583 0.0086433 0.0158470 0.0734296 0.0032506 0.0000000 0.1911123 0.0648964 0.0611101 0.0000000 0.0000000 0.0229336
103 N 103 0.1069897 0.0264931 0.1387081 0.1130882 0.0000000 0.0565722 0.0853157 0.0251208 0.0079881 0.0032245 0.0067260 0.1223041 0.0081079 0.0022630 0.0196598 0.1736109 0.0713032 0.0200496 0.0012559 0.0112193
104 E 104 0.1566268 0.0331111 0.0585160 0.0831296 0.0000000 0.0421975 0.1674842 0.0287632 0.0165725 0.0147803 0.0374171 0.1151992 0.0084649 0.0009525 0.0218300 0.1507867 0.0322143 0.0000000 0.0025585 0.0293955
105 Q 105 0.1411144 0.0372690 0.0232834 0.0408529 0.0000000 0.1369521 0.1961597 0.0236842 0.0110119 0.0170656 0.0292535 0.1402060 0.0015611 0.0013856 0.0326795 0.0860900 0.0586092 0.0000000 0.0000000 0.0228217
106 D 106 0.0563922 0.0165382 0.1213130 0.2290554 0.0000000 0.0402947 0.1111660 0.1228708 0.0081063 0.0027074 0.0104992 0.1055794 0.0072923 0.0000000 0.0493984 0.0593898 0.0388004 0.0000000 0.0000000 0.0205963
107 A 107 0.1784731 0.0638786 0.0363712 0.0365865 0.0000000 0.1165738 0.0843015 0.0912826 0.0155937 0.0075300 0.0092867 0.1589761 0.0093549 0.0113885 0.0211997 0.0629382 0.0495873 0.0000000 0.0068634 0.0398143
108 S 108 0.0687702 0.0036888 0.6713487 0.0057555 0.0000000 0.0204602 0.0058017 0.0416626 0.0058228 0.0096278 0.0242821 0.0024580 0.0212840 0.0042461 0.0039772 0.0868103 0.0168037 0.0000000 0.0000000 0.0072004
109 K 109 0.0621620 0.0458713 0.0121642 0.0038072 0.0000000 0.0956809 0.0100916 0.1569775 0.0062837 0.0266674 0.0217534 0.1077523 0.0147617 0.0167974 0.0000000 0.0594589 0.1644375 0.0000000 0.0294870 0.1658461
110 V 110 0.0031826 0.0000000 0.0000000 0.0000000 0.0015261 0.0000000 0.0000000 0.0000000 0.0000000 0.0668793 0.6332762 0.0000000 0.0931388 0.0035995 0.0000000 0.0000000 0.0033357 0.0000000 0.0000000 0.1950617
111 S 111 0.0308057 0.0393287 0.0628405 0.0027991 0.0000000 0.5314141 0.0306854 0.0023448 0.0085907 0.0162515 0.0351406 0.0688427 0.0094775 0.0035711 0.0000000 0.0682378 0.0531010 0.0000000 0.0016076 0.0349612
112 F 112 0.0031883 0.0000000 0.0000000 0.0000000 0.0000000 0.0016346 0.0000000 0.0000000 0.0000000 0.3061577 0.3219077 0.0000000 0.0484938 0.1763282 0.0000000 0.0011448 0.0106650 0.0015261 0.0019835 0.1269702
113 Q 113 0.6139812 0.0339204 0.0101094 0.0013164 0.0000000 0.0982917 0.0000000 0.0172999 0.0000000 0.0165415 0.0458135 0.0000000 0.0213353 0.0000000 0.0104569 0.0543305 0.0241992 0.0000000 0.0000000 0.0524042
114 M 114 0.0090003 0.0000000 0.0000000 0.0000000 0.0000000 0.0029881 0.0000000 0.0000000 0.0000000 0.1733292 0.2722155 0.0000000 0.2170928 0.1067947 0.0000000 0.0024122 0.0218879 0.0000000 0.0160025 0.1782768
115 R 115 0.0058671 0.5031214 0.0772122 0.0037051 0.0000000 0.2104036 0.0074486 0.0130868 0.0302963 0.0088342 0.0115505 0.0977633 0.0000000 0.0000000 0.0000000 0.0097957 0.0095418 0.0000000 0.0000000 0.0113735
116 Y 116 0.0036155 0.0015226 0.1036300 0.0000000 0.0000000 0.0288223 0.0000000 0.0000000 0.0145932 0.0211480 0.0203325 0.0019209 0.0193970 0.0068341 0.0000000 0.2585545 0.3315171 0.0035584 0.1764714 0.0080825
117 S 117 0.0088443 0.5611111 0.0085584 0.0000000 0.0255315 0.0643920 0.0054908 0.0069458 0.0054127 0.0029755 0.0107484 0.0630848 0.0000000 0.0000000 0.0000000 0.2016281 0.0074270 0.0000000 0.0000000 0.0278494
118 I 118 0.0000000 0.0000000 0.0000000 0.0032665 0.0000000 0.0000000 0.0013041 0.0000000 0.0000000 0.5752090 0.1820213 0.0000000 0.0576934 0.0252618 0.0000000 0.0000000 0.0009925 0.0000000 0.0056354 0.1486159
119 P 119 0.0000000 0.0048739 0.0074245 0.0000000 0.0000000 0.0000000 0.0000000 0.0000000 0.0000000 0.0000000 0.0000000 0.7708733 0.0000000 0.0000000 0.2168283 0.0000000 0.0000000 0.0000000 0.0000000 0.0000000
120 L 120 0.0000000 0.0000000 0.0000000 0.0000000 0.0000000 0.0000000 0.0000000 0.0000000 0.0000000 0.0808903 0.6452555 0.0000000 0.0286147 0.0532103 0.0000000 0.0000000 0.0010392 0.0000000 0.0000000 0.1909901
121 F 121 0.0000000 0.0010136 0.0000000 0.0000000 0.0000000 0.0000000 0.0000000 0.0000000 0.0000000 0.1024953 0.0445207 0.0000000 0.0160798 0.8257130 0.0000000 0.0000000 0.0000000 0.0000000 0.0075683 0.0026094
122 A 122 0.0420755 0.0000000 0.0043678 0.0017311 0.0013353 0.0000000 0.0000000 0.0000000 0.0036790 0.0544944 0.0193864 0.0000000 0.0029054 0.0916534 0.0000000 0.0000000 0.0084132 0.0673296 0.5512323 0.1513965
123 Y 123 0.0168062 0.8141129 0.0000000 0.0070260 0.0000000 0.0191298 0.0116917 0.0025304 0.0000000 0.0000000 0.0096285 0.0055725 0.0000000 0.0046375 0.0046857 0.0072341 0.0035876 0.0000000 0.0886419 0.0047153
124 G 124 0.0099073 0.0000000 0.0034706 0.0000000 0.0000000 0.0000000 0.0000000 0.1136929 0.0000000 0.0000000 0.0000000 0.0000000 0.0000000 0.0025353 0.8703938 0.0000000 0.0000000 0.0000000 0.0000000 0.0000000
125 K 125 0.2603917 0.0165862 0.0216679 0.0625142 0.0000000 0.0618539 0.1024343 0.0077358 0.0127470 0.0097015 0.0042419 0.1996866 0.0028130 0.0037751 0.0434942 0.0822852 0.0759597 0.0000000 0.0000000 0.0321116
126 G 126 0.1851398 0.0122099 0.0641305 0.0293957 0.0000000 0.0279204 0.0241112 0.4432034 0.0061110 0.0062618 0.0047463 0.0355778 0.0000000 0.0000000 0.0019235 0.1265860 0.0295961 0.0000000 0.0000000 0.0030866
127 I 127 0.0094076 0.0000000 0.0000000 0.0039281 0.0000000 0.0000000 0.0020699 0.0034443 0.0037989 0.2726983 0.5927736 0.0062292 0.0137192 0.0053322 0.0043634 0.0020755 0.0077437 0.0000000 0.0000000 0.0724161
128 G 128 0.1244278 0.0265079 0.0524106 0.0228687 0.0000000 0.0453844 0.0468169 0.0512612 0.0050859 0.0317478 0.0215375 0.2198057 0.0076286 0.0036867 0.1227771 0.0687010 0.0684230 0.0218852 0.0039661 0.0550777
129 S 129 0.0901871 0.0063352 0.0339219 0.0418807 0.0000000 0.0141218 0.0669950 0.2878117 0.0053584 0.0275644 0.0323024 0.0580001 0.0298822 0.0124638 0.1004003 0.0874036 0.0561930 0.0000000 0.0123117 0.0368666
130 G 130 0.0568013 0.0182257 0.0937225 0.0876052 0.0000000 0.0400338 0.0618050 0.0844672 0.0152344 0.0277719 0.0360856 0.1276165 0.0020639 0.0022615 0.0711435 0.1206302 0.0961744 0.0014869 0.0147600 0.0421104
131 L 131 0.0938100 0.0669349 0.0275324 0.0531100 0.0000000 0.0176420 0.0162750 0.0289248 0.0011899 0.0239807 0.0730531 0.0413127 0.0118648 0.0059683 0.3235491 0.1143455 0.0393071 0.0000000 0.0044260 0.0567738
132 T 132 0.0832158 0.0364664 0.0751147 0.1458492 0.0000000 0.0529385 0.1930298 0.0689325 0.0021156 0.0196639 0.0285254 0.0574723 0.0333492 0.0161066 0.0324723 0.0537982 0.0833245 0.0000000 0.0026124 0.0150124
133 E 133 0.0513299 0.0088508 0.0462265 0.2335132 0.0000000 0.0868199 0.2658653 0.0511651 0.0035885 0.0106652 0.0237079 0.0664929 0.0055275 0.0014130 0.0096097 0.0528795 0.0591605 0.0000000 0.0048340 0.0183505
134 E 134 0.3993279 0.0276209 0.0412019 0.0526997 0.0000000 0.0257334 0.0979609 0.0248889 0.0151521 0.0305083 0.0488349 0.0150822 0.0235267 0.0154247 0.0026380 0.0364615 0.0313815 0.0000000 0.0042710 0.1072853
135 S 135 0.1038456 0.0034126 0.0110497 0.0134041 0.0067209 0.0214413 0.0666208 0.0335234 0.0229061 0.0388151 0.0399525 0.0058098 0.0190537 0.0364665 0.2157684 0.0939383 0.0321119 0.0782636 0.0862950 0.0706008
136 Q 136 0.1130822 0.0421933 0.0586223 0.0535323 0.0038396 0.1580087 0.1617803 0.0590453 0.0199007 0.0029793 0.0188840 0.1626061 0.0037736 0.0023364 0.0136888 0.0486656 0.0243102 0.0426244 0.0024379 0.0076892
137 K 137 0.0536327 0.0619788 0.0646304 0.0296323 0.0099654 0.1247538 0.0592355 0.0179471 0.0279174 0.0022110 0.0201820 0.3681971 0.0312430 0.0000000 0.0406252 0.0513075 0.0293865 0.0000000 0.0057571 0.0013971
138 L 138 0.0214294 0.0337640 0.0210347 0.0323736 0.0000000 0.0400591 0.0465278 0.0219064 0.0043218 0.1020146 0.4602480 0.0309378 0.0089928 0.0126754 0.0136595 0.0125223 0.0113641 0.0362696 0.0032551 0.0866438
139 N 139 0.0343055 0.1393330 0.0787674 0.0165981 0.0042244 0.0913120 0.0367233 0.0133663 0.0166854 0.0435711 0.0598169 0.1165828 0.0183915 0.0111973 0.0188703 0.0777909 0.1590131 0.0040407 0.0000000 0.0594099
140 A 140 0.0980728 0.0050226 0.0325057 0.0454602 0.0179324 0.0142065 0.0729003 0.0105391 0.0141974 0.0283965 0.0549257 0.0137179 0.0307304 0.2774679 0.0105507 0.0126170 0.0468980 0.1376759 0.0197078 0.0564750
141 K 141 0.0335260 0.0426147 0.0265722 0.0530130 0.0000000 0.0626497 0.0338273 0.0077024 0.0500882 0.0606982 0.0399137 0.2314099 0.0035143 0.0205217 0.0335046 0.1516830 0.0717960 0.0063403 0.0166804 0.0539444
142 N 142 0.1912902 0.1515393 0.1243610 0.0072399 0.0000000 0.0218415 0.0052446 0.0079273 0.0377302 0.0650924 0.0536996 0.0751306 0.0061094 0.0029652 0.0216895 0.0354843 0.0930167 0.0036966 0.0274062 0.0685356
143 A 143 0.2033994 0.0587882 0.0505527 0.0492210 0.0000000 0.0837163 0.0672893 0.0245642 0.0105719 0.0125834 0.0170662 0.0968498 0.0039265 0.0027590 0.0111804 0.1270846 0.1181453 0.0000000 0.0043690 0.0579326
144 L 144 0.1386696 0.0307918 0.0735970 0.0961999 0.0000000 0.0373946 0.0832256 0.0748220 0.0057549 0.0238131 0.1369531 0.0159472 0.0078710 0.0000000 0.0847616 0.0848541 0.0733746 0.0000000 0.0033268 0.0286430
145 A 145 0.4124129 0.0042474 0.0210552 0.0139902 0.0000000 0.0131108 0.0118481 0.1905860 0.0127266 0.0234695 0.0324128 0.0046551 0.0127815 0.0012564 0.0195532 0.0555575 0.1087319 0.0209064 0.0000000 0.0406986
146 K 146 0.2961262 0.0907367 0.0158155 0.0254247 0.0000000 0.0984184 0.0166672 0.0689370 0.0000000 0.0274600 0.0142982 0.1521688 0.0050443 0.0000000 0.0684255 0.0422997 0.0112538 0.0195946 0.0289548 0.0183745
147 P 147 0.0994388 0.0291986 0.0351310 0.0501521 0.0000000 0.0332416 0.0702738 0.0929335 0.0052995 0.0013148 0.0102045 0.0758620 0.0000000 0.0091158 0.2824221 0.0902055 0.0833572 0.0000000 0.0121514 0.0196979
148 V 148 0.0737986 0.0488242 0.0245574 0.0637381 0.0075684 0.2279327 0.0374643 0.0597574 0.0240633 0.0042400 0.0221474 0.1819223 0.0101984 0.0134182 0.0000000 0.0439074 0.0403840 0.0018870 0.0245953 0.0895956
149 L 149 0.0041098 0.0000000 0.0032890 0.0197934 0.0000000 0.0050107 0.0058658 0.0030265 0.0000000 0.0284960 0.8340232 0.0000000 0.0034608 0.0051738 0.0023680 0.0042576 0.0021844 0.0053249 0.0021784 0.0714377
150 Q 150 0.0494091 0.1025617 0.0245971 0.0227023 0.0000000 0.2257930 0.0254036 0.0061023 0.0432319 0.0193217 0.0139305 0.1243465 0.0040403 0.0000000 0.0062726 0.1911948 0.1131948 0.0000000 0.0000000 0.0278975
151 W 151 0.0389862 0.0015474 0.0000000 0.0000000 0.0043631 0.0036911 0.0022776 0.0000000 0.0030250 0.0260992 0.0336725 0.0000000 0.0036290 0.1187800 0.0000000 0.0000000 0.0086484 0.6811597 0.0532107 0.0209102
152 S 152 0.0315805 0.2073724 0.0181291 0.0096982 0.0000000 0.1964802 0.0155234 0.0055585 0.0482438 0.0056187 0.0000000 0.1075376 0.0000000 0.0020654 0.0000000 0.2498673 0.0973561 0.0000000 0.0022006 0.0027680
153 V 153 0.0451981 0.0616688 0.0017488 0.0019888 0.0000000 0.0130724 0.0012368 0.0140411 0.0101884 0.1000291 0.3477292 0.0537520 0.0244244 0.0197147 0.0079583 0.0134104 0.0213257 0.0141314 0.0101266 0.2382550
154 R 154 0.0508056 0.0713908 0.0140649 0.0244949 0.0000000 0.1222340 0.0812260 0.0113714 0.0100923 0.0828895 0.0722798 0.0500085 0.0054111 0.0072268 0.0000000 0.0716099 0.1172472 0.0040018 0.0000000 0.2036458
155 N 155 0.0932906 0.1814914 0.0965801 0.0173171 0.0000000 0.0403949 0.0314373 0.1248896 0.0188965 0.0322498 0.0851794 0.0906989 0.0025426 0.0169951 0.0571646 0.0449617 0.0250679 0.0000000 0.0000000 0.0408425
156 N 156 0.0261562 0.0307113 0.1587044 0.1718599 0.0014655 0.1327444 0.0123145 0.0865399 0.0401816 0.0285525 0.0407061 0.0649148 0.0000000 0.0188890 0.0094562 0.0640331 0.0860866 0.0000000 0.0066907 0.0199934
157 Q 157 0.0876696 0.0837779 0.0425919 0.0453573 0.0021396 0.1895685 0.0954186 0.1084442 0.0063841 0.0061140 0.0047108 0.1186221 0.0000000 0.0000000 0.0464706 0.0977470 0.0296720 0.0000000 0.0000000 0.0353117
158 Q 158 0.0593344 0.0811866 0.0976920 0.1590658 0.0000000 0.1969497 0.0556565 0.1365207 0.0079866 0.0060250 0.0000000 0.0766579 0.0021255 0.0000000 0.0044335 0.0523210 0.0359650 0.0000000 0.0149118 0.0131678
159 G 159 0.0157476 0.0208552 0.1109359 0.0172970 0.0000000 0.0262577 0.0107483 0.5644288 0.0179364 0.0019888 0.0015280 0.0865050 0.0000000 0.0000000 0.0000000 0.0821719 0.0422971 0.0000000 0.0000000 0.0013022
160 Q 160 0.0556900 0.0670415 0.0889048 0.0259238 0.0000000 0.1385223 0.0381734 0.3018726 0.0255135 0.0051985 0.0035616 0.1548740 0.0000000 0.0014364 0.0099820 0.0359143 0.0143556 0.0000000 0.0252890 0.0077467
161 S 161 0.0953752 0.0591160 0.2080058 0.0275965 0.0076960 0.0584627 0.0363703 0.0420837 0.0067170 0.0234434 0.0577818 0.0492566 0.0039325 0.0040721 0.0631810 0.1014334 0.0716440 0.0353664 0.0263923 0.0220734
162 E 162 0.0742529 0.0402115 0.0205735 0.0055365 0.0057701 0.0979997 0.0819452 0.0546220 0.0209441 0.0098849 0.0465406 0.0543216 0.0505086 0.0617581 0.0000000 0.0637938 0.0838072 0.0457251 0.0831262 0.0986785
163 L 163 0.0015407 0.0000000 0.0000000 0.0000000 0.0000000 0.0000000 0.0000000 0.0000000 0.0000000 0.1641281 0.6746153 0.0000000 0.0108782 0.0129284 0.0000000 0.0000000 0.0000000 0.0000000 0.0030696 0.1328397
164 Y 164 0.0175757 0.1174856 0.0132661 0.0034902 0.0058417 0.0847965 0.1198764 0.0017407 0.0109537 0.0634186 0.0274838 0.1165581 0.0078946 0.0040369 0.0000000 0.0466633 0.1946848 0.0035125 0.0440984 0.1166225
165 L 165 0.1606564 0.0000000 0.0000000 0.0000000 0.0192469 0.0000000 0.0000000 0.0249791 0.0000000 0.2108154 0.1356934 0.0000000 0.0042176 0.0121730 0.0000000 0.0025489 0.0032076 0.0000000 0.0000000 0.4264619
166 K 166 0.0188496 0.0902467 0.1444325 0.0612447 0.0032634 0.0156767 0.1069746 0.0117466 0.0619217 0.0284719 0.0045765 0.1561856 0.0064423 0.0070720 0.0027709 0.1041029 0.1333989 0.0000000 0.0203474 0.0222750
167 N 167 0.0000000 0.0000000 0.9908605 0.0054586 0.0000000 0.0000000 0.0000000 0.0000000 0.0000000 0.0000000 0.0000000 0.0000000 0.0000000 0.0000000 0.0000000 0.0000000 0.0036808 0.0000000 0.0000000 0.0000000
168 N 168 0.0265355 0.0369743 0.0847109 0.0416305 0.0000000 0.0379939 0.0145590 0.0096430 0.0078042 0.0159327 0.0082270 0.0138655 0.0000000 0.0000000 0.5908692 0.0514817 0.0475823 0.0000000 0.0000000 0.0121903
169 G 169 0.0081854 0.0011094 0.0058689 0.0063116 0.0000000 0.0081664 0.0030302 0.2243598 0.0027620 0.0000000 0.0019063 0.0060628 0.0032444 0.0000000 0.0000000 0.1957135 0.5332794 0.0000000 0.0000000 0.0000000
170 Q 170 0.1007408 0.0053319 0.0599598 0.0193397 0.0000000 0.0435429 0.0144589 0.0367596 0.0000000 0.0022993 0.0098767 0.0086039 0.0016519 0.0000000 0.6389717 0.0283829 0.0197358 0.0000000 0.0000000 0.0103441
171 K 171 0.0249946 0.0395307 0.0094045 0.0000000 0.0000000 0.0079071 0.0020941 0.0270064 0.0164929 0.0210118 0.0234759 0.0337990 0.0037092 0.1476773 0.0000000 0.0137105 0.0135976 0.0228950 0.5570355 0.0356581
172 F 172 0.0029727 0.0201843 0.0279821 0.0000000 0.0000000 0.0019403 0.0000000 0.0000000 0.3044991 0.0008687 0.0065141 0.0000000 0.0000000 0.1377197 0.0035375 0.0054146 0.0047950 0.0091910 0.4519855 0.0223954
173 A 173 0.2126637 0.0000000 0.0000000 0.0000000 0.0000000 0.0033712 0.0017987 0.0000000 0.0000000 0.2353015 0.0943625 0.0000000 0.0757804 0.0348134 0.0000000 0.0030690 0.0027419 0.0000000 0.0030917 0.3330060
174 R 174 0.0090012 0.1310215 0.1174791 0.0016510 0.0000000 0.0658239 0.0000000 0.0000000 0.0065615 0.0117991 0.0086047 0.0125034 0.0000000 0.0012846 0.0023469 0.2387944 0.3688312 0.0000000 0.0074372 0.0168604
175 L 175 0.0055882 0.0000000 0.0000000 0.0000000 0.0000000 0.0000000 0.0000000 0.0000000 0.0000000 0.1549256 0.4099183 0.0000000 0.0307700 0.2451932 0.0036399 0.0012490 0.0000000 0.0000000 0.0203112 0.1284045
176 S 176 0.1755554 0.0222883 0.0755254 0.0260451 0.0000000 0.0275609 0.0025482 0.0903007 0.0052715 0.0511683 0.0174212 0.0088605 0.0065906 0.0050787 0.0029919 0.2776734 0.0969151 0.0000000 0.0184127 0.0897921
177 A 177 0.1026782 0.0551717 0.1311876 0.1264577 0.0000000 0.0775156 0.0786712 0.0695346 0.0249796 0.0122526 0.0071534 0.0577649 0.0051349 0.0013954 0.0000000 0.1372254 0.0361978 0.0180127 0.0399596 0.0187070
178 L 178 0.1052524 0.0000000 0.0013176 0.0051030 0.0000000 0.0129993 0.0048927 0.0236141 0.0000000 0.1800935 0.3502103 0.0089573 0.0257642 0.0270096 0.0023163 0.0100043 0.0096014 0.0016756 0.0098941 0.2212944
179 K 179 0.0833314 0.0405209 0.0533034 0.0323974 0.0000000 0.0565667 0.0839340 0.0564338 0.0146341 0.0237758 0.0239474 0.1243465 0.0083775 0.0168479 0.0035625 0.1774391 0.1281433 0.0044991 0.0290012 0.0389379
180 T 180 0.0429675 0.0212937 0.0128881 0.0037486 0.0016974 0.0153396 0.0061671 0.0088234 0.0086285 0.1857695 0.2917650 0.0161733 0.0084283 0.0367832 0.0040111 0.0183018 0.0609563 0.0131672 0.0038847 0.2392058
181 S 181 0.0471421 0.0462910 0.0761373 0.1251942 0.0007281 0.0643894 0.0411613 0.1431414 0.0112710 0.0166614 0.0205836 0.1345895 0.0042309 0.0023136 0.0044350 0.1239563 0.0940322 0.0066187 0.0022636 0.0348593
182 K 182 0.1265055 0.0271381 0.0918195 0.0417304 0.0040281 0.0565174 0.0457675 0.0998524 0.0091515 0.0344931 0.0611299 0.0893328 0.0070936 0.0158316 0.0258759 0.1195462 0.0340219 0.0019456 0.0008636 0.1073553
183 T 183 0.0642235 0.0233271 0.1775051 0.0601279 0.0000000 0.0399818 0.0235127 0.2831754 0.0103809 0.0000000 0.0020834 0.1224114 0.0000000 0.0000000 0.0295707 0.0608020 0.0982195 0.0000000 0.0000000 0.0046785
184 G 184 0.0326904 0.0046576 0.0674450 0.0415781 0.0000000 0.0593055 0.0181332 0.5363933 0.0104570 0.0008581 0.0036517 0.1211153 0.0012952 0.0000000 0.0060405 0.0664272 0.0220045 0.0000000 0.0000000 0.0079473
185 N 185 0.0551318 0.0583801 0.0876874 0.0119553 0.0000000 0.1278180 0.0381154 0.0624785 0.0378584 0.0318168 0.0263306 0.2877238 0.0023345 0.0023980 0.0052964 0.0645196 0.0687874 0.0042085 0.0009750 0.0261846
186 D 186 0.0587436 0.0736132 0.0428250 0.0822005 0.0000000 0.0612141 0.0885505 0.0352915 0.0133699 0.0218929 0.0407094 0.1223283 0.0143639 0.0155395 0.0675274 0.0963070 0.1082381 0.0000000 0.0205017 0.0367837
187 I 187 0.0782123 0.0434474 0.0345784 0.0231527 0.0000000 0.0317050 0.0355527 0.0121827 0.0216711 0.1452752 0.1273095 0.0651007 0.0154712 0.0200579 0.0334653 0.0434185 0.0629305 0.0159767 0.0518970 0.1385951
188 S 188 0.1067552 0.0191231 0.0317071 0.0696381 0.0000000 0.0275676 0.0703911 0.0408055 0.0042192 0.0493000 0.0397402 0.1042465 0.0202357 0.0077282 0.1043498 0.1144752 0.1079057 0.0012146 0.0030091 0.0775879
189 L 189 0.0737577 0.0163236 0.0283927 0.0531164 0.0048397 0.0222193 0.0208924 0.0638241 0.0014892 0.1098942 0.2382803 0.0379015 0.0448193 0.0687876 0.0213756 0.0251815 0.0254882 0.0036765 0.0047083 0.1350320
