  395         A         R         N         D         C         Q         E         G         H         I         L         K         M         F         P         S         T         W         Y         V         X    
  1 A   1 0.4621290 0.0000000 0.0000000 0.0000000 0.0000000 0.0000000 0.0000000 0.0000000 0.0000000 0.0000000 0.0000000 0.0000000 0.0000000 0.0000000 0.0000000 0.0454157 0.0000000 0.0000000 0.0000000 0.0000000 0.4924554
  2 T   2 0.1357313 0.0000000 0.0243627 0.0207941 0.0000000 0.0014874 0.0050454 0.2205435 0.0000000 0.0000000 0.0000000 0.0000000 0.0000000 0.0000000 0.0019408 0.1625087 0.0539065 0.0000000 0.0000000 0.0018656 0.3718141
  3 F   3 0.0021709 0.0000000 0.0000000 0.0000000 0.0000000 0.0000000 0.0000000 0.0000000 0.0000000 0.2106078 0.1190010 0.0000000 0.0120024 0.0406543 0.0000000 0.0000000 0.0000000 0.0000000 0.0000000 0.2663936 0.3491700
  4 L   4 0.0531200 0.0209216 0.0270376 0.0013120 0.0000000 0.0692276 0.0025898 0.0188652 0.0055136 0.0486364 0.0618684 0.0141956 0.0235616 0.0008299 0.0000000 0.0700782 0.0702542 0.0000000 0.0030524 0.1644330 0.3445028
  5 I   5 0.0171845 0.0000000 0.0000000 0.0000000 0.0000000 0.0000000 0.0000000 0.0000000 0.0000000 0.2290249 0.2251787 0.0000000 0.0311963 0.0013027 0.0323100 0.0000000 0.0045220 0.0000000 0.0000000 0.1209361 0.3383447
  6 W   6 0.0384971 0.0015402 0.0656059 0.1394831 0.0000000 0.0140245 0.0213931 0.1360316 0.0071663 0.0065045 0.0082149 0.0026562 0.0040739 0.0032840 0.0000000 0.0836887 0.0463793 0.0670679 0.0175370 0.0045113 0.3323406
  7 P   7 0.0674151 0.1259260 0.0107483 0.0000000 0.0000000 0.0173726 0.0032231 0.2351681 0.0017652 0.0000000 0.0046459 0.0128917 0.0000000 0.0000000 0.1387305 0.0295582 0.0153210 0.0000000 0.0020637 0.0044746 0.3306961
  8 I   8 0.0018422 0.0000000 0.0007024 0.0028615 0.0000000 0.0000000 0.0000000 0.0000000 0.0000000 0.0700778 0.0025937 0.0000000 0.0022838 0.0000000 0.0000000 0.0313462 0.5178129 0.0000000 0.0000000 0.0447794 0.3257002
  9 Y   9 0.0000000 0.5543379 0.0128598 0.0323785 0.0000000 0.0011905 0.0000000 0.0018566 0.0011144 0.0031469 0.0051125 0.0000000 0.0030033 0.0036167 0.0000000 0.0155394 0.0171011 0.0000000 0.0227921 0.0009629 0.3249874
 10 P  10 0.0220713 0.0000000 0.0000000 0.0000000 0.0000000 0.0078832 0.0016445 0.0000000 0.0008449 0.1519371 0.0972170 0.0000000 0.0093617 0.0308781 0.0582363 0.0000000 0.0000000 0.0000000 0.0109893 0.2864686 0.3224680
 11 K  11 0.0115446 0.0045015 0.0009632 0.0122051 0.0000000 0.0049137 0.0283257 0.0013650 0.0012607 0.3994833 0.0079459 0.0213733 0.0000000 0.0016179 0.0000000 0.0051816 0.0113494 0.0075246 0.0024177 0.1555590 0.3224680
 12 I  12 0.0015433 0.0000000 0.0000000 0.0006996 0.0000000 0.0000000 0.0000000 0.0000000 0.0037336 0.0770639 0.0827898 0.0000000 0.0205114 0.1805173 0.0000000 0.0000000 0.0000000 0.0008592 0.3016517 0.0092800 0.3213503
 13 E  13 0.0348404 0.0091633 0.1308083 0.0850361 0.0013650 0.0313223 0.0595993 0.0093661 0.0147682 0.0050964 0.0138836 0.0151133 0.0014795 0.0020974 0.1905990 0.0375431 0.0294811 0.0000000 0.0038791 0.0032084 0.3213503
 14 A  14 0.1957910 0.0000000 0.0040002 0.0092429 0.0000000 0.0370075 0.1215398 0.1763262 0.0007510 0.0019437 0.0052295 0.0000000 0.0042683 0.0000000 0.0322299 0.0856334 0.0006403 0.0000000 0.0006812 0.0017202 0.3229948
 15 N  15 0.0381147 0.0109181 0.0925449 0.1400144 0.0000000 0.0338769 0.0547917 0.1350990 0.0086560 0.0000000 0.0009358 0.0452512 0.0007052 0.0009627 0.0125044 0.0715484 0.0320984 0.0000000 0.0000000 0.0012298 0.3207486
 16 E  16 0.0811346 0.0223500 0.0319840 0.0916062 0.0000000 0.1153038 0.1284116 0.0034997 0.0034467 0.0019735 0.0020174 0.0938303 0.0049005 0.0000000 0.0000000 0.0668138 0.0172613 0.0000000 0.0044148 0.0103031 0.3207486
 17 K  17 0.0220145 0.1029458 0.0528037 0.0118961 0.0000000 0.0242388 0.0052030 0.0088380 0.0063528 0.0023579 0.0023766 0.3324515 0.0018146 0.0000000 0.0355279 0.0442122 0.0209006 0.0000000 0.0009402 0.0043771 0.3207486
 18 A  18 0.1497664 0.0008998 0.0211930 0.0339502 0.0000000 0.0408194 0.1997917 0.0400065 0.0013278 0.0012161 0.0000000 0.0046959 0.0021724 0.0037405 0.0009436 0.1562295 0.0111288 0.0006666 0.0008688 0.0098345 0.3207486
 19 T  19 0.1527522 0.0130678 0.0008482 0.0078040 0.0000000 0.0268497 0.0190261 0.0185715 0.0057495 0.0834093 0.0182447 0.0183447 0.0082248 0.0000000 0.0000000 0.0486156 0.0921248 0.0000000 0.0000000 0.1656184 0.3207486
 20 A  20 0.0839750 0.0009781 0.0277086 0.0087235 0.0000000 0.0162619 0.0259921 0.0241918 0.0000000 0.0140344 0.0046669 0.0030790 0.0034059 0.0009567 0.0028007 0.2945075 0.1421418 0.0000000 0.0010667 0.0252049 0.3203044
 21 V  21 0.0161064 0.0000000 0.0000000 0.0000000 0.0000000 0.0000000 0.0000000 0.0000000 0.0000000 0.1431192 0.2727152 0.0000000 0.0126154 0.0182401 0.0000000 0.0000000 0.0012792 0.0000000 0.0013473 0.2148009 0.3197763
 22 W  22 0.0210403 0.0594554 0.0626157 0.0058195 0.0000000 0.0977600 0.0147000 0.0171149 0.0022971 0.0064840 0.0098492 0.0400413 0.0159513 0.0040702 0.0222469 0.0799560 0.1091093 0.0863064 0.0062211 0.0191851 0.3197763
 23 L  23 0.0080392 0.0000000 0.0000000 0.0000000 0.0000000 0.0000000 0.0000000 0.0000000 0.0000000 0.1371493 0.3021060 0.0000000 0.0125588 0.0084653 0.0000000 0.0000000 0.0079031 0.0000000 0.0000000 0.2046193 0.3191590
 24 Q  24 0.0268926 0.0616945 0.0440347 0.0195815 0.0000000 0.0350275 0.0797342 0.0059829 0.0157054 0.0270229 0.0049955 0.0578701 0.0199495 0.0068867 0.0000000 0.1139239 0.1145902 0.0030987 0.0115690 0.0331580 0.3182821
 25 N  25 0.0000000 0.0000000 0.6747647 0.0000000 0.0000000 0.0000000 0.0000000 0.0000000 0.0000000 0.0000000 0.0000000 0.0000000 0.0000000 0.0000000 0.0000000 0.0069532 0.0000000 0.0000000 0.0000000 0.0000000 0.3182821
 26 T  26 0.0126099 0.0622979 0.0748182 0.0596412 0.0000000 0.0769635 0.0441821 0.0050246 0.0134193 0.0060721 0.0073169 0.0803763 0.0027162 0.0000000 0.0588085 0.0618858 0.0984077 0.0000000 0.0021679 0.0145600 0.3187319
 27 G  27 0.0239825 0.0008689 0.0878532 0.1246252 0.0000000 0.0147135 0.0206794 0.2389612 0.0058662 0.0000000 0.0007524 0.0013429 0.0000000 0.0010985 0.0000000 0.1466596 0.0111806 0.0000000 0.0009627 0.0021709 0.3182821
 28 K  28 0.0425814 0.0064009 0.0718756 0.1222448 0.0000000 0.0208539 0.0542761 0.0188801 0.0010171 0.0015193 0.0045486 0.1512198 0.0027577 0.0000000 0.0283205 0.0727865 0.0776616 0.0000000 0.0000000 0.0045377 0.3185185
 29 T  29 0.0433737 0.0536973 0.0286936 0.0317186 0.0000000 0.0736727 0.0754461 0.0101822 0.0206556 0.0237773 0.0187946 0.0642604 0.0051715 0.0145414 0.0000000 0.0632599 0.0925273 0.0050713 0.0412521 0.0154632 0.3184411
 30 D  30 0.0374209 0.0059838 0.0172630 0.0339698 0.0000000 0.0026688 0.0278695 0.0029964 0.0016459 0.0019225 0.0029652 0.0064814 0.0006192 0.0000000 0.4425446 0.0426394 0.0365085 0.0000000 0.0000000 0.0144407 0.3220601
 31 A  31 0.0936153 0.0073482 0.0157732 0.0023211 0.0000000 0.0024287 0.0039453 0.0016966 0.0039638 0.0491807 0.0275782 0.0005193 0.0118940 0.0370440 0.0000000 0.0462580 0.0342976 0.0147287 0.2294334 0.0974684 0.3205056
 32 M  32 0.0190938 0.0091669 0.0210986 0.0094601 0.0000000 0.0066251 0.0014224 0.0157154 0.0068113 0.0208251 0.4082388 0.0018292 0.0286836 0.0237464 0.0000000 0.0048875 0.0200348 0.0008842 0.0369106 0.0440606 0.3205056
 33 V  33 0.1418733 0.0000000 0.0000000 0.0000000 0.0000000 0.0000000 0.0000000 0.0234093 0.0000000 0.1054739 0.1049704 0.0000000 0.0354092 0.0019137 0.0000000 0.0000000 0.0063990 0.0000000 0.0016179 0.2546866 0.3242467
 34 Q  34 0.0000000 0.0037982 0.0014733 0.0030793 0.0000000 0.5908482 0.0089026 0.0008133 0.0010849 0.0000000 0.0009788 0.0113650 0.0000000 0.0000000 0.0000000 0.0007674 0.0012699 0.0000000 0.0000000 0.0000000 0.3756190
 35 I  35 0.0216557 0.0000000 0.0013120 0.0000000 0.0000000 0.0000000 0.0000000 0.0016724 0.0000000 0.0552833 0.0200477 0.0000000 0.0032391 0.0025499 0.0011471 0.0317610 0.0665796 0.0000000 0.0000000 0.1328287 0.6619234
 36 R  36 0.0037359 0.1367451 0.0010602 0.0066712 0.0000000 0.0074445 0.0078274 0.0050148 0.0055026 0.0000000 0.0052366 0.0098097 0.0014874 0.0031305 0.0000000 0.0082073 0.0028480 0.0316194 0.0017954 0.0000000 0.7618642
 37 V  37 0.0158681 0.0000000 0.0000000 0.0000000 0.0000000 0.0000000 0.0000000 0.0031536 0.0000000 0.0827566 0.0146363 0.0000000 0.0000000 0.0000000 0.0000000 0.0021709 0.0084800 0.0000000 0.0000000 0.1521934 0.7207410
 38 F  38 0.0016221 0.0036944 0.0079020 0.0059277 0.0000000 0.0424169 0.0094673 0.0007334 0.0023177 0.0037322 0.0359482 0.0081879 0.0083474 0.0702671 0.0000000 0.0133170 0.0068250 0.0006766 0.0344983 0.0211658 0.7229532
 39 K  39 0.1226141 0.0438731 0.0127512 0.0057892 0.0000000 0.0045139 0.0122727 0.0402069 0.0029658 0.0000000 0.0022438 0.0244143 0.0000000 0.0000000 0.0061280 0.2624735 0.0045023 0.0000000 0.0000000 0.0008017 0.4544495
 40 W  40 0.0034480 0.0020522 0.0020686 0.0029277 0.0000000 0.0000000 0.0000000 0.0010663 0.0010110 0.0009402 0.0000000 0.0000000 0.0013027 0.0039447 0.0052167 0.0023188 0.0051550 0.5988324 0.0032795 0.0006575 0.3657787
 41 N  41 0.0089730 0.0199424 0.0181787 0.0134898 0.0000000 0.0222318 0.0044531 0.0020773 0.0024864 0.1846699 0.0991069 0.0120416 0.0173132 0.0110703 0.0113127 0.0320012 0.0427692 0.0000000 0.0011775 0.1336971 0.3630080
 42 Q  42 0.0069503 0.0013120 0.0043227 0.2813137 0.0000000 0.1404516 0.1625026 0.0057671 0.0016179 0.0000000 0.0018958 0.0033441 0.0007240 0.0000000 0.0036839 0.0171508 0.0085284 0.0000000 0.0000000 0.0000000 0.3604351
 43 D  43 0.0388096 0.0095772 0.1340062 0.2339723 0.0010940 0.0153151 0.0463633 0.0148667 0.0035501 0.0103447 0.0054910 0.0280598 0.0006379 0.0000000 0.0087402 0.0268969 0.0505061 0.0000000 0.0018910 0.0184162 0.3514616
 44 G  44 0.0724598 0.0038670 0.0450306 0.0569771 0.0000000 0.0089956 0.0790138 0.2523921 0.0020159 0.0162315 0.0063816 0.0121400 0.0020373 0.0082504 0.0120981 0.0313869 0.0204718 0.0000000 0.0018830 0.0092587 0.3591087
 45 L  45 0.0225623 0.0236423 0.1124931 0.1591110 0.0000000 0.0394318 0.0332976 0.1113721 0.0053969 0.0029122 0.0233774 0.0465432 0.0018350 0.0115511 0.0036472 0.0336797 0.0078745 0.0000000 0.0060223 0.0028667 0.3523835
 46 K  46 0.0709888 0.0110302 0.0229822 0.0320359 0.0000000 0.0530049 0.0789525 0.1694755 0.0112493 0.0169029 0.0148863 0.0507406 0.0058409 0.0037940 0.0467541 0.0258765 0.0301959 0.0000000 0.0028385 0.0180688 0.3343822
 47 D  47 0.0085899 0.0134487 0.1090433 0.1866660 0.0000000 0.0424224 0.1138312 0.0159154 0.0093743 0.0034777 0.0019761 0.0783406 0.0038817 0.0009457 0.0042519 0.0416196 0.0163930 0.0000000 0.0000000 0.0109841 0.3388383
 48 N  48 0.0625127 0.0405059 0.0470961 0.0436956 0.0000000 0.0414179 0.0144376 0.0107318 0.0038614 0.0125969 0.0205970 0.1803146 0.0088647 0.0005901 0.0221946 0.0667540 0.0274683 0.0000000 0.0000000 0.0510487 0.3453123
 49 Y  49 0.0395767 0.0147629 0.0204474 0.0352247 0.0000000 0.0202366 0.0137080 0.0215996 0.0085224 0.0751641 0.0890066 0.0458178 0.0077069 0.0075812 0.0191408 0.0533756 0.0656260 0.0000000 0.0616365 0.0193142 0.3815521
 50 S  50 0.0461856 0.0145836 0.0121285 0.0245675 0.0000000 0.0221074 0.0373296 0.0101047 0.0033958 0.0133255 0.0073142 0.0335265 0.0006571 0.0007373 0.1564133 0.0673998 0.0885028 0.0000000 0.0024031 0.0179340 0.4413839
 51 E  51 0.0515803 0.0059044 0.0320611 0.0597196 0.0000000 0.0146235 0.1288271 0.0091325 0.0008470 0.0112449 0.0028061 0.0290107 0.0008444 0.0000000 0.1128178 0.0600066 0.0233187 0.0000000 0.0000000 0.0029925 0.4542628
 52 Q  52 0.0451588 0.0090296 0.0399415 0.0247135 0.0000000 0.1204826 0.0166699 0.0079805 0.0012332 0.0022897 0.0024435 0.0623597 0.0000000 0.0000000 0.0413278 0.0613601 0.1555638 0.0000000 0.0018026 0.0046857 0.4029575
 53 S  53 0.0818323 0.0270645 0.0256479 0.0396676 0.0000000 0.0441890 0.0146255 0.0290619 0.0010394 0.0393434 0.0284991 0.0111869 0.0060329 0.0022061 0.0225143 0.0999345 0.0511272 0.0000000 0.0000000 0.0658225 0.4102051
 54 E  54 0.0316623 0.0059826 0.0109707 0.0940057 0.0000000 0.0156017 0.0560163 0.0046017 0.0078874 0.0043111 0.0034774 0.0072475 0.0021743 0.0049477 0.3265355 0.0079936 0.0095234 0.0008133 0.0159110 0.0017766 0.3885600
 55 I  55 0.0014451 0.0025332 0.0000000 0.0000000 0.0000000 0.0000000 0.0000000 0.0000000 0.0000000 0.0579879 0.1331282 0.0000000 0.0136337 0.4088930 0.0000000 0.0000000 0.0011140 0.0000000 0.0010442 0.0637552 0.3164655
 56 I  56 0.0397323 0.0005824 0.0041385 0.0000000 0.0000000 0.0060439 0.0009969 0.0000000 0.0000000 0.2055618 0.0842988 0.0000000 0.0585165 0.0113636 0.0018395 0.0128990 0.0491763 0.0000000 0.0035384 0.2048465 0.3164655
 57 P  57 0.1531013 0.0000000 0.0000000 0.0000000 0.0000000 0.0000000 0.0000000 0.0103756 0.0000000 0.1397253 0.0560632 0.0000000 0.0041891 0.0029866 0.0376395 0.0118518 0.0132016 0.0000000 0.0000000 0.2529823 0.3178835
 58 S  58 0.0108157 0.0014362 0.0151994 0.0012295 0.0000000 0.0030443 0.0013752 0.0000000 0.0000000 0.0146385 0.1124818 0.0000000 0.0063463 0.0007334 0.0000000 0.1490406 0.3408939 0.0000000 0.0015229 0.0233589 0.3178835
 59 P  59 0.0022790 0.0009557 0.0000000 0.0000000 0.0000000 0.0018070 0.0000000 0.0000000 0.0000000 0.0000000 0.0000000 0.0000000 0.0000000 0.0000000 0.6758881 0.0012295 0.0013752 0.0000000 0.0000000 0.0000000 0.3164655
 60 P  60 0.0314454 0.0011350 0.0026938 0.0000000 0.0000000 0.0081124 0.0000000 0.0038831 0.0000000 0.0012483 0.0038407 0.0000000 0.0024835 0.0000000 0.6014774 0.0151158 0.0112300 0.0000000 0.0000000 0.0008689 0.3164655
 61 V  61 0.0051932 0.0000000 0.0000000 0.0000000 0.0000000 0.0039123 0.0000000 0.0000000 0.0000000 0.1331859 0.2700032 0.0000000 0.0592523 0.0361120 0.0000000 0.0028375 0.0020644 0.0000000 0.0000000 0.1709736 0.3164655
 62 A  62 0.0668512 0.0040775 0.0067223 0.0000000 0.0000000 0.1159130 0.0040620 0.0025927 0.0000000 0.0129377 0.0260843 0.0000000 0.0134738 0.2686304 0.0000000 0.0541948 0.0281517 0.0000000 0.0243323 0.0555107 0.3164655
 63 K  63 0.0087239 0.4237969 0.0063977 0.0000000 0.0000000 0.0203082 0.0113187 0.0012180 0.0038794 0.0014103 0.0016386 0.1205402 0.0043978 0.0000000 0.0014175 0.0139005 0.0409162 0.0000000 0.0008958 0.0227748 0.3164655
 64 I  64 0.0006027 0.0000000 0.0000000 0.0000000 0.0000000 0.0013305 0.0000000 0.0000000 0.0000000 0.2133076 0.2554900 0.0000000 0.0606043 0.0063016 0.0000000 0.0145216 0.0000000 0.0000000 0.0000000 0.1313763 0.3164655
 65 K  65 0.0775786 0.0045684 0.0524862 0.1335083 0.0000000 0.0445232 0.2340820 0.0315073 0.0012966 0.0012704 0.0069771 0.0409205 0.0017428 0.0000000 0.0275635 0.0182622 0.0044197 0.0000000 0.0009198 0.0019079 0.3164655
 66 A  66 0.2103296 0.0006974 0.0009237 0.0016682 0.0000000 0.0017773 0.0082848 0.0849128 0.0000000 0.0000000 0.0000000 0.0176686 0.0005634 0.0000000 0.3315562 0.0167317 0.0035477 0.0000000 0.0000000 0.0048731 0.3164655
 67 G  67 0.0134829 0.0098566 0.0918269 0.0274327 0.0000000 0.0367130 0.0308993 0.3102209 0.0195646 0.0000000 0.0131556 0.0989578 0.0019257 0.0000000 0.0011700 0.0206515 0.0057637 0.0000000 0.0000000 0.0019135 0.3164655
 68 E  68 0.0714222 0.0302030 0.0183917 0.0238364 0.0000000 0.1260834 0.0912742 0.0554852 0.0063361 0.0006186 0.0007740 0.1399406 0.0063133 0.0000000 0.0000000 0.0937057 0.0143962 0.0000000 0.0000000 0.0047539 0.3164655
 69 K  69 0.0123973 0.0762374 0.0167373 0.0268764 0.0000000 0.0840185 0.1029328 0.1286735 0.0014945 0.0065150 0.0055253 0.1205939 0.0035082 0.0000000 0.0038681 0.0561770 0.0235810 0.0000000 0.0043394 0.0100590 0.3164655
 70 H  70 0.0250696 0.0261000 0.1330097 0.0000000 0.0000000 0.2959182 0.0000000 0.0209911 0.0224049 0.0036037 0.0078924 0.0227047 0.0009627 0.0008842 0.0000000 0.0883397 0.0186891 0.0000000 0.0125833 0.0043812 0.3164655
 71 M  71 0.0269375 0.0176336 0.0162344 0.0025126 0.0000000 0.1025829 0.0031237 0.0070519 0.0020155 0.0549986 0.1297631 0.0122174 0.0364264 0.0056499 0.0014512 0.0607080 0.1164244 0.0000000 0.0000000 0.0878032 0.3164655
 72 L  72 0.0118064 0.0013305 0.0000000 0.0000000 0.0000000 0.0054854 0.0044423 0.0000000 0.0000000 0.1240278 0.3098372 0.0000000 0.0142528 0.0094258 0.0000000 0.0010757 0.0013068 0.0011227 0.0000000 0.1994211 0.3164655
 73 R  73 0.0005750 0.5766665 0.0029611 0.0000000 0.0000000 0.0072795 0.0006465 0.0054106 0.0071822 0.0013305 0.0068195 0.0643062 0.0011898 0.0000000 0.0000000 0.0020156 0.0041940 0.0013393 0.0000000 0.0016182 0.3164655
 74 L  74 0.0031552 0.0000000 0.0000000 0.0000000 0.0000000 0.0000000 0.0000000 0.0000000 0.0000000 0.3464305 0.1620463 0.0000000 0.0138516 0.0136204 0.0000000 0.0000000 0.0013374 0.0000000 0.0000000 0.1430931 0.3164655
 75 T  75 0.0236274 0.0187576 0.0112827 0.0000000 0.0000000 0.0320918 0.0012483 0.0159361 0.0005698 0.1734555 0.0497897 0.0186005 0.0742965 0.0208311 0.0173752 0.0262380 0.0717349 0.0000000 0.0036637 0.1240358 0.3164655
 76 K  76 0.0331994 0.1367561 0.0343913 0.0274493 0.0000000 0.0124094 0.0030564 0.0031826 0.0173653 0.0000000 0.0613557 0.1113317 0.0096290 0.0388354 0.0082382 0.0267534 0.0079790 0.0073136 0.1364719 0.0078168 0.3164655
 77 S  77 0.0435432 0.0151555 0.0348341 0.0016046 0.0010940 0.0378447 0.0073067 0.0018975 0.0008866 0.0652688 0.0658739 0.0089149 0.0157174 0.0000000 0.0133729 0.0572510 0.2430696 0.0000000 0.0012032 0.0686959 0.3164655
 78 V  78 0.0604639 0.0126922 0.0784844 0.0186111 0.0000000 0.0215026 0.0142033 0.2934668 0.0151642 0.0025857 0.0012565 0.0285777 0.0000000 0.0020797 0.0101978 0.0759507 0.0265614 0.0000000 0.0000000 0.0217366 0.3164655
 79 N  79 0.0734105 0.0144714 0.0497334 0.0501087 0.0000000 0.0848130 0.0390498 0.0785764 0.0070751 0.0015714 0.0047161 0.0838206 0.0024579 0.0000000 0.1333600 0.0302755 0.0279802 0.0000000 0.0000000 0.0021146 0.3164655
 80 L  80 0.0396179 0.0000000 0.0047603 0.0101560 0.0000000 0.0043235 0.0100588 0.0094618 0.0000000 0.0091496 0.4863437 0.0019209 0.0232668 0.0045980 0.0277521 0.0136465 0.0112781 0.0000000 0.0000000 0.0260699 0.3175959
 81 P  81 0.0572721 0.0011927 0.0052234 0.0071384 0.0000000 0.0020411 0.0018444 0.0049891 0.0000000 0.0000000 0.0062953 0.0058648 0.0011775 0.0000000 0.5578713 0.0162380 0.0076535 0.0000000 0.0000000 0.0049883 0.3202101
 82 D  82 0.1007476 0.0194835 0.0180603 0.0366990 0.0000000 0.1648617 0.0391978 0.0220595 0.0035822 0.0088081 0.0089904 0.0882415 0.0063069 0.0000000 0.0297866 0.0359725 0.0822589 0.0000000 0.0000000 0.0184782 0.3164655
 83 G  83 0.0124462 0.0064658 0.0311961 0.5050713 0.0000000 0.0107176 0.0066439 0.0637549 0.0019176 0.0000000 0.0007881 0.0090438 0.0000000 0.0000000 0.0070874 0.0128562 0.0097752 0.0000000 0.0000000 0.0033444 0.3188916
 84 K  84 0.0134760 0.4641256 0.0020436 0.0007644 0.0000000 0.0334875 0.0045466 0.0133817 0.0066160 0.0019624 0.0016355 0.1021313 0.0017813 0.0017634 0.0008964 0.0015311 0.0159939 0.0000000 0.0000000 0.0158265 0.3180369
 85 E  85 0.0000000 0.0000000 0.0000000 0.0000000 0.0000000 0.0053447 0.6762199 0.0000000 0.0000000 0.0000000 0.0019699 0.0000000 0.0000000 0.0000000 0.0000000 0.0000000 0.0000000 0.0000000 0.0000000 0.0000000 0.3164655
 86 Q  86 0.0090741 0.0092328 0.0008217 0.0071039 0.0000000 0.0629234 0.0159718 0.0033047 0.0009686 0.0015616 0.0134189 0.0149278 0.0026096 0.0000000 0.0000000 0.4603313 0.0724951 0.0000000 0.0028934 0.0058958 0.3164655
 87 S  87 0.0726064 0.0007213 0.0000000 0.0009926 0.0054090 0.0033897 0.0000000 0.0018125 0.0010672 0.0337670 0.2929365 0.0000000 0.0176494 0.0000000 0.0000000 0.0540440 0.0146770 0.0000000 0.0039556 0.1805062 0.3164655
 88 Y  88 0.0000000 0.0000000 0.0009757 0.0000000 0.0000000 0.0121201 0.0000000 0.0020797 0.0026389 0.0000000 0.0203165 0.0008746 0.0030101 0.4088941 0.0000000 0.0000000 0.0008128 0.0072866 0.2216827 0.0028429 0.3164655
 89 R  89 0.0023335 0.1473140 0.0000000 0.0000000 0.0000000 0.0000000 0.0000000 0.0010906 0.0066685 0.0042827 0.0039557 0.0008972 0.0008503 0.0177518 0.0000000 0.0000000 0.0061104 0.2915470 0.1999109 0.0008218 0.3164655
 90 L  90 0.0059285 0.0000000 0.0000000 0.0000000 0.0000000 0.0000000 0.0000000 0.0000000 0.0000000 0.0824339 0.3616350 0.0000000 0.0182554 0.1454847 0.0000000 0.0013391 0.0017444 0.0000000 0.0119603 0.0547533 0.3164655
 91 I  91 0.0044827 0.0021096 0.4667654 0.0058446 0.0180106 0.0029401 0.0000000 0.0000000 0.0022261 0.0688684 0.0380773 0.0000000 0.0009862 0.0078251 0.0000000 0.0286274 0.0076469 0.0007929 0.0075160 0.0208152 0.3164655
 92 V  92 0.0139691 0.0000000 0.0000000 0.0000000 0.0000000 0.0000000 0.0000000 0.0000000 0.0000000 0.1570432 0.1183005 0.0000000 0.0170999 0.0249530 0.0000000 0.0098199 0.0067222 0.0000000 0.0010485 0.3345781 0.3164655
 93 D  93 0.0112932 0.1257457 0.0085017 0.1224546 0.0000000 0.0534876 0.0037676 0.0000000 0.0000000 0.0034858 0.1673548 0.1310704 0.0042912 0.0007319 0.0000000 0.0040142 0.0124260 0.0000000 0.0315864 0.0033234 0.3164655
 94 E  94 0.0954738 0.0000000 0.0063467 0.0655830 0.0000000 0.0384459 0.3975386 0.0262556 0.0009022 0.0000000 0.0000000 0.0000000 0.0000000 0.0000000 0.0000000 0.0377637 0.0099048 0.0000000 0.0000000 0.0053202 0.3164655
 95 L  95 0.0022082 0.0000000 0.0000000 0.0000000 0.0000000 0.0014451 0.0000000 0.0000000 0.0000000 0.4731394 0.0792773 0.0000000 0.0018316 0.0000000 0.0000000 0.0022576 0.0024879 0.0000000 0.0000000 0.1196309 0.3177220
 96 P  96 0.0079540 0.0000000 0.0000000 0.0000000 0.0000000 0.0000000 0.0000000 0.0000000 0.0000000 0.0000000 0.0032767 0.0000000 0.0000000 0.0000000 0.6501320 0.0073561 0.0013393 0.0000000 0.0000000 0.0000000 0.3299418
 97 I  97 0.0792937 0.0086949 0.0033543 0.0050737 0.0000000 0.0295159 0.0066099 0.0124936 0.0014224 0.0163018 0.0035319 0.0032693 0.0000000 0.0000000 0.3495441 0.0899675 0.0116369 0.0000000 0.0008518 0.0034642 0.3749740
 98 R  98 0.0522656 0.0667570 0.0165885 0.0011956 0.0000000 0.0213167 0.0164670 0.0077025 0.0012180 0.0110289 0.0301679 0.1852571 0.0144288 0.0009981 0.0283695 0.0398083 0.0490681 0.0000000 0.0011905 0.0490631 0.4071089
 99 L  99 0.0571578 0.0099000 0.0320467 0.0316690 0.0000000 0.0186520 0.0404012 0.0111234 0.0051712 0.0028533 0.0235234 0.0413678 0.0049034 0.0000000 0.0838304 0.1006241 0.0444273 0.0000000 0.0023807 0.0087753 0.4811932
100 S 100 0.0491155 0.0169973 0.0231585 0.0806978 0.0000000 0.0215443 0.0506544 0.0054161 0.0030812 0.0076996 0.0078334 0.1234820 0.0025537 0.0000000 0.0627837 0.0425090 0.0300860 0.0000000 0.0011940 0.0049139 0.4662797
101 D 101 0.0233108 0.0140406 0.0463882 0.1104164 0.0000000 0.0406520 0.0447721 0.0552531 0.0038814 0.0079415 0.0028756 0.0505488 0.0090832 0.0006614 0.0480160 0.0260384 0.0153742 0.0010757 0.0018860 0.0073080 0.4904765
102 G 102 0.0926078 0.0060016 0.0225428 0.0410923 0.0000000 0.0155080 0.0499761 0.0552181 0.0030031 0.0041410 0.0080737 0.0393163 0.0015714 0.0000000 0.0988516 0.0340351 0.0322802 0.0000000 0.0000000 0.0117063 0.4840746
103 N 103 0.0492827 0.0119941 0.0600489 0.0525803 0.0000000 0.0253248 0.0399994 0.0112371 0.0037351 0.0014657 0.0030512 0.0560454 0.0036937 0.0010771 0.0090741 0.0804902 0.0327398 0.0090715 0.0005922 0.0050036 0.5434931
104 E 104 0.0755578 0.0160200 0.0282092 0.0403417 0.0000000 0.0203906 0.0770345 0.0137536 0.0080574 0.0072443 0.0187569 0.0570620 0.0041066 0.0004908 0.0103039 0.0715189 0.0156777 0.0000000 0.0012443 0.0145529 0.5196771
105 Q 105 0.0700770 0.0188514 0.0119385 0.0204337 0.0000000 0.0635050 0.0982158 0.0120816 0.0054260 0.0081712 0.0151774 0.0691188 0.0008640 0.0006919 0.0159793 0.0434447 0.0296352 0.0000000 0.0000000 0.0113095 0.5050789
106 D 106 0.0283597 0.0082638 0.0622074 0.1114980 0.0000000 0.0202073 0.0549390 0.0632309 0.0041074 0.0012699 0.0051482 0.0518201 0.0035422 0.0000000 0.0246082 0.0305105 0.0195485 0.0000000 0.0000000 0.0101677 0.5005711
107 A 107 0.0906907 0.0335216 0.0190063 0.0203656 0.0000000 0.0625555 0.0461438 0.0495505 0.0080401 0.0039400 0.0047313 0.0860150 0.0051154 0.0058439 0.0111708 0.0333962 0.0263470 0.0000000 0.0038532 0.0219693 0.4677437
108 S 108 0.0435829 0.0024678 0.4434055 0.0036434 0.0000000 0.0128854 0.0037435 0.0265881 0.0035808 0.0060161 0.0149050 0.0015741 0.0133458 0.0026919 0.0025140 0.0519184 0.0106909 0.0000000 0.0000000 0.0046086 0.3518376
109 K 109 0.0409178 0.0312307 0.0080080 0.0025100 0.0000000 0.0638164 0.0068944 0.1022831 0.0041871 0.0178670 0.0154063 0.0680781 0.0103438 0.0119849 0.0000000 0.0405571 0.1142393 0.0000000 0.0206011 0.1112648 0.3298101
110 V 110 0.0020797 0.0000000 0.0000000 0.0000000 0.0010581 0.0000000 0.0000000 0.0000000 0.0000000 0.0455788 0.4389980 0.0000000 0.0635777 0.0022061 0.0000000 0.0000000 0.0021724 0.0000000 0.0000000 0.1264185 0.3179106
111 S 111 0.0216158 0.0266726 0.0420509 0.0017634 0.0000000 0.3678729 0.0207326 0.0014874 0.0057255 0.0109749 0.0244891 0.0466257 0.0064169 0.0026874 0.0000000 0.0418550 0.0361191 0.0000000 0.0010485 0.0239517 0.3179106
112 F 112 0.0020666 0.0000000 0.0000000 0.0000000 0.0000000 0.0010556 0.0000000 0.0000000 0.0000000 0.2118750 0.2227232 0.0000000 0.0330393 0.1148367 0.0000000 0.0007579 0.0069384 0.0010581 0.0012699 0.0864689 0.3179106
113 Q 113 0.4271424 0.0226489 0.0067948 0.0008801 0.0000000 0.0610725 0.0000000 0.0118111 0.0000000 0.0114297 0.0304401 0.0000000 0.0148709 0.0000000 0.0069667 0.0371756 0.0167617 0.0000000 0.0000000 0.0355399 0.3164655
114 M 114 0.0062207 0.0000000 0.0000000 0.0000000 0.0000000 0.0020287 0.0000000 0.0000000 0.0000000 0.1217625 0.1863647 0.0000000 0.1405657 0.0755451 0.0000000 0.0017935 0.0152584 0.0000000 0.0114335 0.1225619 0.3164655
115 R 115 0.0042364 0.3399461 0.0534106 0.0025080 0.0000000 0.1423443 0.0050283 0.0086427 0.0204842 0.0070629 0.0087161 0.0700109 0.0000000 0.0000000 0.0000000 0.0066256 0.0066769 0.0000000 0.0000000 0.0078413 0.3164655
116 Y 116 0.0025442 0.0010581 0.0717920 0.0000000 0.0000000 0.0195579 0.0000000 0.0000000 0.0097029 0.0135926 0.0138878 0.0013299 0.0133263 0.0045658 0.0000000 0.1786584 0.2331273 0.0023121 0.1127556 0.0053238 0.3164655
117 S 117 0.0060607 0.3911550 0.0056411 0.0000000 0.0171305 0.0449947 0.0035691 0.0045242 0.0035152 0.0020545 0.0069963 0.0433315 0.0000000 0.0000000 0.0000000 0.1294811 0.0050559 0.0000000 0.0000000 0.0190844 0.3174057
118 I 118 0.0000000 0.0000000 0.0000000 0.0022383 0.0000000 0.0000000 0.0008684 0.0000000 0.0000000 0.3932070 0.1232031 0.0000000 0.0405785 0.0174936 0.0000000 0.0000000 0.0006695 0.0000000 0.0041195 0.1011566 0.3164655
119 P 119 0.0000000 0.0032139 0.0048429 0.0000000 0.0000000 0.0000000 0.0000000 0.0000000 0.0000000 0.0000000 0.0000000 0.5359799 0.0000000 0.0000000 0.1394979 0.0000000 0.0000000 0.0000000 0.0000000 0.0000000 0.3164655
120 L 120 0.0000000 0.0000000 0.0000000 0.0000000 0.0000000 0.0000000 0.0000000 0.0000000 0.0000000 0.0550091 0.4418912 0.0000000 0.0202982 0.0370475 0.0000000 0.0000000 0.0006826 0.0000000 0.0000000 0.1286059 0.3164655
121 F 121 0.0000000 0.0006744 0.0000000 0.0000000 0.0000000 0.0000000 0.0000000 0.0000000 0.0000000 0.0727227 0.0306883 0.0000000 0.0112483 0.5605624 0.0000000 0.0000000 0.0000000 0.0000000 0.0059276 0.0017108 0.3164655
122 A 122 0.0241791 0.0000000 0.0027479 0.0011144 0.0008793 0.0000000 0.0000000 0.0000000 0.0024829 0.0362559 0.0132530 0.0000000 0.0018897 0.0637259 0.0000000 0.0000000 0.0053972 0.0452378 0.3832424 0.1015763 0.3180182
123 Y 123 0.0106909 0.5471549 0.0000000 0.0044406 0.0000000 0.0121388 0.0075878 0.0015020 0.0000000 0.0000000 0.0061673 0.0035757 0.0000000 0.0027978 0.0029045 0.0046878 0.0021645 0.0000000 0.0531507 0.0027153 0.3383215
124 G 124 0.0062579 0.0000000 0.0021205 0.0000000 0.0000000 0.0000000 0.0000000 0.0684787 0.0000000 0.0000000 0.0000000 0.0000000 0.0000000 0.0015020 0.5819840 0.0000000 0.0000000 0.0000000 0.0000000 0.0000000 0.3396569
125 K 125 0.1722411 0.0103976 0.0143778 0.0416874 0.0000000 0.0407690 0.0669958 0.0051065 0.0082098 0.0064013 0.0027017 0.1257696 0.0017854 0.0022061 0.0274784 0.0529280 0.0499932 0.0000000 0.0000000 0.0211911 0.3497602
126 G 126 0.1185245 0.0075100 0.0421417 0.0184862 0.0000000 0.0178072 0.0153206 0.2799947 0.0040247 0.0039470 0.0031132 0.0224926 0.0000000 0.0000000 0.0012402 0.0815181 0.0187543 0.0000000 0.0000000 0.0020238 0.3631012
127 I 127 0.0055706 0.0000000 0.0000000 0.0022061 0.0000000 0.0000000 0.0012180 0.0020006 0.0021645 0.1647679 0.3788785 0.0037099 0.0083087 0.0033585 0.0025451 0.0011927 0.0045693 0.0000000 0.0000000 0.0453469 0.3741629
128 G 128 0.0773110 0.0159631 0.0314631 0.0138770 0.0000000 0.0284373 0.0283714 0.0268964 0.0032214 0.0192573 0.0129474 0.1345477 0.0045598 0.0023033 0.0749326 0.0421264 0.0426205 0.0129717 0.0024600 0.0328968 0.3928359
129 S 129 0.0531344 0.0037957 0.0207704 0.0253916 0.0000000 0.0085700 0.0403194 0.1732217 0.0029919 0.0168901 0.0192102 0.0339179 0.0178709 0.0073433 0.0584582 0.0472649 0.0332246 0.0000000 0.0070273 0.0217032 0.4088943
130 G 130 0.0331128 0.0107644 0.0548891 0.0503906 0.0000000 0.0232589 0.0347712 0.0445138 0.0086970 0.0159280 0.0207665 0.0714822 0.0012167 0.0012234 0.0411971 0.0698871 0.0562831 0.0008213 0.0079548 0.0248406 0.4280014
131 L 131 0.0535834 0.0382500 0.0154288 0.0295024 0.0000000 0.0100135 0.0086635 0.0162918 0.0006601 0.0134603 0.0365340 0.0226730 0.0061852 0.0030360 0.1821731 0.0629864 0.0222443 0.0000000 0.0023287 0.0319394 0.4440460
132 T 132 0.0460024 0.0190741 0.0408755 0.0800088 0.0000000 0.0289921 0.1060656 0.0363091 0.0012198 0.0106576 0.0157186 0.0316039 0.0175414 0.0091331 0.0185848 0.0297319 0.0408429 0.0000000 0.0014228 0.0080921 0.4581236
133 E 133 0.0270891 0.0046956 0.0243895 0.1238096 0.0000000 0.0469258 0.1368819 0.0263145 0.0019141 0.0056706 0.0125979 0.0357795 0.0029012 0.0007510 0.0048262 0.0273079 0.0316087 0.0000000 0.0024820 0.0099261 0.4741289
134 E 134 0.2025357 0.0134706 0.0198776 0.0253448 0.0000000 0.0128133 0.0440374 0.0118381 0.0072043 0.0150407 0.0242682 0.0071817 0.0113778 0.0074225 0.0012161 0.0183053 0.0154253 0.0000000 0.0022303 0.0525033 0.5079070
135 S 135 0.0500721 0.0016993 0.0050255 0.0063236 0.0033211 0.0108813 0.0327872 0.0159604 0.0109199 0.0186687 0.0193149 0.0027663 0.0093663 0.0180641 0.1053178 0.0407013 0.0148724 0.0370510 0.0420050 0.0331989 0.5216829
136 Q 136 0.0526647 0.0192622 0.0276224 0.0247823 0.0017460 0.0679807 0.0752580 0.0276868 0.0091394 0.0013960 0.0086039 0.0771665 0.0018455 0.0010279 0.0061406 0.0230000 0.0115853 0.0191419 0.0010487 0.0033099 0.5395911
137 K 137 0.0226224 0.0263352 0.0267545 0.0120090 0.0038816 0.0526628 0.0247327 0.0074461 0.0119375 0.0008925 0.0086018 0.1509831 0.0129937 0.0000000 0.0172510 0.0220182 0.0123253 0.0000000 0.0023654 0.0006050 0.5835822
138 L 138 0.0070890 0.0116483 0.0073027 0.0111388 0.0000000 0.0139735 0.0159528 0.0073904 0.0017215 0.0377346 0.1655992 0.0110437 0.0032853 0.0043628 0.0050542 0.0043439 0.0040337 0.0136530 0.0012033 0.0321752 0.6412940
139 N 139 0.0116308 0.0483540 0.0221843 0.0055210 0.0013650 0.0318741 0.0127824 0.0043224 0.0057161 0.0148524 0.0196468 0.0404368 0.0062168 0.0036283 0.0059367 0.0268929 0.0552471 0.0013681 0.0000000 0.0207383 0.6612860
140 A 140 0.0287791 0.0018332 0.0113808 0.0156537 0.0065965 0.0048289 0.0253635 0.0037892 0.0048079 0.0103188 0.0193357 0.0047949 0.0104466 0.0992967 0.0036058 0.0042832 0.0160401 0.0493873 0.0067716 0.0198724 0.6528141
141 K 141 0.0122048 0.0159986 0.0095967 0.0190086 0.0000000 0.0222258 0.0121778 0.0026746 0.0182742 0.0218563 0.0145423 0.0804036 0.0014011 0.0075218 0.0117923 0.0552381 0.0264372 0.0022513 0.0060119 0.0191307 0.6412523
142 N 142 0.0703625 0.0579571 0.0404957 0.0025643 0.0000000 0.0080280 0.0018502 0.0025226 0.0139172 0.0237032 0.0200031 0.0277072 0.0023092 0.0012348 0.0082802 0.0131097 0.0334462 0.0014220 0.0100333 0.0251007 0.6359528
143 A 143 0.0709516 0.0218882 0.0190114 0.0189132 0.0000000 0.0310060 0.0252832 0.0089176 0.0040967 0.0044638 0.0064564 0.0360239 0.0014462 0.0009834 0.0041471 0.0481015 0.0449772 0.0000000 0.0016150 0.0223346 0.6293830
144 L 144 0.0459795 0.0099834 0.0249207 0.0321706 0.0000000 0.0119449 0.0274346 0.0249252 0.0019179 0.0077499 0.0411587 0.0053834 0.0026550 0.0000000 0.0276451 0.0287469 0.0236244 0.0000000 0.0011369 0.0094629 0.6731601
145 A 145 0.1355467 0.0014655 0.0068911 0.0047178 0.0000000 0.0043762 0.0038576 0.0655472 0.0042225 0.0076755 0.0105712 0.0015336 0.0040728 0.0004640 0.0065586 0.0182091 0.0363103 0.0069870 0.0000000 0.0134185 0.6675748
146 K 146 0.1008578 0.0305395 0.0054639 0.0086137 0.0000000 0.0336276 0.0056595 0.0238682 0.0000000 0.0093832 0.0046547 0.0470987 0.0016998 0.0000000 0.0233137 0.0143599 0.0037528 0.0067868 0.0099540 0.0062069 0.6641595
147 P 147 0.0315021 0.0094009 0.0115236 0.0164008 0.0000000 0.0112766 0.0232505 0.0297343 0.0016703 0.0004666 0.0032026 0.0247186 0.0000000 0.0028639 0.0850011 0.0292285 0.0272180 0.0000000 0.0040586 0.0061833 0.6822999
148 V 148 0.0270904 0.0172555 0.0087401 0.0223513 0.0027865 0.0819096 0.0134580 0.0218929 0.0091468 0.0015106 0.0079731 0.0661565 0.0035895 0.0047891 0.0000000 0.0156800 0.0144854 0.0006998 0.0090026 0.0275452 0.6439373
149 L 149 0.0016166 0.0000000 0.0013195 0.0082953 0.0000000 0.0019074 0.0022837 0.0011463 0.0000000 0.0112619 0.3238287 0.0000000 0.0013674 0.0019751 0.0009088 0.0016415 0.0008503 0.0021220 0.0008491 0.0281551 0.6104714
150 Q 150 0.0195309 0.0407783 0.0097718 0.0089984 0.0000000 0.0853186 0.0100205 0.0023795 0.0168991 0.0079626 0.0052826 0.0495826 0.0015899 0.0000000 0.0024694 0.0751524 0.0463320 0.0000000 0.0000000 0.0114328 0.6064987
151 W 151 0.0150220 0.0006485 0.0000000 0.0000000 0.0017024 0.0013473 0.0009868 0.0000000 0.0011352 0.0102718 0.0133734 0.0000000 0.0014557 0.0468140 0.0000000 0.0000000 0.0033439 0.2657867 0.0210421 0.0080576 0.6090126
152 S 152 0.0131290 0.0891387 0.0076917 0.0043723 0.0000000 0.0849299 0.0067414 0.0022432 0.0210241 0.0021709 0.0000000 0.0470083 0.0000000 0.0008689 0.0000000 0.1044033 0.0418942 0.0000000 0.0009358 0.0011547 0.5722934
153 V 153 0.0187820 0.0262734 0.0007334 0.0008198 0.0000000 0.0054138 0.0005460 0.0057919 0.0042551 0.0418671 0.1436922 0.0227554 0.0100632 0.0080135 0.0033363 0.0055407 0.0093736 0.0057390 0.0041167 0.0935385 0.5893484
154 R 154 0.0215105 0.0257928 0.0061953 0.0100632 0.0000000 0.0514410 0.0341593 0.0045620 0.0041603 0.0337889 0.0303330 0.0203556 0.0022660 0.0029943 0.0000000 0.0294004 0.0494362 0.0015714 0.0000000 0.0854482 0.5865215
155 N 155 0.0355605 0.0708594 0.0327280 0.0066803 0.0000000 0.0153702 0.0118111 0.0499819 0.0073765 0.0123373 0.0327723 0.0347660 0.0009286 0.0061622 0.0218279 0.0175678 0.0097985 0.0000000 0.0000000 0.0156698 0.6178017
156 N 156 0.0109944 0.0125961 0.0611764 0.0712182 0.0006133 0.0546201 0.0049653 0.0347156 0.0161775 0.0110976 0.0164416 0.0272648 0.0000000 0.0077923 0.0039468 0.0260988 0.0353768 0.0000000 0.0025889 0.0079204 0.5943952
157 Q 157 0.0386414 0.0375395 0.0184557 0.0201867 0.0009271 0.0787763 0.0414403 0.0480743 0.0027890 0.0026954 0.0019844 0.0510593 0.0000000 0.0000000 0.0200586 0.0425875 0.0124950 0.0000000 0.0000000 0.0154385 0.5668511
158 Q 158 0.0249671 0.0346150 0.0413917 0.0665199 0.0000000 0.0782845 0.0226440 0.0576789 0.0033042 0.0026202 0.0000000 0.0322207 0.0008780 0.0000000 0.0018274 0.0219503 0.0147222 0.0000000 0.0063398 0.0056778 0.5843583
159 G 159 0.0068616 0.0089280 0.0469480 0.0074270 0.0000000 0.0114928 0.0044283 0.2317507 0.0073434 0.0010110 0.0006546 0.0359710 0.0000000 0.0000000 0.0000000 0.0353558 0.0176803 0.0000000 0.0000000 0.0005744 0.5835733
160 Q 160 0.0259095 0.0311610 0.0410178 0.0122686 0.0000000 0.0595060 0.0176377 0.1449661 0.0116359 0.0025078 0.0015880 0.0730402 0.0000000 0.0006582 0.0045029 0.0166915 0.0066979 0.0000000 0.0117135 0.0036049 0.5348926
161 S 161 0.0479714 0.0295138 0.1074015 0.0141281 0.0038022 0.0298033 0.0183640 0.0215141 0.0035323 0.0114800 0.0286589 0.0254737 0.0019274 0.0019944 0.0320155 0.0481191 0.0360748 0.0179127 0.0140985 0.0117124 0.4945018
162 E 162 0.0385525 0.0207873 0.0107573 0.0028307 0.0029592 0.0509838 0.0373045 0.0283553 0.0110024 0.0050413 0.0237070 0.0280693 0.0248626 0.0308968 0.0000000 0.0332742 0.0427274 0.0231034 0.0418063 0.0523008 0.4906777
163 L 163 0.0009781 0.0000000 0.0000000 0.0000000 0.0000000 0.0000000 0.0000000 0.0000000 0.0000000 0.1009097 0.4114835 0.0000000 0.0065928 0.0079998 0.0000000 0.0000000 0.0000000 0.0000000 0.0019061 0.0820211 0.3881090
164 Y 164 0.0111580 0.0763414 0.0089428 0.0022494 0.0036323 0.0555893 0.0774780 0.0010730 0.0070006 0.0409473 0.0180625 0.0757786 0.0054100 0.0026302 0.0000000 0.0303944 0.1258876 0.0022337 0.0234332 0.0765332 0.3552245
165 L 165 0.1069820 0.0000000 0.0000000 0.0000000 0.0121441 0.0000000 0.0000000 0.0168626 0.0000000 0.1396424 0.0850662 0.0000000 0.0027795 0.0079999 0.0000000 0.0016445 0.0021152 0.0000000 0.0000000 0.2829899 0.3417736
166 K 166 0.0123144 0.0585705 0.0977608 0.0420121 0.0020797 0.0103227 0.0708793 0.0070386 0.0407932 0.0194357 0.0031242 0.0996059 0.0043702 0.0047396 0.0021224 0.0700100 0.0896267 0.0000000 0.0131378 0.0150977 0.3369584
167 N 167 0.0000000 0.0000000 0.6704833 0.0035850 0.0000000 0.0000000 0.0000000 0.0000000 0.0000000 0.0000000 0.0000000 0.0000000 0.0000000 0.0000000 0.0000000 0.0000000 0.0022105 0.0000000 0.0000000 0.0000000 0.3237213
168 N 168 0.0179347 0.0247227 0.0528210 0.0283159 0.0000000 0.0251945 0.0096976 0.0064203 0.0051118 0.0102616 0.0055251 0.0090033 0.0000000 0.0000000 0.4067042 0.0345473 0.0318507 0.0000000 0.0000000 0.0081680 0.3237213
169 G 169 0.0056588 0.0007449 0.0039590 0.0041072 0.0000000 0.0055233 0.0021288 0.1441668 0.0017900 0.0000000 0.0012234 0.0038629 0.0020945 0.0000000 0.0000000 0.1351148 0.3653486 0.0000000 0.0000000 0.0000000 0.3242769
170 Q 170 0.0677821 0.0034873 0.0398379 0.0126708 0.0000000 0.0249460 0.0096267 0.0249458 0.0000000 0.0015410 0.0066292 0.0058299 0.0011700 0.0000000 0.4379324 0.0187480 0.0129802 0.0000000 0.0000000 0.0069744 0.3248983
171 K 171 0.0160067 0.0262604 0.0065007 0.0000000 0.0000000 0.0050373 0.0013330 0.0177002 0.0108343 0.0137918 0.0159129 0.0182639 0.0024510 0.1013144 0.0000000 0.0089264 0.0088736 0.0156097 0.3814723 0.0236092 0.3261021
172 F 172 0.0019247 0.0132972 0.0188002 0.0000000 0.0000000 0.0011905 0.0000000 0.0000000 0.2017471 0.0005896 0.0041807 0.0000000 0.0000000 0.0889269 0.0019699 0.0037023 0.0031915 0.0061881 0.3067949 0.0154054 0.3320910
173 A 173 0.1340526 0.0000000 0.0000000 0.0000000 0.0000000 0.0023352 0.0011304 0.0000000 0.0000000 0.1565624 0.0630258 0.0000000 0.0510881 0.0226975 0.0000000 0.0020402 0.0017503 0.0000000 0.0020417 0.2221709 0.3411049
174 R 174 0.0060385 0.0797725 0.0793690 0.0010602 0.0000000 0.0426466 0.0000000 0.0000000 0.0040741 0.0079226 0.0057182 0.0078979 0.0000000 0.0008453 0.0015410 0.1621855 0.2457989 0.0000000 0.0048639 0.0112915 0.3389742
175 L 175 0.0037860 0.0000000 0.0000000 0.0000000 0.0000000 0.0000000 0.0000000 0.0000000 0.0000000 0.1039921 0.2707801 0.0000000 0.0208357 0.1691141 0.0022061 0.0008284 0.0000000 0.0000000 0.0140261 0.0869133 0.3275180
176 S 176 0.1130098 0.0142168 0.0492780 0.0165992 0.0000000 0.0174887 0.0015623 0.0579141 0.0035091 0.0326749 0.0110774 0.0055966 0.0041727 0.0032904 0.0020621 0.1729045 0.0628714 0.0000000 0.0116277 0.0595971 0.3605472
177 A 177 0.0563754 0.0336613 0.0788182 0.0772307 0.0000000 0.0466046 0.0485495 0.0422877 0.0147765 0.0077372 0.0043290 0.0350891 0.0030913 0.0008284 0.0000000 0.0833003 0.0223326 0.0103382 0.0233777 0.0116135 0.3996587
178 L 178 0.0665569 0.0000000 0.0008337 0.0031084 0.0000000 0.0079478 0.0028758 0.0150348 0.0000000 0.1129272 0.2105651 0.0051409 0.0160714 0.0174738 0.0014237 0.0061964 0.0060055 0.0009849 0.0061320 0.1368555 0.3838663
179 K 179 0.0535639 0.0254007 0.0341153 0.0210447 0.0000000 0.0363444 0.0554363 0.0362668 0.0093724 0.0150551 0.0154459 0.0772647 0.0054980 0.0110337 0.0021888 0.1145452 0.0832460 0.0028067 0.0184873 0.0247657 0.3581183
180 T 180 0.0289572 0.0134374 0.0083007 0.0025785 0.0011192 0.0099581 0.0041313 0.0056760 0.0055910 0.1202247 0.1908046 0.0101024 0.0056007 0.0234724 0.0027771 0.0126101 0.0355038 0.0081739 0.0025378 0.1579150 0.3505282
