  185         A         R         N         D         C         Q         E         G         H         I         L         K         M         F         P         S         T         W         Y         V    
  1 M   1 0.0000000 0.0000000 0.0000000 0.0000000 0.0000000 0.0000000 0.0000000 0.0000000 0.0000000 0.0000000 0.0000000 0.0000000 1.0000000 0.0000000 0.0000000 0.0000000 0.0000000 0.0000000 0.0000000 0.0000000
  2 A   2 0.8795847 0.0000000 0.0000000 0.0000000 0.0000000 0.0000000 0.0000000 0.0000000 0.0000000 0.0000000 0.0000000 0.0000000 0.0000000 0.0000000 0.0000000 0.1204153 0.0000000 0.0000000 0.0000000 0.0000000
  3 E   3 0.0000000 0.0000000 0.0000000 0.3010068 0.0000000 0.0000000 0.5659139 0.0841920 0.0000000 0.0000000 0.0000000 0.0488872 0.0000000 0.0000000 0.0000000 0.0000000 0.0000000 0.0000000 0.0000000 0.0000000
  4 E   4 0.0000000 0.0000000 0.0000000 0.0000000 0.0000000 0.1784741 0.6954351 0.0000000 0.0418988 0.0000000 0.0000000 0.0000000 0.0000000 0.0000000 0.0000000 0.0000000 0.0000000 0.0000000 0.0000000 0.0841920
  5 I   5 0.0817985 0.0515479 0.2101382 0.0000000 0.0000000 0.0000000 0.0000000 0.0000000 0.0441791 0.0821917 0.0307653 0.0000000 0.0000000 0.0756488 0.0000000 0.0000000 0.0986188 0.0000000 0.3251116 0.0000000
  6 K   6 0.0000000 0.0000000 0.0000000 0.0000000 0.0000000 0.1343455 0.2084262 0.0000000 0.0399932 0.0466639 0.0000000 0.5423092 0.0000000 0.0000000 0.0000000 0.0000000 0.0282620 0.0000000 0.0000000 0.0000000
  7 N   7 0.0000000 0.0364854 0.3876708 0.0000000 0.0000000 0.0694613 0.0427319 0.0000000 0.0589293 0.0000000 0.0000000 0.1099935 0.0000000 0.0000000 0.0425709 0.1143905 0.0875374 0.0000000 0.0502290 0.0000000
  8 V   8 0.0539803 0.0373526 0.0762649 0.0000000 0.0392888 0.0426341 0.0217912 0.0216968 0.0768333 0.0000000 0.0000000 0.1746233 0.0887972 0.0000000 0.0000000 0.0907246 0.0447465 0.0000000 0.0000000 0.2312666
  9 P   9 0.1321234 0.0000000 0.0000000 0.0000000 0.0000000 0.0760589 0.0974790 0.0000000 0.0574934 0.0000000 0.0000000 0.1049570 0.0000000 0.0000000 0.2066681 0.0340597 0.1313144 0.0000000 0.1379113 0.0219349
 10 E  10 0.0212920 0.0000000 0.0000000 0.0602529 0.0000000 0.0417179 0.3092865 0.0000000 0.1182883 0.0000000 0.0000000 0.0728974 0.0000000 0.0000000 0.1976910 0.0000000 0.0338610 0.0000000 0.1447131 0.0000000
 11 Q  11 0.0441470 0.0196581 0.0251977 0.0646213 0.0000000 0.0769341 0.2973430 0.0336963 0.2480967 0.0486964 0.0000000 0.0335693 0.0000000 0.0000000 0.0000000 0.0916019 0.0000000 0.0000000 0.0164382 0.0000000
 12 E  12 0.0614486 0.0000000 0.0198241 0.0152270 0.0277285 0.0586436 0.4199841 0.0000000 0.0125864 0.0000000 0.0000000 0.0189461 0.0000000 0.0324759 0.0281521 0.0201337 0.1895791 0.0000000 0.0128067 0.0824641
 13 V  13 0.1014527 0.0510343 0.0000000 0.0000000 0.0000000 0.0196706 0.2399034 0.0461660 0.0000000 0.0000000 0.0000000 0.0875113 0.0000000 0.0000000 0.0000000 0.1043597 0.2017409 0.0000000 0.0367809 0.1113802
 14 P  14 0.0887935 0.0000000 0.0673759 0.0000000 0.0000000 0.0202128 0.2073053 0.0814641 0.0372954 0.0000000 0.0000000 0.0639445 0.0000000 0.0000000 0.1663896 0.1230815 0.1441373 0.0000000 0.0000000 0.0000000
 15 K  15 0.0167847 0.0000000 0.0443974 0.0175704 0.0179074 0.0141213 0.0435248 0.0000000 0.0444150 0.0227065 0.0000000 0.2163101 0.0000000 0.0826063 0.1308600 0.0755607 0.2432311 0.0000000 0.0000000 0.0300042
 16 V  16 0.0804748 0.0297701 0.0140577 0.0000000 0.0180902 0.0174349 0.0737989 0.0146263 0.0000000 0.0620225 0.0000000 0.0582329 0.0315361 0.0000000 0.0328013 0.1483827 0.0920404 0.0000000 0.1071296 0.2196016
 17 A  17 0.1489714 0.0000000 0.0373516 0.0000000 0.0000000 0.0655842 0.1077045 0.1254740 0.0373667 0.0000000 0.0144213 0.1275672 0.0000000 0.0000000 0.0283195 0.0284136 0.1152796 0.0000000 0.0586274 0.1049190
 18 T  18 0.1304305 0.0144176 0.0000000 0.0149437 0.0000000 0.0256193 0.2202369 0.0721051 0.0427103 0.0191037 0.0000000 0.0000000 0.0000000 0.0000000 0.0000000 0.0296806 0.3873411 0.0000000 0.0138571 0.0295541
 19 E  19 0.0590743 0.0000000 0.0134957 0.0267026 0.0000000 0.0435133 0.4619321 0.0789450 0.0000000 0.0191739 0.0000000 0.0628380 0.0000000 0.0000000 0.0397515 0.0301097 0.1457971 0.0000000 0.0186668 0.0000000
 20 E  20 0.1104380 0.0000000 0.0175092 0.0191739 0.0000000 0.0000000 0.3610106 0.0349881 0.0000000 0.0000000 0.0000000 0.0000000 0.0000000 0.0000000 0.1225272 0.1568364 0.1775167 0.0000000 0.0000000 0.0000000
 21 S  21 0.1048097 0.0301126 0.0000000 0.0261034 0.0369560 0.0191757 0.0764104 0.1306936 0.0000000 0.0000000 0.0000000 0.0000000 0.0000000 0.0000000 0.2720251 0.2071863 0.0000000 0.0000000 0.0000000 0.0965271
 22 S  22 0.2976805 0.0288326 0.1284384 0.0000000 0.0140656 0.0000000 0.0649913 0.0000000 0.0000000 0.0000000 0.0573528 0.0000000 0.0000000 0.0790816 0.1133196 0.1403909 0.0597464 0.0000000 0.0000000 0.0161003
 23 A  23 0.1389797 0.0000000 0.0000000 0.0000000 0.0000000 0.0000000 0.1652073 0.0590507 0.0000000 0.0258358 0.0000000 0.0416526 0.0206613 0.0000000 0.0427249 0.0159020 0.0951946 0.0000000 0.0000000 0.3947913
 24 E  24 0.0242820 0.0000000 0.0000000 0.0000000 0.0000000 0.0000000 0.7592228 0.0000000 0.0404808 0.0000000 0.0000000 0.0000000 0.0000000 0.0000000 0.1605598 0.0000000 0.0154546 0.0000000 0.0000000 0.0000000
 25 V  25 0.1354280 0.0000000 0.0238054 0.0000000 0.0000000 0.0000000 0.1605598 0.0000000 0.0000000 0.0868834 0.0000000 0.0000000 0.0000000 0.0000000 0.0000000 0.1659228 0.2611807 0.0000000 0.0000000 0.1662200
 26 T  26 0.0251090 0.0000000 0.0000000 0.0000000 0.0000000 0.0737896 0.1605598 0.0000000 0.0000000 0.0000000 0.0000000 0.3105413 0.0000000 0.0000000 0.0000000 0.0915086 0.3384917 0.0000000 0.0000000 0.0000000
 27 D  27 0.0000000 0.0000000 0.0000000 0.7879580 0.0000000 0.0000000 0.0322458 0.0236192 0.0000000 0.0000000 0.0000000 0.1561771 0.0000000 0.0000000 0.0000000 0.0000000 0.0000000 0.0000000 0.0000000 0.0000000
 28 R  28 0.0000000 0.8634819 0.0000000 0.0000000 0.0386627 0.0000000 0.0000000 0.0000000 0.0000000 0.0000000 0.0000000 0.0978554 0.0000000 0.0000000 0.0000000 0.0000000 0.0000000 0.0000000 0.0000000 0.0000000
 29 G  29 0.0000000 0.0000000 0.0000000 0.0000000 0.0000000 0.0000000 0.0000000 1.0000000 0.0000000 0.0000000 0.0000000 0.0000000 0.0000000 0.0000000 0.0000000 0.0000000 0.0000000 0.0000000 0.0000000 0.0000000
 30 L  30 0.0000000 0.0000000 0.0000000 0.0000000 0.0000000 0.0000000 0.0000000 0.0000000 0.0000000 0.0223457 0.5626489 0.0000000 0.1218419 0.1438028 0.0000000 0.0000000 0.0169172 0.0000000 0.0000000 0.1324435
 31 F  31 0.0378218 0.0000000 0.0000000 0.0000000 0.0000000 0.0000000 0.0000000 0.0000000 0.0000000 0.0000000 0.1016546 0.0000000 0.0188391 0.8416845 0.0000000 0.0000000 0.0000000 0.0000000 0.0000000 0.0000000
 32 D  32 0.0000000 0.0000000 0.0193686 0.7754535 0.0000000 0.0000000 0.0556684 0.1495095 0.0000000 0.0000000 0.0000000 0.0000000 0.0000000 0.0000000 0.0000000 0.0000000 0.0000000 0.0000000 0.0000000 0.0000000
 33 F  33 0.0000000 0.0000000 0.0000000 0.0000000 0.0000000 0.0783795 0.0000000 0.0000000 0.0000000 0.0000000 0.0590022 0.1286878 0.0000000 0.7206161 0.0000000 0.0000000 0.0000000 0.0000000 0.0133144 0.0000000
 34 L  34 0.0830923 0.0000000 0.0000000 0.0000000 0.0000000 0.0000000 0.0000000 0.0315724 0.0000000 0.1230695 0.4435087 0.0000000 0.1250274 0.0547073 0.0000000 0.0378614 0.0249176 0.0000000 0.0000000 0.0762434
 35 G  35 0.0222551 0.0000000 0.0000000 0.0177674 0.0000000 0.0000000 0.0000000 0.5529286 0.0000000 0.0000000 0.0000000 0.3737829 0.0000000 0.0000000 0.0000000 0.0136980 0.0195681 0.0000000 0.0000000 0.0000000
 36 K  36 0.0268584 0.0000000 0.0673916 0.0000000 0.0000000 0.0000000 0.2090769 0.0136048 0.0167204 0.0000000 0.0000000 0.6444654 0.0000000 0.0000000 0.0000000 0.0000000 0.0000000 0.0000000 0.0000000 0.0218824
 37 K  37 0.0000000 0.0771178 0.0334966 0.0000000 0.0000000 0.0000000 0.0194506 0.0000000 0.0000000 0.0000000 0.0000000 0.8424128 0.0000000 0.0000000 0.0000000 0.0000000 0.0275221 0.0000000 0.0000000 0.0000000
 38 K  38 0.0000000 0.0000000 0.0210652 0.0497310 0.0000000 0.0222187 0.3270388 0.0195361 0.0000000 0.0590845 0.0358211 0.3242163 0.0000000 0.0000000 0.0214869 0.0000000 0.0664007 0.0000000 0.0000000 0.0534008
 39 D  39 0.0122075 0.0000000 0.0000000 0.1316435 0.0000000 0.0179078 0.5447731 0.0207131 0.0000000 0.0000000 0.0000000 0.0562770 0.0000000 0.0000000 0.1976119 0.0000000 0.0000000 0.0000000 0.0000000 0.0188661
 40 E  40 0.0919844 0.0000000 0.0203966 0.0372891 0.0000000 0.0000000 0.6099828 0.1024578 0.0313972 0.0000000 0.0000000 0.0354556 0.0000000 0.0000000 0.0000000 0.0177850 0.0000000 0.0000000 0.0000000 0.0532514
 41 T  41 0.0000000 0.0193591 0.0000000 0.0000000 0.0000000 0.0321804 0.2063579 0.0479163 0.0816473 0.0000000 0.0000000 0.2907018 0.0000000 0.0245625 0.0000000 0.0395515 0.1026067 0.0000000 0.0243889 0.1307276
 42 K  42 0.0000000 0.0000000 0.0000000 0.0174716 0.0400558 0.0094068 0.0718376 0.0000000 0.0674968 0.0166484 0.0162042 0.4999620 0.0000000 0.0000000 0.2452362 0.0000000 0.0156807 0.0000000 0.0000000 0.0000000
 43 P  43 0.0545762 0.0173298 0.0000000 0.0469507 0.0764257 0.1493779 0.0317358 0.0393298 0.0000000 0.0000000 0.0000000 0.0966792 0.0000000 0.0000000 0.3060768 0.1134002 0.0681178 0.0000000 0.0000000 0.0000000
 44 E  44 0.0105327 0.0000000 0.0169407 0.0857548 0.0000000 0.2875670 0.3115338 0.0294414 0.0000000 0.0000000 0.0000000 0.0230186 0.0000000 0.0000000 0.0000000 0.0335423 0.1653472 0.0000000 0.0363216 0.0000000
 45 E  45 0.0166571 0.0000000 0.0000000 0.0448195 0.0000000 0.0824071 0.6857015 0.0330316 0.0143720 0.0000000 0.0000000 0.0147969 0.0000000 0.0000000 0.0000000 0.0167264 0.0914879 0.0000000 0.0000000 0.0000000
 46 T  46 0.0452061 0.0000000 0.0174313 0.0435569 0.0155112 0.0617127 0.3281243 0.0536579 0.0096055 0.0218342 0.0000000 0.0151010 0.0000000 0.0000000 0.0000000 0.0166835 0.2487413 0.0000000 0.0488028 0.0740313
 47 P  47 0.2149894 0.0000000 0.0327707 0.0684451 0.0000000 0.0217911 0.0129652 0.0554052 0.0000000 0.0000000 0.0175604 0.0354872 0.0139583 0.0000000 0.0737700 0.0000000 0.1327564 0.0000000 0.0184575 0.3016437
 48 I  48 0.0000000 0.0000000 0.0292309 0.0000000 0.0000000 0.0000000 0.0158345 0.0386059 0.0000000 0.4284521 0.1369207 0.0354123 0.0000000 0.0219088 0.1253234 0.0000000 0.0909096 0.0000000 0.0217568 0.0556452
 49 A  49 0.2867656 0.0201775 0.0000000 0.0565710 0.0000000 0.0000000 0.1057696 0.0290757 0.0905069 0.0483786 0.0000000 0.0000000 0.0000000 0.0000000 0.0366767 0.1394434 0.0413766 0.0000000 0.0000000 0.1452584
 50 S  50 0.0903481 0.0000000 0.0142230 0.0170048 0.0000000 0.0000000 0.0174456 0.0712829 0.0490320 0.0000000 0.0000000 0.0182276 0.0000000 0.0000000 0.1442156 0.3421934 0.2360270 0.0000000 0.0000000 0.0000000
 51 E  51 0.0580486 0.0000000 0.0342850 0.0829717 0.0000000 0.0362666 0.4938853 0.1150905 0.0362052 0.0000000 0.0000000 0.0163694 0.0000000 0.0000000 0.0313117 0.0331279 0.0517420 0.0000000 0.0106962 0.0000000
 52 F  52 0.0473447 0.0000000 0.0000000 0.0000000 0.0000000 0.0091241 0.0613285 0.1541983 0.0000000 0.0370704 0.0261834 0.0000000 0.0000000 0.4874059 0.0334253 0.0238094 0.0000000 0.0000000 0.0477736 0.0723364
 53 E  53 0.0498384 0.0000000 0.0343082 0.1440148 0.0237791 0.0111365 0.3483276 0.0501286 0.0339973 0.0258712 0.0000000 0.0162918 0.0857084 0.0000000 0.0000000 0.0753311 0.0169975 0.0000000 0.0317882 0.0524813
 54 Q  54 0.1073252 0.0000000 0.0000000 0.0322397 0.0000000 0.1032970 0.3140969 0.0641142 0.2099719 0.0000000 0.0000000 0.0803998 0.0000000 0.0000000 0.0000000 0.0499768 0.0060334 0.0000000 0.0153366 0.0172085
 55 K  55 0.0000000 0.0085776 0.0795146 0.0000000 0.0325354 0.0201807 0.0000000 0.0927647 0.0000000 0.0081909 0.0106116 0.5801680 0.0100759 0.0841779 0.0415767 0.0000000 0.0316260 0.0000000 0.0000000 0.0000000
 56 V  56 0.1516533 0.0221638 0.0000000 0.0336810 0.0000000 0.0327760 0.0279162 0.0000000 0.0407625 0.0620711 0.0236195 0.0186931 0.0000000 0.0153108 0.0305755 0.0681735 0.0740318 0.0000000 0.0000000 0.3985719
 57 H  57 0.0000000 0.0345079 0.0132932 0.0000000 0.0000000 0.2454046 0.0522082 0.0519156 0.2223729 0.0000000 0.0277514 0.2256934 0.0000000 0.0146038 0.0627114 0.0000000 0.0314437 0.0000000 0.0000000 0.0180939
 58 I  58 0.0214571 0.0000000 0.0000000 0.0513326 0.0000000 0.0148012 0.0544119 0.0201035 0.0056203 0.2408563 0.0695643 0.0184509 0.0000000 0.0000000 0.0000000 0.0000000 0.1371435 0.0000000 0.0000000 0.3662584
 59 S  59 0.0082519 0.0065743 0.0283120 0.0000000 0.0522011 0.0615268 0.0561659 0.0257413 0.0230512 0.0193707 0.0000000 0.1362671 0.0122179 0.0000000 0.0374058 0.4107715 0.0527060 0.0000000 0.0217292 0.0477073
 60 E  60 0.0418688 0.0000000 0.0000000 0.0584360 0.0000000 0.0000000 0.5447360 0.0405223 0.0268205 0.0061366 0.0590804 0.0488672 0.0000000 0.0000000 0.0393384 0.0075114 0.1172246 0.0000000 0.0000000 0.0094577
 61 P  61 0.0590675 0.0196177 0.0000000 0.0000000 0.0000000 0.0875701 0.2135662 0.0140390 0.0561130 0.0000000 0.0000000 0.0403755 0.0000000 0.0000000 0.4514948 0.0299173 0.0207496 0.0000000 0.0074894 0.0000000
 62 E  62 0.0631233 0.0306264 0.0286812 0.0734887 0.0000000 0.0593892 0.3441499 0.0551884 0.0174537 0.0072658 0.0584560 0.0434590 0.0000000 0.0742060 0.0374446 0.0000000 0.0362447 0.0000000 0.0132499 0.0575735
 63 P  63 0.0134251 0.0265131 0.0000000 0.0172228 0.0000000 0.0259118 0.3421928 0.1334604 0.0506399 0.0000000 0.0195563 0.1477369 0.0000000 0.0172266 0.1602869 0.0131628 0.0141850 0.0000000 0.0107313 0.0077484
 64 E  64 0.0278976 0.0031810 0.0074139 0.0171474 0.0000000 0.0185635 0.2937076 0.0961973 0.1606147 0.0131213 0.0000000 0.1773593 0.0000000 0.0000000 0.1336838 0.0123844 0.0195693 0.0000000 0.0076167 0.0115422
 65 V  65 0.0625788 0.0316246 0.0107345 0.0150737 0.0000000 0.0299256 0.4090472 0.1107609 0.0032426 0.0000000 0.0000000 0.2101288 0.0000000 0.0096001 0.0332771 0.0194225 0.0089490 0.0000000 0.0192577 0.0263768
 66 K  66 0.0126656 0.0118927 0.0479713 0.0813774 0.0000000 0.0104829 0.3598862 0.0221481 0.1028256 0.0000000 0.0165518 0.2461562 0.0067601 0.0000000 0.0117586 0.0424236 0.0123277 0.0000000 0.0000000 0.0147722
 67 H  67 0.0108159 0.0154594 0.0209235 0.0080174 0.0000000 0.0032108 0.1474108 0.0548017 0.3342604 0.0000000 0.0000000 0.3662051 0.0000000 0.0000000 0.0138781 0.0000000 0.0250170 0.0000000 0.0000000 0.0000000
 68 E  68 0.0112240 0.0937991 0.0000000 0.0267792 0.0000000 0.0500277 0.1129147 0.1179935 0.1331249 0.0130085 0.0000000 0.1381620 0.0262249 0.0081216 0.1618269 0.0000000 0.0844178 0.0000000 0.0223751 0.0000000
 69 S  69 0.0105408 0.0000000 0.0000000 0.0000000 0.0000000 0.0410887 0.0321360 0.4286936 0.0185639 0.0072254 0.0000000 0.0690120 0.0000000 0.0000000 0.0072010 0.2435621 0.1350487 0.0000000 0.0000000 0.0069279
 70 L  70 0.0397412 0.0000000 0.0097395 0.0000000 0.0000000 0.0107554 0.0376745 0.0000000 0.0063065 0.0195287 0.4240804 0.0551105 0.0178618 0.1487207 0.0000000 0.0085997 0.0764056 0.0000000 0.0295547 0.1159208
 71 L  71 0.0914868 0.0000000 0.0087764 0.0086438 0.0000000 0.0000000 0.1130146 0.1293873 0.0047476 0.0383638 0.3572767 0.0626819 0.0396646 0.0575960 0.0068940 0.0127829 0.0335119 0.0000000 0.0000000 0.0351716
 72 E  72 0.0066319 0.0000000 0.0000000 0.1841589 0.0000000 0.0546469 0.5529951 0.1304773 0.0222417 0.0108461 0.0000000 0.0183120 0.0000000 0.0000000 0.0000000 0.0077746 0.0000000 0.0000000 0.0000000 0.0119155
 73 K  73 0.0086631 0.0149080 0.0171847 0.0000000 0.0000000 0.0987397 0.0167713 0.0207379 0.0178667 0.0109974 0.0000000 0.6693015 0.0220401 0.0000000 0.0117962 0.0085854 0.0539355 0.0000000 0.0087172 0.0197555
 74 L  74 0.0423797 0.0306129 0.0000000 0.0000000 0.0000000 0.0000000 0.0321425 0.0000000 0.0415693 0.1334598 0.4925863 0.0519332 0.0000000 0.0426518 0.0117962 0.0133010 0.0000000 0.0000000 0.0455858 0.0619813
 75 H  75 0.0038779 0.0412470 0.0000000 0.0000000 0.0000000 0.0368130 0.0518805 0.0519668 0.5736992 0.0107152 0.0000000 0.1941823 0.0000000 0.0000000 0.0209030 0.0000000 0.0000000 0.0000000 0.0067384 0.0079769
 76 R  76 0.0000000 0.4954768 0.0040997 0.0400247 0.0000000 0.0901530 0.1947629 0.0208320 0.0439451 0.0000000 0.0190340 0.0276000 0.0000000 0.0066193 0.0256181 0.0000000 0.0318345 0.0000000 0.0000000 0.0000000
 77 S  77 0.0254713 0.0409122 0.0119705 0.0000000 0.0000000 0.0691884 0.0309892 0.0208894 0.0000000 0.0000000 0.0308107 0.2452370 0.0074399 0.0148362 0.0000000 0.4629104 0.0218997 0.0000000 0.0000000 0.0174451
 78 D  78 0.0238401 0.0137063 0.0613103 0.2864264 0.0000000 0.0273233 0.0244764 0.1611363 0.0646090 0.0305501 0.0774234 0.0862867 0.0074538 0.0000000 0.0072970 0.0372408 0.0511682 0.0000000 0.0000000 0.0397519
 79 S  79 0.0244850 0.0000000 0.0280086 0.0050213 0.0000000 0.0230376 0.1365474 0.0405938 0.0478575 0.0000000 0.0000000 0.0838457 0.0073063 0.0000000 0.1578212 0.4042375 0.0367604 0.0000000 0.0000000 0.0044777
 80 S  80 0.0945073 0.0000000 0.0184989 0.0000000 0.0000000 0.0064248 0.0365929 0.1666160 0.0169525 0.0252267 0.0258670 0.1334062 0.0056443 0.0000000 0.0152182 0.4026484 0.0279858 0.0000000 0.0000000 0.0244110
 81 S  81 0.0104553 0.0142193 0.0090739 0.0000000 0.0000000 0.0293997 0.0227594 0.1321220 0.0176616 0.0105350 0.0147935 0.0504486 0.0136303 0.0466641 0.0000000 0.4474109 0.0505962 0.0000000 0.0283836 0.1018466
 82 S  82 0.0257618 0.0000000 0.0173103 0.0341933 0.0000000 0.0510370 0.0942532 0.0267863 0.0166013 0.0000000 0.0199436 0.0799075 0.0133850 0.0000000 0.0921880 0.4495159 0.0791169 0.0000000 0.0000000 0.0000000
 83 S  83 0.0349964 0.0162548 0.0214967 0.0186645 0.0000000 0.0716402 0.0654491 0.0693359 0.0137576 0.0000000 0.0097087 0.1603961 0.0000000 0.0000000 0.0182880 0.4078407 0.0774014 0.0000000 0.0000000 0.0147700
 84 S  84 0.0044190 0.0148273 0.0331438 0.0929212 0.0000000 0.0073500 0.0716489 0.0146745 0.0477025 0.0260332 0.0055098 0.0767129 0.0042358 0.0021880 0.0073239 0.4400461 0.1212172 0.0000000 0.0104645 0.0195814
 85 S  85 0.0260157 0.0134217 0.0131794 0.0293785 0.0000000 0.0256185 0.0766656 0.0638627 0.0903988 0.0000000 0.0000000 0.1841225 0.0108387 0.0000000 0.0123915 0.4024963 0.0205755 0.0000000 0.0000000 0.0310346
 86 E  86 0.0170894 0.0042168 0.0000000 0.1705682 0.0000000 0.0261548 0.2998908 0.0782732 0.0370033 0.0239087 0.0082682 0.0659280 0.0324078 0.0000000 0.0171148 0.1151571 0.0291300 0.0000000 0.0456402 0.0292487
 87 E  87 0.0302029 0.0421776 0.0000000 0.1646406 0.0000000 0.0152347 0.3399793 0.0549462 0.0228141 0.0228120 0.0000000 0.1233216 0.0000000 0.0000000 0.0000000 0.0435635 0.1275699 0.0000000 0.0057556 0.0069819
 88 E  88 0.0128489 0.0000000 0.0000000 0.1200223 0.0080940 0.0360736 0.3978748 0.0551105 0.0635587 0.0133086 0.0190095 0.0461724 0.0172002 0.0000000 0.0618286 0.0519995 0.0542595 0.0000000 0.0128324 0.0298066
 89 G  89 0.1110270 0.0000000 0.0057354 0.0529286 0.0000000 0.0000000 0.2431225 0.1943524 0.0803808 0.0079574 0.0088759 0.1138667 0.0000000 0.0000000 0.0268099 0.0847325 0.0331768 0.0000000 0.0057473 0.0312867
 90 S  90 0.0567892 0.0086847 0.0129551 0.0992890 0.0000000 0.0383816 0.1531236 0.2030393 0.0214626 0.0107046 0.0357128 0.0365458 0.0040706 0.0558068 0.0355138 0.1045683 0.0926973 0.0000000 0.0053913 0.0252636
 91 D  91 0.0527095 0.0000000 0.0350836 0.1704830 0.0000000 0.0076295 0.1120146 0.2632244 0.0440551 0.0079007 0.0240018 0.0299338 0.0149587 0.0092827 0.1162415 0.0364008 0.0516382 0.0000000 0.0076784 0.0167638
 92 G  92 0.0047337 0.0394008 0.0133412 0.1153763 0.0000000 0.0120424 0.1693430 0.3087906 0.0404546 0.0254705 0.0018600 0.0706706 0.0000000 0.0477307 0.0368799 0.0330543 0.0658775 0.0000000 0.0055018 0.0094720
 93 E  93 0.0235848 0.0401449 0.0136991 0.0433390 0.0000000 0.0407375 0.2229137 0.1315278 0.0664585 0.0136852 0.0123834 0.0971909 0.0190540 0.0000000 0.1080421 0.0283876 0.0435907 0.0000000 0.0092442 0.0860167
 94 K  94 0.0759316 0.0765410 0.0112916 0.0193686 0.0098120 0.0415082 0.1870903 0.0869178 0.0680809 0.0083504 0.0369451 0.1546883 0.0000000 0.0000000 0.0385146 0.0665923 0.0307380 0.0000000 0.0431134 0.0445161
 95 R  95 0.0067658 0.1366391 0.0000000 0.0178846 0.0000000 0.0381023 0.1342681 0.1051103 0.0629114 0.0131910 0.0110078 0.2979995 0.0000000 0.0000000 0.0105118 0.0467690 0.0122356 0.0000000 0.0325298 0.0740740
 96 K  96 0.0157654 0.0899968 0.0000000 0.0239782 0.0000000 0.0439901 0.1496974 0.0135741 0.0820712 0.0157378 0.0000000 0.3142497 0.0000000 0.0000000 0.0835000 0.0990755 0.0204136 0.0000000 0.0242221 0.0237280
 97 K  97 0.0850766 0.0623404 0.0000000 0.0463649 0.0205991 0.0332588 0.0629021 0.0771115 0.0880346 0.0067837 0.0075764 0.3007092 0.0000000 0.0000000 0.0055446 0.0932487 0.0689834 0.0000000 0.0203626 0.0211034
 98 K  98 0.0131463 0.0278071 0.0000000 0.0489709 0.0088388 0.0192053 0.1732917 0.1142238 0.0230524 0.0131364 0.0214996 0.2262102 0.0000000 0.0186840 0.0293965 0.0809741 0.0630297 0.0000000 0.0887755 0.0297578
 99 K  99 0.0171455 0.0248936 0.0193751 0.1075484 0.0139853 0.0435713 0.1574700 0.0558334 0.0285541 0.0067255 0.0345814 0.1615418 0.0084074 0.0000000 0.0587598 0.1018296 0.1131617 0.0000000 0.0035833 0.0430329
100 E 100 0.0662506 0.0024836 0.0271053 0.1709836 0.0000000 0.0000000 0.2048461 0.0744084 0.0422348 0.0099697 0.0146657 0.1375563 0.0033656 0.0048861 0.0393934 0.1011720 0.0916539 0.0000000 0.0000000 0.0090249
101 K 101 0.0950300 0.0160459 0.0000000 0.0919875 0.0054850 0.0207116 0.0927649 0.0906228 0.0420326 0.0148607 0.0000000 0.1600729 0.0094984 0.0000000 0.0170044 0.1108626 0.1478842 0.0000000 0.0254127 0.0597237
102 K 102 0.1088883 0.0188743 0.0164554 0.0353360 0.0000000 0.0196987 0.1043722 0.0628264 0.0182610 0.0221324 0.0000000 0.1501615 0.0045015 0.0000000 0.0224718 0.1588206 0.1497126 0.0000000 0.0172500 0.0902374
103 K 103 0.0433144 0.0000000 0.0128933 0.0076448 0.0167558 0.0000000 0.0485288 0.0627249 0.0623918 0.0561742 0.0000000 0.2314138 0.0000000 0.0516645 0.0404631 0.1386653 0.0584436 0.0000000 0.0228797 0.1460421
104 P 104 0.0137711 0.0127920 0.0000000 0.0323074 0.0128518 0.0152010 0.0735310 0.0948286 0.0328388 0.0433440 0.0000000 0.0529338 0.0089482 0.0000000 0.0991166 0.2778823 0.0709188 0.0000000 0.0362179 0.1225168
105 T 105 0.0716594 0.0040716 0.0570570 0.0312211 0.0000000 0.0476661 0.1401639 0.0177212 0.0648775 0.0137239 0.0351280 0.0901828 0.0000000 0.0000000 0.0690306 0.1048203 0.1312550 0.0000000 0.0102295 0.1111920
106 T 106 0.0540641 0.0000000 0.0130207 0.0941074 0.0092923 0.0228084 0.2531286 0.1026310 0.0426127 0.0046862 0.0026350 0.1028209 0.0000000 0.0000000 0.0146616 0.0231055 0.1896066 0.0000000 0.0000000 0.0708190
107 E 107 0.0308895 0.0176237 0.0772616 0.1393563 0.0090974 0.0259132 0.1951871 0.1713509 0.0175133 0.0141886 0.0366002 0.0815408 0.0000000 0.0000000 0.0215614 0.0164359 0.0820379 0.0000000 0.0313662 0.0320758
108 V 108 0.0733685 0.0192717 0.0314866 0.0965194 0.0154144 0.0163674 0.0704724 0.0901971 0.0685267 0.0354293 0.0159475 0.0933248 0.0046634 0.0108684 0.0421492 0.0174723 0.1971684 0.0000000 0.0285702 0.0727823
109 E 109 0.0448498 0.0312749 0.0305072 0.0394642 0.0000000 0.0321944 0.0892904 0.1756658 0.0327230 0.0351919 0.0181667 0.0550133 0.0042297 0.0000000 0.1765898 0.0126830 0.1216373 0.0000000 0.0464864 0.0540321
110 V 110 0.0644027 0.0095187 0.0000000 0.0143691 0.0098659 0.1044148 0.1259373 0.1021264 0.1289994 0.0173300 0.0667624 0.0708180 0.0186542 0.0511943 0.0354670 0.0279450 0.0672534 0.0000000 0.0118281 0.0731132
111 K 111 0.0026565 0.0114376 0.0437174 0.0413098 0.0064934 0.0688805 0.3363929 0.1818843 0.0813096 0.0097235 0.0000000 0.0666594 0.0000000 0.0000000 0.0467409 0.0128907 0.0554686 0.0000000 0.0211658 0.0132692
112 E 112 0.0268905 0.0286202 0.0118479 0.0291577 0.0000000 0.0647678 0.1981810 0.1398843 0.0659229 0.0023842 0.0153262 0.0540828 0.0000000 0.0000000 0.2683638 0.0101091 0.0844617 0.0000000 0.0000000 0.0000000
113 E 113 0.0107330 0.0992869 0.0378837 0.0025610 0.0094383 0.0113229 0.5337434 0.0876102 0.1007332 0.0000000 0.0000000 0.0551409 0.0000000 0.0000000 0.0178077 0.0000000 0.0172998 0.0000000 0.0040300 0.0124089
114 E 114 0.0000000 0.0861029 0.0000000 0.0427254 0.0000000 0.0549906 0.5822732 0.0472376 0.0089011 0.0000000 0.0000000 0.1723392 0.0000000 0.0000000 0.0000000 0.0054300 0.0000000 0.0000000 0.0000000 0.0000000
115 K 115 0.0000000 0.0153418 0.0538138 0.0039748 0.0000000 0.0324322 0.0597773 0.0000000 0.0000000 0.0000000 0.0000000 0.8299656 0.0000000 0.0000000 0.0000000 0.0000000 0.0046945 0.0000000 0.0000000 0.0000000
116 K 116 0.0481037 0.0885994 0.0000000 0.0225816 0.0000000 0.0155981 0.0222423 0.0450512 0.0000000 0.0152869 0.0000000 0.7212002 0.0000000 0.0000000 0.0064435 0.0000000 0.0123581 0.0000000 0.0000000 0.0025350
117 G 117 0.0000000 0.0078772 0.0000000 0.0058006 0.0000000 0.0064062 0.0000000 0.9121862 0.0000000 0.0000000 0.0000000 0.0000000 0.0000000 0.0000000 0.0152886 0.0524411 0.0000000 0.0000000 0.0000000 0.0000000
118 F 118 0.0019101 0.0000000 0.0149561 0.0000000 0.0000000 0.0000000 0.0000000 0.0153778 0.0000000 0.0527471 0.2026194 0.0000000 0.0810181 0.4065058 0.0195052 0.0000000 0.0153421 0.0000000 0.0250832 0.1649351
119 M 119 0.0130499 0.0000000 0.0108367 0.0000000 0.0000000 0.0057833 0.0000000 0.0055928 0.0152429 0.0126249 0.3799231 0.1037837 0.2645459 0.0396763 0.0000000 0.0000000 0.0521327 0.0000000 0.0000000 0.0968078
120 E 120 0.0022816 0.0000000 0.0109529 0.4755407 0.0000000 0.0195249 0.3993730 0.0472948 0.0000000 0.0000000 0.0000000 0.0310200 0.0000000 0.0000000 0.0000000 0.0000000 0.0140122 0.0000000 0.0000000 0.0000000
121 K 121 0.0000000 0.0050724 0.0697135 0.0000000 0.0000000 0.0257802 0.0000000 0.0000000 0.0059966 0.0129150 0.0000000 0.8641526 0.0097077 0.0000000 0.0000000 0.0000000 0.0066620 0.0000000 0.0000000 0.0000000
122 L 122 0.0258207 0.0000000 0.0000000 0.0000000 0.0000000 0.0000000 0.0419959 0.0000000 0.0000000 0.7804435 0.0390550 0.0129353 0.0019108 0.0067511 0.0000000 0.0000000 0.0000000 0.0000000 0.0000000 0.0910876
123 K 123 0.0000000 0.0000000 0.0104373 0.0058204 0.0000000 0.0000000 0.0285617 0.0153409 0.0149201 0.0000000 0.0000000 0.9155580 0.0093616 0.0000000 0.0000000 0.0000000 0.0000000 0.0000000 0.0000000 0.0000000
124 E 124 0.0000000 0.0000000 0.0000000 0.2237001 0.0000000 0.0073537 0.7331509 0.0185363 0.0048670 0.0000000 0.0123920 0.0000000 0.0000000 0.0000000 0.0000000 0.0000000 0.0000000 0.0000000 0.0000000 0.0000000
125 K 125 0.0026338 0.0025540 0.0105880 0.0000000 0.0000000 0.0049361 0.0152435 0.0000000 0.0000000 0.0086863 0.0000000 0.8951491 0.0356897 0.0000000 0.0124561 0.0000000 0.0120634 0.0000000 0.0000000 0.0000000
126 L 126 0.0100558 0.0000000 0.0000000 0.0000000 0.0000000 0.0000000 0.0000000 0.0000000 0.0000000 0.1145998 0.6940974 0.0147801 0.0476920 0.0316470 0.0029022 0.0000000 0.0143747 0.0000000 0.0000000 0.0698510
127 P 127 0.0000000 0.0044955 0.0000000 0.0000000 0.0000000 0.0000000 0.0000000 0.0462844 0.0000000 0.0000000 0.0000000 0.0146891 0.0000000 0.0000000 0.8942990 0.0274944 0.0127375 0.0000000 0.0000000 0.0000000
128 G 128 0.0521912 0.0089731 0.0000000 0.0000000 0.0120957 0.0000000 0.0000000 0.8684433 0.0284821 0.0000000 0.0000000 0.0000000 0.0000000 0.0000000 0.0000000 0.0000000 0.0298144 0.0000000 0.0000000 0.0000000
129 H 129 0.0084340 0.0101220 0.0253194 0.0090918 0.0000000 0.1141251 0.0224088 0.3800138 0.3155344 0.0000000 0.0000000 0.0000000 0.0024801 0.0000000 0.0000000 0.0140820 0.0559298 0.0000000 0.0241447 0.0183141
130 K 130 0.0091181 0.0169707 0.0456762 0.0000000 0.0000000 0.1056564 0.0494091 0.0831035 0.3399874 0.0000000 0.0000000 0.3173787 0.0000000 0.0000000 0.0087201 0.0168211 0.0071588 0.0000000 0.0000000 0.0000000
131 K 131 0.0116757 0.0214531 0.0438695 0.0803279 0.0000000 0.0401580 0.0416833 0.0443356 0.0692276 0.0064938 0.0000000 0.5662278 0.0000000 0.0000000 0.0000000 0.0150429 0.0531244 0.0000000 0.0063803 0.0000000
132 P 132 0.0582803 0.0051176 0.0304241 0.1492226 0.0000000 0.0575568 0.0946155 0.0260643 0.0109865 0.0163137 0.0000000 0.2902422 0.0000000 0.0000000 0.0411662 0.0230681 0.1969422 0.0000000 0.0000000 0.0000000
133 E 133 0.0753153 0.0197315 0.0536239 0.1135781 0.0000000 0.0212868 0.3215904 0.0392698 0.0656534 0.0000000 0.0132833 0.0742649 0.0000000 0.0000000 0.0656797 0.0049014 0.1199177 0.0000000 0.0031670 0.0087368
134 D 134 0.0338696 0.0019335 0.0037707 0.1129051 0.0148007 0.1401266 0.4380944 0.0141690 0.0504288 0.0000000 0.0029062 0.0155306 0.0000000 0.0000000 0.0298727 0.0063713 0.0821887 0.0000000 0.0252441 0.0277880
135 G 135 0.0505679 0.0310773 0.0056180 0.0664905 0.0000000 0.1547145 0.2726004 0.0843143 0.0531127 0.0086621 0.0000000 0.0316001 0.0000000 0.0315578 0.0256156 0.0431445 0.0442638 0.0000000 0.0201099 0.0765505
136 S 136 0.1043081 0.0072015 0.0026720 0.0237576 0.0000000 0.0982220 0.1022477 0.0432525 0.0697068 0.0125688 0.0038514 0.0492088 0.0000000 0.0000000 0.0750330 0.0959795 0.1397060 0.0000000 0.0295345 0.1427497
137 A 137 0.1627697 0.0016919 0.0148027 0.0247874 0.0000000 0.0973290 0.0721880 0.0763306 0.0990288 0.0000000 0.0157275 0.0089722 0.0023268 0.0422014 0.1334623 0.0500634 0.1031842 0.0000000 0.0187418 0.0763922
138 V 138 0.1526740 0.0119394 0.0015004 0.0253742 0.0000000 0.0595326 0.0329690 0.0897103 0.0411332 0.0000000 0.0016951 0.0236721 0.0053526 0.0000000 0.2526884 0.0389821 0.1337849 0.0000000 0.0167509 0.1122407
139 A 139 0.2121689 0.0000000 0.0176304 0.0214615 0.0000000 0.0606742 0.0506748 0.0449825 0.0910729 0.0040467 0.0048524 0.0089193 0.0062087 0.0000000 0.2111758 0.0712882 0.1340469 0.0000000 0.0045881 0.0562087
140 A 140 0.1011778 0.0000000 0.0274640 0.0000000 0.0165997 0.0262613 0.0397036 0.0755564 0.0450495 0.0142208 0.0000000 0.0610260 0.0000000 0.0000000 0.3043085 0.0995887 0.1119047 0.0000000 0.0278383 0.0493007
141 A 141 0.1335206 0.0000000 0.0184449 0.0233754 0.0000000 0.0014928 0.0508706 0.0681608 0.0276599 0.0147367 0.0071017 0.0000000 0.0149349 0.0378731 0.2945311 0.0368399 0.1984064 0.0000000 0.0130303 0.0590209
142 P 142 0.1814398 0.0000000 0.0078778 0.1032857 0.0055478 0.0326017 0.0627136 0.0731815 0.0430925 0.0000000 0.0013307 0.0149562 0.0000000 0.0000000 0.2426721 0.0543128 0.1412152 0.0000000 0.0081300 0.0276426
143 V 143 0.1464806 0.0000000 0.0000000 0.0031169 0.0038122 0.0571211 0.0588070 0.0957675 0.0312668 0.0000000 0.0268574 0.0127942 0.0000000 0.0000000 0.1953015 0.0972697 0.1289011 0.0000000 0.0319997 0.1105043
144 V 144 0.1883014 0.0041491 0.0101087 0.0116723 0.0051519 0.0064795 0.0845482 0.1052872 0.0547828 0.0080847 0.0077693 0.0320117 0.0016091 0.0000000 0.1575797 0.0351531 0.2016265 0.0000000 0.0309889 0.0546959
145 V 145 0.1636384 0.0000000 0.0047451 0.0159821 0.0000000 0.0141678 0.1695597 0.1191387 0.0914434 0.0016618 0.0054042 0.0090812 0.0012430 0.0280136 0.0580826 0.0468221 0.0610952 0.0000000 0.0805877 0.1293336
146 P 146 0.1450344 0.0137276 0.0759936 0.0281578 0.0063089 0.0287357 0.0695821 0.1477175 0.0347037 0.0000000 0.0000000 0.0166433 0.0000000 0.0000000 0.1145196 0.0618083 0.0829055 0.0000000 0.0878313 0.0863307
147 P 147 0.2062800 0.0030646 0.0000000 0.0070231 0.0108482 0.0379112 0.0252591 0.0947919 0.1180401 0.0000000 0.0000000 0.0180102 0.0027571 0.0000000 0.0884717 0.0487236 0.1370738 0.0000000 0.0543709 0.1473746
148 P 148 0.0845200 0.0025724 0.0198778 0.0018573 0.0000000 0.0544966 0.0984355 0.1389630 0.0824746 0.0103344 0.0000000 0.0180102 0.0021211 0.0000000 0.0853412 0.0460165 0.2096900 0.0000000 0.0517234 0.0935661
149 V 149 0.1284317 0.0034141 0.0464203 0.0353314 0.0000000 0.0289387 0.1100959 0.1223347 0.1146217 0.0000000 0.0000000 0.0221431 0.0024639 0.0000000 0.0328632 0.1024210 0.1560689 0.0000000 0.0304071 0.0640442
150 E 150 0.0578726 0.0097568 0.0074077 0.0418564 0.0105971 0.0311947 0.1565745 0.0853328 0.1893059 0.0092437 0.0092530 0.0035918 0.0000000 0.0000000 0.0765528 0.0262469 0.1941181 0.0000000 0.0330866 0.0580085
151 E 151 0.0516255 0.0030643 0.0200827 0.0260737 0.0089198 0.0630180 0.2436234 0.1666324 0.0676161 0.0079270 0.0083666 0.0578173 0.0046067 0.0000000 0.1077964 0.0000000 0.1086605 0.0000000 0.0296199 0.0245500
152 A 152 0.1506215 0.0063963 0.0000000 0.0595287 0.0209321 0.0530140 0.2172609 0.2218086 0.0642409 0.0000000 0.0412839 0.0348587 0.0000000 0.0287518 0.0147488 0.0454815 0.0198932 0.0000000 0.0000000 0.0211791
153 H 153 0.0166657 0.0073147 0.0306913 0.0717792 0.0000000 0.0942484 0.3750868 0.0373185 0.2018350 0.0000000 0.0000000 0.0167559 0.0000000 0.0000000 0.0575344 0.0058254 0.0610453 0.0000000 0.0000000 0.0238993
154 P 154 0.1105320 0.0054052 0.0013809 0.0125760 0.0000000 0.0591650 0.0855878 0.1082155 0.1084390 0.0000000 0.0122501 0.0000000 0.0000000 0.0000000 0.3330242 0.0254993 0.0752202 0.0000000 0.0230412 0.0396636
155 V 155 0.0306111 0.0000000 0.0111697 0.0112845 0.0000000 0.0396088 0.2030721 0.1468696 0.1765675 0.0000000 0.0000000 0.2526009 0.0200384 0.0000000 0.0278018 0.0135225 0.0179017 0.0000000 0.0199138 0.0290375
156 E 156 0.0047708 0.0000000 0.0000000 0.0355095 0.0000000 0.0574281 0.7548585 0.0191930 0.0037038 0.0000000 0.0000000 0.0815039 0.0000000 0.0000000 0.0046813 0.0000000 0.0000000 0.0000000 0.0000000 0.0383511
157 K 157 0.0000000 0.0000000 0.0141930 0.0053243 0.0000000 0.0097387 0.0000000 0.0000000 0.0000000 0.0000000 0.0000000 0.9683452 0.0023987 0.0000000 0.0000000 0.0000000 0.0000000 0.0000000 0.0000000 0.0000000
158 K 158 0.0133748 0.0423524 0.0000000 0.0171190 0.0000000 0.0000000 0.0165928 0.0115793 0.0143107 0.0067770 0.0000000 0.8239801 0.0098729 0.0000000 0.0256567 0.0000000 0.0049116 0.0000000 0.0000000 0.0134726
159 G 159 0.0040666 0.0000000 0.0191941 0.0000000 0.0000000 0.0000000 0.0000000 0.9126380 0.0000000 0.0000000 0.0000000 0.0188446 0.0000000 0.0000000 0.0000000 0.0452567 0.0000000 0.0000000 0.0000000 0.0000000
160 I 160 0.0021713 0.0000000 0.0000000 0.0000000 0.0000000 0.0000000 0.0000000 0.0000000 0.0000000 0.3224968 0.1961609 0.0000000 0.1570193 0.2095147 0.0000000 0.0141826 0.0047220 0.0000000 0.0154762 0.0782562
161 L 161 0.0171925 0.0000000 0.0000000 0.0000000 0.0000000 0.0000000 0.0141826 0.0114756 0.0000000 0.0265711 0.4816940 0.0000000 0.3640929 0.0292051 0.0000000 0.0000000 0.0067163 0.0000000 0.0000000 0.0488701
162 E 162 0.0000000 0.0000000 0.0121330 0.3883782 0.0000000 0.0067208 0.5233064 0.0649024 0.0000000 0.0000000 0.0000000 0.0000000 0.0000000 0.0000000 0.0000000 0.0000000 0.0045594 0.0000000 0.0000000 0.0000000
163 K 163 0.0000000 0.0027176 0.0584013 0.0000000 0.0000000 0.0157077 0.0000000 0.0000000 0.0000000 0.0000000 0.0000000 0.9231735 0.0000000 0.0000000 0.0000000 0.0000000 0.0000000 0.0000000 0.0000000 0.0000000
164 I 164 0.0156852 0.0000000 0.0000000 0.0000000 0.0000000 0.0000000 0.0000000 0.0000000 0.0000000 0.9203256 0.0123054 0.0000000 0.0061943 0.0000000 0.0000000 0.0000000 0.0000000 0.0000000 0.0000000 0.0454895
165 K 165 0.0000000 0.0000000 0.0000000 0.0000000 0.0000000 0.0000000 0.0000000 0.0000000 0.0000000 0.0000000 0.0000000 0.9579409 0.0420591 0.0000000 0.0000000 0.0000000 0.0000000 0.0000000 0.0000000 0.0000000
166 E 166 0.0138508 0.0000000 0.0000000 0.2433440 0.0000000 0.0062468 0.7365585 0.0000000 0.0000000 0.0000000 0.0000000 0.0000000 0.0000000 0.0000000 0.0000000 0.0000000 0.0000000 0.0000000 0.0000000 0.0000000
167 K 167 0.0000000 0.0102858 0.0000000 0.0000000 0.0000000 0.0079662 0.0000000 0.0000000 0.0000000 0.0000000 0.0000000 0.9660196 0.0157284 0.0000000 0.0000000 0.0000000 0.0000000 0.0000000 0.0000000 0.0000000
168 L 168 0.0000000 0.0000000 0.0000000 0.0000000 0.0000000 0.0000000 0.0139902 0.0000000 0.0000000 0.1661989 0.7500177 0.0000000 0.0502119 0.0054915 0.0000000 0.0000000 0.0000000 0.0000000 0.0000000 0.0140898
169 P 169 0.0000000 0.0000000 0.0000000 0.0000000 0.0000000 0.0000000 0.0000000 0.0000000 0.0000000 0.0000000 0.0000000 0.0000000 0.0000000 0.0000000 0.9945865 0.0000000 0.0054135 0.0000000 0.0000000 0.0000000
170 G 170 0.0297090 0.0000000 0.0000000 0.0000000 0.0000000 0.0000000 0.0000000 0.9702910 0.0000000 0.0000000 0.0000000 0.0000000 0.0000000 0.0000000 0.0000000 0.0000000 0.0000000 0.0000000 0.0000000 0.0000000
171 Y 171 0.0037872 0.0000000 0.0000000 0.0000000 0.0000000 0.0955537 0.0000000 0.1818022 0.2902237 0.0000000 0.0273472 0.0104386 0.0000000 0.0107725 0.0000000 0.0138585 0.0000000 0.0000000 0.3662163 0.0000000
172 H 172 0.0000000 0.0650022 0.0000000 0.0000000 0.0000000 0.0563013 0.0125031 0.0327905 0.7489995 0.0000000 0.0000000 0.0769790 0.0000000 0.0000000 0.0000000 0.0074246 0.0000000 0.0000000 0.0000000 0.0000000
173 P 173 0.1275261 0.0000000 0.0733090 0.0157978 0.0000000 0.0000000 0.0000000 0.0069359 0.0690861 0.0000000 0.0000000 0.2422025 0.0000000 0.0034618 0.2615352 0.1671712 0.0256489 0.0000000 0.0000000 0.0073255
174 K 174 0.0260608 0.0056854 0.0084654 0.0334861 0.0000000 0.0850376 0.0102149 0.0133169 0.0237040 0.0000000 0.0000000 0.6495509 0.0000000 0.0000000 0.0062492 0.0103572 0.1278715 0.0000000 0.0000000 0.0000000
175 T 175 0.0709181 0.0000000 0.0929251 0.0590161 0.0000000 0.0000000 0.1761164 0.0373547 0.0000000 0.0000000 0.0000000 0.0321399 0.0000000 0.0000000 0.0384426 0.0877395 0.3924422 0.0000000 0.0000000 0.0129054
176 T 176 0.1110424 0.0000000 0.0000000 0.1586922 0.0000000 0.0000000 0.4182575 0.0410873 0.0000000 0.0000000 0.0000000 0.0107385 0.0000000 0.0000000 0.0415973 0.0925679 0.0823121 0.0000000 0.0244588 0.0192460
177 V 177 0.0796304 0.0000000 0.0000000 0.2452500 0.0000000 0.0000000 0.2554106 0.0871252 0.0273885 0.0000000 0.0000000 0.0090287 0.0000000 0.0000000 0.0000000 0.0000000 0.1034929 0.0000000 0.0000000 0.1926735
178 E 178 0.0000000 0.0000000 0.0000000 0.1332720 0.0000000 0.0208693 0.5670845 0.0000000 0.1072377 0.0000000 0.0000000 0.1094693 0.0000000 0.0000000 0.0000000 0.0620672 0.0000000 0.0000000 0.0000000 0.0000000
179 E 179 0.0710816 0.0000000 0.0000000 0.0771447 0.0000000 0.0350606 0.3383711 0.0498696 0.0792821 0.0000000 0.0000000 0.1390871 0.0000000 0.0000000 0.0000000 0.1298556 0.0000000 0.0000000 0.0000000 0.0802476
180 E 180 0.0000000 0.0927341 0.0000000 0.0379084 0.0000000 0.0000000 0.4342938 0.0000000 0.0911686 0.0000000 0.0000000 0.3438950 0.0000000 0.0000000 0.0000000 0.0000000 0.0000000 0.0000000 0.0000000 0.0000000
181 K 181 0.0577431 0.0000000 0.0000000 0.0888440 0.0000000 0.0000000 0.1870270 0.0000000 0.0687267 0.0257861 0.0000000 0.5718731 0.0000000 0.0000000 0.0000000 0.0000000 0.0000000 0.0000000 0.0000000 0.0000000
182 K 182 0.0000000 0.0835250 0.0000000 0.1225548 0.0000000 0.0994126 0.1935618 0.0000000 0.0000000 0.0000000 0.0000000 0.5009458 0.0000000 0.0000000 0.0000000 0.0000000 0.0000000 0.0000000 0.0000000 0.0000000
183 D 183 0.0000000 0.0000000 0.1099417 0.4999561 0.0000000 0.0000000 0.2287865 0.0000000 0.0780026 0.0000000 0.0000000 0.0833130 0.0000000 0.0000000 0.0000000 0.0000000 0.0000000 0.0000000 0.0000000 0.0000000
184 K 184 0.0000000 0.3012976 0.0992262 0.1042460 0.0000000 0.0000000 0.0976014 0.0000000 0.0000000 0.0000000 0.0000000 0.3976288 0.0000000 0.0000000 0.0000000 0.0000000 0.0000000 0.0000000 0.0000000 0.0000000
185 E 185 0.0000000 0.0000000 0.0000000 0.5571130 0.0000000 0.0000000 0.4428870 0.0000000 0.0000000 0.0000000 0.0000000 0.0000000 0.0000000 0.0000000 0.0000000 0.0000000 0.0000000 0.0000000 0.0000000 0.0000000
