  185         A         R         N         D         C         Q         E         G         H         I         L         K         M         F         P         S         T         W         Y         V         X    
  1 M   1 0.0000000 0.0000000 0.0000000 0.0000000 0.0000000 0.0000000 0.0000000 0.0000000 0.0000000 0.0000000 0.0000000 0.0000000 0.1808549 0.0000000 0.0000000 0.0000000 0.0000000 0.0000000 0.0000000 0.0000000 0.8191451
  2 A   2 0.1857921 0.0000000 0.0000000 0.0000000 0.0000000 0.0000000 0.0000000 0.0000000 0.0000000 0.0000000 0.0000000 0.0000000 0.0000000 0.0000000 0.0000000 0.0249258 0.0000000 0.0000000 0.0000000 0.0000000 0.7892821
  3 E   3 0.0000000 0.0000000 0.0000000 0.0754427 0.0000000 0.0000000 0.1387852 0.0247689 0.0000000 0.0000000 0.0000000 0.0120323 0.0000000 0.0000000 0.0000000 0.0000000 0.0000000 0.0000000 0.0000000 0.0000000 0.7489709
  4 E   4 0.0000000 0.0000000 0.0000000 0.0000000 0.0000000 0.0451270 0.1711082 0.0000000 0.0100249 0.0000000 0.0000000 0.0000000 0.0000000 0.0000000 0.0000000 0.0000000 0.0000000 0.0000000 0.0000000 0.0247689 0.7489709
  5 I   5 0.0198749 0.0120323 0.0529075 0.0000000 0.0000000 0.0000000 0.0000000 0.0000000 0.0100249 0.0190443 0.0070951 0.0000000 0.0000000 0.0178307 0.0000000 0.0000000 0.0224652 0.0000000 0.0769530 0.0000000 0.7617721
  6 K   6 0.0000000 0.0000000 0.0000000 0.0000000 0.0000000 0.0346081 0.0546874 0.0000000 0.0100249 0.0120323 0.0000000 0.1444941 0.0000000 0.0000000 0.0000000 0.0000000 0.0072880 0.0000000 0.0000000 0.0000000 0.7368653
  7 N   7 0.0000000 0.0100249 0.1092823 0.0000000 0.0000000 0.0201697 0.0127718 0.0000000 0.0170032 0.0000000 0.0000000 0.0317591 0.0000000 0.0000000 0.0120323 0.0363003 0.0248024 0.0000000 0.0141982 0.0000000 0.7116557
  8 V   8 0.0175145 0.0127718 0.0248055 0.0000000 0.0128012 0.0139577 0.0072490 0.0071031 0.0288921 0.0000000 0.0000000 0.0562646 0.0299501 0.0000000 0.0000000 0.0298336 0.0143831 0.0000000 0.0000000 0.0747365 0.6697374
  9 P   9 0.0477514 0.0000000 0.0000000 0.0000000 0.0000000 0.0267589 0.0380163 0.0000000 0.0195424 0.0000000 0.0000000 0.0370356 0.0000000 0.0000000 0.0727970 0.0119517 0.0461396 0.0000000 0.0481912 0.0073461 0.6444699
 10 E  10 0.0076079 0.0000000 0.0000000 0.0224954 0.0000000 0.0146962 0.1099493 0.0000000 0.0418809 0.0000000 0.0000000 0.0259900 0.0000000 0.0000000 0.0712350 0.0000000 0.0119683 0.0000000 0.0558176 0.0000000 0.6383595
 11 Q  11 0.0161433 0.0072490 0.0092959 0.0235244 0.0000000 0.0273998 0.1104312 0.0127718 0.0902810 0.0175145 0.0000000 0.0120323 0.0000000 0.0000000 0.0000000 0.0335728 0.0000000 0.0000000 0.0061105 0.0000000 0.6336737
 12 E  12 0.0228465 0.0000000 0.0074547 0.0059177 0.0100249 0.0219254 0.1577854 0.0000000 0.0048566 0.0000000 0.0000000 0.0072490 0.0000000 0.0127718 0.0110569 0.0074083 0.0745030 0.0000000 0.0051285 0.0313773 0.6196941
 13 V  13 0.0377601 0.0201250 0.0000000 0.0000000 0.0000000 0.0074547 0.0918085 0.0178014 0.0000000 0.0000000 0.0000000 0.0375407 0.0000000 0.0000000 0.0000000 0.0391331 0.0767038 0.0000000 0.0139577 0.0414114 0.6163036
 14 P  14 0.0339446 0.0000000 0.0256470 0.0000000 0.0000000 0.0076079 0.0784604 0.0308739 0.0143719 0.0000000 0.0000000 0.0250034 0.0000000 0.0000000 0.0618528 0.0461854 0.0581387 0.0000000 0.0000000 0.0000000 0.6179138
 15 K  15 0.0066584 0.0000000 0.0183753 0.0072490 0.0070951 0.0059177 0.0175145 0.0000000 0.0186802 0.0091242 0.0000000 0.0864698 0.0000000 0.0339446 0.0528876 0.0347032 0.1001477 0.0000000 0.0000000 0.0120323 0.5892004
 16 V  16 0.0367286 0.0119683 0.0059177 0.0000000 0.0072880 0.0075136 0.0309238 0.0061105 0.0000000 0.0252795 0.0000000 0.0237056 0.0128012 0.0000000 0.0135891 0.0610672 0.0368583 0.0000000 0.0441450 0.0889438 0.5871598
 17 A  17 0.0633352 0.0000000 0.0158142 0.0000000 0.0000000 0.0288582 0.0473626 0.0581299 0.0161433 0.0000000 0.0063100 0.0556604 0.0000000 0.0000000 0.0119683 0.0120323 0.0486427 0.0000000 0.0249692 0.0444830 0.5662908
 18 T  18 0.0532183 0.0061105 0.0000000 0.0063100 0.0000000 0.0110569 0.0955169 0.0305395 0.0175145 0.0080619 0.0000000 0.0000000 0.0000000 0.0000000 0.0000000 0.0119904 0.1596906 0.0000000 0.0059177 0.0127718 0.5813010
 19 E  19 0.0244858 0.0000000 0.0054340 0.0113374 0.0000000 0.0175145 0.1907988 0.0327259 0.0000000 0.0079871 0.0000000 0.0255573 0.0000000 0.0000000 0.0163561 0.0127718 0.0587141 0.0000000 0.0074083 0.0000000 0.5889089
 20 E  20 0.0454917 0.0000000 0.0075136 0.0079871 0.0000000 0.0000000 0.1454535 0.0140218 0.0000000 0.0000000 0.0000000 0.0000000 0.0000000 0.0000000 0.0505114 0.0681703 0.0719416 0.0000000 0.0000000 0.0000000 0.5889089
 21 S  21 0.0427296 0.0127718 0.0000000 0.0110569 0.0151650 0.0079871 0.0309448 0.0570370 0.0000000 0.0000000 0.0000000 0.0000000 0.0000000 0.0000000 0.1106679 0.0835038 0.0000000 0.0000000 0.0000000 0.0397985 0.5883376
 22 S  22 0.1300644 0.0127718 0.0552239 0.0000000 0.0061105 0.0000000 0.0278886 0.0000000 0.0000000 0.0000000 0.0240005 0.0000000 0.0000000 0.0339446 0.0491349 0.0585329 0.0252756 0.0000000 0.0000000 0.0069382 0.5701140
 23 A  23 0.0595427 0.0000000 0.0000000 0.0000000 0.0000000 0.0000000 0.0707169 0.0251392 0.0000000 0.0110526 0.0000000 0.0175145 0.0090682 0.0000000 0.0179617 0.0065910 0.0434758 0.0000000 0.0000000 0.1687613 0.5701762
 24 E  24 0.0110569 0.0000000 0.0000000 0.0000000 0.0000000 0.0000000 0.3359350 0.0000000 0.0175145 0.0000000 0.0000000 0.0000000 0.0000000 0.0000000 0.0707169 0.0000000 0.0065910 0.0000000 0.0000000 0.0000000 0.5581858
 25 V  25 0.0596040 0.0000000 0.0106156 0.0000000 0.0000000 0.0000000 0.0707169 0.0000000 0.0000000 0.0375360 0.0000000 0.0000000 0.0000000 0.0000000 0.0000000 0.0732454 0.1182591 0.0000000 0.0000000 0.0718371 0.5581858
 26 T  26 0.0110526 0.0000000 0.0000000 0.0000000 0.0000000 0.0328015 0.0707169 0.0000000 0.0000000 0.0000000 0.0000000 0.1387500 0.0000000 0.0000000 0.0000000 0.0403032 0.1481901 0.0000000 0.0000000 0.0000000 0.5581858
 27 D  27 0.0000000 0.0000000 0.0000000 0.3586538 0.0000000 0.0000000 0.0138924 0.0110569 0.0000000 0.0000000 0.0000000 0.0707169 0.0000000 0.0000000 0.0000000 0.0000000 0.0000000 0.0000000 0.0000000 0.0000000 0.5456800
 28 R  28 0.0000000 0.4087456 0.0000000 0.0000000 0.0185116 0.0000000 0.0000000 0.0000000 0.0000000 0.0000000 0.0000000 0.0459769 0.0000000 0.0000000 0.0000000 0.0000000 0.0000000 0.0000000 0.0000000 0.0000000 0.5267660
 29 G  29 0.0000000 0.0000000 0.0000000 0.0000000 0.0000000 0.0000000 0.0000000 0.4732340 0.0000000 0.0000000 0.0000000 0.0000000 0.0000000 0.0000000 0.0000000 0.0000000 0.0000000 0.0000000 0.0000000 0.0000000 0.5267660
 30 L  30 0.0000000 0.0000000 0.0000000 0.0000000 0.0000000 0.0000000 0.0000000 0.0000000 0.0000000 0.0100249 0.2680546 0.0000000 0.0575335 0.0679037 0.0000000 0.0000000 0.0080619 0.0000000 0.0000000 0.0616554 0.5267660
 31 F  31 0.0175145 0.0000000 0.0000000 0.0000000 0.0000000 0.0000000 0.0000000 0.0000000 0.0000000 0.0000000 0.0479023 0.0000000 0.0089617 0.3988555 0.0000000 0.0000000 0.0000000 0.0000000 0.0000000 0.0000000 0.5267660
 32 D  32 0.0000000 0.0000000 0.0091242 0.3759469 0.0000000 0.0000000 0.0263786 0.0757445 0.0000000 0.0000000 0.0000000 0.0000000 0.0000000 0.0000000 0.0000000 0.0000000 0.0000000 0.0000000 0.0000000 0.0000000 0.5128058
 33 F  33 0.0000000 0.0000000 0.0000000 0.0000000 0.0000000 0.0367723 0.0000000 0.0000000 0.0000000 0.0000000 0.0278017 0.0604207 0.0000000 0.3459574 0.0000000 0.0000000 0.0000000 0.0000000 0.0062898 0.0000000 0.5227581
 34 L  34 0.0367723 0.0000000 0.0000000 0.0000000 0.0000000 0.0000000 0.0000000 0.0142217 0.0000000 0.0546329 0.1949571 0.0000000 0.0595210 0.0243601 0.0000000 0.0220221 0.0110526 0.0000000 0.0000000 0.0339446 0.5485156
 35 G  35 0.0110526 0.0000000 0.0000000 0.0139602 0.0000000 0.0000000 0.0000000 0.2767782 0.0000000 0.0000000 0.0000000 0.1861356 0.0000000 0.0000000 0.0000000 0.0065910 0.0099523 0.0000000 0.0000000 0.0000000 0.4955301
 36 K  36 0.0134051 0.0000000 0.0394291 0.0000000 0.0000000 0.0000000 0.1057229 0.0066584 0.0087458 0.0000000 0.0000000 0.3282997 0.0000000 0.0000000 0.0000000 0.0000000 0.0000000 0.0000000 0.0000000 0.0110526 0.4866863
 37 K  37 0.0000000 0.0367723 0.0165818 0.0000000 0.0000000 0.0000000 0.0091242 0.0000000 0.0000000 0.0000000 0.0000000 0.4105791 0.0000000 0.0000000 0.0000000 0.0000000 0.0138434 0.0000000 0.0000000 0.0000000 0.5130992
 38 K  38 0.0000000 0.0000000 0.0106156 0.0243438 0.0000000 0.0110526 0.1634246 0.0099523 0.0000000 0.0295238 0.0175145 0.1681720 0.0000000 0.0000000 0.0110569 0.0000000 0.0335838 0.0000000 0.0000000 0.0266655 0.4940945
 39 D  39 0.0061105 0.0000000 0.0000000 0.0645330 0.0000000 0.0139602 0.2712453 0.0103134 0.0000000 0.0000000 0.0000000 0.0283283 0.0000000 0.0000000 0.0971930 0.0000000 0.0000000 0.0000000 0.0000000 0.0091242 0.4991921
 40 E  40 0.0510729 0.0000000 0.0103134 0.0191188 0.0000000 0.0000000 0.3083620 0.0512162 0.0157266 0.0000000 0.0000000 0.0178700 0.0000000 0.0000000 0.0000000 0.0088642 0.0000000 0.0000000 0.0000000 0.0256722 0.4917839
 41 T  41 0.0000000 0.0099523 0.0000000 0.0000000 0.0000000 0.0161433 0.1081736 0.0238244 0.0405996 0.0000000 0.0000000 0.1456840 0.0000000 0.0127718 0.0000000 0.0197394 0.0506807 0.0000000 0.0119683 0.0705023 0.4899602
 42 K  42 0.0000000 0.0000000 0.0000000 0.0089617 0.0201768 0.0048566 0.0373009 0.0000000 0.0344891 0.0088438 0.0085299 0.2571739 0.0000000 0.0000000 0.1275062 0.0000000 0.0083115 0.0000000 0.0000000 0.0000000 0.4838497
 43 P  43 0.0314273 0.0088642 0.0000000 0.0240461 0.0388285 0.0812392 0.0167329 0.0205680 0.0000000 0.0000000 0.0000000 0.0495336 0.0000000 0.0000000 0.1566245 0.0594519 0.0347312 0.0000000 0.0000000 0.0000000 0.4779526
 44 E  44 0.0058972 0.0000000 0.0089617 0.0457206 0.0000000 0.1507965 0.1609046 0.0157789 0.0000000 0.0000000 0.0000000 0.0121103 0.0000000 0.0000000 0.0000000 0.0179951 0.0912442 0.0000000 0.0242736 0.0000000 0.4663173
 45 E  45 0.0090682 0.0000000 0.0000000 0.0238598 0.0000000 0.0437551 0.3758191 0.0176541 0.0079341 0.0000000 0.0000000 0.0079871 0.0000000 0.0000000 0.0000000 0.0089617 0.0479588 0.0000000 0.0000000 0.0000000 0.4570021
 46 T  46 0.0234008 0.0000000 0.0139602 0.0220081 0.0079871 0.0312231 0.1664547 0.0312819 0.0051285 0.0110526 0.0000000 0.0074083 0.0000000 0.0000000 0.0000000 0.0087458 0.1249975 0.0000000 0.0244527 0.0372883 0.4846105
 47 P  47 0.1041676 0.0000000 0.0159846 0.0333006 0.0000000 0.0106156 0.0063100 0.0314747 0.0000000 0.0000000 0.0085055 0.0168810 0.0093152 0.0000000 0.0352585 0.0000000 0.0636335 0.0000000 0.0089617 0.1459549 0.5096367
 48 I  48 0.0000000 0.0000000 0.0141872 0.0000000 0.0000000 0.0000000 0.0079341 0.0189140 0.0000000 0.2039878 0.0662459 0.0224901 0.0000000 0.0111790 0.0608552 0.0000000 0.0439059 0.0000000 0.0106156 0.0303344 0.5093505
 49 A  49 0.1373224 0.0099523 0.0000000 0.0266127 0.0000000 0.0000000 0.0518117 0.0180098 0.0435643 0.0237459 0.0000000 0.0000000 0.0000000 0.0000000 0.0178014 0.0719971 0.0200142 0.0000000 0.0000000 0.0698176 0.5093505
 50 S  50 0.0441663 0.0000000 0.0069382 0.0085299 0.0000000 0.0000000 0.0087458 0.0349661 0.0238436 0.0000000 0.0000000 0.0139602 0.0000000 0.0000000 0.0702552 0.1680655 0.1139327 0.0000000 0.0000000 0.0000000 0.5065965
 51 E  51 0.0298336 0.0000000 0.0180142 0.0424788 0.0000000 0.0191455 0.2583272 0.0676684 0.0189867 0.0000000 0.0000000 0.0087458 0.0000000 0.0000000 0.0161433 0.0172516 0.0264761 0.0000000 0.0058972 0.0000000 0.4710315
 52 F  52 0.0250299 0.0000000 0.0000000 0.0000000 0.0000000 0.0050255 0.0325423 0.0853059 0.0000000 0.0235809 0.0139969 0.0000000 0.0000000 0.2487926 0.0174070 0.0120323 0.0000000 0.0000000 0.0253376 0.0399176 0.4710315
 53 E  53 0.0260956 0.0000000 0.0174663 0.0750771 0.0125618 0.0059177 0.1788251 0.0290887 0.0181293 0.0145708 0.0000000 0.0088438 0.0486324 0.0000000 0.0000000 0.0392712 0.0139602 0.0000000 0.0168958 0.0275833 0.4670811
 54 Q  54 0.0558411 0.0000000 0.0000000 0.0160490 0.0000000 0.0502629 0.1581872 0.0324569 0.1027179 0.0000000 0.0000000 0.0443145 0.0000000 0.0000000 0.0000000 0.0240005 0.0047495 0.0000000 0.0074547 0.0087458 0.4952200
 55 K  55 0.0000000 0.0056956 0.0480752 0.0000000 0.0175145 0.0110526 0.0000000 0.0557668 0.0000000 0.0043824 0.0061326 0.3225221 0.0058972 0.0459769 0.0219932 0.0000000 0.0177074 0.0000000 0.0000000 0.0000000 0.4372836
 56 V  56 0.0914115 0.0119683 0.0000000 0.0213048 0.0000000 0.0185497 0.0153065 0.0000000 0.0232101 0.0383190 0.0131913 0.0110374 0.0000000 0.0088438 0.0172513 0.0374714 0.0408640 0.0000000 0.0000000 0.2190850 0.4321860
 57 H  57 0.0000000 0.0201811 0.0076079 0.0000000 0.0000000 0.1458259 0.0304033 0.0323350 0.1299087 0.0000000 0.0166799 0.1412804 0.0000000 0.0088438 0.0361589 0.0000000 0.0182250 0.0000000 0.0000000 0.0106156 0.4019345
 58 I  58 0.0119683 0.0000000 0.0000000 0.0323170 0.0000000 0.0087458 0.0335794 0.0135221 0.0039505 0.1387861 0.0474817 0.0100249 0.0000000 0.0000000 0.0000000 0.0000000 0.0791891 0.0000000 0.0000000 0.2109846 0.4094505
 59 S  59 0.0050976 0.0045657 0.0161433 0.0000000 0.0294733 0.0420944 0.0315578 0.0150942 0.0137713 0.0110526 0.0000000 0.0822384 0.0073738 0.0000000 0.0271759 0.2339872 0.0307647 0.0000000 0.0120924 0.0280669 0.4094505
 60 E  60 0.0260936 0.0000000 0.0000000 0.0369176 0.0000000 0.0000000 0.3386031 0.0265499 0.0164183 0.0045657 0.0406498 0.0304076 0.0000000 0.0000000 0.0279343 0.0055026 0.0735038 0.0000000 0.0000000 0.0059177 0.3669359
 61 P  61 0.0374208 0.0127718 0.0000000 0.0000000 0.0000000 0.0580140 0.1348660 0.0139602 0.0401138 0.0000000 0.0000000 0.0271478 0.0000000 0.0000000 0.2879028 0.0205047 0.0161839 0.0000000 0.0050255 0.0000000 0.3460886
 62 E  62 0.0397361 0.0211201 0.0175145 0.0484193 0.0000000 0.0404134 0.2126555 0.0383190 0.0110302 0.0049048 0.0384369 0.0283447 0.0000000 0.0459769 0.0295828 0.0000000 0.0248649 0.0000000 0.0085299 0.0353042 0.3548469
 63 P  63 0.0096942 0.0189936 0.0000000 0.0112377 0.0000000 0.0199833 0.2218498 0.0922396 0.0351043 0.0000000 0.0131908 0.1008659 0.0000000 0.0110526 0.1040465 0.0087458 0.0094047 0.0000000 0.0069382 0.0048099 0.3318430
 64 E  64 0.0191344 0.0024174 0.0048566 0.0110526 0.0000000 0.0137758 0.1907587 0.0656989 0.1109114 0.0088438 0.0000000 0.1231976 0.0000000 0.0000000 0.0867570 0.0090263 0.0138995 0.0000000 0.0052886 0.0072880 0.3270935
 65 V  65 0.0420105 0.0221055 0.0073738 0.0104654 0.0000000 0.0212031 0.2769011 0.0798274 0.0028457 0.0000000 0.0000000 0.1381826 0.0000000 0.0063100 0.0226871 0.0138995 0.0061326 0.0000000 0.0125368 0.0163519 0.3211669
 66 K  66 0.0088438 0.0090588 0.0316256 0.0592930 0.0000000 0.0087425 0.2489571 0.0189002 0.0766251 0.0000000 0.0110526 0.1649837 0.0049048 0.0000000 0.0079871 0.0293426 0.0085299 0.0000000 0.0000000 0.0100915 0.3010618
 67 H  67 0.0070951 0.0106156 0.0165615 0.0059436 0.0000000 0.0027035 0.1013060 0.0404203 0.2430751 0.0000000 0.0000000 0.2542798 0.0000000 0.0000000 0.0101864 0.0000000 0.0183776 0.0000000 0.0000000 0.0000000 0.2894354
 68 E  68 0.0079341 0.0714051 0.0000000 0.0189583 0.0000000 0.0370106 0.0783938 0.0861917 0.0932488 0.0090682 0.0000000 0.0989209 0.0175145 0.0058972 0.1091533 0.0000000 0.0631370 0.0000000 0.0159037 0.0000000 0.2872629
 69 S  69 0.0071031 0.0000000 0.0000000 0.0000000 0.0000000 0.0309153 0.0231726 0.3032092 0.0138995 0.0052886 0.0000000 0.0492435 0.0000000 0.0000000 0.0052815 0.1652873 0.1043111 0.0000000 0.0000000 0.0050255 0.2872629
 70 L  70 0.0294731 0.0000000 0.0073738 0.0000000 0.0000000 0.0076079 0.0278517 0.0000000 0.0049048 0.0145221 0.3138661 0.0452077 0.0142468 0.1066104 0.0000000 0.0066955 0.0605321 0.0000000 0.0247689 0.0894750 0.2468641
 71 L  71 0.0677987 0.0000000 0.0067037 0.0066955 0.0000000 0.0000000 0.0913165 0.1063141 0.0040215 0.0271125 0.2525942 0.0476178 0.0291840 0.0412039 0.0052886 0.0110841 0.0258915 0.0000000 0.0000000 0.0279865 0.2491868
 72 E  72 0.0050255 0.0000000 0.0000000 0.1371248 0.0000000 0.0397196 0.4099509 0.1040932 0.0175816 0.0076079 0.0000000 0.0132091 0.0000000 0.0000000 0.0000000 0.0058972 0.0000000 0.0000000 0.0000000 0.0088438 0.2509465
 73 K  73 0.0073197 0.0110569 0.0134151 0.0000000 0.0000000 0.0736469 0.0122316 0.0164238 0.0147683 0.0087141 0.0000000 0.4946066 0.0206186 0.0000000 0.0088438 0.0066955 0.0457710 0.0000000 0.0067037 0.0161472 0.2430373
 74 L  74 0.0308726 0.0277717 0.0000000 0.0000000 0.0000000 0.0000000 0.0253339 0.0000000 0.0319270 0.1046746 0.3656948 0.0387865 0.0000000 0.0311776 0.0088438 0.0107170 0.0000000 0.0000000 0.0364991 0.0446641 0.2430373
 75 H  75 0.0031319 0.0367395 0.0000000 0.0000000 0.0000000 0.0292340 0.0448686 0.0426384 0.4304678 0.0085102 0.0000000 0.1467737 0.0000000 0.0000000 0.0157511 0.0000000 0.0000000 0.0000000 0.0052886 0.0061326 0.2304634
 76 R  76 0.0000000 0.3872506 0.0034313 0.0296178 0.0000000 0.0719313 0.1516325 0.0169507 0.0346300 0.0000000 0.0150784 0.0203543 0.0000000 0.0052815 0.0194594 0.0000000 0.0247208 0.0000000 0.0000000 0.0000000 0.2196613
 77 S  77 0.0194594 0.0321340 0.0088642 0.0000000 0.0000000 0.0612115 0.0242362 0.0160849 0.0000000 0.0000000 0.0241052 0.1903842 0.0058446 0.0116959 0.0000000 0.3605365 0.0172375 0.0000000 0.0000000 0.0128012 0.2154046
 78 D  78 0.0196474 0.0113953 0.0458607 0.2181645 0.0000000 0.0221686 0.0193524 0.1387995 0.0503441 0.0261683 0.0605241 0.0728823 0.0063936 0.0000000 0.0057988 0.0305963 0.0386978 0.0000000 0.0000000 0.0304114 0.2027948
 79 S  79 0.0194450 0.0000000 0.0247689 0.0041432 0.0000000 0.0183705 0.1091837 0.0324125 0.0397320 0.0000000 0.0000000 0.0674165 0.0058972 0.0000000 0.1228838 0.3197550 0.0293352 0.0000000 0.0000000 0.0038618 0.2027948
 80 S  80 0.0734209 0.0000000 0.0129877 0.0000000 0.0000000 0.0061076 0.0278202 0.1310696 0.0138995 0.0189638 0.0198091 0.1002784 0.0047539 0.0000000 0.0119313 0.3150495 0.0228313 0.0000000 0.0000000 0.0200890 0.2209884
 81 S  81 0.0083944 0.0108021 0.0078833 0.0000000 0.0000000 0.0224481 0.0167495 0.1047621 0.0138958 0.0079871 0.0121362 0.0377879 0.0108857 0.0350534 0.0000000 0.3480515 0.0401794 0.0000000 0.0247689 0.0789392 0.2192755
 82 S  82 0.0199725 0.0000000 0.0139641 0.0256377 0.0000000 0.0394793 0.0731384 0.0205379 0.0144128 0.0000000 0.0155316 0.0605635 0.0108387 0.0000000 0.0736555 0.3483388 0.0636983 0.0000000 0.0000000 0.0000000 0.2202309
 83 S  83 0.0283316 0.0124602 0.0164640 0.0141603 0.0000000 0.0553917 0.0501473 0.0543860 0.0114550 0.0000000 0.0071031 0.1267788 0.0000000 0.0000000 0.0150684 0.3153025 0.0580803 0.0000000 0.0000000 0.0113761 0.2234947
 84 S  84 0.0037040 0.0118033 0.0249345 0.0723390 0.0000000 0.0058446 0.0632865 0.0131948 0.0369113 0.0198280 0.0044779 0.0595277 0.0035119 0.0021725 0.0057988 0.3464118 0.0961840 0.0000000 0.0086670 0.0157659 0.2056365
 85 S  85 0.0198283 0.0154376 0.0099523 0.0223333 0.0000000 0.0208763 0.0573814 0.0505196 0.0740816 0.0000000 0.0000000 0.1409276 0.0088971 0.0000000 0.0098366 0.3114482 0.0171641 0.0000000 0.0000000 0.0246299 0.2166861
 86 E  86 0.0140085 0.0035119 0.0000000 0.1325137 0.0000000 0.0218069 0.2424909 0.0636364 0.0291172 0.0192852 0.0067037 0.0504505 0.0276651 0.0000000 0.0135783 0.0932204 0.0258214 0.0000000 0.0351313 0.0280900 0.1929683
 87 E  87 0.0253210 0.0412900 0.0000000 0.1387990 0.0000000 0.0130064 0.2748479 0.0464450 0.0211163 0.0179052 0.0000000 0.0983249 0.0000000 0.0000000 0.0000000 0.0382426 0.1055543 0.0000000 0.0048913 0.0056775 0.1685786
 88 E  88 0.0109649 0.0000000 0.0000000 0.1073641 0.0062898 0.0299789 0.3106379 0.0448041 0.0598549 0.0107039 0.0156200 0.0368911 0.0188515 0.0000000 0.0515219 0.0432530 0.0454123 0.0000000 0.0106445 0.0235696 0.1736376
 89 G  89 0.0937458 0.0000000 0.0050158 0.0490440 0.0000000 0.0000000 0.1941825 0.1652624 0.0666170 0.0067037 0.0073738 0.1016246 0.0000000 0.0000000 0.0238292 0.0677247 0.0294879 0.0000000 0.0049048 0.0247400 0.1597438
 90 S  90 0.0476321 0.0071684 0.0103134 0.0880379 0.0000000 0.0355945 0.1217273 0.1700364 0.0181612 0.0096220 0.0304741 0.0314365 0.0039505 0.0450044 0.0284002 0.0829728 0.0849949 0.0000000 0.0046467 0.0227540 0.1570726
 91 D  91 0.0452599 0.0000000 0.0292002 0.1409428 0.0000000 0.0083755 0.0921493 0.2418391 0.0390450 0.0071919 0.0204033 0.0300817 0.0124632 0.0074566 0.0967224 0.0306464 0.0456808 0.0000000 0.0069914 0.0148139 0.1307366
 92 G  92 0.0041432 0.0333358 0.0110569 0.0986477 0.0000000 0.0113626 0.1432426 0.2747362 0.0337266 0.0218155 0.0019033 0.0579521 0.0000000 0.0387457 0.0317642 0.0266709 0.0577454 0.0000000 0.0051203 0.0082261 0.1398048
 93 E  93 0.0204171 0.0407533 0.0113709 0.0357214 0.0000000 0.0362233 0.1816218 0.1200032 0.0591774 0.0142221 0.0119624 0.0847756 0.0163145 0.0000000 0.0892123 0.0236504 0.0409942 0.0000000 0.0084946 0.0733955 0.1316901
 94 K  94 0.0614264 0.0763862 0.0094903 0.0158701 0.0079871 0.0413860 0.1563701 0.0767083 0.0593444 0.0065196 0.0380675 0.1233552 0.0000000 0.0000000 0.0313785 0.0571390 0.0275395 0.0000000 0.0379129 0.0374582 0.1356608
 95 R  95 0.0056775 0.1236769 0.0000000 0.0144035 0.0000000 0.0399981 0.1101363 0.0960947 0.0579326 0.0108021 0.0096012 0.2511454 0.0000000 0.0000000 0.0087458 0.0400141 0.0106031 0.0000000 0.0267940 0.0611027 0.1332719
 96 K  96 0.0131816 0.0886553 0.0000000 0.0200949 0.0000000 0.0397030 0.1272485 0.0126232 0.0683947 0.0139182 0.0000000 0.2596301 0.0000000 0.0000000 0.0677726 0.0878932 0.0172331 0.0000000 0.0211286 0.0220443 0.1404788
 97 K  97 0.0701072 0.0525549 0.0000000 0.0389360 0.0164122 0.0304088 0.0530933 0.0750067 0.0779963 0.0057988 0.0066955 0.2574249 0.0000000 0.0000000 0.0050158 0.0908543 0.0597131 0.0000000 0.0180853 0.0170229 0.1248741
 98 K  98 0.0113762 0.0234994 0.0000000 0.0409315 0.0071031 0.0174784 0.1536136 0.1116278 0.0196337 0.0137511 0.0178780 0.1879019 0.0000000 0.0153633 0.0244968 0.0740458 0.0557274 0.0000000 0.0727393 0.0258798 0.1269526
 99 K  99 0.0143034 0.0212562 0.0164758 0.0938779 0.0113673 0.0364975 0.1297829 0.0549917 0.0252935 0.0059436 0.0303163 0.1389361 0.0065464 0.0000000 0.0482538 0.0997004 0.0979491 0.0000000 0.0033666 0.0355983 0.1295433
100 E 100 0.0558597 0.0024262 0.0222684 0.1456379 0.0000000 0.0000000 0.1709043 0.0691273 0.0367163 0.0104808 0.0147570 0.1158371 0.0035843 0.0042722 0.0327442 0.1027983 0.0808739 0.0000000 0.0000000 0.0070951 0.1246170
101 K 101 0.0804788 0.0137704 0.0000000 0.0763009 0.0050158 0.0179243 0.0790205 0.0792360 0.0394987 0.0179817 0.0000000 0.1362622 0.0111796 0.0000000 0.0145990 0.1124329 0.1288676 0.0000000 0.0234645 0.0498826 0.1140843
102 K 102 0.0893275 0.0176058 0.0140775 0.0297748 0.0000000 0.0178178 0.0919112 0.0564425 0.0151329 0.0214572 0.0000000 0.1259345 0.0038876 0.0000000 0.0184282 0.1469111 0.1269774 0.0000000 0.0146371 0.0780781 0.1315988
103 K 103 0.0412524 0.0000000 0.0120946 0.0067037 0.0148293 0.0000000 0.0413786 0.0559375 0.0525899 0.0482534 0.0000000 0.2017300 0.0000000 0.0425414 0.0364393 0.1354418 0.0520929 0.0000000 0.0201091 0.1208736 0.1177326
104 P 104 0.0120299 0.0106156 0.0000000 0.0341335 0.0100249 0.0135367 0.0642498 0.0849321 0.0277456 0.0375744 0.0000000 0.0490261 0.0081477 0.0000000 0.0831665 0.2567063 0.0597310 0.0000000 0.0306482 0.1026195 0.1151121
105 T 105 0.0628514 0.0037622 0.0464448 0.0297933 0.0000000 0.0409814 0.1264688 0.0183207 0.0547517 0.0138850 0.0296972 0.0814880 0.0000000 0.0000000 0.0581845 0.1043298 0.1197439 0.0000000 0.0093447 0.0925784 0.1073744
106 T 106 0.0461160 0.0000000 0.0120553 0.0921396 0.0079341 0.0196443 0.2265664 0.0909377 0.0368571 0.0051244 0.0031381 0.0894202 0.0000000 0.0000000 0.0123615 0.0200625 0.1638672 0.0000000 0.0000000 0.0600354 0.1137402
107 E 107 0.0280040 0.0158686 0.0649355 0.1347174 0.0072880 0.0217718 0.1669160 0.1479000 0.0140476 0.0125528 0.0325359 0.0750207 0.0000000 0.0000000 0.0199528 0.0152541 0.0725507 0.0000000 0.0273834 0.0260026 0.1172984
108 V 108 0.0623770 0.0166128 0.0261136 0.0947655 0.0132227 0.0152686 0.0573884 0.0870824 0.0590078 0.0293137 0.0128012 0.0784975 0.0041432 0.0101494 0.0386191 0.0159873 0.1671041 0.0000000 0.0251677 0.0631130 0.1232649
109 E 109 0.0386632 0.0279993 0.0280823 0.0334550 0.0000000 0.0300106 0.0769929 0.1701250 0.0316231 0.0297552 0.0156552 0.0451914 0.0045024 0.0000000 0.1512102 0.0114620 0.1099281 0.0000000 0.0394593 0.0436276 0.1122574
110 V 110 0.0554792 0.0091857 0.0000000 0.0126251 0.0087690 0.0973190 0.1150388 0.0968663 0.1135101 0.0160296 0.0589340 0.0605140 0.0214887 0.0425414 0.0285310 0.0243071 0.0565394 0.0000000 0.0114816 0.0627128 0.1081271
111 K 111 0.0028145 0.0106170 0.0405687 0.0377001 0.0062993 0.0605528 0.2875550 0.1816568 0.0772768 0.0090630 0.0000000 0.0620087 0.0000000 0.0000000 0.0416698 0.0117924 0.0495268 0.0000000 0.0175145 0.0121277 0.0912559
112 E 112 0.0248712 0.0305133 0.0114463 0.0252292 0.0000000 0.0564416 0.1788034 0.1383575 0.0626937 0.0024262 0.0128012 0.0496672 0.0000000 0.0000000 0.2353391 0.0090152 0.0755851 0.0000000 0.0000000 0.0000000 0.0868097
113 E 113 0.0099084 0.1064773 0.0401647 0.0031381 0.0080619 0.0107400 0.4594066 0.0861082 0.0945880 0.0000000 0.0000000 0.0477714 0.0000000 0.0000000 0.0160202 0.0000000 0.0163072 0.0000000 0.0044583 0.0106156 0.0862341
114 E 114 0.0000000 0.0898804 0.0000000 0.0413472 0.0000000 0.0515336 0.5100358 0.0426510 0.0074547 0.0000000 0.0000000 0.1670578 0.0000000 0.0000000 0.0000000 0.0055026 0.0000000 0.0000000 0.0000000 0.0000000 0.0845370
115 K 115 0.0000000 0.0143800 0.0468692 0.0037622 0.0000000 0.0282546 0.0551911 0.0000000 0.0000000 0.0000000 0.0000000 0.7637195 0.0000000 0.0000000 0.0000000 0.0000000 0.0042722 0.0000000 0.0000000 0.0000000 0.0835511
116 K 116 0.0449431 0.0778320 0.0000000 0.0220394 0.0000000 0.0132897 0.0255508 0.0397047 0.0000000 0.0128012 0.0000000 0.6626999 0.0000000 0.0000000 0.0062993 0.0000000 0.0121032 0.0000000 0.0000000 0.0025521 0.0801846
117 G 117 0.0000000 0.0065196 0.0000000 0.0055194 0.0000000 0.0059436 0.0000000 0.8350583 0.0000000 0.0000000 0.0000000 0.0000000 0.0000000 0.0000000 0.0128012 0.0544263 0.0000000 0.0000000 0.0000000 0.0000000 0.0797316
118 F 118 0.0022685 0.0000000 0.0138995 0.0000000 0.0000000 0.0000000 0.0000000 0.0128012 0.0000000 0.0552798 0.1897692 0.0000000 0.0810348 0.3458796 0.0218943 0.0000000 0.0135554 0.0000000 0.0247689 0.1535979 0.0852510
119 M 119 0.0146561 0.0000000 0.0092959 0.0000000 0.0000000 0.0055194 0.0000000 0.0056392 0.0128012 0.0111810 0.3316984 0.1097079 0.2435553 0.0376609 0.0000000 0.0000000 0.0506236 0.0000000 0.0000000 0.0911745 0.0764866
120 E 120 0.0023494 0.0000000 0.0097627 0.4166521 0.0000000 0.0208484 0.3672159 0.0403730 0.0000000 0.0000000 0.0000000 0.0267007 0.0000000 0.0000000 0.0000000 0.0000000 0.0129660 0.0000000 0.0000000 0.0000000 0.1031318
121 K 121 0.0000000 0.0046292 0.0615477 0.0000000 0.0000000 0.0247689 0.0000000 0.0000000 0.0055194 0.0108021 0.0000000 0.7705121 0.0083115 0.0000000 0.0000000 0.0000000 0.0062993 0.0000000 0.0000000 0.0000000 0.1076097
122 L 122 0.0247689 0.0000000 0.0000000 0.0000000 0.0000000 0.0000000 0.0406609 0.0000000 0.0000000 0.6953796 0.0322782 0.0108021 0.0021110 0.0058446 0.0000000 0.0000000 0.0000000 0.0000000 0.0000000 0.0790792 0.1090754
123 K 123 0.0000000 0.0000000 0.0139602 0.0055194 0.0000000 0.0000000 0.0248786 0.0128012 0.0138995 0.0000000 0.0000000 0.8376140 0.0088968 0.0000000 0.0000000 0.0000000 0.0000000 0.0000000 0.0000000 0.0000000 0.0824303
124 E 124 0.0000000 0.0000000 0.0000000 0.1980240 0.0000000 0.0084486 0.6905710 0.0214021 0.0046292 0.0000000 0.0108021 0.0000000 0.0000000 0.0000000 0.0000000 0.0000000 0.0000000 0.0000000 0.0000000 0.0000000 0.0661230
125 K 125 0.0029838 0.0028478 0.0103890 0.0000000 0.0000000 0.0047539 0.0128012 0.0000000 0.0000000 0.0117812 0.0000000 0.8303653 0.0325091 0.0000000 0.0108021 0.0000000 0.0105291 0.0000000 0.0000000 0.0000000 0.0702375
126 L 126 0.0139602 0.0000000 0.0000000 0.0000000 0.0000000 0.0000000 0.0000000 0.0000000 0.0000000 0.1236499 0.6575830 0.0128012 0.0457099 0.0285972 0.0032449 0.0000000 0.0138995 0.0000000 0.0000000 0.0621873 0.0383669
127 P 127 0.0000000 0.0042722 0.0000000 0.0000000 0.0000000 0.0000000 0.0000000 0.0440523 0.0000000 0.0000000 0.0000000 0.0128012 0.0000000 0.0000000 0.8676355 0.0267394 0.0120762 0.0000000 0.0000000 0.0000000 0.0324232
128 G 128 0.0495090 0.0089128 0.0000000 0.0000000 0.0108021 0.0000000 0.0000000 0.8350762 0.0246806 0.0000000 0.0000000 0.0000000 0.0000000 0.0000000 0.0000000 0.0000000 0.0266451 0.0000000 0.0000000 0.0000000 0.0443743
129 H 129 0.0079271 0.0093920 0.0235966 0.0083115 0.0000000 0.1036066 0.0196167 0.3732970 0.2856135 0.0000000 0.0000000 0.0000000 0.0028478 0.0000000 0.0000000 0.0157185 0.0587603 0.0000000 0.0247689 0.0221693 0.0443743
130 K 130 0.0092998 0.0165693 0.0425511 0.0000000 0.0000000 0.1010446 0.0477622 0.0855503 0.3354844 0.0000000 0.0000000 0.2870143 0.0000000 0.0000000 0.0079341 0.0150515 0.0062898 0.0000000 0.0000000 0.0000000 0.0454488
131 K 131 0.0107028 0.0212010 0.0427527 0.0734518 0.0000000 0.0423726 0.0386513 0.0456692 0.0686375 0.0058446 0.0000000 0.5120492 0.0000000 0.0000000 0.0000000 0.0150153 0.0489307 0.0000000 0.0059436 0.0000000 0.0687777
132 P 132 0.0525247 0.0053738 0.0314751 0.1448025 0.0000000 0.0588304 0.0879133 0.0245718 0.0104629 0.0129877 0.0000000 0.2595984 0.0000000 0.0000000 0.0353252 0.0226649 0.1751876 0.0000000 0.0000000 0.0000000 0.0782816
133 E 133 0.0704125 0.0210491 0.0554185 0.1128173 0.0000000 0.0229597 0.2971800 0.0397619 0.0641218 0.0000000 0.0129948 0.0681314 0.0000000 0.0000000 0.0590655 0.0057033 0.1131914 0.0000000 0.0031643 0.0074083 0.0466201
134 D 134 0.0328889 0.0021146 0.0044454 0.1038238 0.0128012 0.1445521 0.4008461 0.0139615 0.0509394 0.0000000 0.0032449 0.0170311 0.0000000 0.0000000 0.0289030 0.0071105 0.0804609 0.0000000 0.0254659 0.0254010 0.0460099
135 G 135 0.0470539 0.0311673 0.0071496 0.0576520 0.0000000 0.1475228 0.2316686 0.0791043 0.0513399 0.0075136 0.0000000 0.0274417 0.0000000 0.0266451 0.0237673 0.0399978 0.0406947 0.0000000 0.0183631 0.0686336 0.0942846
136 S 136 0.0970472 0.0067037 0.0027351 0.0208700 0.0000000 0.0946883 0.0936864 0.0419907 0.0669654 0.0113920 0.0037631 0.0497181 0.0000000 0.0000000 0.0703236 0.0928758 0.1417457 0.0000000 0.0285853 0.1241050 0.0528046
137 A 137 0.1532966 0.0019708 0.0175658 0.0256501 0.0000000 0.0958469 0.0645096 0.0763668 0.0959749 0.0000000 0.0141454 0.0085102 0.0028557 0.0374472 0.1233071 0.0452852 0.1020255 0.0000000 0.0177920 0.0677891 0.0496608
138 V 138 0.1457496 0.0106156 0.0020123 0.0233511 0.0000000 0.0572901 0.0318611 0.0968589 0.0390282 0.0000000 0.0020648 0.0213114 0.0056956 0.0000000 0.2275349 0.0421767 0.1340023 0.0000000 0.0185805 0.0960463 0.0458207
139 A 139 0.1936597 0.0000000 0.0158227 0.0197557 0.0000000 0.0586948 0.0463416 0.0501127 0.0923613 0.0047260 0.0046467 0.0085102 0.0059436 0.0000000 0.1871137 0.0702017 0.1398320 0.0000000 0.0054441 0.0504365 0.0463969
140 A 140 0.1006853 0.0000000 0.0248757 0.0000000 0.0163072 0.0269901 0.0357255 0.0830114 0.0459172 0.0136078 0.0000000 0.0550006 0.0000000 0.0000000 0.2760785 0.0930692 0.1145506 0.0000000 0.0283228 0.0449147 0.0409433
141 A 141 0.1224097 0.0000000 0.0189277 0.0214983 0.0000000 0.0017841 0.0485578 0.0732275 0.0267643 0.0128012 0.0067037 0.0000000 0.0147683 0.0334571 0.2642218 0.0340608 0.2075772 0.0000000 0.0146361 0.0576611 0.0409433
142 P 142 0.1708721 0.0000000 0.0073738 0.0948378 0.0052886 0.0342347 0.0578591 0.0828129 0.0412934 0.0000000 0.0026336 0.0143018 0.0000000 0.0000000 0.2211185 0.0510753 0.1471734 0.0000000 0.0081443 0.0251660 0.0358147
143 V 143 0.1423530 0.0000000 0.0000000 0.0031643 0.0037872 0.0579903 0.0544738 0.0999832 0.0300709 0.0000000 0.0249266 0.0134127 0.0000000 0.0000000 0.1806782 0.0902345 0.1377639 0.0000000 0.0317000 0.0982794 0.0311819
144 V 144 0.1762927 0.0054040 0.0090682 0.0103134 0.0050158 0.0086521 0.0804463 0.1124103 0.0500713 0.0079851 0.0065464 0.0311494 0.0018173 0.0000000 0.1416054 0.0330236 0.1947694 0.0000000 0.0310507 0.0468895 0.0474891
145 V 145 0.1603949 0.0000000 0.0046292 0.0160115 0.0000000 0.0154538 0.1493506 0.1267238 0.0865849 0.0018725 0.0046806 0.0083115 0.0015123 0.0247400 0.0522719 0.0439900 0.0658787 0.0000000 0.0804790 0.1122529 0.0448619
146 P 146 0.1305185 0.0124918 0.0676992 0.0289495 0.0062993 0.0283422 0.0620398 0.1476342 0.0332299 0.0000000 0.0000000 0.0159678 0.0000000 0.0000000 0.1050451 0.0539172 0.0865438 0.0000000 0.0837762 0.0816265 0.0559188
147 P 147 0.1870358 0.0038866 0.0000000 0.0096807 0.0091242 0.0341686 0.0231414 0.0992606 0.1135212 0.0000000 0.0000000 0.0164443 0.0032465 0.0000000 0.0758397 0.0443024 0.1337207 0.0000000 0.0532021 0.1277009 0.0657241
148 P 148 0.0792778 0.0027492 0.0182888 0.0030977 0.0000000 0.0501494 0.0905223 0.1434110 0.0801771 0.0094613 0.0000000 0.0164443 0.0027608 0.0000000 0.0744005 0.0399652 0.1925487 0.0000000 0.0500785 0.0809431 0.0657241
149 V 149 0.1186798 0.0050479 0.0414440 0.0336131 0.0000000 0.0280276 0.0982609 0.1258266 0.1079061 0.0000000 0.0000000 0.0184878 0.0028457 0.0000000 0.0292957 0.0883024 0.1488019 0.0000000 0.0307289 0.0541928 0.0685386
150 E 150 0.0557409 0.0085299 0.0067037 0.0408212 0.0088077 0.0287099 0.1368290 0.0884332 0.1707895 0.0073461 0.0085102 0.0034313 0.0000000 0.0000000 0.0668385 0.0234129 0.1735319 0.0000000 0.0325305 0.0535742 0.0854595
151 E 151 0.0472698 0.0038866 0.0183159 0.0256857 0.0074083 0.0609058 0.2191366 0.1642872 0.0643756 0.0065464 0.0075136 0.0495989 0.0055542 0.0000000 0.0930597 0.0000000 0.1047900 0.0000000 0.0307848 0.0224486 0.0684323
152 A 152 0.1356502 0.0062993 0.0000000 0.0535304 0.0188334 0.0547949 0.1937107 0.2152630 0.0605342 0.0000000 0.0381045 0.0323244 0.0000000 0.0247400 0.0139039 0.0421019 0.0184834 0.0000000 0.0000000 0.0214779 0.0702478
153 H 153 0.0162458 0.0090768 0.0280053 0.0656491 0.0000000 0.0915086 0.3317082 0.0387975 0.1890130 0.0000000 0.0000000 0.0150070 0.0000000 0.0000000 0.0491678 0.0052886 0.0574013 0.0000000 0.0000000 0.0214862 0.0816447
154 P 154 0.0979288 0.0055228 0.0020032 0.0111827 0.0000000 0.0586975 0.0760974 0.1002045 0.1053795 0.0000000 0.0136314 0.0000000 0.0000000 0.0000000 0.2872091 0.0233058 0.0758094 0.0000000 0.0220251 0.0343618 0.0866410
155 V 155 0.0264184 0.0000000 0.0110098 0.0099119 0.0000000 0.0403898 0.1787978 0.1490062 0.1800175 0.0000000 0.0000000 0.2195220 0.0173138 0.0000000 0.0269652 0.0132731 0.0165704 0.0000000 0.0201722 0.0245664 0.0660656
156 E 156 0.0044779 0.0000000 0.0000000 0.0314449 0.0000000 0.0555622 0.7233754 0.0173502 0.0036259 0.0000000 0.0000000 0.0735938 0.0000000 0.0000000 0.0046328 0.0000000 0.0000000 0.0000000 0.0000000 0.0334571 0.0524798
157 K 157 0.0000000 0.0000000 0.0131604 0.0055847 0.0000000 0.0091375 0.0000000 0.0000000 0.0000000 0.0000000 0.0000000 0.9147331 0.0024273 0.0000000 0.0000000 0.0000000 0.0000000 0.0000000 0.0000000 0.0000000 0.0549569
158 K 158 0.0125633 0.0387283 0.0000000 0.0157719 0.0000000 0.0000000 0.0150935 0.0103134 0.0138995 0.0060510 0.0000000 0.7947494 0.0099404 0.0000000 0.0259563 0.0000000 0.0054077 0.0000000 0.0000000 0.0127229 0.0388025
159 G 159 0.0038876 0.0000000 0.0175981 0.0000000 0.0000000 0.0000000 0.0000000 0.8856331 0.0000000 0.0000000 0.0000000 0.0183774 0.0000000 0.0000000 0.0000000 0.0440129 0.0000000 0.0000000 0.0000000 0.0000000 0.0304910
160 I 160 0.0024874 0.0000000 0.0000000 0.0000000 0.0000000 0.0000000 0.0000000 0.0000000 0.0000000 0.3131320 0.1840746 0.0000000 0.1626215 0.1891927 0.0000000 0.0138995 0.0047539 0.0000000 0.0129877 0.0863596 0.0304910
161 L 161 0.0181237 0.0000000 0.0000000 0.0000000 0.0000000 0.0000000 0.0138995 0.0103134 0.0000000 0.0246265 0.4399578 0.0000000 0.3801028 0.0255573 0.0000000 0.0000000 0.0060510 0.0000000 0.0000000 0.0508770 0.0304910
162 E 162 0.0000000 0.0000000 0.0114447 0.3786908 0.0000000 0.0076147 0.5104555 0.0614201 0.0000000 0.0000000 0.0000000 0.0000000 0.0000000 0.0000000 0.0000000 0.0000000 0.0046328 0.0000000 0.0000000 0.0000000 0.0257414
163 K 163 0.0000000 0.0026712 0.0557637 0.0000000 0.0000000 0.0129877 0.0000000 0.0000000 0.0000000 0.0000000 0.0000000 0.8857345 0.0000000 0.0000000 0.0000000 0.0000000 0.0000000 0.0000000 0.0000000 0.0000000 0.0428429
164 I 164 0.0129877 0.0000000 0.0000000 0.0000000 0.0000000 0.0000000 0.0000000 0.0000000 0.0000000 0.8846495 0.0109294 0.0000000 0.0056775 0.0000000 0.0000000 0.0000000 0.0000000 0.0000000 0.0000000 0.0413104 0.0444456
165 K 165 0.0000000 0.0000000 0.0000000 0.0000000 0.0000000 0.0000000 0.0000000 0.0000000 0.0000000 0.0000000 0.0000000 0.9132867 0.0422677 0.0000000 0.0000000 0.0000000 0.0000000 0.0000000 0.0000000 0.0000000 0.0444456
166 E 166 0.0142547 0.0000000 0.0000000 0.2241382 0.0000000 0.0062993 0.7066288 0.0000000 0.0000000 0.0000000 0.0000000 0.0000000 0.0000000 0.0000000 0.0000000 0.0000000 0.0000000 0.0000000 0.0000000 0.0000000 0.0486789
167 K 167 0.0000000 0.0096920 0.0000000 0.0000000 0.0000000 0.0073738 0.0000000 0.0000000 0.0000000 0.0000000 0.0000000 0.9212676 0.0129877 0.0000000 0.0000000 0.0000000 0.0000000 0.0000000 0.0000000 0.0000000 0.0486789
168 L 168 0.0000000 0.0000000 0.0000000 0.0000000 0.0000000 0.0000000 0.0119683 0.0000000 0.0000000 0.1517129 0.7260813 0.0000000 0.0441596 0.0046273 0.0000000 0.0000000 0.0000000 0.0000000 0.0000000 0.0127718 0.0486789
169 P 169 0.0000000 0.0000000 0.0000000 0.0000000 0.0000000 0.0000000 0.0000000 0.0000000 0.0000000 0.0000000 0.0000000 0.0000000 0.0000000 0.0000000 0.9605933 0.0000000 0.0046273 0.0000000 0.0000000 0.0000000 0.0347794
170 G 170 0.0249560 0.0000000 0.0000000 0.0000000 0.0000000 0.0000000 0.0000000 0.9274929 0.0000000 0.0000000 0.0000000 0.0000000 0.0000000 0.0000000 0.0000000 0.0000000 0.0000000 0.0000000 0.0000000 0.0000000 0.0475511
171 Y 171 0.0039505 0.0000000 0.0000000 0.0000000 0.0000000 0.0923932 0.0000000 0.1776169 0.2743886 0.0000000 0.0254417 0.0090682 0.0000000 0.0097527 0.0000000 0.0137789 0.0000000 0.0000000 0.3111662 0.0000000 0.0824432
172 H 172 0.0000000 0.0547736 0.0000000 0.0000000 0.0000000 0.0488706 0.0109677 0.0282620 0.6623757 0.0000000 0.0000000 0.0619145 0.0000000 0.0000000 0.0000000 0.0058284 0.0000000 0.0000000 0.0000000 0.0000000 0.1270075
173 P 173 0.0855459 0.0000000 0.0515893 0.0103134 0.0000000 0.0000000 0.0000000 0.0048913 0.0526058 0.0000000 0.0000000 0.1604813 0.0000000 0.0028145 0.1672514 0.1123395 0.0184949 0.0000000 0.0000000 0.0046846 0.3289882
174 K 174 0.0144028 0.0034942 0.0050158 0.0175145 0.0000000 0.0464680 0.0056775 0.0080615 0.0138995 0.0000000 0.0000000 0.3498875 0.0000000 0.0000000 0.0037040 0.0057988 0.0710339 0.0000000 0.0000000 0.0000000 0.4550420
175 T 175 0.0363765 0.0000000 0.0480597 0.0299080 0.0000000 0.0000000 0.0891081 0.0200706 0.0000000 0.0000000 0.0000000 0.0162456 0.0000000 0.0000000 0.0186949 0.0430242 0.1889776 0.0000000 0.0000000 0.0062898 0.5032450
176 T 176 0.0469256 0.0000000 0.0000000 0.0710236 0.0000000 0.0000000 0.1769964 0.0181449 0.0000000 0.0000000 0.0000000 0.0048913 0.0000000 0.0000000 0.0184999 0.0390647 0.0341455 0.0000000 0.0103134 0.0074445 0.5725502
177 V 177 0.0311880 0.0000000 0.0000000 0.0918141 0.0000000 0.0000000 0.0995303 0.0339297 0.0129495 0.0000000 0.0000000 0.0037872 0.0000000 0.0000000 0.0000000 0.0000000 0.0388691 0.0000000 0.0000000 0.0725629 0.6153692
178 E 178 0.0000000 0.0000000 0.0000000 0.0379003 0.0000000 0.0075756 0.1590142 0.0000000 0.0310284 0.0000000 0.0000000 0.0308613 0.0000000 0.0000000 0.0000000 0.0168810 0.0000000 0.0000000 0.0000000 0.0000000 0.7167392
179 E 179 0.0175145 0.0000000 0.0000000 0.0216906 0.0000000 0.0094740 0.0854788 0.0134294 0.0200946 0.0000000 0.0000000 0.0347885 0.0000000 0.0000000 0.0000000 0.0338315 0.0000000 0.0000000 0.0000000 0.0202007 0.7434973
180 E 180 0.0000000 0.0196982 0.0000000 0.0071422 0.0000000 0.0000000 0.0863377 0.0000000 0.0175145 0.0000000 0.0000000 0.0679636 0.0000000 0.0000000 0.0000000 0.0000000 0.0000000 0.0000000 0.0000000 0.0000000 0.8013438
