  248         A         R         N         D         C         Q         E         G         H         I         L         K         M         F         P         S         T         W         Y         V    
  1 M   1 0.0000000 0.0000000 0.0000000 0.0000000 0.0000000 0.0000000 0.0000000 0.0000000 0.0000000 0.0000000 0.0000000 0.0000000 1.0000000 0.0000000 0.0000000 0.0000000 0.0000000 0.0000000 0.0000000 0.0000000
  2 A   2 0.4983676 0.0074779 0.0080215 0.0095905 0.0054738 0.0000000 0.0033500 0.0023897 0.0000000 0.0043069 0.0000000 0.0060603 0.0000000 0.0044913 0.0085166 0.2642615 0.1776923 0.0000000 0.0000000 0.0000000
  3 P   3 0.1418448 0.0100496 0.0909722 0.0374362 0.0058902 0.0255914 0.0142333 0.0402963 0.0000000 0.0076341 0.0430911 0.1054210 0.0307665 0.0000000 0.1921184 0.1185380 0.1168583 0.0000000 0.0000000 0.0192587
  4 R   4 0.0000000 0.9766049 0.0022310 0.0000000 0.0000000 0.0000000 0.0000000 0.0000000 0.0000000 0.0000000 0.0043014 0.0134826 0.0000000 0.0000000 0.0033801 0.0000000 0.0000000 0.0000000 0.0000000 0.0000000
  5 K   5 0.0037460 0.1673620 0.0063703 0.0010024 0.0000000 0.0855084 0.0042342 0.0014959 0.0144149 0.0188692 0.0026045 0.5299187 0.0000000 0.0000000 0.0093870 0.0058044 0.1414551 0.0000000 0.0000000 0.0078270
  6 F   6 0.0203264 0.0096542 0.0296017 0.0000000 0.0000000 0.0098785 0.0000000 0.0024519 0.0060416 0.0128650 0.0266796 0.1678151 0.0007867 0.2578108 0.3691748 0.0123064 0.0314361 0.0000000 0.0300545 0.0131166
  7 F   7 0.0000000 0.0012569 0.0000000 0.0000000 0.0078361 0.0000000 0.0000000 0.0000000 0.0000000 0.3367481 0.2502841 0.0000000 0.0291023 0.2949463 0.0000000 0.0000000 0.0000000 0.0122247 0.0099709 0.0576306
  8 V   8 0.0198506 0.0000000 0.0000000 0.0000000 0.0000000 0.0000000 0.0000000 0.0000000 0.0000000 0.4179186 0.0154448 0.0000000 0.0452195 0.0034103 0.0000000 0.0000000 0.0000000 0.0000000 0.0000000 0.4981561
  9 G   9 0.5986604 0.0000000 0.0000000 0.0000000 0.0123746 0.0000000 0.0000000 0.2778297 0.0000000 0.0198083 0.0041004 0.0000000 0.0266285 0.0046702 0.0000000 0.0076029 0.0000000 0.0000000 0.0000000 0.0483250
 10 G  10 0.0542336 0.0000000 0.0000000 0.0000000 0.0000000 0.0000000 0.0000000 0.9421085 0.0000000 0.0000000 0.0015931 0.0000000 0.0000000 0.0000000 0.0000000 0.0000000 0.0020648 0.0000000 0.0000000 0.0000000
 11 N  11 0.0000000 0.0000000 1.0000000 0.0000000 0.0000000 0.0000000 0.0000000 0.0000000 0.0000000 0.0000000 0.0000000 0.0000000 0.0000000 0.0000000 0.0000000 0.0000000 0.0000000 0.0000000 0.0000000 0.0000000
 12 W  12 0.0000000 0.0000000 0.0000000 0.0000000 0.0000000 0.0000000 0.0000000 0.0000000 0.0100708 0.0000000 0.0020987 0.0000000 0.0000000 0.0866388 0.0000000 0.0000000 0.0000000 0.8985535 0.0026383 0.0000000
 13 K  13 0.0000000 0.0000000 0.0000000 0.0000000 0.0000000 0.0000000 0.0000000 0.0000000 0.0000000 0.0000000 0.0000000 1.0000000 0.0000000 0.0000000 0.0000000 0.0000000 0.0000000 0.0000000 0.0000000 0.0000000
 14 M  14 0.0051032 0.0000000 0.0000000 0.0000000 0.1225046 0.0000000 0.0000000 0.0000000 0.0000000 0.0000000 0.0732031 0.0000000 0.7907029 0.0000000 0.0000000 0.0084863 0.0000000 0.0000000 0.0000000 0.0000000
 15 N  15 0.0000000 0.0000000 0.8160516 0.0020291 0.0000000 0.0011138 0.0000000 0.0000000 0.1259507 0.0000000 0.0000000 0.0000000 0.0015266 0.0184221 0.0000000 0.0000000 0.0011495 0.0000000 0.0337565 0.0000000
 16 G  16 0.0054636 0.0000000 0.0542961 0.0000000 0.0036135 0.0085581 0.0055877 0.4331757 0.0053252 0.0014961 0.1004178 0.3089770 0.0442519 0.0037534 0.0059137 0.0010585 0.0136317 0.0000000 0.0030212 0.0014588
 17 D  17 0.0056310 0.0107105 0.1438757 0.1173726 0.0000000 0.0106694 0.0000000 0.0071322 0.0000000 0.0000000 0.0148288 0.0030997 0.0000000 0.0000000 0.0000000 0.1856430 0.4884861 0.0000000 0.0000000 0.0125510
 18 K  18 0.0499221 0.0681654 0.0220909 0.0018717 0.0038733 0.0346823 0.0018220 0.0157469 0.0812148 0.0710854 0.1512399 0.1712520 0.0046989 0.0191523 0.0908428 0.0190663 0.0530052 0.0021580 0.0186856 0.1194240
 19 K  19 0.2554461 0.0132247 0.0147150 0.0695751 0.0000000 0.0861127 0.1293550 0.0232177 0.0154558 0.0046534 0.0600222 0.1060161 0.0000000 0.0072425 0.0180427 0.1445880 0.0329889 0.0000000 0.0008903 0.0184538
 20 S  20 0.0433275 0.0061892 0.0076005 0.0372821 0.0016276 0.0823098 0.4667864 0.0106269 0.0020905 0.0000000 0.0304346 0.0101368 0.0220441 0.0210159 0.0000000 0.2435225 0.0101822 0.0000000 0.0031134 0.0017102
 21 L  21 0.3672364 0.0000000 0.0511527 0.0000000 0.0000000 0.0016193 0.0000000 0.0873794 0.0000000 0.1761123 0.0630672 0.0019886 0.0020763 0.0000000 0.0000000 0.0416546 0.1007799 0.0000000 0.0014370 0.1054963
 22 G  22 0.0668823 0.0440372 0.0422038 0.0362368 0.0044390 0.0684662 0.0850135 0.0372530 0.0105261 0.0770665 0.0664582 0.2091738 0.0025435 0.0000000 0.0000000 0.0272871 0.0760265 0.0000000 0.0027342 0.1436523
 23 E  23 0.2330428 0.0072763 0.0059215 0.0654724 0.0000000 0.0695145 0.2775023 0.0176406 0.0186766 0.0051938 0.0141134 0.1115467 0.0025292 0.0017035 0.0060586 0.0885949 0.0482289 0.0000000 0.0000000 0.0269841
 24 L  24 0.0025545 0.0000000 0.0000000 0.0010618 0.0000000 0.0009879 0.0019660 0.0000000 0.0149256 0.1371488 0.5766461 0.0000000 0.0146624 0.1953732 0.0000000 0.0011467 0.0089560 0.0061608 0.0276579 0.0107521
 25 I  25 0.1489962 0.0000000 0.0024030 0.0000000 0.0271741 0.0000000 0.0015099 0.0108655 0.0000000 0.2153676 0.1310882 0.0000000 0.0167094 0.0274661 0.0000000 0.0122183 0.0275406 0.0000000 0.0000000 0.3786611
 26 H  26 0.0655834 0.0243283 0.1067787 0.0657249 0.0059344 0.1653397 0.1884149 0.0286248 0.0207054 0.0050988 0.0050245 0.1570680 0.0031093 0.0017512 0.0020930 0.0844575 0.0613873 0.0008743 0.0020166 0.0056850
 27 T  27 0.1440053 0.0212535 0.0616132 0.0627329 0.0008786 0.0250890 0.2304059 0.1031877 0.0071988 0.0096319 0.0167575 0.0912519 0.0237239 0.0260172 0.0000000 0.0600982 0.0828348 0.0008980 0.0010410 0.0313807
 28 L  28 0.0024342 0.0000000 0.0000000 0.0021526 0.0000000 0.0000000 0.0000000 0.0017072 0.0000000 0.1415651 0.6233795 0.0000000 0.0129169 0.0906374 0.0000000 0.0000000 0.0051715 0.0019720 0.0000000 0.1180636
 29 N  29 0.1255873 0.0374414 0.2807690 0.0287687 0.0015090 0.0131834 0.0154846 0.0102549 0.0041635 0.0337690 0.0787228 0.2172938 0.0037536 0.0000000 0.0072577 0.0498209 0.0228536 0.0000000 0.0000000 0.0693667
 30 G  30 0.1349939 0.0149252 0.0852773 0.0770651 0.0025330 0.0502543 0.1379567 0.0710875 0.0125116 0.0024244 0.0061516 0.0857182 0.0052510 0.0336704 0.1021679 0.0930537 0.0641234 0.0175245 0.0000000 0.0033103
 31 A  31 0.3307563 0.0098542 0.0158971 0.0050754 0.0061312 0.0223965 0.0646586 0.1157772 0.0160577 0.0280795 0.1327610 0.0888289 0.0235195 0.0107917 0.0048880 0.0550949 0.0247028 0.0000000 0.0070448 0.0376848
 32 K  32 0.0454071 0.0078559 0.0289814 0.0485775 0.0028891 0.0200732 0.0696549 0.0115045 0.0191378 0.0322579 0.2372197 0.1392211 0.0130272 0.0041910 0.0567480 0.0470186 0.0416391 0.0010537 0.0049193 0.1686232
 33 L  33 0.1193883 0.0136404 0.0283651 0.0332036 0.0053282 0.0269449 0.0325783 0.0658454 0.0206273 0.0639247 0.1822677 0.1153480 0.0058798 0.0390108 0.0992969 0.0465572 0.0333354 0.0015039 0.0109345 0.0560197
 34 S  34 0.0696726 0.0043975 0.0828877 0.3093417 0.0075591 0.0127331 0.0494818 0.0802492 0.0081586 0.0017045 0.0161900 0.0329839 0.0008013 0.0070554 0.1262681 0.1013995 0.0485412 0.0047583 0.0106858 0.0251307
 35 A  35 0.1635396 0.0134378 0.0200256 0.1082934 0.0068648 0.0098819 0.1133456 0.0525391 0.0194477 0.0027239 0.0132073 0.0722896 0.0043085 0.0111551 0.1443019 0.1454371 0.0637416 0.0000000 0.0048414 0.0306182
 36 D  36 0.0340172 0.0252535 0.2347548 0.2188132 0.0035489 0.0249411 0.0674705 0.0880911 0.0190698 0.0000000 0.0000000 0.1634968 0.0000000 0.0000000 0.0124926 0.0704393 0.0343865 0.0000000 0.0000000 0.0032247
 37 T  37 0.1214319 0.0320788 0.0061576 0.0156283 0.1062800 0.0061320 0.0034913 0.0058956 0.0095546 0.0174139 0.0145721 0.0066453 0.0000000 0.0112028 0.0068589 0.0213400 0.1355652 0.0022325 0.0014642 0.4760551
 38 E  38 0.0031182 0.0142709 0.0050832 0.3037069 0.0026822 0.0400826 0.5223239 0.0168701 0.0037000 0.0072810 0.0037641 0.0395913 0.0000000 0.0000000 0.0000000 0.0083759 0.0164486 0.0025806 0.0000000 0.0101206
 39 V  39 0.0502162 0.0019012 0.0000000 0.0026661 0.0225119 0.0000000 0.0000000 0.0000000 0.0000000 0.1478383 0.0222844 0.0042206 0.0019306 0.0083034 0.0023702 0.0391099 0.0180060 0.0015206 0.0071829 0.6699378
 40 V  40 0.1538413 0.0000000 0.0000000 0.0000000 0.0036425 0.0000000 0.0042213 0.0471379 0.0000000 0.0837210 0.0672400 0.0000000 0.0435678 0.0053195 0.0000000 0.0015155 0.0100782 0.0031823 0.0139146 0.5626182
 41 C  41 0.0038594 0.0035877 0.0000000 0.0000000 0.0321009 0.0000000 0.0000000 0.0000000 0.0000000 0.3648214 0.0814229 0.0000000 0.0012657 0.0316264 0.0000000 0.0000000 0.0000000 0.0000000 0.0062501 0.4750655
 42 G  42 0.3440466 0.0000000 0.0010603 0.0000000 0.3601266 0.0000000 0.0000000 0.0899007 0.0000000 0.0333151 0.0448510 0.0000000 0.0061836 0.0445340 0.0000000 0.0580010 0.0055867 0.0000000 0.0039202 0.0084741
 43 A  43 0.1346317 0.0000000 0.0000000 0.0000000 0.0203399 0.0000000 0.0000000 0.0000000 0.0000000 0.0045641 0.0015875 0.0000000 0.0000000 0.0000000 0.6745505 0.0151169 0.0350063 0.0000000 0.0000000 0.1142032
 44 P  44 0.0171584 0.0000000 0.0019152 0.0000000 0.0000000 0.0036905 0.0000000 0.0000000 0.0000000 0.0031838 0.0000000 0.0000000 0.0000000 0.0000000 0.8277036 0.0511306 0.0724695 0.0000000 0.0000000 0.0227484
 45 S  45 0.2432202 0.0000000 0.0028576 0.0026404 0.0031266 0.0072571 0.0040120 0.0000000 0.0081620 0.0042901 0.0033357 0.0000000 0.0066803 0.4954112 0.0062115 0.0817853 0.0416224 0.0000000 0.0777481 0.0116395
 46 I  46 0.0203010 0.0000000 0.0000000 0.0000000 0.0087073 0.0000000 0.0000000 0.0000000 0.0000000 0.1838602 0.1769880 0.0000000 0.0157739 0.0000000 0.1166978 0.0000000 0.2691194 0.0000000 0.0000000 0.2085524
 47 Y  47 0.1131079 0.0021485 0.0509669 0.1343735 0.0236131 0.0098211 0.0000000 0.0020981 0.1044104 0.0011754 0.0281686 0.0000000 0.0028339 0.0761188 0.0000000 0.0518788 0.0130257 0.0039067 0.3710391 0.0113134
 48 L  48 0.0097827 0.0000000 0.0000000 0.0000000 0.0010386 0.0009906 0.0000000 0.0036838 0.0000000 0.1781868 0.7635051 0.0000000 0.0045495 0.0019570 0.0000000 0.0000000 0.0016479 0.0000000 0.0067134 0.0279446
 49 D  49 0.1507762 0.0868267 0.0132700 0.1431559 0.0114317 0.0417966 0.0801590 0.0253215 0.0197934 0.0119169 0.0229490 0.0262807 0.0151782 0.0068961 0.1401040 0.1040029 0.0475756 0.0036531 0.0317911 0.0171214
 50 F  50 0.1520144 0.0183666 0.0036195 0.0249183 0.0061755 0.1084605 0.0466941 0.0179177 0.0155321 0.0060421 0.1348481 0.0207483 0.0191988 0.0467910 0.0542736 0.1380917 0.0849977 0.0063270 0.0634911 0.0314918
 51 A  51 0.2417668 0.0000000 0.0000000 0.0000000 0.0092426 0.0000000 0.0011563 0.0070186 0.0000000 0.0297204 0.0726805 0.0000000 0.0128270 0.0096953 0.0000000 0.0116530 0.0632753 0.0000000 0.0012722 0.5396921
 52 R  52 0.1164687 0.1726379 0.0252250 0.0056131 0.0083099 0.1672335 0.0614424 0.0305595 0.0072414 0.0221918 0.0295913 0.1691558 0.0019133 0.0102191 0.0000000 0.0688078 0.0143543 0.0014007 0.0063864 0.0812482
 53 Q  53 0.1123547 0.0183366 0.0432893 0.0792241 0.0000000 0.1074970 0.2201722 0.0407875 0.0144170 0.0082933 0.0068157 0.0900923 0.0021826 0.0047524 0.0043378 0.1342242 0.1011188 0.0000000 0.0012781 0.0108264
 54 K  54 0.1904337 0.0210524 0.0307274 0.0032398 0.0056898 0.0199880 0.0474106 0.0134956 0.0249741 0.0663911 0.2349729 0.0785856 0.0141467 0.0137123 0.0000000 0.0609790 0.0610292 0.0009273 0.0052962 0.1069484
 55 L  55 0.0757668 0.0028603 0.0031155 0.0025591 0.0021385 0.0113453 0.0319262 0.0035712 0.0020173 0.0938851 0.4495445 0.0941444 0.0066013 0.0168014 0.0000000 0.0076819 0.0258856 0.0000000 0.0017540 0.1684017
 56 D  56 0.0422500 0.0883244 0.0734630 0.1931816 0.0029855 0.0361517 0.0543473 0.3532988 0.0048340 0.0009939 0.0022686 0.0709747 0.0000000 0.0000000 0.0409402 0.0174592 0.0174483 0.0000000 0.0000000 0.0010787
 57 A  57 0.0742951 0.0085639 0.0235408 0.0349025 0.0089888 0.0150024 0.0306126 0.0901177 0.0086717 0.0010674 0.0010859 0.0807531 0.0008224 0.0017972 0.1023018 0.3235891 0.1924653 0.0000000 0.0014222 0.0000000
 58 K  58 0.0440502 0.0553557 0.2096254 0.1591762 0.0014828 0.0280765 0.0525635 0.0880728 0.0160217 0.0020238 0.0053066 0.1441847 0.0022658 0.0011963 0.0929116 0.0647181 0.0221222 0.0000000 0.0011729 0.0096734
 59 I  59 0.0043975 0.0000000 0.0000000 0.0000000 0.0000000 0.0000000 0.0000000 0.0000000 0.0016492 0.4634559 0.1565855 0.0000000 0.0058381 0.0868209 0.0000000 0.0000000 0.0056281 0.0055222 0.0177577 0.2523448
 60 G  60 0.1609586 0.0539401 0.0168258 0.0059005 0.0037062 0.0827982 0.1063420 0.1174736 0.0519765 0.0188138 0.0235616 0.1982290 0.0073232 0.0064514 0.0000000 0.0659295 0.0432093 0.0000000 0.0074861 0.0290745
 61 V  61 0.0033115 0.0000000 0.0000000 0.0000000 0.0000000 0.0000000 0.0000000 0.0000000 0.0027153 0.1557239 0.2613668 0.0000000 0.0060633 0.0135486 0.0000000 0.0015932 0.0174010 0.0245643 0.0786002 0.4351118
 62 A  62 0.3287234 0.0000000 0.0014926 0.0000000 0.0035933 0.0000000 0.0000000 0.5438621 0.0000000 0.0075684 0.0000000 0.0000000 0.0000000 0.0041742 0.0000000 0.0962062 0.0000000 0.0000000 0.0050135 0.0093663
 63 A  63 0.8718527 0.0000000 0.0000000 0.0000000 0.0027772 0.0000000 0.0000000 0.0647457 0.0000000 0.0081899 0.0075756 0.0000000 0.0000000 0.0036838 0.0000000 0.0254041 0.0033320 0.0000000 0.0000000 0.0124389
 64 Q  64 0.0000000 0.0000000 0.0000000 0.0000000 0.0000000 0.8995145 0.1004855 0.0000000 0.0000000 0.0000000 0.0000000 0.0000000 0.0000000 0.0000000 0.0000000 0.0000000 0.0000000 0.0000000 0.0000000 0.0000000
 65 N  65 0.0000000 0.0000000 0.7818552 0.2019743 0.0000000 0.0000000 0.0019577 0.0000000 0.0000000 0.0000000 0.0000000 0.0000000 0.0000000 0.0000000 0.0000000 0.0000000 0.0142128 0.0000000 0.0000000 0.0000000
 66 C  66 0.0500576 0.0000000 0.0010775 0.0000000 0.3173341 0.0000000 0.0000000 0.0019752 0.0000000 0.0393999 0.0972962 0.0000000 0.1876268 0.0020382 0.0000000 0.0295779 0.0156848 0.0000000 0.0000000 0.2579318
 67 Y  67 0.0505401 0.0000000 0.0218905 0.0203561 0.0112847 0.0000000 0.0000000 0.0064344 0.2430973 0.0000000 0.0000000 0.0000000 0.0000000 0.0813909 0.0000000 0.2200297 0.0000000 0.0763567 0.2672282 0.0013915
 68 K  68 0.0606075 0.0062806 0.0103329 0.0849700 0.0031970 0.0674003 0.0405804 0.0010491 0.0140563 0.0433732 0.0184898 0.0993657 0.0000000 0.1525751 0.0562260 0.0347933 0.0359808 0.1179398 0.0653287 0.0874532
 69 V  69 0.0822369 0.0161543 0.0375785 0.0051488 0.0010385 0.0388466 0.3450951 0.0314526 0.1106945 0.0057010 0.0032437 0.1555365 0.0019404 0.0208494 0.0000000 0.0100391 0.0341449 0.0000000 0.0174209 0.0828783
 70 P  70 0.1348334 0.0080509 0.0310458 0.1917246 0.0000000 0.0066223 0.2494102 0.0561533 0.0059738 0.0008758 0.0204360 0.1199517 0.0018611 0.0000000 0.0993664 0.0340893 0.0217067 0.0000000 0.0000000 0.0178986
 71 K  71 0.0330542 0.0112608 0.1181822 0.0249825 0.0067546 0.0642988 0.0830597 0.0614861 0.0108371 0.0000000 0.0028544 0.1877947 0.0074971 0.0177404 0.0135253 0.3412184 0.0078316 0.0000000 0.0034931 0.0041290
 72 G  72 0.0000000 0.0000000 0.0000000 0.0046188 0.0000000 0.0000000 0.0000000 0.9953812 0.0000000 0.0000000 0.0000000 0.0000000 0.0000000 0.0000000 0.0000000 0.0000000 0.0000000 0.0000000 0.0000000 0.0000000
 73 A  73 0.9776151 0.0000000 0.0000000 0.0035839 0.0000000 0.0000000 0.0000000 0.0089378 0.0000000 0.0000000 0.0000000 0.0000000 0.0000000 0.0000000 0.0031529 0.0067103 0.0000000 0.0000000 0.0000000 0.0000000
 74 F  74 0.0000000 0.0000000 0.0000000 0.0000000 0.0000000 0.0000000 0.0000000 0.0000000 0.0304618 0.0000000 0.0050679 0.0000000 0.0000000 0.5587304 0.0000000 0.0000000 0.0000000 0.0038557 0.3989154 0.0029688
 75 T  75 0.0000000 0.0000000 0.0000000 0.0000000 0.0000000 0.0000000 0.0000000 0.0000000 0.0000000 0.0000000 0.0000000 0.0000000 0.0000000 0.0000000 0.0000000 0.0000000 1.0000000 0.0000000 0.0000000 0.0000000
 76 G  76 0.0043842 0.0000000 0.0000000 0.0000000 0.0000000 0.0000000 0.0000000 0.9915562 0.0000000 0.0000000 0.0000000 0.0000000 0.0000000 0.0000000 0.0000000 0.0040596 0.0000000 0.0000000 0.0000000 0.0000000
 77 E  77 0.0098701 0.0000000 0.0000000 0.0400184 0.0000000 0.0039645 0.9402160 0.0000000 0.0000000 0.0000000 0.0000000 0.0026859 0.0000000 0.0000000 0.0000000 0.0032451 0.0000000 0.0000000 0.0000000 0.0000000
 78 I  78 0.0000000 0.0000000 0.0263594 0.0000000 0.0024081 0.0000000 0.0000000 0.0000000 0.0019959 0.5389028 0.0300916 0.0000000 0.0000000 0.0000000 0.0000000 0.0025297 0.0733114 0.0000000 0.0000000 0.3244011
 79 S  79 0.0855123 0.0000000 0.0053647 0.0000000 0.0043132 0.0000000 0.0000000 0.0027872 0.0015386 0.0000000 0.0000000 0.0000000 0.0000000 0.0000000 0.0000000 0.8897373 0.0107466 0.0000000 0.0000000 0.0000000
 80 P  80 0.3848126 0.0000000 0.0000000 0.0000000 0.0056785 0.0000000 0.0000000 0.0975548 0.0000000 0.0116047 0.0100642 0.0000000 0.0071035 0.0019752 0.3168958 0.0075243 0.0329380 0.0023993 0.0000000 0.1214492
 81 A  81 0.2179141 0.0205268 0.0267546 0.0952463 0.0000000 0.0358546 0.1888086 0.0506732 0.0036118 0.0073230 0.0399900 0.0489342 0.0046346 0.0035042 0.0865269 0.0966925 0.0147654 0.0054130 0.0014627 0.0513636
 82 M  82 0.0422010 0.0000000 0.0014385 0.0000000 0.0000000 0.1203843 0.0000000 0.0000000 0.0023928 0.0227325 0.0039149 0.0000000 0.7666085 0.0215551 0.0000000 0.0047964 0.0019343 0.0000000 0.0000000 0.0120417
 83 I  83 0.0096357 0.0000000 0.0000000 0.0000000 0.0022620 0.0000000 0.0000000 0.0016222 0.0000000 0.1358518 0.7831115 0.0000000 0.0000000 0.0018137 0.0000000 0.0000000 0.0000000 0.0000000 0.0000000 0.0657032
 84 K  84 0.1658850 0.0359214 0.0232156 0.0057826 0.0031750 0.0340892 0.0254451 0.0040705 0.0091564 0.0079922 0.0427559 0.4793370 0.0017709 0.0000000 0.0000000 0.0293291 0.0485409 0.0000000 0.0000000 0.0835331
 85 D  85 0.0420236 0.0027749 0.0343303 0.5542837 0.0000000 0.0039196 0.1837243 0.0067804 0.0000000 0.0000000 0.0000000 0.0727192 0.0000000 0.0000000 0.0000000 0.0982080 0.0012362 0.0000000 0.0000000 0.0000000
 86 I  86 0.1171099 0.0000000 0.0072622 0.0000000 0.0546391 0.0017097 0.0017396 0.0020494 0.0021474 0.1584726 0.3185748 0.0023646 0.0483640 0.0767273 0.0000000 0.0263142 0.0332811 0.0000000 0.0061991 0.1430449
 87 G  87 0.0182935 0.0027650 0.0519137 0.0413440 0.0010383 0.0110819 0.0057285 0.8060386 0.0040444 0.0000000 0.0000000 0.0337385 0.0016458 0.0048939 0.0053551 0.0083603 0.0000000 0.0010326 0.0027259 0.0000000
 88 A  88 0.1588318 0.0008522 0.0016661 0.0000000 0.3153560 0.0000000 0.0000000 0.0052717 0.0000000 0.1405272 0.0312548 0.0000000 0.0126792 0.0036821 0.0000000 0.0018657 0.0052655 0.0000000 0.0000000 0.3227478
 89 A  89 0.0168258 0.0850185 0.0547193 0.1186801 0.0014308 0.0644503 0.1222523 0.0158802 0.0259765 0.0000000 0.0000000 0.1818228 0.0000000 0.0000000 0.0674762 0.0961089 0.1493583 0.0000000 0.0000000 0.0000000
 90 W  90 0.0078417 0.0000000 0.0022015 0.0015957 0.0051928 0.0030203 0.0000000 0.0106753 0.0573001 0.0019341 0.0074577 0.0000000 0.0021780 0.0243846 0.0000000 0.0074312 0.0343918 0.3084843 0.5199797 0.0059311
 91 V  91 0.0506495 0.0000000 0.0000000 0.0000000 0.0274423 0.0000000 0.0000000 0.0048987 0.0000000 0.0341913 0.0000000 0.0000000 0.0000000 0.0000000 0.0000000 0.0098832 0.0691643 0.0000000 0.0000000 0.8037707
 92 I  92 0.0120688 0.0000000 0.0000000 0.0000000 0.0012954 0.0000000 0.0000000 0.0000000 0.0000000 0.7619169 0.0994886 0.0000000 0.0027759 0.0000000 0.0000000 0.0000000 0.0031929 0.0000000 0.0000000 0.1192614
 93 L  93 0.0072367 0.0000000 0.0000000 0.0000000 0.0070071 0.0041602 0.0000000 0.0000000 0.0016961 0.2972022 0.4299802 0.0000000 0.0058485 0.0000000 0.0000000 0.0000000 0.0230222 0.0000000 0.0000000 0.2238468
 94 G  94 0.0033723 0.0000000 0.0000000 0.0000000 0.0000000 0.0000000 0.0000000 0.9966277 0.0000000 0.0000000 0.0000000 0.0000000 0.0000000 0.0000000 0.0000000 0.0000000 0.0000000 0.0000000 0.0000000 0.0000000
 95 H  95 0.0000000 0.0000000 0.0000000 0.0000000 0.0000000 0.0000000 0.0000000 0.0000000 1.0000000 0.0000000 0.0000000 0.0000000 0.0000000 0.0000000 0.0000000 0.0000000 0.0000000 0.0000000 0.0000000 0.0000000
 96 S  96 0.0000000 0.0000000 0.0000000 0.0000000 0.0000000 0.0000000 0.0000000 0.0000000 0.0000000 0.0000000 0.0000000 0.0000000 0.0000000 0.0067103 0.0000000 0.9932897 0.0000000 0.0000000 0.0000000 0.0000000
 97 E  97 0.0000000 0.0000000 0.0000000 0.0000000 0.0000000 0.0000000 0.9910622 0.0000000 0.0000000 0.0000000 0.0000000 0.0000000 0.0000000 0.0000000 0.0000000 0.0000000 0.0089378 0.0000000 0.0000000 0.0000000
 98 R  98 0.0000000 0.9949967 0.0000000 0.0000000 0.0023174 0.0026859 0.0000000 0.0000000 0.0000000 0.0000000 0.0000000 0.0000000 0.0000000 0.0000000 0.0000000 0.0000000 0.0000000 0.0000000 0.0000000 0.0000000
 99 R  99 0.0000000 1.0000000 0.0000000 0.0000000 0.0000000 0.0000000 0.0000000 0.0000000 0.0000000 0.0000000 0.0000000 0.0000000 0.0000000 0.0000000 0.0000000 0.0000000 0.0000000 0.0000000 0.0000000 0.0000000
100 H 100 0.1124068 0.0244024 0.0290296 0.0420765 0.0000000 0.2353392 0.1646275 0.0175141 0.1270208 0.0068350 0.0111999 0.0083763 0.0056345 0.0000000 0.0000000 0.0669245 0.1309654 0.0028309 0.0015726 0.0132441
101 V 101 0.0031840 0.0019860 0.0000000 0.0166603 0.0035868 0.0009659 0.0019642 0.0138791 0.0072772 0.1819285 0.1441779 0.0113228 0.0438773 0.0138630 0.0000000 0.0000000 0.0000000 0.0009245 0.4680763 0.0863260
102 F 102 0.0011827 0.0000000 0.0046535 0.0017845 0.0098387 0.0078040 0.0000000 0.0000000 0.1532488 0.0498686 0.0679655 0.0000000 0.0083543 0.5660843 0.0000000 0.0019807 0.0000000 0.0000000 0.1272345 0.0000000
103 G 103 0.0962682 0.0326799 0.1152211 0.0052205 0.0044468 0.0187569 0.0058655 0.4965917 0.1103315 0.0000000 0.0026114 0.0918020 0.0016189 0.0017007 0.0000000 0.0156890 0.0011958 0.0000000 0.0000000 0.0000000
104 E 104 0.0000000 0.0000000 0.0000000 0.0246938 0.0000000 0.0000000 0.9753062 0.0000000 0.0000000 0.0000000 0.0000000 0.0000000 0.0000000 0.0000000 0.0000000 0.0000000 0.0000000 0.0000000 0.0000000 0.0000000
105 S 105 0.0061303 0.0022030 0.0162907 0.0985376 0.0079485 0.0055440 0.0000000 0.0086990 0.0000000 0.0000000 0.0000000 0.0170211 0.0011093 0.0000000 0.0042717 0.3261467 0.5060980 0.0000000 0.0000000 0.0000000
106 D 106 0.0099478 0.0000000 0.1567644 0.7468191 0.0025753 0.0000000 0.0125645 0.0016661 0.0010896 0.0000000 0.0000000 0.0013989 0.0000000 0.0000000 0.0092905 0.0546044 0.0000000 0.0000000 0.0009249 0.0023546
107 E 107 0.1471967 0.0052728 0.0052254 0.0512269 0.0030815 0.0559075 0.6407858 0.0067627 0.0031226 0.0048836 0.0040020 0.0179584 0.0000000 0.0076258 0.0021322 0.0205482 0.0124654 0.0000000 0.0000000 0.0118025
108 L 108 0.0196692 0.0017743 0.0047214 0.0704184 0.0025706 0.0264123 0.0212295 0.0086633 0.0084885 0.1228966 0.2676178 0.0032210 0.0266728 0.1406991 0.0010800 0.0229895 0.1557577 0.0040391 0.0023575 0.0887213
109 I 109 0.0062245 0.0000000 0.0000000 0.0000000 0.0180715 0.0035495 0.0000000 0.0000000 0.0000000 0.3203935 0.1032138 0.0000000 0.0000000 0.0000000 0.0000000 0.0038557 0.0073205 0.0000000 0.0000000 0.5373710
110 G 110 0.3778885 0.0344689 0.3910311 0.0000000 0.0000000 0.0034423 0.0016754 0.1186042 0.0070540 0.0000000 0.0083903 0.0239615 0.0010564 0.0034717 0.0000000 0.0167694 0.0074795 0.0000000 0.0000000 0.0047066
111 Q 111 0.0992249 0.0885889 0.0099611 0.0631018 0.0029432 0.1040964 0.1697350 0.0054449 0.0078451 0.0009307 0.0396882 0.3412436 0.0033242 0.0009323 0.0000000 0.0397287 0.0172408 0.0000000 0.0000000 0.0059704
112 K 112 0.0000000 0.0390712 0.0000000 0.0000000 0.0000000 0.0017183 0.0000000 0.0000000 0.0000000 0.0000000 0.0000000 0.9559172 0.0000000 0.0000000 0.0000000 0.0000000 0.0032934 0.0000000 0.0000000 0.0000000
113 V 113 0.1687155 0.0000000 0.0013583 0.0000000 0.0053100 0.0000000 0.0000000 0.0011098 0.0000000 0.0760193 0.0585423 0.0000000 0.0151354 0.0562609 0.0000000 0.0109255 0.1716122 0.0000000 0.0032119 0.4317988
114 A 114 0.1875935 0.0657045 0.0265552 0.0211131 0.0030858 0.0641125 0.0383237 0.0163585 0.0625134 0.0258791 0.0738615 0.3519025 0.0000000 0.0017730 0.0016389 0.0186484 0.0116674 0.0011942 0.0000000 0.0280749
115 H 115 0.3983645 0.0399019 0.0053793 0.0021392 0.0000000 0.0319220 0.0034003 0.0047472 0.1029199 0.0163043 0.0413462 0.1026942 0.0125460 0.0354560 0.0000000 0.0421454 0.0301041 0.0000000 0.0971791 0.0334502
116 A 116 0.8036009 0.0000000 0.0000000 0.0000000 0.0181763 0.0000000 0.0000000 0.0018694 0.0000000 0.0371770 0.0592423 0.0000000 0.0000000 0.0000000 0.0000000 0.0175767 0.0058084 0.0000000 0.0000000 0.0565490
117 L 117 0.0025582 0.0117830 0.0000000 0.0000000 0.0113614 0.0494128 0.0036212 0.0000000 0.0043120 0.1020233 0.5864507 0.0273005 0.0109354 0.1169464 0.0000000 0.0049645 0.0188291 0.0071215 0.0196156 0.0227644
118 A 118 0.2120657 0.0586577 0.0395500 0.1178348 0.0000000 0.0245131 0.2406606 0.0162630 0.0064880 0.0000000 0.0021392 0.1327973 0.0000000 0.0035975 0.0000000 0.1275482 0.0167882 0.0000000 0.0010966 0.0000000
119 E 119 0.1960149 0.0108347 0.1628479 0.0024268 0.0145301 0.0702717 0.0890143 0.0421291 0.2155736 0.0044255 0.0167553 0.0476523 0.0030593 0.0101642 0.0000000 0.0505844 0.0128545 0.0015789 0.0218253 0.0274570
120 G 120 0.0063758 0.0047322 0.0797239 0.0669460 0.0019959 0.0128838 0.0342266 0.7549732 0.0064628 0.0000000 0.0000000 0.0170444 0.0000000 0.0000000 0.0000000 0.0130429 0.0015924 0.0000000 0.0000000 0.0000000
121 L 121 0.0021881 0.0000000 0.0000000 0.0000000 0.0000000 0.0019103 0.0000000 0.0000000 0.0000000 0.1142723 0.6928402 0.0000000 0.1124971 0.0202320 0.0000000 0.0000000 0.0000000 0.0000000 0.0000000 0.0560600
122 G 122 0.0078720 0.0422092 0.0366100 0.0135014 0.0008808 0.0120609 0.0180580 0.0707852 0.0133540 0.0947736 0.0168200 0.1881947 0.0106325 0.0014539 0.0000000 0.0925849 0.2892435 0.0000000 0.0032342 0.0877313
123 V 123 0.0239817 0.0000000 0.0000000 0.0000000 0.0000000 0.0000000 0.0000000 0.0000000 0.0000000 0.0322645 0.0015632 0.0000000 0.0040843 0.0000000 0.5673407 0.0013735 0.0029360 0.0000000 0.0000000 0.3664560
124 I 124 0.0057554 0.0000000 0.0000000 0.0034448 0.0022682 0.0000000 0.0000000 0.0000000 0.0000000 0.8253943 0.0169265 0.0000000 0.0278088 0.0011685 0.0000000 0.0000000 0.0027759 0.0000000 0.0000000 0.1144576
125 A 125 0.1466590 0.0000000 0.0000000 0.0000000 0.0010658 0.0000000 0.0000000 0.0033064 0.0000000 0.0969833 0.3407129 0.0000000 0.0210778 0.1461217 0.0114809 0.0050670 0.0032934 0.0219897 0.0190149 0.1832271
126 C 126 0.0000000 0.0000000 0.0000000 0.0000000 1.0000000 0.0000000 0.0000000 0.0000000 0.0000000 0.0000000 0.0000000 0.0000000 0.0000000 0.0000000 0.0000000 0.0000000 0.0000000 0.0000000 0.0000000 0.0000000
127 I 127 0.0013660 0.0000000 0.0075445 0.0000000 0.1695283 0.0000000 0.0000000 0.0000000 0.0000000 0.3465598 0.0152046 0.0000000 0.0035099 0.0314858 0.0000000 0.0000000 0.0000000 0.0000000 0.0000000 0.4248011
128 G 128 0.0000000 0.0000000 0.0000000 0.0000000 0.0000000 0.0000000 0.0000000 1.0000000 0.0000000 0.0000000 0.0000000 0.0000000 0.0000000 0.0000000 0.0000000 0.0000000 0.0000000 0.0000000 0.0000000 0.0000000
129 E 129 0.0000000 0.0000000 0.0000000 0.0000000 0.0000000 0.0000000 1.0000000 0.0000000 0.0000000 0.0000000 0.0000000 0.0000000 0.0000000 0.0000000 0.0000000 0.0000000 0.0000000 0.0000000 0.0000000 0.0000000
130 K 130 0.0125288 0.0056759 0.0175613 0.0013671 0.0000000 0.0191495 0.0275466 0.0371497 0.0129632 0.0008140 0.0586389 0.1017532 0.0016539 0.0000000 0.0308658 0.1978807 0.4570652 0.0000000 0.0010323 0.0163538
131 L 131 0.0009920 0.0147235 0.0035423 0.0082249 0.0000000 0.0164540 0.0394674 0.0032929 0.0000000 0.0074713 0.8600367 0.0318592 0.0031927 0.0023115 0.0000000 0.0000000 0.0000000 0.0047382 0.0026319 0.0010615
132 D 132 0.1330566 0.0000000 0.0034158 0.1245488 0.0000000 0.0444714 0.5941126 0.0014643 0.0026519 0.0021841 0.0009169 0.0234048 0.0000000 0.0014064 0.0132113 0.0344730 0.0131991 0.0031949 0.0000000 0.0042881
133 E 133 0.0139929 0.0000000 0.0000000 0.0667503 0.0000000 0.2357514 0.5287500 0.0000000 0.0032598 0.0272402 0.0050685 0.0013671 0.0027189 0.0000000 0.0000000 0.0011400 0.0256928 0.0000000 0.0000000 0.0882682
134 R 134 0.0000000 0.9093610 0.0214219 0.0000000 0.0000000 0.0000000 0.0000000 0.0010809 0.0000000 0.0000000 0.0000000 0.0385055 0.0000000 0.0056183 0.0000000 0.0000000 0.0000000 0.0000000 0.0240125 0.0000000
135 E 135 0.0033054 0.0056621 0.0150299 0.0548755 0.0000000 0.0401667 0.7780836 0.0020254 0.0000000 0.0030077 0.0030369 0.0899886 0.0000000 0.0000000 0.0000000 0.0030889 0.0017293 0.0000000 0.0000000 0.0000000
136 A 136 0.5706562 0.0151232 0.0266606 0.0106647 0.0063746 0.0470963 0.0417061 0.0332057 0.0011032 0.0009792 0.0101187 0.0529514 0.0033081 0.0009791 0.0000000 0.1611620 0.0118748 0.0000000 0.0011543 0.0048818
137 G 137 0.0044090 0.0054639 0.1434755 0.0527032 0.0000000 0.0057034 0.0221720 0.7438704 0.0000000 0.0000000 0.0009898 0.0086231 0.0000000 0.0000000 0.0000000 0.0100352 0.0013494 0.0000000 0.0000000 0.0012049
138 I 138 0.0152177 0.0838045 0.0510516 0.0247820 0.0036736 0.1215242 0.0974717 0.0133363 0.0106683 0.0921009 0.0347294 0.2843050 0.0050893 0.0011274 0.0000000 0.0256572 0.0844191 0.0000000 0.0000000 0.0510418
139 T 139 0.0636247 0.0000000 0.0000000 0.0000000 0.0008817 0.0477412 0.0096433 0.0000000 0.1182918 0.0011103 0.0080903 0.0000000 0.0220082 0.0071786 0.0011064 0.0014336 0.6772838 0.0040341 0.0221790 0.0153931
140 E 140 0.0431074 0.0055345 0.0755425 0.0349958 0.0000000 0.0197578 0.2684846 0.0079833 0.0012790 0.0460851 0.1123721 0.0445273 0.0561126 0.1239719 0.0000000 0.0095315 0.0135210 0.0011030 0.0024122 0.1336784
141 K 141 0.1183407 0.0075355 0.0434640 0.2251043 0.0050437 0.0697023 0.3300480 0.0117798 0.0040724 0.0010513 0.0061188 0.0703896 0.0009362 0.0017275 0.0162231 0.0609361 0.0211168 0.0000000 0.0000000 0.0064099
142 V 142 0.0000000 0.0087010 0.0017293 0.0000000 0.0000000 0.0015555 0.0000000 0.0000000 0.0535005 0.0567681 0.0242016 0.0136694 0.0000000 0.0684895 0.0000000 0.0000000 0.0055115 0.0449685 0.0335490 0.6873559
143 V 143 0.0000000 0.0000000 0.0292950 0.0000000 0.1149432 0.0000000 0.0000000 0.0000000 0.0000000 0.1807877 0.0736143 0.0000000 0.0000000 0.0022164 0.0000000 0.0051428 0.0373617 0.0000000 0.0000000 0.5566389
144 F 144 0.1479507 0.0683863 0.0099067 0.0293075 0.0094792 0.0235608 0.1412197 0.0578741 0.0058379 0.0090110 0.0688305 0.1206113 0.0012056 0.0979029 0.0000000 0.0639705 0.0702293 0.0018942 0.0137372 0.0590846
145 E 145 0.1796244 0.2207899 0.0488818 0.0288423 0.0031942 0.0372925 0.1066356 0.0736394 0.0029183 0.0048097 0.0105370 0.0923562 0.0090505 0.0029726 0.0028750 0.0841050 0.0748369 0.0000000 0.0093501 0.0072886
146 Q 146 0.0000000 0.0000000 0.0000000 0.0000000 0.0000000 0.9655816 0.0244239 0.0000000 0.0033491 0.0000000 0.0000000 0.0000000 0.0029688 0.0000000 0.0000000 0.0012987 0.0000000 0.0000000 0.0000000 0.0023779
147 T 147 0.0028288 0.0000000 0.0000000 0.0000000 0.0024081 0.0000000 0.0000000 0.0000000 0.0000000 0.1914674 0.4595252 0.0000000 0.0459231 0.0030117 0.0000000 0.0000000 0.1186882 0.0000000 0.0000000 0.1761474
148 K 148 0.0728173 0.1245198 0.0324286 0.1163229 0.0026917 0.0575353 0.1354054 0.0137738 0.0022969 0.0096252 0.0202061 0.2774637 0.0027700 0.0000000 0.0000000 0.0484452 0.0590800 0.0000000 0.0032637 0.0213542
149 A 149 0.4615310 0.0123437 0.0522858 0.0317877 0.0053660 0.0132446 0.0660074 0.1389781 0.0034584 0.0209443 0.0287146 0.0611154 0.0029896 0.0045211 0.0132757 0.0297462 0.0124517 0.0013280 0.0018104 0.0381002
150 I 150 0.2645516 0.0000000 0.0023046 0.0358831 0.0064012 0.0000000 0.0000000 0.1706797 0.0000000 0.1406551 0.0545005 0.0000000 0.0033107 0.0262761 0.0000000 0.0957698 0.0023933 0.0000000 0.0183549 0.1789194
151 A 151 0.1778259 0.0111038 0.0042155 0.0000000 0.0048733 0.0000000 0.0000000 0.0009928 0.0000000 0.0886514 0.5176611 0.0306086 0.0067814 0.0591530 0.0000000 0.0152153 0.0131467 0.0000000 0.0034672 0.0663041
152 D 152 0.2343608 0.0148249 0.0388728 0.1479710 0.0013754 0.0289860 0.1162035 0.0117578 0.0126391 0.0045076 0.0155425 0.1642033 0.0058355 0.0876422 0.0278086 0.0559737 0.0078168 0.0009396 0.0136594 0.0090794
153 N 153 0.0323239 0.0130912 0.1066760 0.0995666 0.0011087 0.0130975 0.0389747 0.4336569 0.0483255 0.0119148 0.0127363 0.1043402 0.0000000 0.0031549 0.0034446 0.0343536 0.0199429 0.0000000 0.0009916 0.0223000
154 V 154 0.0387057 0.0000000 0.0000000 0.0014690 0.0041871 0.0025186 0.0074829 0.0172127 0.0015363 0.2216394 0.3669101 0.0073213 0.0056239 0.0066743 0.0022632 0.0000000 0.0060833 0.0019799 0.0000000 0.3083924
155 K 155 0.0651424 0.0038680 0.0160426 0.1148375 0.0041469 0.0187415 0.3755206 0.0117949 0.0024094 0.0008881 0.0039299 0.1266053 0.0047762 0.0012095 0.0328475 0.1749581 0.0380432 0.0000000 0.0000000 0.0042386
156 D 156 0.1148456 0.0000000 0.0428086 0.3683324 0.0172714 0.2327144 0.1283738 0.0083860 0.0019432 0.0000000 0.0032326 0.0178946 0.0000000 0.0000000 0.0097427 0.0288773 0.0177015 0.0000000 0.0020757 0.0058002
157 W 157 0.1255927 0.0037143 0.0000000 0.0076730 0.0012995 0.0038885 0.0009656 0.0114239 0.0048666 0.0710796 0.0991179 0.0000000 0.0361667 0.1207739 0.0121639 0.0014428 0.0030461 0.3404705 0.0032706 0.1530440
158 S 158 0.1779080 0.0372506 0.0320955 0.0661439 0.0020001 0.0267073 0.0934097 0.0508096 0.0042521 0.0008639 0.0092029 0.1882139 0.0000000 0.0000000 0.0089222 0.2403498 0.0478815 0.0035467 0.0000000 0.0104424
159 K 159 0.0148037 0.1063191 0.2396635 0.0488753 0.0041261 0.0756840 0.0369957 0.0438241 0.0227196 0.0000000 0.0065128 0.2930559 0.0000000 0.0029127 0.0046264 0.0628017 0.0334431 0.0000000 0.0000000 0.0036363
160 V 160 0.0694753 0.0000000 0.0000000 0.0000000 0.0184444 0.0000000 0.0000000 0.0063994 0.0000000 0.2604848 0.1603079 0.0000000 0.0287759 0.0101707 0.0000000 0.0221812 0.0416189 0.0022643 0.0050723 0.3748048
161 V 161 0.0060887 0.0000000 0.0000000 0.0105442 0.0000000 0.0000000 0.0072196 0.0000000 0.0000000 0.1100040 0.0000000 0.0000000 0.0060529 0.0000000 0.0000000 0.0059806 0.0236312 0.0000000 0.0000000 0.8304789
162 L 162 0.0000000 0.0000000 0.0000000 0.0000000 0.0000000 0.0000000 0.0000000 0.0000000 0.0000000 0.6381272 0.1658195 0.0000000 0.0035085 0.0050108 0.0000000 0.0000000 0.0000000 0.0000000 0.0000000 0.1875340
163 A 163 0.9962000 0.0000000 0.0000000 0.0000000 0.0000000 0.0000000 0.0000000 0.0000000 0.0000000 0.0000000 0.0000000 0.0000000 0.0000000 0.0000000 0.0038000 0.0000000 0.0000000 0.0000000 0.0000000 0.0000000
164 Y 164 0.0000000 0.0000000 0.0000000 0.0000000 0.0022065 0.0000000 0.0000000 0.0000000 0.0000000 0.0000000 0.0138748 0.0000000 0.0000000 0.0000000 0.0000000 0.0000000 0.0000000 0.0000000 0.9839187 0.0000000
165 E 165 0.0000000 0.0138748 0.0000000 0.0000000 0.0000000 0.0000000 0.9861252 0.0000000 0.0000000 0.0000000 0.0000000 0.0000000 0.0000000 0.0000000 0.0000000 0.0000000 0.0000000 0.0000000 0.0000000 0.0000000
166 P 166 0.0228220 0.0000000 0.0000000 0.0000000 0.0000000 0.0000000 0.0000000 0.0000000 0.0000000 0.0000000 0.0000000 0.0000000 0.0000000 0.0000000 0.9725545 0.0046236 0.0000000 0.0000000 0.0000000 0.0000000
167 G 167 0.0020728 0.0000000 0.0000000 0.0000000 0.0000000 0.0000000 0.0000000 0.0121574 0.0138748 0.2926064 0.0122736 0.0000000 0.0035876 0.0000000 0.0000000 0.0000000 0.0016442 0.0000000 0.0000000 0.6617832
168 G 168 0.0000000 0.0000000 0.0000000 0.0000000 0.0000000 0.0000000 0.0000000 0.0032102 0.0000000 0.0000000 0.0138748 0.0000000 0.0000000 0.0000000 0.0000000 0.0000000 0.0000000 0.9829150 0.0000000 0.0000000
169 A 169 0.9822654 0.0000000 0.0000000 0.0000000 0.0000000 0.0000000 0.0000000 0.0138748 0.0000000 0.0000000 0.0000000 0.0000000 0.0000000 0.0000000 0.0000000 0.0038597 0.0000000 0.0000000 0.0000000 0.0000000
170 I 170 0.0000000 0.0000000 0.0000000 0.0000000 0.0000000 0.0000000 0.0000000 0.0000000 0.0138748 0.9828289 0.0000000 0.0000000 0.0000000 0.0000000 0.0000000 0.0000000 0.0000000 0.0000000 0.0000000 0.0032963
171 G 171 0.0000000 0.0000000 0.0000000 0.0000000 0.0000000 0.0000000 0.0000000 0.9861252 0.0000000 0.0000000 0.0000000 0.0000000 0.0000000 0.0000000 0.0000000 0.0000000 0.0000000 0.0138748 0.0000000 0.0000000
172 T 172 0.0000000 0.0000000 0.0000000 0.0000000 0.0000000 0.0000000 0.0000000 0.0000000 0.0138748 0.0000000 0.0000000 0.0000000 0.0000000 0.0000000 0.0000000 0.0056177 0.9805075 0.0000000 0.0000000 0.0000000
173 G 173 0.0000000 0.0138748 0.0028574 0.0000000 0.0000000 0.0000000 0.0000000 0.9832678 0.0000000 0.0000000 0.0000000 0.0000000 0.0000000 0.0000000 0.0000000 0.0000000 0.0000000 0.0000000 0.0000000 0.0000000
174 G 174 0.0022559 0.0930922 0.0136986 0.0107267 0.0000000 0.0256991 0.0812642 0.0032069 0.0036721 0.0063458 0.0824812 0.6243934 0.0066327 0.0000000 0.0000000 0.0000000 0.0030593 0.0000000 0.0000000 0.0434718
175 G 175 0.0425079 0.0000000 0.0221586 0.0000000 0.0000000 0.0000000 0.0000000 0.0032069 0.0000000 0.0013801 0.0000000 0.0017709 0.0000000 0.0000000 0.0050893 0.0990800 0.5583199 0.0009942 0.0000000 0.2654923
176 G 176 0.9392401 0.0000000 0.0000000 0.0000000 0.0174318 0.0000000 0.0000000 0.0052781 0.0017111 0.0000000 0.0000000 0.0000000 0.0000000 0.0000000 0.0093259 0.0270130 0.0000000 0.0000000 0.0000000 0.0000000
177 T 177 0.0047448 0.0041026 0.0055721 0.0046639 0.0000000 0.0000000 0.0034625 0.0090528 0.0000000 0.0000000 0.0020334 0.0070878 0.0000000 0.0000000 0.0000000 0.2760954 0.6831847 0.0000000 0.0000000 0.0000000
178 P 178 0.1624315 0.0011352 0.0113597 0.0279138 0.0000000 0.0048564 0.0057910 0.0033980 0.0000000 0.0000000 0.0025106 0.0190458 0.0000000 0.0045197 0.5869974 0.1045481 0.0571540 0.0000000 0.0000000 0.0083389
179 Q 179 0.1380923 0.0008044 0.0037569 0.1242787 0.0000000 0.1272208 0.5289428 0.0139169 0.0030045 0.0019750 0.0019277 0.0288675 0.0000000 0.0000000 0.0011121 0.0192670 0.0028313 0.0016474 0.0000000 0.0023547
180 Q 180 0.0000000 0.0000000 0.0024313 0.2655608 0.0000000 0.6442690 0.0348398 0.0009981 0.0089378 0.0199522 0.0067486 0.0000000 0.0131949 0.0000000 0.0000000 0.0000000 0.0000000 0.0000000 0.0000000 0.0030674
181 A 181 0.9665075 0.0000000 0.0000000 0.0000000 0.0000000 0.0000000 0.0000000 0.0000000 0.0000000 0.0025106 0.0000000 0.0000000 0.0000000 0.0000000 0.0000000 0.0023779 0.0042881 0.0000000 0.0000000 0.0243160
182 Q 182 0.0052213 0.0000000 0.0799651 0.0270616 0.0000000 0.7386740 0.1249637 0.0114305 0.0000000 0.0000000 0.0000000 0.0017285 0.0000000 0.0000000 0.0000000 0.0039184 0.0017108 0.0000000 0.0000000 0.0053262
183 E 183 0.0719780 0.0094913 0.0139276 0.1109589 0.0000000 0.0327758 0.7005649 0.0026182 0.0009711 0.0011016 0.0092393 0.0249056 0.0000000 0.0000000 0.0022636 0.0161486 0.0030553 0.0000000 0.0000000 0.0000000
184 V 184 0.0642786 0.0000000 0.0000000 0.0000000 0.0043512 0.0000000 0.0000000 0.0000000 0.0000000 0.0804043 0.0040739 0.0000000 0.1285485 0.0000000 0.0000000 0.0031258 0.0717357 0.0000000 0.0000000 0.6434820
185 H 185 0.0077551 0.0000000 0.0090925 0.0000000 0.2381238 0.0039282 0.0000000 0.0000000 0.6651153 0.0537456 0.0082660 0.0000000 0.0059882 0.0000000 0.0000000 0.0050441 0.0000000 0.0000000 0.0000000 0.0029413
186 E 186 0.4760501 0.0328801 0.0129576 0.0148246 0.0055988 0.0401385 0.0587038 0.0954422 0.0210924 0.0008519 0.0216810 0.1225239 0.0057401 0.0088736 0.0000000 0.0491875 0.0075672 0.0000000 0.0061263 0.0197603
187 K 187 0.2492508 0.0040190 0.0141347 0.0192996 0.0033841 0.0165265 0.0450576 0.0308955 0.0393170 0.0158788 0.0443416 0.0506877 0.0070860 0.2887036 0.0000000 0.0404525 0.0100469 0.0066924 0.0823077 0.0319181
188 L 188 0.0015313 0.0000000 0.0000000 0.0000000 0.0031168 0.0000000 0.0000000 0.0000000 0.0000000 0.7171197 0.1674442 0.0000000 0.0010325 0.0035955 0.0000000 0.0000000 0.0040728 0.0000000 0.0000000 0.1020872
189 R 189 0.0000000 0.9942165 0.0000000 0.0000000 0.0000000 0.0000000 0.0000000 0.0000000 0.0018468 0.0000000 0.0000000 0.0039367 0.0000000 0.0000000 0.0000000 0.0000000 0.0000000 0.0000000 0.0000000 0.0000000
