  238         A         R         N         D         C         Q         E         G         H         I         L         K         M         F         P         S         T         W         Y         V         X    
  1 G   1 0.0073291 0.0000000 0.0000000 0.0000000 0.0000000 0.0000000 0.0000000 0.0396581 0.0000000 0.0000000 0.0000000 0.0000000 0.0000000 0.0000000 0.0000000 0.0100373 0.0000000 0.0000000 0.0000000 0.0000000 0.9429756
  2 S   2 0.0034819 0.0035873 0.0023100 0.0039225 0.0000000 0.0000000 0.0060520 0.0188090 0.0000000 0.0000000 0.0100415 0.0000000 0.0000000 0.0000000 0.0034953 0.0185158 0.0033943 0.0000000 0.0000000 0.0000000 0.9263905
  3 S   3 0.0058419 0.0035873 0.0000000 0.0095958 0.0000000 0.0055378 0.0247361 0.0000000 0.0000000 0.0000000 0.0029733 0.0000000 0.0000000 0.0000000 0.0017790 0.0348413 0.0071117 0.0000000 0.0000000 0.0023100 0.9016858
  4 H   4 0.0019858 0.0135902 0.0000000 0.0026508 0.0000000 0.0187691 0.0102815 0.0110910 0.0152706 0.0000000 0.0000000 0.0000000 0.0000000 0.0000000 0.0000000 0.0177673 0.0070070 0.0000000 0.0000000 0.0057044 0.8958824
  5 H   5 0.0017043 0.0018253 0.0045520 0.0024231 0.0000000 0.0296014 0.0054707 0.0000000 0.0172941 0.0000000 0.0028074 0.0074178 0.0000000 0.0000000 0.0136283 0.0232597 0.0014525 0.0000000 0.0000000 0.0000000 0.8885634
  6 H   6 0.0019682 0.0210189 0.0021520 0.0073266 0.0000000 0.0025256 0.0126128 0.0063197 0.0282321 0.0000000 0.0000000 0.0050352 0.0000000 0.0000000 0.0276357 0.0156866 0.0027215 0.0000000 0.0000000 0.0019032 0.8648620
  7 H   7 0.0000000 0.0227700 0.0044678 0.0067844 0.0000000 0.0239339 0.0206307 0.0096094 0.0193053 0.0020781 0.0032623 0.0149993 0.0000000 0.0000000 0.0000000 0.0075412 0.0033943 0.0000000 0.0000000 0.0027215 0.8585017
  8 H   8 0.0000000 0.0000000 0.0043340 0.0050250 0.0000000 0.0407846 0.0027215 0.0000000 0.0280250 0.0000000 0.0129570 0.0274443 0.0024231 0.0000000 0.0020447 0.0176673 0.0052612 0.0000000 0.0045379 0.0027651 0.8440093
  9 H   9 0.0057562 0.0288614 0.0068745 0.0113315 0.0000000 0.0231449 0.0146894 0.0000000 0.0297218 0.0021520 0.0040289 0.0250193 0.0021452 0.0026841 0.0019858 0.0138517 0.0046780 0.0000000 0.0000000 0.0000000 0.8230755
 10 S  10 0.0077024 0.0216716 0.0095183 0.0028488 0.0019858 0.0175917 0.0185671 0.0034390 0.0014371 0.0033943 0.0056723 0.0143113 0.0084453 0.0013477 0.0083096 0.0534315 0.0179414 0.0000000 0.0000000 0.0013435 0.8010412
 11 S  11 0.0182719 0.0040911 0.0111612 0.0222959 0.0019278 0.0046370 0.0132952 0.0085685 0.0000000 0.0000000 0.0036573 0.0061478 0.0036328 0.0038571 0.0051324 0.0774901 0.0279272 0.0000000 0.0029733 0.0050765 0.7798569
 12 G  12 0.0240147 0.0409159 0.0177886 0.0158869 0.0000000 0.0118269 0.0119748 0.0298624 0.0000000 0.0000000 0.0071124 0.0054605 0.0000000 0.0000000 0.0061249 0.0343778 0.0149935 0.0000000 0.0000000 0.0064024 0.7732584
 13 L  13 0.0145996 0.0063549 0.0116642 0.0094295 0.0035485 0.0098203 0.0153241 0.0100564 0.0020447 0.0014898 0.0509745 0.0161263 0.0000000 0.0159901 0.0161185 0.0171615 0.0104214 0.0000000 0.0000000 0.0198656 0.7690100
 14 V  14 0.0328550 0.0161456 0.0123223 0.0038680 0.0014309 0.0029906 0.0067547 0.0161134 0.0022278 0.0029669 0.0189766 0.0175619 0.0197880 0.0024856 0.0104904 0.0288825 0.0176853 0.0000000 0.0000000 0.0281610 0.7582933
 15 P  15 0.0226991 0.0070174 0.0071102 0.0016756 0.0000000 0.0047922 0.0124024 0.0160243 0.0000000 0.0000000 0.0046149 0.0206828 0.0000000 0.0000000 0.1114084 0.0213157 0.0097495 0.0000000 0.0000000 0.0076876 0.7528201
 16 R  16 0.0181174 0.0480094 0.0076623 0.0093755 0.0000000 0.0223097 0.0264488 0.0267226 0.0000000 0.0000000 0.0109587 0.0110749 0.0000000 0.0000000 0.0322641 0.0166753 0.0236961 0.0036419 0.0000000 0.0067745 0.7362689
 17 G  17 0.0143184 0.0189817 0.0218556 0.0065005 0.0000000 0.0065017 0.0237876 0.0314190 0.0013699 0.0052717 0.0179839 0.0033704 0.0244361 0.0045110 0.0262442 0.0248357 0.0268233 0.0015555 0.0019947 0.0153033 0.7229360
 18 S  18 0.0139062 0.0156189 0.0055448 0.0217362 0.0072303 0.0096408 0.0186152 0.0277909 0.0018666 0.0000000 0.0040851 0.0038162 0.0000000 0.0021452 0.0705891 0.0492792 0.0234943 0.0000000 0.0000000 0.0090179 0.7156233
 19 H  19 0.0018695 0.0567308 0.0413072 0.0221909 0.0000000 0.0034795 0.0401826 0.0195497 0.0012602 0.0101375 0.0061482 0.0094047 0.0000000 0.0028015 0.0293772 0.0330046 0.0351752 0.0000000 0.0000000 0.0018717 0.6855090
 20 M  20 0.0350195 0.0019682 0.0286943 0.0083466 0.0068465 0.0077272 0.0296163 0.0223852 0.0000000 0.0000000 0.0472891 0.0085415 0.0226190 0.0056691 0.0043525 0.0657733 0.0130618 0.0138650 0.0000000 0.0130861 0.6651387
 21 G  21 0.0146500 0.0171728 0.0327567 0.0034789 0.0000000 0.0107472 0.0106898 0.0680255 0.0062432 0.0034179 0.0160772 0.0065616 0.0091711 0.0117091 0.0742735 0.0364162 0.0069104 0.0000000 0.0012218 0.0025719 0.6679052
 22 Q  22 0.0160232 0.0297414 0.0063798 0.0156221 0.0000000 0.0616271 0.0265048 0.0165205 0.0143675 0.0125514 0.0125896 0.0509548 0.0014179 0.0000000 0.0113175 0.0412099 0.0173773 0.0000000 0.0000000 0.0094283 0.6563668
 23 L  23 0.0153081 0.0084251 0.0071825 0.0062973 0.0000000 0.0198589 0.0354505 0.0000000 0.0000000 0.0116492 0.0639236 0.0264602 0.0047577 0.0077202 0.0664552 0.0423586 0.0146442 0.0000000 0.0019947 0.0117558 0.6557583
 24 G  24 0.0400544 0.0273020 0.0061990 0.0137913 0.0000000 0.0051178 0.0218881 0.0556262 0.0121603 0.0060321 0.0114281 0.0168128 0.0000000 0.0064882 0.0025719 0.1004151 0.0125643 0.0000000 0.0000000 0.0081026 0.6534460
 25 G  25 0.0113192 0.0546452 0.0081133 0.0055734 0.0068788 0.0356424 0.0154736 0.0593558 0.0014784 0.0119392 0.0170865 0.0411851 0.0000000 0.0061743 0.0244352 0.0253213 0.0281693 0.0000000 0.0000000 0.0034729 0.6437361
 26 E  26 0.0246020 0.0227022 0.0174372 0.0353592 0.0000000 0.0396116 0.0604498 0.0062031 0.0034031 0.0060956 0.0100932 0.0491381 0.0026067 0.0000000 0.0102052 0.0316602 0.0426044 0.0000000 0.0055278 0.0019229 0.6303778
 27 E  27 0.0237372 0.0096494 0.0246715 0.0277232 0.0000000 0.0061284 0.0687345 0.0156687 0.0042834 0.0028074 0.0441838 0.0359490 0.0149391 0.0093889 0.0085602 0.0535699 0.0270882 0.0000000 0.0000000 0.0036566 0.6192607
 28 W  28 0.0435620 0.0594245 0.0031933 0.0062916 0.0018666 0.0056564 0.0037749 0.0099998 0.0154773 0.0030754 0.0542231 0.0095013 0.0000000 0.0175530 0.0126827 0.0235168 0.0150220 0.0689357 0.0066346 0.0202707 0.6193385
 29 T  29 0.0584017 0.0536685 0.0358227 0.0216552 0.0016541 0.0086813 0.0061281 0.0180363 0.0000000 0.0042556 0.0000000 0.0265585 0.0000000 0.0000000 0.0593970 0.0326599 0.0410125 0.0000000 0.0000000 0.0271670 0.6049015
 30 R  30 0.0096500 0.0987334 0.0211555 0.0167774 0.0016101 0.0263541 0.0134420 0.0144991 0.0045407 0.0000000 0.0076951 0.0438579 0.0000000 0.0000000 0.0765224 0.0604243 0.0037469 0.0000000 0.0000000 0.0035070 0.5974840
 31 H  31 0.0300519 0.0329968 0.0422382 0.0262603 0.0066894 0.0140549 0.0201280 0.0487140 0.0221527 0.0000000 0.0000000 0.0574711 0.0000000 0.0384826 0.0052276 0.0310660 0.0282186 0.0000000 0.0094765 0.0000000 0.5867714
 32 G  32 0.0186103 0.0016902 0.0188519 0.0091717 0.0000000 0.0142471 0.0431979 0.1258781 0.0064543 0.0015532 0.0109519 0.0289264 0.0000000 0.0010938 0.1015167 0.0393507 0.0018445 0.0000000 0.0000000 0.0025514 0.5741100
 33 S  33 0.0730519 0.0165772 0.0023219 0.0160137 0.0015452 0.0037116 0.0110410 0.0169137 0.0202113 0.0038426 0.0166225 0.0362029 0.0098341 0.0017202 0.0102461 0.1414199 0.0529622 0.0000000 0.0000000 0.0058470 0.5599152
 34 F  34 0.0263737 0.0212606 0.0036445 0.0073854 0.0036710 0.0105912 0.0015532 0.0100340 0.0123683 0.0219936 0.0310201 0.0371239 0.0043832 0.1032999 0.0273030 0.0259824 0.0327112 0.0000000 0.0331933 0.0238067 0.5623007
 35 V  35 0.0376383 0.0232549 0.0117913 0.0084914 0.0020425 0.0137142 0.0161310 0.0144924 0.0189515 0.0366402 0.0191527 0.0301341 0.0192526 0.0024712 0.0101452 0.0374193 0.0244458 0.0000000 0.0012025 0.1100393 0.5625895
 36 N  36 0.0146176 0.0473409 0.0683909 0.0249595 0.0000000 0.0138231 0.0473664 0.0540566 0.0082326 0.0019118 0.0019667 0.0283846 0.0000000 0.0041514 0.0227710 0.0950990 0.0196541 0.0000000 0.0213472 0.0030451 0.5228814
 37 K  37 0.0608495 0.0164967 0.0039070 0.0025610 0.0000000 0.0163096 0.0225505 0.0280421 0.0078547 0.0082770 0.0047555 0.1709852 0.0018071 0.0028201 0.0211394 0.0303274 0.0295156 0.0000000 0.0000000 0.0569284 0.5148730
 38 P  38 0.0216870 0.0427086 0.0222747 0.0029004 0.0000000 0.0056893 0.0091161 0.0083647 0.0018330 0.0037116 0.0341730 0.0572573 0.0000000 0.0000000 0.2226694 0.0300388 0.0303702 0.0000000 0.0027215 0.0014928 0.5029918
 39 T  39 0.0368819 0.0068378 0.0059805 0.0329417 0.0077771 0.0100061 0.0109820 0.0130346 0.0021856 0.0025610 0.0076304 0.0421619 0.0045407 0.0094350 0.0709768 0.1041717 0.0456101 0.0000000 0.0000000 0.0583626 0.5279223
 40 R  40 0.0036606 0.1298333 0.0173603 0.0147440 0.0053189 0.0646954 0.0768297 0.0240718 0.0473650 0.0000000 0.0046601 0.0211640 0.0000000 0.0000000 0.0265344 0.0325230 0.0357604 0.0000000 0.0000000 0.0000000 0.4954791
 41 G  41 0.0079457 0.0056049 0.0647842 0.0182110 0.0000000 0.0896528 0.0184784 0.1908675 0.0086006 0.0212353 0.0064316 0.0141877 0.0024231 0.0000000 0.0074425 0.0301579 0.0280011 0.0000000 0.0235692 0.0158084 0.4465979
 42 W  42 0.0055884 0.0046671 0.0020262 0.0084765 0.0059120 0.0014503 0.0162067 0.0037393 0.0000000 0.0000000 0.0140019 0.0000000 0.0052526 0.0013025 0.1470465 0.0000000 0.0040284 0.3250762 0.0027593 0.0053669 0.4470994
 43 L  43 0.0126330 0.0299129 0.0015095 0.0014503 0.0819880 0.0987465 0.0107095 0.0048842 0.0107619 0.0402704 0.1741771 0.0144624 0.0287409 0.0000000 0.0050223 0.0097580 0.0232176 0.0000000 0.0022444 0.0203733 0.4291379
 44 H  44 0.0331813 0.0054710 0.0009947 0.1007968 0.0000000 0.0136528 0.0475975 0.0066779 0.3076186 0.0026547 0.0034031 0.0026063 0.0014893 0.0017277 0.0081180 0.0042071 0.0244085 0.0000000 0.0158608 0.0018576 0.4176765
 45 P  45 0.0253390 0.0029597 0.0422017 0.1425490 0.0000000 0.0452195 0.0192196 0.0021708 0.0460641 0.0039537 0.0035492 0.0107337 0.0042936 0.0089152 0.1448035 0.0796508 0.0436514 0.0000000 0.0000000 0.0000000 0.3747255
 46 N  46 0.0124750 0.0196691 0.0224113 0.0795023 0.0000000 0.0128369 0.2314318 0.0068383 0.0000000 0.0014710 0.0078146 0.0091352 0.0000000 0.0000000 0.1922504 0.0223789 0.0031393 0.0000000 0.0000000 0.0029541 0.3756916
 47 D  47 0.0227181 0.0056760 0.0106321 0.1495049 0.0011329 0.0581154 0.2272378 0.0127506 0.0119916 0.0075357 0.0041052 0.0248354 0.0015095 0.0176841 0.0114809 0.0210117 0.0165611 0.0000000 0.0277306 0.0022320 0.3655545
 48 K  48 0.1586195 0.0449112 0.0029677 0.0057247 0.0030714 0.0175499 0.0250296 0.0192339 0.0198721 0.0021505 0.1085845 0.0989716 0.0000000 0.0026911 0.0241531 0.0324577 0.0576523 0.0000000 0.0021244 0.0316739 0.3425608
 49 V  49 0.0097186 0.0042614 0.0000000 0.0000000 0.0000000 0.0009530 0.0042723 0.0036977 0.0000000 0.0851298 0.2773945 0.0000000 0.0059866 0.0445566 0.0134029 0.0026063 0.0018748 0.0000000 0.0061843 0.1664676 0.3734939
 50 M  50 0.0128944 0.0898238 0.0024856 0.0081923 0.0030723 0.0219789 0.0044755 0.0000000 0.0000000 0.0865709 0.1762953 0.0197178 0.0312912 0.0497209 0.0033536 0.0338062 0.0067975 0.0000000 0.0124942 0.0299047 0.4071250
 51 G  51 0.0185928 0.0102844 0.0450447 0.0138077 0.0000000 0.0293406 0.0296849 0.1455821 0.0259050 0.0419884 0.0014072 0.0587620 0.0016642 0.0450000 0.0089290 0.0424712 0.0386083 0.0000000 0.0104710 0.0104224 0.4220338
 52 P  52 0.0265873 0.0184344 0.0330646 0.1385390 0.0000000 0.0228005 0.1323372 0.1404984 0.0541380 0.0000000 0.0050683 0.0085406 0.0070847 0.0000000 0.0407473 0.0317317 0.0129939 0.0000000 0.0000000 0.0090688 0.3183653
 53 G  53 0.0119492 0.0117978 0.0088190 0.0072340 0.0207697 0.0080838 0.0195620 0.4214721 0.0420044 0.0014893 0.0000000 0.0213738 0.0000000 0.0042009 0.0026063 0.0541803 0.0428726 0.0000000 0.0123980 0.0019395 0.3072474
 54 V  54 0.0229892 0.0000000 0.0012470 0.0000000 0.1147907 0.0085633 0.0051097 0.0092793 0.0000000 0.1878057 0.0154276 0.0030842 0.0396675 0.0094827 0.0055798 0.0036804 0.0056510 0.0000000 0.0034031 0.2824937 0.2817451
 55 S  55 0.0355855 0.0627143 0.0419722 0.0229596 0.0196702 0.0084613 0.0219249 0.0230572 0.0092670 0.0687138 0.0722041 0.0273111 0.0044752 0.0015531 0.0170117 0.1426843 0.1091715 0.0000000 0.0030110 0.0433420 0.2649100
 56 Y  56 0.0000000 0.0000000 0.0000000 0.0000000 0.0000000 0.0000000 0.0000000 0.0000000 0.0000000 0.0050375 0.0081396 0.0111678 0.0026339 0.4627756 0.0000000 0.0000000 0.0000000 0.0014670 0.3016198 0.0058476 0.2013112
 57 L  57 0.0848416 0.0895557 0.0419078 0.0177630 0.0107644 0.0416049 0.0861645 0.0299897 0.0254984 0.0326991 0.0490581 0.1032913 0.0000000 0.0123110 0.0547115 0.0560093 0.0363619 0.0018963 0.0167462 0.0227907 0.1860346
 58 V  58 0.3610933 0.0000000 0.0000000 0.0000000 0.0073191 0.0000000 0.0000000 0.0166347 0.0000000 0.0068194 0.0794079 0.0031420 0.0026486 0.0000000 0.0000000 0.0059090 0.0116377 0.0000000 0.0000000 0.3291046 0.1762837
 59 R  59 0.0035647 0.1657137 0.0722558 0.0059719 0.0000000 0.0618052 0.0114940 0.0242553 0.0272445 0.0014316 0.0044382 0.3758253 0.0011975 0.0156775 0.0000000 0.0078937 0.0163444 0.0018957 0.0202666 0.0146040 0.1681204
 60 Y  60 0.0031416 0.0000000 0.0000000 0.0000000 0.0029808 0.0000000 0.0000000 0.0000000 0.0071602 0.0020270 0.0726303 0.0000000 0.0037465 0.1115835 0.0000000 0.0242350 0.0000000 0.0031405 0.6089696 0.0000000 0.1603849
 61 M  61 0.0000000 0.0000000 0.0000000 0.0000000 0.0000000 0.0000000 0.0000000 0.0000000 0.0016020 0.1200241 0.5700880 0.0000000 0.0676190 0.0130575 0.0000000 0.0000000 0.0072164 0.0000000 0.0011954 0.0674853 0.1517124
 62 G  62 0.0000000 0.0000000 0.0000000 0.0000000 0.0048469 0.0000000 0.0000000 0.8490351 0.0000000 0.0000000 0.0000000 0.0000000 0.0000000 0.0000000 0.0000000 0.0000000 0.0000000 0.0000000 0.0000000 0.0000000 0.1461180
 63 C  63 0.0164222 0.0123439 0.0241317 0.0000000 0.1571406 0.0000000 0.0017199 0.0066138 0.0279432 0.0436423 0.0037947 0.0085499 0.0295495 0.0077279 0.0000000 0.4076416 0.0291806 0.0350937 0.0038686 0.0197077 0.1649284
 64 V  64 0.0182942 0.0000000 0.0000000 0.0354386 0.0083459 0.0066709 0.0141720 0.0000000 0.0080197 0.1040603 0.0772972 0.0031995 0.0803585 0.0081239 0.0000000 0.0132665 0.2367181 0.0000000 0.0000000 0.2146710 0.1713637
 65 E  65 0.0113323 0.0073940 0.0033219 0.0631927 0.0000000 0.1600632 0.3431226 0.0022444 0.0059667 0.0106418 0.0773055 0.0122936 0.0033468 0.0000000 0.0701987 0.0167120 0.0061234 0.0031416 0.0012853 0.0279722 0.1743412
 66 V  66 0.0032554 0.0000000 0.0000000 0.0000000 0.0032934 0.0000000 0.0000000 0.0000000 0.0000000 0.1340020 0.1062216 0.0043237 0.0154245 0.0022178 0.0000000 0.0000000 0.0232724 0.0000000 0.0000000 0.5324080 0.1755811
 67 L  67 0.0373147 0.0104354 0.0216285 0.0618105 0.0020540 0.0103578 0.0642696 0.0202157 0.0000000 0.0160841 0.1532322 0.0529452 0.0108194 0.0294716 0.1268804 0.0367555 0.0161786 0.0000000 0.0125511 0.0535892 0.2634065
 68 Q  68 0.0193199 0.1016391 0.0142774 0.0247361 0.0416185 0.1175828 0.2054594 0.0056288 0.0082088 0.0000000 0.0031416 0.0464594 0.0035415 0.0040116 0.0024767 0.0000000 0.0351858 0.0000000 0.0038162 0.0030570 0.3598394
 69 S  69 0.0553195 0.0000000 0.0024091 0.0050207 0.0000000 0.0029342 0.0586171 0.0000000 0.0000000 0.0021856 0.0082304 0.0000000 0.0000000 0.0019730 0.1590380 0.3204097 0.0080666 0.0000000 0.0014124 0.0124132 0.3619706
 70 M  70 0.0133368 0.0030714 0.0062295 0.0483938 0.0000000 0.0061934 0.0766365 0.0110050 0.0033047 0.0057888 0.0235125 0.0111455 0.1166796 0.0000000 0.0169848 0.0264423 0.0116992 0.0000000 0.0000000 0.0090394 0.6105369
 71 R  71 0.0000000 0.1685681 0.0131546 0.0144446 0.0065816 0.0104928 0.0112356 0.0386136 0.0158030 0.0000000 0.0247488 0.0566173 0.0000000 0.0031416 0.0043913 0.0400567 0.0064289 0.0000000 0.0000000 0.0000000 0.5857214
 72 A  72 0.0174339 0.0257166 0.0533313 0.0131701 0.0013237 0.0350874 0.0184181 0.0198068 0.0000000 0.0035988 0.0031416 0.0118448 0.0024390 0.0000000 0.0123130 0.1055993 0.0619685 0.0000000 0.0019146 0.0215758 0.5913164
 73 L  73 0.0092802 0.0000000 0.0022116 0.0032203 0.0000000 0.0025269 0.0071866 0.0064580 0.0000000 0.0156923 0.1212600 0.0065010 0.0122572 0.0024390 0.1447158 0.0091855 0.0038491 0.0017053 0.0000000 0.0564538 0.5950575
 74 D  74 0.0134681 0.0232850 0.0156535 0.1297350 0.0000000 0.0103675 0.0627818 0.0131084 0.0015628 0.0000000 0.0000000 0.0335174 0.0000000 0.0031405 0.0198986 0.0862080 0.0575616 0.0000000 0.0034307 0.0174157 0.5088654
 75 F  75 0.0428710 0.0223611 0.0045218 0.0351429 0.0139228 0.0031904 0.0161629 0.0092730 0.0017207 0.0264280 0.0116640 0.1215314 0.0088543 0.1160513 0.0205130 0.0207998 0.0142228 0.0016733 0.0213565 0.0159569 0.4717819
 76 N  76 0.0551140 0.0034012 0.1029066 0.0182621 0.0056179 0.0086369 0.0409327 0.0434196 0.0496684 0.0048438 0.0771890 0.0159326 0.0016902 0.0032672 0.0156564 0.1039670 0.0366080 0.0019985 0.0009801 0.0254576 0.3844505
 77 T  77 0.0323903 0.2133960 0.0112726 0.0143799 0.0047020 0.0341444 0.0122783 0.0017852 0.0111062 0.0210186 0.0055798 0.1207924 0.0370876 0.0049789 0.0000000 0.0726261 0.1739412 0.0000000 0.0000000 0.0395453 0.1889751
 78 R  78 0.0105429 0.3099807 0.0025610 0.0106346 0.0000000 0.0053160 0.0024767 0.4192537 0.0000000 0.0000000 0.0017558 0.0061748 0.0033207 0.0000000 0.0000000 0.0074695 0.0106132 0.0045407 0.0031393 0.0024091 0.1998112
 79 T  79 0.0135658 0.0096559 0.0538194 0.0794359 0.0000000 0.0123485 0.0380038 0.0094555 0.0031904 0.0312060 0.0150369 0.0145092 0.2248691 0.0048213 0.0022444 0.0356963 0.2171324 0.0000000 0.0000000 0.0290807 0.2059284
 80 Q  80 0.0694598 0.0229533 0.0131488 0.0632710 0.0076743 0.1742542 0.1824214 0.0370688 0.0397799 0.0247481 0.0250040 0.0509229 0.0599982 0.0000000 0.0038371 0.0117464 0.0096581 0.0000000 0.0023494 0.0025213 0.1991830
 81 V  81 0.0280535 0.0015998 0.0023346 0.0072288 0.0063309 0.1300111 0.0000000 0.0033494 0.0044675 0.1224626 0.0592489 0.0034012 0.0626198 0.0017799 0.0000000 0.0858816 0.0131782 0.0042173 0.0000000 0.2745782 0.1892565
 82 T  82 0.1899082 0.0015998 0.0045997 0.0000000 0.1623732 0.0021655 0.0019146 0.0000000 0.0000000 0.0238850 0.0698151 0.0000000 0.0091044 0.0000000 0.0000000 0.0359876 0.1938875 0.0000000 0.0000000 0.1187081 0.1860512
 83 R  83 0.0863394 0.1801406 0.0235785 0.0077133 0.0424536 0.2097962 0.1117247 0.0000000 0.0097585 0.0104294 0.0102071 0.0693353 0.0078202 0.0025699 0.0000000 0.0236375 0.0072055 0.0011253 0.0033494 0.0083083 0.1845074
 84 E  84 0.0820193 0.0222681 0.0093228 0.1569895 0.0076267 0.0299915 0.3859025 0.0124867 0.0056403 0.0031633 0.0075725 0.0632749 0.0000000 0.0000000 0.0000000 0.0076830 0.0126787 0.0013323 0.0028015 0.0057904 0.1834561
 85 A  85 0.6682404 0.0013182 0.0000000 0.0000000 0.0411888 0.0025699 0.0035934 0.0176907 0.0000000 0.0000000 0.0056078 0.0000000 0.0044086 0.0021655 0.0036275 0.0862345 0.0065912 0.0000000 0.0000000 0.0079776 0.1487859
 86 I  86 0.0115535 0.0021655 0.0000000 0.0013323 0.0577383 0.0021364 0.0000000 0.0019985 0.0000000 0.2883851 0.0623770 0.0024767 0.1718528 0.0060814 0.0025269 0.0000000 0.0000000 0.0000000 0.0065022 0.2423342 0.1405392
 87 S  87 0.0657162 0.1376786 0.0734871 0.0398061 0.0088104 0.0883112 0.0235957 0.0261458 0.0339032 0.0017527 0.0122737 0.1198839 0.0369523 0.0006362 0.0053479 0.1420061 0.0178697 0.0066997 0.0065392 0.0095090 0.1430754
 88 L  88 0.0218189 0.3567771 0.0127347 0.0301522 0.0019682 0.0166171 0.0177827 0.0025097 0.0128316 0.0077195 0.0474121 0.2505418 0.0010185 0.0000000 0.0000000 0.0181865 0.0304121 0.0000000 0.0000000 0.0224990 0.1490182
 89 V  89 0.0109452 0.0015137 0.0000000 0.0000000 0.0480462 0.0036001 0.0000000 0.0033494 0.0000000 0.2379628 0.3193568 0.0000000 0.0401197 0.0018460 0.0000000 0.0000000 0.0000000 0.0000000 0.0015505 0.1865166 0.1451930
 90 C  90 0.0355548 0.1756258 0.0053237 0.0060502 0.1105649 0.0234259 0.0072809 0.0033494 0.0148659 0.0357141 0.0130712 0.3026427 0.0120605 0.0025097 0.0024767 0.0093437 0.0016733 0.0000000 0.0073138 0.0441176 0.1870352
 91 E  91 0.1541637 0.0073683 0.0175012 0.0182225 0.0171193 0.0338384 0.1423698 0.0398078 0.0099647 0.0080469 0.0075740 0.0429055 0.0295726 0.0542181 0.0000000 0.0364509 0.0580509 0.0010676 0.0312677 0.0433206 0.2471695
 92 A  92 0.1829531 0.0104684 0.0376683 0.0248582 0.0030716 0.0405570 0.0714707 0.0333897 0.0016237 0.0229485 0.0010220 0.0048903 0.0369574 0.0020270 0.0042621 0.0962314 0.0736336 0.0000000 0.0014643 0.0177085 0.3327941
 93 V  93 0.0984322 0.0679412 0.0074235 0.0000000 0.0165417 0.0735815 0.0148423 0.0140772 0.0089310 0.0412175 0.0482625 0.0071498 0.0077298 0.0313083 0.0036275 0.0142372 0.0571787 0.0000000 0.0090161 0.1207174 0.3577845
 94 P  94 0.0323568 0.0599015 0.0091369 0.0194434 0.0000000 0.0511243 0.0375037 0.0285469 0.0273524 0.0137657 0.0129965 0.1470242 0.0071064 0.0010220 0.1040874 0.0299057 0.0034899 0.0081239 0.0052218 0.0075672 0.3943233
 95 G  95 0.1069226 0.0231518 0.0084800 0.0109625 0.0000000 0.0214302 0.0169767 0.1501839 0.0176548 0.0368029 0.0673843 0.0215123 0.0182973 0.0121699 0.0115822 0.0318137 0.0013726 0.0000000 0.0032901 0.0326296 0.4073826
 96 A  96 0.1388255 0.0233990 0.0141008 0.0038074 0.0061582 0.0093418 0.0069907 0.0474882 0.0000000 0.0194506 0.0386112 0.0874452 0.0273455 0.0194848 0.0104321 0.0698140 0.0195537 0.0029373 0.0055106 0.0243853 0.4249182
 97 K  97 0.0281561 0.1013902 0.0301700 0.0093572 0.0027122 0.0135884 0.0049643 0.0429489 0.0149360 0.0098606 0.0109097 0.2257114 0.0051098 0.0019357 0.0105846 0.0195707 0.0000000 0.0000000 0.0352418 0.0054725 0.4273799
 98 G  98 0.0319762 0.0056785 0.0284146 0.0142120 0.0028670 0.0094302 0.0278199 0.1387083 0.0000000 0.0146204 0.0165282 0.0695882 0.0025614 0.0042242 0.0246074 0.1317498 0.0364626 0.0000000 0.0018644 0.0110337 0.4276531
 99 A  99 0.1048383 0.0207143 0.0167303 0.0334576 0.0081239 0.0125772 0.0474167 0.0108052 0.0242255 0.0306341 0.0069613 0.0808855 0.0052391 0.0118570 0.0182418 0.0445744 0.0287203 0.0000000 0.0030714 0.0420200 0.4489060
100 T 100 0.0128864 0.0150808 0.0055181 0.0291953 0.0055510 0.0085003 0.0141956 0.0493296 0.0104523 0.0227990 0.0383840 0.0848080 0.0011345 0.0432245 0.0450208 0.0610545 0.0537889 0.0201527 0.0000000 0.0261711 0.4527523
101 R 101 0.0047837 0.0735754 0.0081350 0.0169703 0.0318058 0.0840431 0.0170570 0.0320899 0.0161193 0.0055972 0.0000000 0.1493665 0.0011675 0.0044850 0.0103459 0.0095396 0.0337038 0.0000000 0.0062318 0.0160557 0.4789274
102 R 102 0.0097503 0.0987739 0.0047548 0.0178853 0.0081560 0.0108043 0.0386859 0.0084568 0.0200583 0.0270531 0.0212288 0.1889075 0.0096018 0.0063979 0.0045786 0.0065748 0.0107084 0.0000000 0.0025733 0.0062911 0.4987590
103 R 103 0.0121385 0.1646304 0.0034098 0.0144561 0.0000000 0.0161054 0.0142141 0.0046137 0.0072776 0.0137769 0.0089012 0.0895895 0.0021781 0.0072740 0.0154699 0.0258286 0.0230371 0.0033494 0.0010228 0.0170843 0.5556427
104 K 104 0.0391466 0.0412848 0.0068738 0.0000000 0.0351309 0.0355488 0.0075805 0.0118242 0.0100559 0.0021739 0.0220495 0.1069805 0.0188500 0.0015587 0.0409383 0.0097735 0.0215371 0.0132834 0.0041635 0.0128778 0.5583684
105 P 105 0.0464188 0.0066701 0.0027122 0.0064208 0.0068339 0.0201421 0.0100914 0.0180377 0.0000000 0.0072876 0.0284407 0.0170395 0.0037811 0.0000000 0.1705526 0.0044766 0.0023329 0.0000000 0.0020282 0.0440738 0.6026601
106 C 106 0.0259219 0.0167874 0.0031050 0.0302718 0.0249991 0.0026528 0.0132760 0.0050416 0.0085433 0.0240618 0.0149978 0.0139680 0.0057647 0.0086293 0.0775599 0.0140084 0.0077058 0.0000000 0.0069962 0.0439273 0.6517821
107 S 107 0.0303647 0.0317632 0.0553102 0.0153131 0.0045008 0.0032225 0.0054055 0.0086589 0.0033263 0.0041589 0.0086241 0.0465198 0.0040429 0.0000000 0.0111053 0.0580610 0.0575759 0.0019697 0.0018285 0.0354793 0.6127695
108 R 108 0.0437683 0.0529427 0.0039190 0.0067605 0.0639504 0.0066037 0.0100760 0.0116929 0.0197047 0.0037116 0.0071601 0.1113745 0.0000000 0.0010676 0.0087906 0.0197255 0.0027504 0.0000000 0.0000000 0.0052115 0.6207901
109 P 109 0.0354229 0.0069332 0.0078986 0.0048414 0.0064249 0.0121784 0.0019697 0.0072120 0.0081209 0.0361176 0.0289788 0.0178380 0.0112855 0.0335540 0.0526558 0.0202059 0.0259499 0.0000000 0.0019564 0.0592839 0.6211723
110 L 110 0.0113353 0.0168760 0.0036131 0.0341982 0.0052493 0.0171015 0.0022677 0.0079243 0.0071538 0.0233143 0.1252486 0.0063771 0.0056760 0.0117203 0.0082584 0.0052448 0.0230690 0.0000000 0.0023960 0.0426605 0.6403160
111 S 111 0.0515633 0.0502184 0.0180222 0.0022740 0.0000000 0.0128546 0.0129993 0.0105467 0.0083519 0.0000000 0.0090814 0.0254285 0.0023219 0.0035310 0.0135697 0.1352385 0.0056521 0.0034031 0.0055806 0.0037648 0.6255979
112 S 112 0.0347493 0.0318901 0.0127858 0.0069583 0.0406143 0.0166630 0.0060231 0.0083379 0.0045375 0.0096791 0.0097657 0.0383974 0.0044727 0.0163525 0.0040822 0.0834663 0.0239409 0.0000000 0.0032773 0.0104944 0.6335121
113 I 113 0.0070814 0.0120601 0.0136667 0.0122243 0.0000000 0.0158875 0.0092417 0.0055708 0.0185036 0.0888350 0.0424860 0.0355320 0.0065654 0.0172984 0.0171426 0.0067046 0.0246444 0.0000000 0.0096198 0.0412001 0.6157355
114 L 114 0.0304226 0.0101660 0.0068565 0.0050502 0.0025269 0.0081081 0.0065647 0.0242032 0.0032810 0.0292856 0.1404120 0.0225780 0.0054354 0.0115533 0.0136227 0.0257142 0.0053810 0.0038002 0.0429830 0.0160526 0.5860029
115 G 115 0.0244566 0.0059950 0.0170493 0.0487052 0.0000000 0.0223040 0.0631603 0.1099926 0.0012752 0.0063429 0.0244972 0.0385995 0.0000000 0.0052861 0.0141238 0.0210456 0.0198298 0.0031904 0.0046303 0.0206669 0.5488492
116 R 116 0.0259798 0.0410936 0.0148482 0.0191011 0.0000000 0.0232403 0.0169447 0.0061882 0.0144641 0.0067945 0.0109689 0.1113349 0.0046990 0.0263501 0.1103465 0.0439308 0.0155731 0.0000000 0.0000000 0.0208598 0.4872824
117 S 117 0.0229878 0.0095420 0.0000000 0.0637731 0.0041946 0.0050572 0.1203271 0.0080938 0.0016527 0.0193055 0.0100203 0.0414888 0.0016044 0.0028349 0.0494254 0.1220273 0.0072310 0.0045048 0.0056951 0.0219894 0.4782446
118 N 118 0.0400703 0.0184404 0.1040239 0.0311865 0.0441264 0.0081788 0.0423591 0.1360560 0.0045096 0.0128179 0.0068587 0.0108693 0.0033547 0.0031552 0.0104357 0.0243618 0.0143569 0.0000000 0.0042460 0.0135651 0.4670276
119 L 119 0.0168567 0.0159277 0.0144964 0.0459404 0.0019792 0.0329858 0.1132741 0.0060905 0.0077307 0.0085246 0.1079229 0.0400926 0.0374087 0.0036275 0.0252811 0.0076577 0.0118738 0.0055386 0.0022200 0.0802653 0.4143058
120 K 120 0.0343381 0.0241223 0.0415133 0.0181474 0.0014556 0.0706721 0.0510834 0.0573903 0.0180495 0.0120303 0.0155905 0.0653286 0.0000000 0.0029528 0.0023753 0.0836658 0.0502041 0.0190265 0.0044837 0.0272692 0.4003012
121 F 121 0.0333656 0.0254504 0.0182052 0.0101508 0.0326821 0.1658021 0.0248635 0.0255078 0.0273919 0.0414224 0.0228254 0.0235017 0.0070195 0.0873434 0.0151767 0.0060240 0.0189198 0.0069314 0.0022024 0.0294463 0.3757677
122 A 122 0.1006444 0.0344814 0.0110226 0.0253577 0.0018931 0.0293183 0.0317456 0.0026841 0.0319437 0.0067823 0.0052833 0.1807096 0.0065636 0.0000000 0.1093062 0.0388642 0.0401928 0.0064465 0.0000000 0.0038142 0.3329465
123 G 123 0.0252169 0.0196150 0.0373840 0.0073087 0.0000000 0.0118278 0.0107054 0.1591878 0.0152077 0.0126718 0.0462157 0.1159726 0.0634698 0.0060617 0.0322592 0.0709314 0.0141801 0.0067907 0.0000000 0.0230085 0.3219851
124 M 124 0.0188383 0.0706770 0.0041387 0.0177570 0.0012078 0.0587849 0.0072134 0.0019357 0.0037920 0.0162843 0.0231195 0.0706001 0.0691594 0.0266000 0.0189648 0.0223372 0.1736134 0.0032584 0.0119395 0.0543992 0.3253795
125 P 125 0.0116972 0.0715538 0.0788059 0.0542798 0.0000000 0.0102881 0.1343803 0.0177872 0.0072174 0.0017130 0.0058168 0.1525118 0.0025269 0.0048100 0.0683712 0.0601816 0.0461706 0.0000000 0.0012733 0.0036972 0.2669179
126 I 126 0.0298363 0.0316905 0.0000000 0.0000000 0.0180726 0.0017533 0.0000000 0.0029542 0.0000000 0.2480558 0.0265257 0.0055152 0.0420766 0.0012078 0.0000000 0.0120305 0.0091152 0.0000000 0.0000000 0.4443835 0.1267829
127 T 127 0.0314725 0.0198072 0.0422720 0.1594642 0.0048205 0.0034335 0.0703288 0.0307814 0.0160970 0.0990225 0.0579445 0.0299895 0.0166084 0.0311719 0.0012078 0.0760628 0.0988300 0.0207548 0.0064339 0.0827864 0.1007103
128 L 128 0.0000000 0.0013837 0.0000000 0.0000000 0.0000000 0.0050080 0.0018073 0.0021844 0.0000000 0.1113898 0.6299479 0.0059083 0.0407099 0.0459439 0.0017929 0.0023810 0.0114318 0.0034085 0.0000000 0.0851351 0.0515673
129 T 129 0.0462848 0.0172714 0.0982044 0.0245889 0.0121206 0.0630223 0.0676922 0.0098280 0.0363612 0.0133738 0.0392360 0.0440390 0.0115925 0.1265844 0.0000000 0.0821370 0.1554948 0.0326760 0.0224678 0.0447761 0.0522487
130 V 130 0.0045020 0.0000000 0.0000000 0.0000000 0.0000000 0.0000000 0.0000000 0.0000000 0.0052585 0.4841842 0.0476432 0.0118077 0.0168545 0.0211522 0.0000000 0.0023810 0.0034542 0.0032144 0.0000000 0.3474985 0.0520496
131 S 131 0.0386496 0.0055798 0.0309882 0.0219690 0.0101323 0.0018285 0.0284883 0.0420946 0.0064667 0.0000000 0.0000000 0.0095314 0.0000000 0.0021844 0.0000000 0.6522226 0.0973789 0.0000000 0.0031405 0.0000000 0.0493453
132 T 132 0.0542676 0.0331291 0.0074265 0.0473393 0.0296141 0.0211158 0.0236094 0.0400841 0.0093545 0.0795250 0.0869715 0.0044163 0.0071298 0.0169544 0.0615485 0.0593896 0.2176314 0.0030523 0.0614174 0.0903665 0.0456569
133 S 133 0.0424548 0.0978826 0.0343676 0.2167097 0.0180781 0.0872026 0.0952685 0.0375437 0.0052807 0.0041543 0.0110223 0.1296383 0.0022250 0.0141221 0.0000000 0.1032850 0.0280238 0.0000000 0.0191816 0.0035269 0.0500325
134 S 134 0.0418085 0.0797969 0.0263157 0.0160574 0.0097323 0.0056502 0.0341987 0.5132988 0.0043634 0.0000000 0.0045177 0.0568697 0.0178892 0.0022444 0.0000000 0.0959169 0.0279291 0.0013388 0.0101885 0.0036934 0.0481905
135 L 135 0.0000000 0.0000000 0.0034487 0.0000000 0.0314543 0.0000000 0.0013639 0.0000000 0.0000000 0.3224262 0.2962727 0.0075052 0.0132846 0.0042173 0.0000000 0.0000000 0.0022116 0.0000000 0.0000000 0.2732125 0.0446029
136 N 136 0.0329383 0.1815266 0.0792170 0.0100103 0.0023960 0.0053615 0.0228553 0.0038646 0.0111748 0.0280437 0.0038750 0.3637737 0.0469494 0.0045663 0.0000000 0.0481355 0.0748251 0.0000000 0.0177084 0.0219033 0.0408753
137 L 137 0.0051649 0.0167335 0.0000000 0.0030692 0.0013195 0.0018644 0.0000000 0.0000000 0.0039773 0.1891558 0.2652993 0.0000000 0.0335145 0.0872397 0.0000000 0.0000000 0.0200639 0.0086683 0.0018590 0.3185760 0.0434947
138 M 138 0.0223098 0.0322448 0.0031951 0.0050063 0.0163600 0.0470010 0.0171295 0.0000000 0.0016796 0.2288853 0.1978246 0.0195414 0.0537872 0.0183241 0.0007955 0.0398444 0.0672669 0.0025699 0.0280505 0.1575063 0.0406778
139 A 139 0.0213356 0.0103794 0.1533279 0.3736407 0.0324809 0.0000000 0.0933957 0.0073976 0.0033594 0.0111386 0.0317906 0.0071455 0.0047332 0.0000000 0.0000000 0.0930322 0.0579568 0.0221849 0.0000000 0.0234787 0.0532223
140 A 140 0.1627980 0.0637847 0.0130737 0.0640902 0.0058607 0.0117559 0.1083108 0.0186954 0.0170987 0.0176284 0.0427343 0.0342413 0.0102390 0.0058256 0.2087739 0.0436318 0.0821131 0.0000000 0.0028461 0.0407964 0.0457018
141 D 141 0.0437281 0.0410734 0.0255675 0.3049769 0.0023158 0.0181945 0.1617597 0.0095344 0.0073624 0.0130855 0.0244982 0.1763870 0.0055921 0.0027777 0.0063180 0.0606970 0.0488515 0.0000000 0.0026949 0.0093570 0.0352283
142 C 142 0.0066777 0.0205497 0.1034855 0.0154749 0.0169841 0.0031980 0.0596155 0.0506835 0.0019151 0.0000000 0.0474795 0.0273092 0.0039102 0.0131373 0.0074032 0.1855554 0.3998399 0.0000000 0.0019697 0.0049704 0.0298414
143 K 143 0.0044850 0.0480260 0.0579121 0.0225314 0.0027500 0.1518570 0.0442268 0.1297131 0.0166128 0.0326584 0.0179550 0.3932606 0.0052435 0.0024958 0.0124356 0.0155905 0.0074833 0.0000000 0.0019151 0.0000000 0.0328481
144 Q 144 0.0340863 0.0659570 0.0671640 0.0772339 0.0041404 0.1240228 0.2329575 0.0431928 0.0139848 0.0172471 0.0129624 0.0705460 0.0283764 0.0069953 0.0010634 0.0270891 0.0683964 0.0000000 0.0017864 0.0644711 0.0383267
145 I 145 0.0349040 0.0064608 0.0000000 0.0131034 0.0316499 0.0080051 0.0113849 0.0019357 0.0000000 0.2419356 0.2299757 0.0081714 0.0319583 0.0079211 0.0317338 0.0245353 0.0799017 0.0000000 0.0040926 0.2012027 0.0311278
146 I 146 0.0111934 0.0146316 0.0012025 0.0119148 0.0011297 0.0355768 0.0223567 0.0048408 0.0053207 0.3145109 0.2508451 0.0031405 0.1220302 0.0130790 0.0010228 0.0222265 0.0078391 0.0000000 0.0077686 0.1231378 0.0262326
147 A 147 0.1672837 0.0049427 0.0134779 0.0246001 0.0357663 0.0195853 0.0439347 0.0047275 0.1279000 0.0105332 0.0924597 0.0150336 0.1912741 0.0379616 0.0000000 0.0121116 0.0301086 0.0000000 0.0599739 0.0766972 0.0316281
148 N 148 0.0416867 0.0349844 0.1517636 0.2101265 0.0072231 0.0618570 0.1808092 0.0057473 0.0660234 0.0024712 0.0020422 0.0253760 0.0033600 0.0587489 0.0018916 0.0687807 0.0370659 0.0000000 0.0123373 0.0034059 0.0242993
149 H 149 0.0043291 0.0023122 0.0145452 0.0304588 0.0396547 0.0943943 0.0131424 0.0000000 0.4614646 0.0233661 0.0121665 0.0465328 0.0019819 0.0940126 0.0000000 0.0130852 0.0202065 0.0000000 0.0506857 0.0527197 0.0249418
150 H 150 0.1249147 0.0312835 0.0418955 0.0365948 0.0021856 0.0567442 0.0879316 0.0165619 0.0649340 0.0053089 0.0122133 0.0190899 0.0050769 0.0126867 0.2626108 0.1025043 0.0732630 0.0000000 0.0116643 0.0094030 0.0231331
151 M 151 0.0020270 0.0027753 0.0000000 0.0033067 0.0042515 0.0000000 0.0058899 0.0000000 0.0036275 0.3276356 0.3062045 0.0109871 0.1249501 0.0465940 0.0143718 0.0044970 0.0087488 0.0000000 0.0000000 0.1110001 0.0231331
152 Q 152 0.0142638 0.2330068 0.0395364 0.0162334 0.0028640 0.1329959 0.0970773 0.0032497 0.1061345 0.0013901 0.0043230 0.1027230 0.0030948 0.0050852 0.0364485 0.0468916 0.0140506 0.0000000 0.1122636 0.0052348 0.0231331
153 S 153 0.0330280 0.2121892 0.1582297 0.0674765 0.0045876 0.0169443 0.0352070 0.0127148 0.0158117 0.0000000 0.0054046 0.1224734 0.0126148 0.0154424 0.0000000 0.0970435 0.1431421 0.0000000 0.0167124 0.0042173 0.0267606
154 I 154 0.0000000 0.0078217 0.0000000 0.0000000 0.0000000 0.0000000 0.0044850 0.0000000 0.0015950 0.7214064 0.0178402 0.0000000 0.0053207 0.0092389 0.0018916 0.0000000 0.0000000 0.0000000 0.0023158 0.2011610 0.0269237
155 S 155 0.0369105 0.0337373 0.0462773 0.0057450 0.0047404 0.0052910 0.0000000 0.0000000 0.0090523 0.0136384 0.0141362 0.0000000 0.0000000 0.0023158 0.0008085 0.7209686 0.0117871 0.0000000 0.0000000 0.0147264 0.0798651
156 F 156 0.0030438 0.0000000 0.0014604 0.0014905 0.0539340 0.0029782 0.0000000 0.0000000 0.0119187 0.0080924 0.0157370 0.0000000 0.0047167 0.4968047 0.0018916 0.0293464 0.0000000 0.0102200 0.2533583 0.0119237 0.0930836
157 A 157 0.1726350 0.0000000 0.0000000 0.0000000 0.3681060 0.0097302 0.0008949 0.0155842 0.0032550 0.1845374 0.0111847 0.0000000 0.0014609 0.0000000 0.0017416 0.0348307 0.0391769 0.0069044 0.0606591 0.0588339 0.0304651
158 S 158 0.4144641 0.0043243 0.0044970 0.0000000 0.0850613 0.0061483 0.0000000 0.0172106 0.0000000 0.0000000 0.0000000 0.0000000 0.0000000 0.0017053 0.0015950 0.1733742 0.1033760 0.0188182 0.0221923 0.0811446 0.0660888
159 G 159 0.1066004 0.0442557 0.0038050 0.0737418 0.0171028 0.0738657 0.0000000 0.1888378 0.0101288 0.0061942 0.0287901 0.0394368 0.0000000 0.0173242 0.0728206 0.0806580 0.0205168 0.0141794 0.0115458 0.0376469 0.1525490
160 G 160 0.0088623 0.0074205 0.0097736 0.3039049 0.0177558 0.0939132 0.0053901 0.2040429 0.0876615 0.0383065 0.0237913 0.0067396 0.0047404 0.0138895 0.0000000 0.0157802 0.0039840 0.0018087 0.0210908 0.0347166 0.0964276
161 D 161 0.0308719 0.1073761 0.0026511 0.3254120 0.0000000 0.0176658 0.0530964 0.0719710 0.0404434 0.0456795 0.0019277 0.0520369 0.0174071 0.0000000 0.0333454 0.0330592 0.0201793 0.0000000 0.0000000 0.0232788 0.1235983
162 P 162 0.0635250 0.0468856 0.0820791 0.0368586 0.0000000 0.0116109 0.0181236 0.0240640 0.0012158 0.0049920 0.0087625 0.0896407 0.0121949 0.0053485 0.2002817 0.1478875 0.1080164 0.0000000 0.0015950 0.0197024 0.1172157
163 D 163 0.0030714 0.0490685 0.0250447 0.3837328 0.0017416 0.0817069 0.1101839 0.0242620 0.1249413 0.0036275 0.0069169 0.0402693 0.0000000 0.0183235 0.0028879 0.0272893 0.0033400 0.0000000 0.0138336 0.0119957 0.0677633
164 T 164 0.0183569 0.0090532 0.1147581 0.2788740 0.0368736 0.0070603 0.0601258 0.0055999 0.0030942 0.0729273 0.0127282 0.0191027 0.0111978 0.0031405 0.0009382 0.0417084 0.1166794 0.0000000 0.0175668 0.0120472 0.1581675
165 A 165 0.0480510 0.0396186 0.0265019 0.0130608 0.0063171 0.0171556 0.0180203 0.0850831 0.0432405 0.0117497 0.1769009 0.1035439 0.0116020 0.0050957 0.0491644 0.0238259 0.0569205 0.0000000 0.0268922 0.0542818 0.1829740
166 E 166 0.0098955 0.2137779 0.0759481 0.1852886 0.0468686 0.0329598 0.0501813 0.0132404 0.0039178 0.0047130 0.0106075 0.2112117 0.0031919 0.0049516 0.0000000 0.0231053 0.0235337 0.0007311 0.0000000 0.0208382 0.0650380
167 Y 167 0.0987083 0.0242710 0.0029455 0.0268284 0.0101926 0.0365626 0.0153615 0.0268774 0.0714618 0.1376304 0.0860292 0.0000000 0.0265106 0.0675912 0.0041624 0.0015948 0.0529926 0.0018800 0.1434629 0.1062549 0.0586820
168 V 168 0.0220496 0.0000000 0.0000000 0.0000000 0.0097075 0.0013944 0.0026260 0.0000000 0.0000000 0.0302931 0.0398793 0.0000000 0.0050677 0.6578021 0.0000000 0.0036307 0.0015458 0.0038354 0.0048489 0.1829905 0.0343291
169 A 169 0.3687640 0.0096584 0.0000000 0.0000000 0.0317121 0.0221923 0.0000000 0.2107762 0.0000000 0.0036275 0.0055798 0.0000000 0.0048441 0.0019551 0.0105896 0.1912660 0.0221950 0.0000000 0.0000000 0.0829010 0.0339387
170 Y 170 0.0000000 0.0044181 0.0028339 0.0021452 0.0000000 0.0041624 0.0033943 0.0058635 0.0044726 0.0231553 0.0952289 0.0047566 0.0000000 0.2849297 0.0000000 0.0049809 0.0032404 0.0031748 0.5199506 0.0019151 0.0313777
171 V 171 0.0015596 0.0044181 0.0018302 0.0015028 0.0000000 0.0000000 0.0066954 0.0000000 0.0000000 0.5414133 0.0162152 0.0000000 0.0803324 0.0027500 0.0129001 0.0019985 0.0095995 0.0000000 0.0174379 0.2668649 0.0344822
172 A 172 0.4195096 0.0047276 0.0080346 0.0000000 0.1681976 0.0069636 0.0105618 0.0130235 0.0098065 0.0020797 0.0105314 0.0062823 0.0175778 0.0207397 0.0018460 0.0456814 0.1577327 0.0000000 0.0194794 0.0252568 0.0519679
173 K 173 0.0101101 0.3448521 0.0156495 0.0200043 0.0015086 0.0520244 0.0247143 0.0702243 0.0201993 0.0000000 0.0098478 0.3412814 0.0000000 0.0031662 0.0033943 0.0165153 0.0158799 0.0000000 0.0019985 0.0056946 0.0429353
174 D 174 0.0153692 0.0823386 0.0794527 0.4432724 0.0045476 0.0165664 0.1053088 0.0147936 0.0727234 0.0033406 0.0000000 0.0103180 0.0000000 0.0000000 0.0038162 0.0612777 0.0376439 0.0000000 0.0000000 0.0072021 0.0420288
175 P 175 0.0404625 0.1367061 0.0020236 0.0157750 0.0000000 0.0867748 0.0941240 0.1590900 0.0167438 0.0026110 0.0216067 0.0721599 0.0077614 0.0013195 0.2229329 0.0479810 0.0210542 0.0000000 0.0000000 0.0138490 0.0370244
176 V 176 0.0595122 0.0429249 0.0350221 0.0591110 0.0000000 0.0776233 0.0360232 0.0570039 0.0101025 0.0305571 0.0720375 0.0269180 0.0035661 0.0019273 0.0011146 0.1637545 0.1779971 0.0000000 0.0021029 0.0751985 0.0675032
177 N 177 0.0155723 0.0019551 0.2343819 0.0791355 0.0214422 0.0480715 0.0563801 0.0976629 0.0023627 0.0025699 0.0143815 0.0088068 0.0027500 0.0036595 0.0434412 0.1531108 0.1106569 0.0000000 0.0538716 0.0007143 0.0490734
178 Q 178 0.0173621 0.2009210 0.0284797 0.0403882 0.0025746 0.0892588 0.0541340 0.0338313 0.1038972 0.0086937 0.0374356 0.2143129 0.0064516 0.0037056 0.0075783 0.0264732 0.0307175 0.0207093 0.0015602 0.0279310 0.0435843
179 R 179 0.0083690 0.2557452 0.0210224 0.0009878 0.0011886 0.0324154 0.0048574 0.0173937 0.1451857 0.0240301 0.0442384 0.0201738 0.1162577 0.1306035 0.0113773 0.0371840 0.0236041 0.0033824 0.0380921 0.0253152 0.0385762
180 A 180 0.1327312 0.0493658 0.0025097 0.0128801 0.0031904 0.0154906 0.0699664 0.0065377 0.0390341 0.1728889 0.0404484 0.0502007 0.0628516 0.0779099 0.0093321 0.0152063 0.0186185 0.0000000 0.1134505 0.0437273 0.0636599
