  238         A         R         N         D         C         Q         E         G         H         I         L         K         M         F         P         S         T         W         Y         V    
  1 G   1 0.1328959 0.0000000 0.0000000 0.0000000 0.0000000 0.0000000 0.0000000 0.6866032 0.0000000 0.0000000 0.0000000 0.0000000 0.0000000 0.0000000 0.0000000 0.1805010 0.0000000 0.0000000 0.0000000 0.0000000
  2 S   2 0.0477702 0.0491291 0.0316874 0.0535338 0.0000000 0.0000000 0.0847903 0.2565088 0.0000000 0.0000000 0.1280018 0.0000000 0.0000000 0.0000000 0.0478770 0.2534506 0.0472510 0.0000000 0.0000000 0.0000000
  3 S   3 0.0611074 0.0369976 0.0000000 0.0981139 0.0000000 0.0568332 0.2471627 0.0000000 0.0000000 0.0000000 0.0301713 0.0000000 0.0000000 0.0000000 0.0183389 0.3600838 0.0673285 0.0000000 0.0000000 0.0238627
  4 H   4 0.0193295 0.1319217 0.0000000 0.0255052 0.0000000 0.1751022 0.0999571 0.1073200 0.1489654 0.0000000 0.0000000 0.0000000 0.0000000 0.0000000 0.0000000 0.1673943 0.0684144 0.0000000 0.0000000 0.0560902
  5 H   5 0.0152630 0.0166670 0.0423969 0.0217920 0.0000000 0.2686131 0.0489734 0.0000000 0.1574533 0.0000000 0.0254789 0.0673503 0.0000000 0.0000000 0.1177456 0.2053272 0.0129393 0.0000000 0.0000000 0.0000000
  6 H   6 0.0146096 0.1534249 0.0159862 0.0554032 0.0000000 0.0191597 0.0939451 0.0476556 0.2082629 0.0000000 0.0000000 0.0375941 0.0000000 0.0000000 0.2014058 0.1175701 0.0208798 0.0000000 0.0000000 0.0141030
  7 H   7 0.0000000 0.1615941 0.0316916 0.0483708 0.0000000 0.1648377 0.1465882 0.0685997 0.1389690 0.0149084 0.0233542 0.1022783 0.0000000 0.0000000 0.0000000 0.0540437 0.0248122 0.0000000 0.0000000 0.0199520
  8 H   8 0.0000000 0.0000000 0.0288228 0.0320739 0.0000000 0.2581829 0.0181132 0.0000000 0.1806017 0.0000000 0.0845022 0.1733467 0.0156424 0.0000000 0.0131283 0.1145172 0.0341206 0.0000000 0.0294298 0.0175182
  9 H   9 0.0328085 0.1633415 0.0391976 0.0652167 0.0000000 0.1280642 0.0839054 0.0000000 0.1690975 0.0122464 0.0227581 0.1422555 0.0123844 0.0145620 0.0114519 0.0791006 0.0236098 0.0000000 0.0000000 0.0000000
 10 S  10 0.0386344 0.1074072 0.0477859 0.0147152 0.0101921 0.0902889 0.0941374 0.0172380 0.0072605 0.0177033 0.0282552 0.0722645 0.0429697 0.0066727 0.0381331 0.2695627 0.0913518 0.0000000 0.0000000 0.0054272
 11 S  11 0.0834759 0.0185863 0.0518372 0.1028775 0.0089388 0.0213424 0.0608026 0.0381106 0.0000000 0.0000000 0.0167781 0.0273696 0.0169137 0.0176350 0.0236425 0.3507168 0.1265212 0.0000000 0.0135960 0.0208560
 12 G  12 0.1059218 0.1812839 0.0762930 0.0682841 0.0000000 0.0530678 0.0535145 0.1327419 0.0000000 0.0000000 0.0317122 0.0218813 0.0000000 0.0000000 0.0272757 0.1521308 0.0669223 0.0000000 0.0000000 0.0289707
 13 L  13 0.0646685 0.0278785 0.0485452 0.0399605 0.0163014 0.0428373 0.0649144 0.0441404 0.0089478 0.0064524 0.2196181 0.0695700 0.0000000 0.0702116 0.0707174 0.0755790 0.0460650 0.0000000 0.0000000 0.0835926
 14 V  14 0.1336296 0.0656397 0.0493038 0.0163329 0.0059373 0.0123435 0.0284706 0.0670976 0.0093277 0.0123335 0.0787315 0.0734531 0.0828969 0.0104068 0.0440116 0.1190810 0.0739381 0.0000000 0.0000000 0.1170648
 15 P  15 0.0930991 0.0287900 0.0293744 0.0068101 0.0000000 0.0196985 0.0486232 0.0635801 0.0000000 0.0000000 0.0190291 0.0848467 0.0000000 0.0000000 0.4472178 0.0876946 0.0398810 0.0000000 0.0000000 0.0313554
 16 R  16 0.0694213 0.1819231 0.0289095 0.0351758 0.0000000 0.0850359 0.0985415 0.1030963 0.0000000 0.0000000 0.0421167 0.0429433 0.0000000 0.0000000 0.1217223 0.0641197 0.0870480 0.0139336 0.0000000 0.0260130
 17 G  17 0.0520607 0.0700023 0.0799730 0.0216977 0.0000000 0.0235266 0.0841113 0.1146916 0.0049831 0.0192649 0.0664210 0.0123897 0.0879514 0.0163624 0.0942758 0.0878704 0.0954941 0.0057523 0.0073826 0.0557891
 18 S  18 0.0489079 0.0556207 0.0196487 0.0729425 0.0248326 0.0339890 0.0673069 0.0991453 0.0066996 0.0000000 0.0148038 0.0137925 0.0000000 0.0077878 0.2447481 0.1753279 0.0822662 0.0000000 0.0000000 0.0321805
 19 H  19 0.0060917 0.1811376 0.1316748 0.0710869 0.0000000 0.0096079 0.1288707 0.0623389 0.0042259 0.0319678 0.0198593 0.0303789 0.0000000 0.0091016 0.0892218 0.1075241 0.1108902 0.0000000 0.0000000 0.0060219
 20 M  20 0.1032290 0.0059854 0.0837429 0.0250633 0.0197802 0.0236152 0.0896696 0.0681543 0.0000000 0.0000000 0.1406371 0.0253449 0.0685782 0.0171783 0.0132616 0.1964827 0.0398980 0.0413835 0.0000000 0.0379959
 21 G  21 0.0443924 0.0522521 0.0991309 0.0106568 0.0000000 0.0331774 0.0327565 0.2011417 0.0195241 0.0105738 0.0470923 0.0192162 0.0282604 0.0361130 0.2234680 0.1096342 0.0210616 0.0000000 0.0037389 0.0078098
 22 Q  22 0.0437299 0.0883866 0.0188171 0.0454675 0.0000000 0.1792381 0.0777946 0.0485228 0.0431696 0.0355205 0.0354828 0.1494605 0.0040756 0.0000000 0.0334799 0.1195002 0.0492849 0.0000000 0.0000000 0.0280695
 23 L  23 0.0451658 0.0245048 0.0210179 0.0188572 0.0000000 0.0541126 0.1029437 0.0000000 0.0000000 0.0340838 0.1886863 0.0760397 0.0140993 0.0227594 0.1903577 0.1242850 0.0431306 0.0000000 0.0059440 0.0340124
 24 G  24 0.1142555 0.0802970 0.0198190 0.0382582 0.0000000 0.0150940 0.0626509 0.1616267 0.0353162 0.0177078 0.0332925 0.0498696 0.0000000 0.0188720 0.0074835 0.2852387 0.0363217 0.0000000 0.0000000 0.0238967
 25 G  25 0.0324296 0.1537328 0.0212665 0.0161558 0.0191286 0.0991871 0.0444846 0.1679934 0.0043962 0.0335443 0.0477860 0.1160864 0.0000000 0.0180562 0.0660986 0.0713349 0.0784892 0.0000000 0.0000000 0.0098298
 26 E  26 0.0663305 0.0606582 0.0464575 0.0961082 0.0000000 0.1058696 0.1606851 0.0159622 0.0093814 0.0162119 0.0274135 0.1360022 0.0071872 0.0000000 0.0278777 0.0866290 0.1171464 0.0000000 0.0148728 0.0052063
 27 E  27 0.0619424 0.0257929 0.0632757 0.0737801 0.0000000 0.0159369 0.1810540 0.0417633 0.0111208 0.0076120 0.1183354 0.0928655 0.0396837 0.0248852 0.0227855 0.1420100 0.0674567 0.0000000 0.0000000 0.0096999
 28 W  28 0.1134490 0.1591280 0.0087266 0.0170028 0.0050263 0.0149653 0.0100865 0.0264510 0.0409690 0.0074606 0.1399023 0.0251150 0.0000000 0.0464225 0.0329836 0.0623716 0.0389041 0.1803201 0.0179003 0.0528155
 29 T  29 0.1445726 0.1383871 0.0908607 0.0529609 0.0057909 0.0224142 0.0158566 0.0453418 0.0000000 0.0108818 0.0000000 0.0673957 0.0000000 0.0000000 0.1520522 0.0816796 0.1020660 0.0000000 0.0000000 0.0697398
 30 R  30 0.0242880 0.2468064 0.0530505 0.0411990 0.0039512 0.0653147 0.0341207 0.0352426 0.0106651 0.0000000 0.0194408 0.1079474 0.0000000 0.0000000 0.1929659 0.1466409 0.0093797 0.0000000 0.0000000 0.0089870
 31 H  31 0.0726417 0.0803855 0.1028219 0.0643209 0.0140543 0.0321739 0.0479224 0.1200268 0.0547216 0.0000000 0.0000000 0.1385632 0.0000000 0.0928125 0.0128638 0.0766029 0.0688128 0.0000000 0.0212758 0.0000000
 32 G  32 0.0443027 0.0035815 0.0443898 0.0219985 0.0000000 0.0340896 0.1026886 0.2946941 0.0147563 0.0036818 0.0265142 0.0684997 0.0000000 0.0016384 0.2354845 0.0932596 0.0043696 0.0000000 0.0000000 0.0060512
 33 S  33 0.1663762 0.0369610 0.0053836 0.0368253 0.0035370 0.0083291 0.0255163 0.0392486 0.0457011 0.0087454 0.0382468 0.0807087 0.0230771 0.0040034 0.0235173 0.3193574 0.1209516 0.0000000 0.0000000 0.0135140
 34 F  34 0.0601827 0.0490562 0.0084087 0.0170936 0.0085028 0.0240665 0.0035871 0.0232084 0.0277631 0.0514659 0.0708263 0.0826918 0.0103319 0.2357472 0.0603118 0.0616851 0.0750904 0.0000000 0.0767592 0.0532212
 35 V  35 0.0870130 0.0518259 0.0265463 0.0187957 0.0047788 0.0315536 0.0374320 0.0332741 0.0433327 0.0823205 0.0447088 0.0676106 0.0448317 0.0058160 0.0227282 0.0852269 0.0571989 0.0000000 0.0027067 0.2522998
 36 N  36 0.0301286 0.0982140 0.1425398 0.0533842 0.0000000 0.0294685 0.0952892 0.1138163 0.0171472 0.0041351 0.0041510 0.0610855 0.0000000 0.0088617 0.0489169 0.1985370 0.0417165 0.0000000 0.0461446 0.0064638
 37 K  37 0.1283306 0.0330828 0.0082048 0.0053578 0.0000000 0.0341307 0.0475439 0.0583347 0.0165722 0.0171318 0.0090781 0.3505810 0.0036537 0.0058791 0.0438547 0.0624657 0.0616097 0.0000000 0.0000000 0.1141889
 38 P  38 0.0445599 0.0860210 0.0444868 0.0060198 0.0000000 0.0111227 0.0185170 0.0169205 0.0037048 0.0073835 0.0683469 0.1154054 0.0000000 0.0000000 0.4474939 0.0596707 0.0615101 0.0000000 0.0058000 0.0030370
 39 T  39 0.0785422 0.0146753 0.0126008 0.0697299 0.0165691 0.0225210 0.0236228 0.0277047 0.0046999 0.0055002 0.0158226 0.0882848 0.0091102 0.0201224 0.1485614 0.2207319 0.0972263 0.0000000 0.0000000 0.1239745
 40 R  40 0.0073815 0.2563404 0.0345901 0.0296650 0.0107710 0.1287172 0.1508159 0.0459063 0.0940957 0.0000000 0.0096002 0.0424382 0.0000000 0.0000000 0.0526935 0.0665331 0.0704518 0.0000000 0.0000000 0.0000000
 41 G  41 0.0146004 0.0103274 0.1164389 0.0328703 0.0000000 0.1631522 0.0338750 0.3432215 0.0151063 0.0377940 0.0117125 0.0270971 0.0045080 0.0000000 0.0129598 0.0548199 0.0508086 0.0000000 0.0428640 0.0278442
 42 W  42 0.0103289 0.0086638 0.0037855 0.0147980 0.0109228 0.0026455 0.0300888 0.0067478 0.0000000 0.0000000 0.0240097 0.0000000 0.0097432 0.0022872 0.2621394 0.0000000 0.0075887 0.5913705 0.0049995 0.0098808
 43 L  43 0.0234856 0.0522821 0.0026354 0.0025602 0.1413799 0.1750665 0.0185172 0.0088997 0.0191407 0.0710156 0.3033931 0.0250936 0.0499189 0.0000000 0.0089953 0.0172533 0.0396118 0.0000000 0.0040109 0.0367403
 44 H  44 0.0569646 0.0095582 0.0016890 0.1694390 0.0000000 0.0238376 0.0818130 0.0106979 0.5315184 0.0046081 0.0059870 0.0045904 0.0025798 0.0027338 0.0139964 0.0072551 0.0417562 0.0000000 0.0275959 0.0033798
 45 P  45 0.0402600 0.0047554 0.0671287 0.2291650 0.0000000 0.0733153 0.0310234 0.0035615 0.0723837 0.0062608 0.0058416 0.0172477 0.0068809 0.0134747 0.2305051 0.1293078 0.0688882 0.0000000 0.0000000 0.0000000
 46 N  46 0.0202076 0.0308999 0.0360261 0.1274915 0.0000000 0.0207957 0.3681275 0.0113126 0.0000000 0.0023890 0.0119547 0.0144961 0.0000000 0.0000000 0.3088620 0.0364691 0.0051464 0.0000000 0.0000000 0.0058217
 47 D  47 0.0361516 0.0091372 0.0167635 0.2355258 0.0017899 0.0906890 0.3608606 0.0195242 0.0192729 0.0120264 0.0067601 0.0388356 0.0023751 0.0283983 0.0171270 0.0317724 0.0259092 0.0000000 0.0435704 0.0035107
 48 K  48 0.2403870 0.0690791 0.0045871 0.0084061 0.0047449 0.0273351 0.0385214 0.0294254 0.0291597 0.0033170 0.1633292 0.1514113 0.0000000 0.0041363 0.0374136 0.0500341 0.0870637 0.0000000 0.0032369 0.0484122
 49 V  49 0.0150823 0.0070877 0.0000000 0.0000000 0.0000000 0.0013508 0.0069062 0.0058136 0.0000000 0.1368942 0.4425307 0.0000000 0.0089363 0.0710050 0.0218648 0.0042805 0.0029658 0.0000000 0.0100974 0.2651848
 50 M  50 0.0220191 0.1530411 0.0043037 0.0132970 0.0051747 0.0373242 0.0075549 0.0000000 0.0000000 0.1474963 0.2953086 0.0327188 0.0541071 0.0821553 0.0057853 0.0573907 0.0110595 0.0000000 0.0209703 0.0502935
 51 G  51 0.0324582 0.0192485 0.0784034 0.0241026 0.0000000 0.0502282 0.0519420 0.2483459 0.0450388 0.0701860 0.0024609 0.1023985 0.0028034 0.0788140 0.0156987 0.0730290 0.0681558 0.0000000 0.0182899 0.0183963
 52 P  52 0.0394777 0.0283865 0.0483842 0.2005354 0.0000000 0.0340062 0.1919673 0.2090692 0.0783141 0.0000000 0.0075940 0.0125832 0.0098723 0.0000000 0.0603781 0.0470108 0.0187427 0.0000000 0.0000000 0.0136781
 53 G  53 0.0173894 0.0172888 0.0129191 0.0116446 0.0306305 0.0117133 0.0283090 0.6024032 0.0612645 0.0021800 0.0000000 0.0314277 0.0000000 0.0060335 0.0038790 0.0798396 0.0625459 0.0000000 0.0176851 0.0028468
 54 V  54 0.0314718 0.0000000 0.0017747 0.0000000 0.1624050 0.0122783 0.0071108 0.0132018 0.0000000 0.2621213 0.0205350 0.0043459 0.0545258 0.0135506 0.0080256 0.0051859 0.0078314 0.0000000 0.0048846 0.3907514
 55 S  55 0.0492873 0.0837739 0.0563228 0.0317718 0.0267560 0.0111533 0.0301465 0.0322478 0.0124597 0.0927588 0.0948885 0.0370282 0.0061584 0.0021707 0.0235164 0.1959240 0.1502345 0.0000000 0.0041624 0.0592391
 56 Y  56 0.0000000 0.0000000 0.0000000 0.0000000 0.0000000 0.0000000 0.0000000 0.0000000 0.0000000 0.0072021 0.0103512 0.0143460 0.0034905 0.5762471 0.0000000 0.0000000 0.0000000 0.0019335 0.3788944 0.0075352
 57 L  57 0.1047191 0.1084232 0.0521563 0.0206033 0.0121874 0.0513313 0.1076825 0.0355299 0.0316027 0.0404998 0.0600082 0.1254440 0.0000000 0.0154408 0.0686280 0.0685912 0.0459256 0.0022817 0.0213080 0.0276368
 58 V  58 0.4350530 0.0000000 0.0000000 0.0000000 0.0091273 0.0000000 0.0000000 0.0205926 0.0000000 0.0084166 0.0962336 0.0039029 0.0028931 0.0000000 0.0000000 0.0081812 0.0146424 0.0000000 0.0000000 0.4009574
 59 R  59 0.0042346 0.1951732 0.0875565 0.0072810 0.0000000 0.0834469 0.0148274 0.0282173 0.0328221 0.0017154 0.0053999 0.4451755 0.0014505 0.0189938 0.0000000 0.0098141 0.0194475 0.0021841 0.0245448 0.0177152
 60 Y  60 0.0038578 0.0000000 0.0000000 0.0000000 0.0034876 0.0000000 0.0000000 0.0000000 0.0085499 0.0022325 0.0839177 0.0000000 0.0045244 0.1297253 0.0000000 0.0283313 0.0000000 0.0038570 0.7315165 0.0000000
 61 M  61 0.0000000 0.0000000 0.0000000 0.0000000 0.0000000 0.0000000 0.0000000 0.0000000 0.0018235 0.1384568 0.6669140 0.0000000 0.0881580 0.0152057 0.0000000 0.0000000 0.0086509 0.0000000 0.0014191 0.0793721
 62 G  62 0.0000000 0.0000000 0.0000000 0.0000000 0.0063025 0.0000000 0.0000000 0.9936975 0.0000000 0.0000000 0.0000000 0.0000000 0.0000000 0.0000000 0.0000000 0.0000000 0.0000000 0.0000000 0.0000000 0.0000000
 63 C  63 0.0197228 0.0149920 0.0287694 0.0000000 0.1978544 0.0000000 0.0021043 0.0080283 0.0347302 0.0500226 0.0045448 0.0104781 0.0344751 0.0093396 0.0000000 0.4810647 0.0350004 0.0409902 0.0046663 0.0232167
 64 V  64 0.0224070 0.0000000 0.0000000 0.0410366 0.0102012 0.0080865 0.0169073 0.0000000 0.0098075 0.1355131 0.0918317 0.0039769 0.0976421 0.0099310 0.0000000 0.0161810 0.2801211 0.0000000 0.0000000 0.2563571
 65 E  65 0.0135599 0.0091071 0.0040409 0.0747174 0.0000000 0.1887559 0.4217558 0.0027667 0.0071184 0.0130860 0.0937298 0.0146340 0.0038897 0.0000000 0.0855392 0.0201483 0.0074163 0.0039229 0.0015805 0.0342312
 66 V  66 0.0040944 0.0000000 0.0000000 0.0000000 0.0039602 0.0000000 0.0000000 0.0000000 0.0000000 0.1625387 0.1240722 0.0053672 0.0188389 0.0027622 0.0000000 0.0000000 0.0273047 0.0000000 0.0000000 0.6510614
 67 L  67 0.0505508 0.0142771 0.0294176 0.0851121 0.0028253 0.0140488 0.0868963 0.0266815 0.0000000 0.0210241 0.2175206 0.0729006 0.0145770 0.0398730 0.1667338 0.0495641 0.0216664 0.0000000 0.0169406 0.0693904
 68 Q  68 0.0300065 0.1708383 0.0219323 0.0374810 0.0613765 0.1797670 0.3185229 0.0087555 0.0129214 0.0000000 0.0050218 0.0717550 0.0056034 0.0062988 0.0038397 0.0000000 0.0549744 0.0000000 0.0061229 0.0047824
 69 S  69 0.0842015 0.0000000 0.0038368 0.0078743 0.0000000 0.0043891 0.0874975 0.0000000 0.0000000 0.0034644 0.0130102 0.0000000 0.0000000 0.0030731 0.2446144 0.5131808 0.0129298 0.0000000 0.0021609 0.0197673
 70 M  70 0.0339145 0.0078432 0.0150756 0.1222401 0.0000000 0.0161150 0.1887017 0.0251812 0.0085026 0.0149243 0.0602469 0.0281084 0.3159200 0.0000000 0.0437014 0.0674390 0.0293720 0.0000000 0.0000000 0.0227141
 71 R  71 0.0000000 0.4160247 0.0311592 0.0345205 0.0157427 0.0252140 0.0275602 0.0884003 0.0381415 0.0000000 0.0579491 0.1364470 0.0000000 0.0077312 0.0106089 0.0948939 0.0156067 0.0000000 0.0000000 0.0000000
 72 A  72 0.0416855 0.0612137 0.1252369 0.0319388 0.0032281 0.0803300 0.0445005 0.0488375 0.0000000 0.0088276 0.0078227 0.0291140 0.0057611 0.0000000 0.0298530 0.2750413 0.1490795 0.0000000 0.0047532 0.0527766
 73 L  73 0.0220842 0.0000000 0.0053421 0.0078641 0.0000000 0.0061652 0.0176834 0.0159937 0.0000000 0.0382524 0.3165709 0.0159830 0.0302971 0.0058295 0.3437890 0.0219957 0.0093908 0.0041563 0.0000000 0.1386026
 74 D  74 0.0270595 0.0471376 0.0320687 0.2787683 0.0000000 0.0207748 0.1255678 0.0267841 0.0030321 0.0000000 0.0000000 0.0687373 0.0000000 0.0065309 0.0369780 0.1737015 0.1105895 0.0000000 0.0070018 0.0352681
 75 F  75 0.0789097 0.0409316 0.0085579 0.0672385 0.0242966 0.0060973 0.0310711 0.0174871 0.0032733 0.0492009 0.0221998 0.2256924 0.0165248 0.2351816 0.0376703 0.0392420 0.0247550 0.0031249 0.0380193 0.0305259
 76 N  76 0.0872697 0.0055148 0.1803710 0.0298196 0.0092431 0.0136147 0.0671525 0.0696733 0.0761384 0.0079087 0.1264658 0.0258057 0.0024729 0.0053132 0.0256233 0.1620383 0.0600085 0.0031910 0.0015369 0.0408385
 77 T  77 0.0406509 0.2627286 0.0139822 0.0180828 0.0057989 0.0400425 0.0151930 0.0021650 0.0140911 0.0250858 0.0070444 0.1460160 0.0450354 0.0062257 0.0000000 0.0873636 0.2216458 0.0000000 0.0000000 0.0488482
 78 R  78 0.0131583 0.3925048 0.0032423 0.0135213 0.0000000 0.0067291 0.0030922 0.5188141 0.0000000 0.0000000 0.0021240 0.0077670 0.0040854 0.0000000 0.0000000 0.0091010 0.0134230 0.0053703 0.0039988 0.0030683
 79 T  79 0.0167200 0.0123769 0.0651825 0.0971874 0.0000000 0.0157299 0.0468404 0.0119691 0.0040679 0.0388619 0.0192418 0.0183245 0.2787046 0.0060663 0.0028739 0.0455779 0.2841283 0.0000000 0.0000000 0.0361467
 80 Q  80 0.0856974 0.0277693 0.0164964 0.0775897 0.0089380 0.2278352 0.2270705 0.0436081 0.0511853 0.0314799 0.0311109 0.0615220 0.0725445 0.0000000 0.0047511 0.0145168 0.0121154 0.0000000 0.0027036 0.0030659
 81 V  81 0.0343217 0.0019854 0.0028411 0.0089611 0.0079715 0.1556264 0.0000000 0.0043909 0.0056030 0.1491671 0.0719774 0.0041944 0.0747955 0.0022022 0.0000000 0.1070174 0.0160329 0.0053611 0.0000000 0.3475508
 82 T  82 0.2289252 0.0019773 0.0057166 0.0000000 0.1992984 0.0026965 0.0024143 0.0000000 0.0000000 0.0292052 0.0826892 0.0000000 0.0111427 0.0000000 0.0000000 0.0427721 0.2497543 0.0000000 0.0000000 0.1434080
 83 R  83 0.1054078 0.2222640 0.0288697 0.0097224 0.0491216 0.2560443 0.1380026 0.0000000 0.0120833 0.0128140 0.0127061 0.0861198 0.0095898 0.0032140 0.0000000 0.0292498 0.0089487 0.0011325 0.0044150 0.0102947
 84 E  84 0.0973186 0.0275469 0.0114434 0.1935504 0.0096628 0.0362952 0.4732530 0.0154652 0.0070756 0.0039836 0.0092607 0.0781972 0.0000000 0.0000000 0.0000000 0.0094466 0.0158115 0.0010253 0.0035585 0.0071054
 85 A  85 0.7840627 0.0015199 0.0000000 0.0000000 0.0490587 0.0030809 0.0041453 0.0211321 0.0000000 0.0000000 0.0068428 0.0000000 0.0051785 0.0026096 0.0042092 0.1006982 0.0079387 0.0000000 0.0000000 0.0095234
 86 I  86 0.0141311 0.0025847 0.0000000 0.0009752 0.0683772 0.0024014 0.0000000 0.0023171 0.0000000 0.3390808 0.0720125 0.0029122 0.1953684 0.0073155 0.0029666 0.0000000 0.0000000 0.0000000 0.0077224 0.2818349
 87 S  87 0.0772836 0.1594411 0.0865510 0.0453747 0.0105225 0.1014493 0.0281207 0.0309918 0.0403391 0.0020447 0.0145585 0.1417844 0.0418420 0.0007107 0.0065285 0.1644338 0.0211162 0.0079764 0.0079284 0.0110026
 88 L  88 0.0260466 0.4176444 0.0152553 0.0347602 0.0023935 0.0198044 0.0209548 0.0029739 0.0153966 0.0092086 0.0572026 0.2931762 0.0012020 0.0000000 0.0000000 0.0217732 0.0355943 0.0000000 0.0000000 0.0266134
 89 V  89 0.0130638 0.0017625 0.0000000 0.0000000 0.0564433 0.0043570 0.0000000 0.0042145 0.0000000 0.2743412 0.3753666 0.0000000 0.0480538 0.0022044 0.0000000 0.0000000 0.0000000 0.0000000 0.0018295 0.2183633
 90 C  90 0.0417746 0.2176939 0.0067163 0.0075993 0.1374011 0.0291706 0.0088850 0.0044318 0.0180936 0.0438394 0.0163189 0.3702999 0.0149872 0.0031127 0.0030789 0.0115502 0.0020602 0.0000000 0.0091174 0.0538691
 91 E  91 0.2036039 0.0100359 0.0232800 0.0247963 0.0226618 0.0457150 0.1913408 0.0513481 0.0129874 0.0106463 0.0099006 0.0582494 0.0395361 0.0723521 0.0000000 0.0500990 0.0748761 0.0014173 0.0405627 0.0565911
 92 A  92 0.2727959 0.0156493 0.0566417 0.0371841 0.0046682 0.0620981 0.1080453 0.0499575 0.0024608 0.0345291 0.0015222 0.0074009 0.0543693 0.0028341 0.0065575 0.1456860 0.1088596 0.0000000 0.0021514 0.0265890
 93 V  93 0.1527564 0.1043053 0.0114898 0.0000000 0.0254660 0.1135392 0.0232751 0.0222395 0.0139044 0.0634141 0.0756917 0.0112113 0.0123953 0.0483133 0.0055721 0.0222256 0.0909736 0.0000000 0.0136637 0.1895634
 94 P  94 0.0518815 0.0967143 0.0150668 0.0322825 0.0000000 0.0847952 0.0637299 0.0471385 0.0453424 0.0225157 0.0214628 0.2436551 0.0119424 0.0016741 0.1720359 0.0493629 0.0058923 0.0136821 0.0087662 0.0120593
 95 G  95 0.1775482 0.0381637 0.0139950 0.0181862 0.0000000 0.0370935 0.0291625 0.2547663 0.0305105 0.0623945 0.1131568 0.0350806 0.0312134 0.0220465 0.0198517 0.0539670 0.0023464 0.0000000 0.0056624 0.0548548
 96 A  96 0.2394723 0.0404084 0.0242443 0.0067087 0.0102034 0.0165280 0.0120079 0.0823459 0.0000000 0.0333177 0.0684016 0.1531810 0.0485457 0.0352111 0.0182617 0.1207912 0.0343969 0.0051251 0.0095771 0.0412719
 97 K  97 0.0495643 0.1752124 0.0535222 0.0170021 0.0048810 0.0224513 0.0084699 0.0733124 0.0245294 0.0174292 0.0193057 0.3994142 0.0091695 0.0034085 0.0184808 0.0326822 0.0000000 0.0000000 0.0617164 0.0094484
 98 G  98 0.0562219 0.0100934 0.0496658 0.0255298 0.0048574 0.0166528 0.0469544 0.2435047 0.0000000 0.0243397 0.0272808 0.1223690 0.0043245 0.0073129 0.0438973 0.2306053 0.0639423 0.0000000 0.0033169 0.0191310
 99 A  99 0.1898004 0.0384729 0.0291152 0.0610808 0.0150655 0.0229753 0.0861903 0.0200012 0.0428123 0.0562273 0.0128670 0.1441378 0.0096875 0.0230687 0.0332632 0.0817684 0.0502813 0.0000000 0.0056822 0.0775029
100 T 100 0.0238900 0.0274345 0.0097874 0.0535502 0.0099033 0.0158692 0.0264490 0.0892137 0.0189603 0.0405068 0.0694229 0.1547702 0.0021410 0.0815242 0.0839520 0.1102362 0.0988210 0.0372214 0.0000000 0.0463467
101 R 101 0.0095975 0.1419659 0.0156959 0.0327360 0.0613160 0.1590138 0.0322040 0.0640462 0.0289912 0.0106297 0.0000000 0.2873307 0.0022618 0.0088633 0.0203791 0.0183829 0.0658097 0.0000000 0.0112578 0.0295186
102 R 102 0.0193967 0.1981347 0.0095935 0.0356355 0.0159849 0.0219213 0.0768541 0.0168868 0.0385655 0.0545866 0.0397625 0.3783922 0.0196676 0.0130374 0.0094014 0.0133245 0.0213613 0.0000000 0.0048991 0.0125946
103 R 103 0.0269348 0.3709394 0.0074919 0.0322901 0.0000000 0.0360367 0.0324850 0.0101831 0.0164137 0.0311944 0.0194196 0.2012967 0.0046676 0.0167597 0.0349740 0.0589532 0.0526487 0.0081026 0.0022483 0.0369607
104 K 104 0.0898144 0.0942318 0.0153849 0.0000000 0.0796561 0.0774240 0.0172472 0.0273710 0.0226746 0.0049353 0.0503243 0.2448784 0.0432472 0.0034202 0.0902204 0.0219306 0.0487041 0.0301894 0.0091316 0.0292147
105 P 105 0.1353971 0.0163882 0.0068663 0.0154923 0.0171861 0.0503804 0.0249519 0.0450595 0.0000000 0.0178972 0.0716447 0.0424378 0.0094172 0.0000000 0.4171884 0.0108039 0.0058904 0.0000000 0.0050815 0.1079172
106 C 106 0.0692895 0.0456406 0.0086956 0.0858048 0.0707825 0.0072082 0.0373252 0.0156437 0.0238739 0.0678561 0.0425536 0.0398215 0.0144313 0.0244887 0.2434172 0.0389186 0.0216675 0.0000000 0.0194038 0.1231776
107 S 107 0.0767255 0.0786938 0.1632308 0.0394233 0.0107580 0.0080197 0.0141739 0.0224797 0.0082105 0.0106993 0.0219887 0.1197646 0.0103270 0.0000000 0.0284858 0.1441034 0.1459706 0.0049395 0.0046295 0.0873763
108 R 108 0.1132878 0.1354273 0.0103820 0.0175049 0.1616984 0.0168707 0.0257271 0.0299267 0.0501512 0.0095222 0.0186730 0.3129433 0.0000000 0.0027405 0.0227386 0.0517132 0.0070546 0.0000000 0.0000000 0.0136383
109 P 109 0.1165841 0.0177707 0.0209307 0.0119579 0.0168183 0.0305776 0.0050432 0.0184680 0.0200546 0.0925383 0.0755137 0.0459666 0.0289987 0.0864971 0.1358530 0.0531514 0.0657493 0.0000000 0.0049776 0.1525492
110 L 110 0.0298922 0.0458838 0.0098133 0.0922180 0.0145910 0.0459509 0.0064026 0.0221284 0.0193098 0.0631782 0.3659347 0.0171432 0.0155312 0.0322850 0.0220080 0.0143492 0.0626458 0.0000000 0.0061721 0.1145625
111 S 111 0.1584367 0.1317301 0.0483198 0.0059116 0.0000000 0.0334289 0.0343455 0.0271769 0.0197661 0.0000000 0.0236708 0.0667456 0.0062278 0.0091677 0.0346655 0.3519269 0.0147537 0.0091443 0.0147812 0.0098010
112 S 112 0.0930244 0.0834734 0.0341028 0.0185562 0.1086806 0.0427653 0.0163289 0.0225144 0.0128578 0.0253358 0.0254442 0.1043493 0.0110726 0.0426792 0.0110964 0.2476195 0.0636986 0.0000000 0.0088301 0.0275706
113 I 113 0.0176679 0.0303079 0.0333548 0.0297835 0.0000000 0.0403818 0.0232971 0.0144545 0.0471557 0.2297745 0.1094379 0.0907611 0.0163154 0.0435975 0.0428035 0.0164940 0.0620607 0.0000000 0.0234667 0.1288855
114 L 114 0.0732942 0.0237495 0.0164389 0.0118410 0.0060369 0.0192905 0.0157388 0.0582244 0.0077667 0.0685642 0.3564287 0.0534036 0.0125921 0.0272982 0.0308553 0.0601710 0.0128237 0.0090650 0.1006946 0.0357228
115 G 115 0.0545016 0.0129611 0.0355056 0.1066799 0.0000000 0.0477893 0.1351476 0.2613316 0.0028080 0.0138243 0.0538596 0.0837906 0.0000000 0.0118375 0.0295768 0.0468096 0.0429193 0.0071012 0.0100652 0.0434910
116 R 116 0.0501548 0.0796588 0.0284150 0.0365746 0.0000000 0.0432359 0.0323233 0.0121501 0.0280753 0.0133051 0.0205299 0.2339632 0.0092140 0.0490406 0.2104238 0.0822323 0.0302995 0.0000000 0.0000000 0.0404037
117 S 117 0.0423526 0.0182689 0.0000000 0.1194055 0.0080932 0.0095493 0.2281110 0.0152311 0.0031268 0.0356465 0.0182606 0.0765520 0.0030218 0.0055004 0.0930970 0.2502871 0.0135682 0.0086611 0.0102140 0.0410531
118 N 118 0.0732146 0.0335310 0.2120807 0.0582895 0.0800087 0.0155028 0.0784832 0.2496721 0.0085804 0.0231873 0.0127716 0.0198258 0.0062631 0.0058988 0.0187544 0.0439163 0.0264728 0.0000000 0.0080199 0.0255270
119 L 119 0.0279102 0.0268491 0.0244580 0.0762333 0.0030804 0.0538591 0.1893950 0.0103573 0.0132054 0.0134469 0.2002727 0.0662652 0.0650079 0.0060336 0.0431425 0.0122548 0.0200599 0.0095521 0.0035247 0.1350919
120 K 120 0.0567827 0.0549520 0.0672083 0.0296514 0.0022062 0.1185740 0.0847446 0.0930055 0.0298286 0.0174741 0.0257995 0.1088282 0.0000000 0.0045599 0.0039660 0.1363475 0.0830284 0.0311124 0.0072581 0.0446726
121 F 121 0.0537594 0.0403981 0.0287027 0.0161525 0.0517272 0.2603526 0.0383032 0.0396845 0.0439928 0.0643658 0.0359899 0.0366663 0.0113951 0.1553069 0.0234338 0.0094824 0.0290470 0.0110612 0.0034978 0.0466808
122 A 122 0.1653727 0.0510523 0.0161142 0.0377020 0.0025009 0.0428026 0.0469113 0.0039213 0.0461863 0.0102224 0.0078151 0.2670838 0.0098171 0.0000000 0.1595760 0.0583787 0.0593433 0.0094664 0.0000000 0.0057337
123 G 123 0.0371386 0.0283485 0.0520734 0.0110116 0.0000000 0.0166982 0.0159178 0.2476207 0.0220940 0.0189949 0.0677904 0.1664812 0.0935558 0.0089339 0.0466804 0.1014611 0.0207675 0.0100905 0.0000000 0.0343415
124 M 124 0.0273649 0.1000746 0.0057494 0.0261188 0.0016791 0.0843200 0.0107000 0.0028607 0.0056264 0.0245038 0.0346986 0.1022520 0.1166547 0.0388460 0.0281107 0.0329238 0.2534989 0.0048588 0.0178030 0.0813557
125 P 125 0.0157572 0.0959454 0.1084649 0.0733387 0.0000000 0.0135219 0.1812246 0.0241630 0.0100300 0.0023260 0.0079651 0.2053928 0.0034405 0.0064727 0.0922837 0.0935660 0.0593392 0.0000000 0.0017055 0.0050629
126 I 126 0.0347118 0.0356731 0.0000000 0.0000000 0.0193956 0.0019711 0.0000000 0.0033784 0.0000000 0.2949891 0.0301794 0.0063373 0.0453740 0.0013016 0.0000000 0.0141510 0.0105210 0.0000000 0.0000000 0.5020164
127 T 127 0.0346427 0.0222137 0.0469638 0.1740020 0.0052661 0.0035403 0.0773472 0.0339575 0.0182863 0.1096298 0.0614632 0.0339161 0.0187180 0.0338851 0.0012648 0.0939105 0.1086578 0.0220697 0.0073051 0.0929604
128 L 128 0.0000000 0.0013862 0.0000000 0.0000000 0.0000000 0.0052600 0.0018917 0.0023297 0.0000000 0.1254059 0.6620728 0.0061075 0.0423548 0.0447264 0.0018808 0.0025635 0.0120642 0.0035248 0.0000000 0.0884316
129 T 129 0.0492976 0.0182768 0.1038503 0.0257969 0.0124337 0.0647325 0.0674213 0.0105911 0.0473120 0.0134699 0.0402526 0.0459175 0.0116821 0.1315736 0.0000000 0.0875224 0.1628965 0.0358953 0.0237491 0.0473288
130 V 130 0.0048383 0.0000000 0.0000000 0.0000000 0.0000000 0.0000000 0.0000000 0.0000000 0.0054980 0.5145002 0.0501314 0.0126409 0.0177823 0.0217948 0.0000000 0.0025649 0.0035227 0.0033403 0.0000000 0.3633862
131 S 131 0.0409156 0.0060423 0.0328622 0.0225673 0.0105561 0.0019247 0.0298505 0.0405293 0.0066136 0.0000000 0.0000000 0.0101062 0.0000000 0.0023248 0.0000000 0.6895241 0.1027608 0.0000000 0.0034226 0.0000000
132 T 132 0.0586899 0.0326680 0.0078096 0.0483288 0.0315496 0.0202667 0.0246247 0.0420765 0.0097243 0.0821527 0.0885583 0.0046577 0.0074031 0.0167799 0.0637632 0.0628251 0.2369827 0.0031672 0.0658263 0.0921459
133 S 133 0.0442994 0.1005700 0.0355330 0.2379937 0.0192664 0.0905567 0.0983041 0.0391750 0.0057157 0.0044293 0.0116562 0.1367242 0.0023469 0.0140090 0.0000000 0.1056623 0.0298858 0.0000000 0.0201511 0.0037214
134 S 134 0.0441259 0.0839318 0.0275552 0.0160555 0.0104473 0.0055796 0.0330812 0.5430442 0.0045845 0.0000000 0.0048050 0.0581111 0.0189950 0.0024113 0.0000000 0.1016195 0.0293688 0.0014138 0.0109935 0.0038769
135 L 135 0.0000000 0.0000000 0.0036696 0.0000000 0.0328633 0.0000000 0.0014344 0.0000000 0.0000000 0.3316113 0.3195087 0.0077828 0.0139723 0.0045811 0.0000000 0.0000000 0.0023008 0.0000000 0.0000000 0.2822757
136 N 136 0.0343458 0.1879047 0.0822224 0.0105481 0.0023687 0.0055125 0.0241213 0.0040390 0.0113351 0.0284971 0.0038587 0.3750696 0.0470983 0.0042146 0.0000000 0.0599816 0.0788416 0.0000000 0.0169898 0.0230510
137 L 137 0.0054986 0.0172664 0.0000000 0.0032207 0.0013058 0.0019752 0.0000000 0.0000000 0.0041794 0.1952980 0.2809353 0.0000000 0.0342673 0.0930174 0.0000000 0.0000000 0.0209668 0.0091659 0.0019662 0.3309369
138 M 138 0.0234008 0.0324277 0.0032835 0.0051935 0.0162865 0.0487937 0.0182230 0.0000000 0.0017413 0.2338089 0.2053090 0.0204559 0.0574619 0.0187324 0.0007925 0.0500342 0.0683557 0.0027208 0.0287771 0.1642016
139 A 139 0.0230726 0.0110758 0.1614533 0.3928678 0.0338548 0.0000000 0.0988387 0.0076081 0.0034789 0.0116796 0.0319243 0.0076958 0.0046769 0.0000000 0.0000000 0.0932635 0.0614324 0.0226805 0.0000000 0.0343971
140 A 140 0.1709060 0.0651923 0.0133818 0.0665164 0.0060715 0.0123610 0.1121464 0.0198239 0.0180024 0.0188787 0.0454884 0.0354968 0.0110461 0.0061061 0.2227298 0.0451910 0.0845096 0.0000000 0.0029903 0.0431613
141 D 141 0.0554191 0.0416302 0.0262251 0.3113155 0.0024366 0.0192005 0.1653355 0.0096116 0.0078971 0.0136810 0.0250521 0.1807914 0.0059192 0.0028160 0.0063837 0.0634601 0.0501920 0.0000000 0.0028634 0.0097698
142 C 142 0.0069487 0.0192078 0.1072366 0.0155411 0.0179219 0.0033183 0.0605400 0.0513686 0.0020004 0.0000000 0.0466771 0.0276604 0.0041507 0.0127313 0.0073221 0.1904164 0.4198428 0.0000000 0.0020164 0.0050993
143 K 143 0.0047672 0.0586790 0.0590228 0.0235390 0.0029376 0.1560044 0.0453384 0.1326079 0.0171729 0.0332355 0.0182049 0.4019995 0.0052489 0.0024679 0.0128204 0.0162337 0.0077119 0.0000000 0.0020080 0.0000000
144 Q 144 0.0351999 0.0676750 0.0704096 0.0808662 0.0042258 0.1380278 0.2414400 0.0450045 0.0142374 0.0174820 0.0130297 0.0699170 0.0287432 0.0073839 0.0011289 0.0266244 0.0708327 0.0000000 0.0018393 0.0659324
145 I 145 0.0359389 0.0068163 0.0000000 0.0136601 0.0296692 0.0082544 0.0115516 0.0020098 0.0000000 0.2479382 0.2361562 0.0079995 0.0333938 0.0078081 0.0327172 0.0242522 0.0832178 0.0000000 0.0042312 0.2143853
146 I 146 0.0097460 0.0150166 0.0012247 0.0114848 0.0011528 0.0362563 0.0222332 0.0141298 0.0052276 0.3267260 0.2550057 0.0033480 0.1249355 0.0128253 0.0010227 0.0205925 0.0080442 0.0000000 0.0076057 0.1234226
147 A 147 0.1754945 0.0050541 0.0135696 0.0255296 0.0373235 0.0203437 0.0447724 0.0049712 0.1286961 0.0100649 0.1012152 0.0155135 0.1949228 0.0387548 0.0000000 0.0124999 0.0313444 0.0000000 0.0593610 0.0805687
148 N 148 0.0418419 0.0365340 0.1557516 0.2167995 0.0073386 0.0621054 0.1831583 0.0059426 0.0648401 0.0026275 0.0020848 0.0264675 0.0034011 0.0561155 0.0113985 0.0698139 0.0380656 0.0000000 0.0122482 0.0034656
149 H 149 0.0044863 0.0023119 0.0149847 0.0304336 0.0407014 0.0979830 0.0131994 0.0000000 0.4719810 0.0239098 0.0120975 0.0433604 0.0020731 0.0946967 0.0000000 0.0230646 0.0209300 0.0000000 0.0504514 0.0533352
150 H 150 0.1252907 0.0319763 0.0406407 0.0368382 0.0022873 0.0551841 0.0916504 0.0168463 0.0678926 0.0055718 0.0123007 0.0193991 0.0051260 0.0131821 0.2661827 0.1110321 0.0767160 0.0000000 0.0122808 0.0096022
151 M 151 0.0019322 0.0026175 0.0000000 0.0033901 0.0044008 0.0000000 0.0061288 0.0000000 0.0036548 0.3360853 0.3089162 0.0111426 0.1287174 0.0439836 0.0240706 0.0044477 0.0091000 0.0000000 0.0000000 0.1114125
152 Q 152 0.0243018 0.2385964 0.0394245 0.0165534 0.0028789 0.1367688 0.1009907 0.0031249 0.1066036 0.0014391 0.0043502 0.0985349 0.0031577 0.0052202 0.0379803 0.0481170 0.0143291 0.0000000 0.1123265 0.0053019
153 S 153 0.0333236 0.2144204 0.1602548 0.0674618 0.0047803 0.0173019 0.0336736 0.0130865 0.0163680 0.0000000 0.0057622 0.1257254 0.0128646 0.0158676 0.0000000 0.1105380 0.1467980 0.0000000 0.0172702 0.0045031
154 I 154 0.0000000 0.0080478 0.0000000 0.0000000 0.0000000 0.0000000 0.0047349 0.0000000 0.0014346 0.7325552 0.0183384 0.0000000 0.0055235 0.0096156 0.0114251 0.0000000 0.0000000 0.0000000 0.0024172 0.2059078
155 S 155 0.0394119 0.0358933 0.0503614 0.0160552 0.0052580 0.0058006 0.0000000 0.0000000 0.0100956 0.0146456 0.0153076 0.0000000 0.0000000 0.0025505 0.0007795 0.7750014 0.0127254 0.0000000 0.0000000 0.0161139
156 F 156 0.0034456 0.0000000 0.0016192 0.0015569 0.0596967 0.0032326 0.0000000 0.0000000 0.0130084 0.0091014 0.0175157 0.0000000 0.0051214 0.5411411 0.0122692 0.0300061 0.0000000 0.0111961 0.2778875 0.0132021
157 A 157 0.1801041 0.0000000 0.0000000 0.0000000 0.3739088 0.0197747 0.0007518 0.0161275 0.0033415 0.1880210 0.0111756 0.0000000 0.0014997 0.0000000 0.0018198 0.0356559 0.0403628 0.0070946 0.0602562 0.0601060
158 S 158 0.4427028 0.0144524 0.0046397 0.0000000 0.0913581 0.0064784 0.0000000 0.0182672 0.0000000 0.0000000 0.0000000 0.0000000 0.0000000 0.0018481 0.0014910 0.1830703 0.1090781 0.0195879 0.0235058 0.0835201
159 G 159 0.1266877 0.0515814 0.0045346 0.0876065 0.0186687 0.0816828 0.0000000 0.2326446 0.0114441 0.0073274 0.0335462 0.0455858 0.0000000 0.0192881 0.0875126 0.0928966 0.0238670 0.0168157 0.0138009 0.0445093
160 G 160 0.0093626 0.0079917 0.0109850 0.3343151 0.0181944 0.1160122 0.0056444 0.2230510 0.0932423 0.0429845 0.0260578 0.0074401 0.0053609 0.0153383 0.0000000 0.0175062 0.0044156 0.0017548 0.0224787 0.0378642
161 D 161 0.0351196 0.1247406 0.0030022 0.3762735 0.0000000 0.0196097 0.0610133 0.0828634 0.0439901 0.0482138 0.0022709 0.0592991 0.0188963 0.0000000 0.0372447 0.0380595 0.0236883 0.0000000 0.0000000 0.0257150
162 P 162 0.0731919 0.0509547 0.0957001 0.0420624 0.0000000 0.0129602 0.0206590 0.0276643 0.0013441 0.0057706 0.0099140 0.0996202 0.0136132 0.0062915 0.2275467 0.1667569 0.1222444 0.0000000 0.0015957 0.0221099
163 D 163 0.0033763 0.0506770 0.0270880 0.4136452 0.0019067 0.0862605 0.1208410 0.0262977 0.1308059 0.0038574 0.0076513 0.0424486 0.0000000 0.0207686 0.0031214 0.0291582 0.0035768 0.0000000 0.0153801 0.0131394
164 T 164 0.0220388 0.0110028 0.1329545 0.3329160 0.0438760 0.0079126 0.0723959 0.0066266 0.0036493 0.0863887 0.0152775 0.0226528 0.0134471 0.0038940 0.0011056 0.0473979 0.1407117 0.0000000 0.0212443 0.0145080
165 A 165 0.0595979 0.0484478 0.0317774 0.0163863 0.0079774 0.0208871 0.0220741 0.1036615 0.0516754 0.0146069 0.2171483 0.1271482 0.0142071 0.0063586 0.0607246 0.0281493 0.0717030 0.0000000 0.0335812 0.0638877
166 E 166 0.0106292 0.2270597 0.0824304 0.1964608 0.0503218 0.0351221 0.0546705 0.0139161 0.0042193 0.0050154 0.0116124 0.2252251 0.0035505 0.0053999 0.0000000 0.0252541 0.0257342 0.0007458 0.0000000 0.0226328
167 Y 167 0.1046647 0.0257631 0.0030477 0.0283649 0.0110412 0.0384441 0.0169708 0.0292564 0.0723746 0.1447413 0.0918947 0.0000000 0.0289965 0.0724461 0.0045524 0.0017522 0.0581143 0.0020319 0.1517674 0.1137757
168 V 168 0.0236820 0.0000000 0.0000000 0.0000000 0.0102752 0.0014983 0.0027934 0.0000000 0.0000000 0.0311284 0.0414447 0.0000000 0.0055075 0.6767361 0.0000000 0.0038518 0.0015992 0.0039650 0.0050034 0.1925148
169 A 169 0.3870896 0.0105247 0.0000000 0.0000000 0.0336440 0.0229741 0.0000000 0.2095000 0.0000000 0.0037263 0.0060086 0.0000000 0.0048903 0.0020637 0.0110678 0.1998677 0.0228372 0.0000000 0.0000000 0.0858059
170 Y 170 0.0000000 0.0047876 0.0028684 0.0023373 0.0000000 0.0044209 0.0037541 0.0060154 0.0049919 0.0232966 0.0984679 0.0049754 0.0000000 0.2886623 0.0000000 0.0051447 0.0034482 0.0031511 0.5416578 0.0020204
171 V 171 0.0016683 0.0048029 0.0019065 0.0016056 0.0000000 0.0000000 0.0071291 0.0000000 0.0000000 0.5571643 0.0161058 0.0000000 0.0830780 0.0029653 0.0141355 0.0020719 0.0100480 0.0000000 0.0180746 0.2792440
172 A 172 0.4441154 0.0049779 0.0086432 0.0000000 0.1745874 0.0074616 0.0114976 0.0139274 0.0103860 0.0021421 0.0113809 0.0069059 0.0187612 0.0210289 0.0019962 0.0488181 0.1653409 0.0000000 0.0209427 0.0270866
173 K 173 0.0107589 0.3566107 0.0164445 0.0213165 0.0015662 0.0547608 0.0258466 0.0722015 0.0214777 0.0000000 0.0105015 0.3591237 0.0000000 0.0032369 0.0037976 0.0177012 0.0167574 0.0000000 0.0020893 0.0058090
174 D 174 0.0161857 0.0869269 0.0824134 0.4685897 0.0048776 0.0177771 0.1065134 0.0150386 0.0726088 0.0035237 0.0000000 0.0105234 0.0000000 0.0000000 0.0041857 0.0631826 0.0399407 0.0000000 0.0000000 0.0077127
175 P 175 0.0419684 0.1422974 0.0019969 0.0167866 0.0000000 0.0914637 0.0973855 0.1653322 0.0176087 0.0027928 0.0224693 0.0765400 0.0081299 0.0013090 0.2290083 0.0492310 0.0218135 0.0000000 0.0000000 0.0138667
176 V 176 0.0632069 0.0462604 0.0371104 0.0634778 0.0000000 0.0852955 0.0391436 0.0602224 0.0103367 0.0332993 0.0748140 0.0287627 0.0036860 0.0020969 0.0011679 0.1737763 0.1930041 0.0000000 0.0023614 0.0819777
177 N 177 0.0164121 0.0020958 0.2464520 0.0834698 0.0219663 0.0493811 0.0596601 0.1027835 0.0024553 0.0027700 0.0151831 0.0093992 0.0030101 0.0034998 0.0448958 0.1599969 0.1180234 0.0000000 0.0578220 0.0007236
178 Q 178 0.0182977 0.2117130 0.0300583 0.0417903 0.0027289 0.0932320 0.0553339 0.0344666 0.1068508 0.0089281 0.0395872 0.2260769 0.0066894 0.0040069 0.0079931 0.0277647 0.0324095 0.0221777 0.0016973 0.0281977
179 R 179 0.0088943 0.2705356 0.0214379 0.0010231 0.0011686 0.0327806 0.0051441 0.0174122 0.1518302 0.0253538 0.0464841 0.0216101 0.1217900 0.1306999 0.0114153 0.0388786 0.0242652 0.0035989 0.0385715 0.0271059
180 A 180 0.1501089 0.0506414 0.0026870 0.0136725 0.0034702 0.0168895 0.0743560 0.0067442 0.0422906 0.1845395 0.0425053 0.0529904 0.0669560 0.0812034 0.0098468 0.0157778 0.0201989 0.0000000 0.1205125 0.0446091
181 C 181 0.0375065 0.0045048 0.0000000 0.0026168 0.8616707 0.0000000 0.0058006 0.0051665 0.0073236 0.0088726 0.0331388 0.0038601 0.0000000 0.0081485 0.0034027 0.0061986 0.0092325 0.0000000 0.0000000 0.0025565
182 H 182 0.0019579 0.0059864 0.0454961 0.0049344 0.0604551 0.0054545 0.0000000 0.0000000 0.6245724 0.0000000 0.0124536 0.0000000 0.0000000 0.0869187 0.0000000 0.0111247 0.0000000 0.0000000 0.1406463 0.0000000
183 I 183 0.0636353 0.0000000 0.0010944 0.0000000 0.0333158 0.0000000 0.0019559 0.0372907 0.0262744 0.1151893 0.0412761 0.0000000 0.0018500 0.0567391 0.0028782 0.0117657 0.0151163 0.0000000 0.0261258 0.5654930
184 L 184 0.0381536 0.0000000 0.0000000 0.0000000 0.0024444 0.0000000 0.0017518 0.0290872 0.0007223 0.0210314 0.1304319 0.0000000 0.0062911 0.6719546 0.0000000 0.0000000 0.0029478 0.0028761 0.0187425 0.0735652
185 E 185 0.0032871 0.0435096 0.0178716 0.0342995 0.0190330 0.0534351 0.2325784 0.0048723 0.0314377 0.0911015 0.0978435 0.1137134 0.0522314 0.0628509 0.0000000 0.0424846 0.0390921 0.0112362 0.0067072 0.0424149
186 C 186 0.1021263 0.0075488 0.0038761 0.0043130 0.3322763 0.0070244 0.0263581 0.0239198 0.0000000 0.0181174 0.0194606 0.0827486 0.0053260 0.0040016 0.0000000 0.2028832 0.0704511 0.0000000 0.0021838 0.0873847
187 P 187 0.0574511 0.0161056 0.0149133 0.0437270 0.0482669 0.0213549 0.1141807 0.0516496 0.0236169 0.0211472 0.0391247 0.0468159 0.0000000 0.0214914 0.0774161 0.2123334 0.1282609 0.0000000 0.0096781 0.0524663
188 E 188 0.0535063 0.0304518 0.0619696 0.2380948 0.0017157 0.0285064 0.2148551 0.0479794 0.0014116 0.0000000 0.0150968 0.1884117 0.0075780 0.0036970 0.0358525 0.0369677 0.0253668 0.0000000 0.0061733 0.0023651
189 G 189 0.0277454 0.0179174 0.0832866 0.1151394 0.0298151 0.0500856 0.0915704 0.1803724 0.0193435 0.0069127 0.0055854 0.2464952 0.0077345 0.0067734 0.0201914 0.0670313 0.0240001 0.0000000 0.0000000 0.0000000
