  172         A         R         N         D         C         Q         E         G         H         I         L         K         M         F         P         S         T         W         Y         V    
  1 M   1 0.0000000 0.0000000 0.0000000 0.0000000 0.0000000 0.0000000 0.0000000 0.0000000 0.0000000 0.1021645 0.0000000 0.0000000 0.1212164 0.0000000 0.0000000 0.0000000 0.0000000 0.0000000 0.0000000 0.7766192
  2 A   2 0.1151476 0.0504978 0.0505674 0.0000000 0.0000000 0.0000000 0.0000000 0.0499980 0.0000000 0.0000000 0.0000000 0.2983328 0.0000000 0.0000000 0.0000000 0.0985393 0.3369171 0.0000000 0.0000000 0.0000000
  3 S   3 0.0582715 0.0000000 0.0000000 0.1341516 0.0000000 0.0000000 0.0336928 0.0000000 0.0000000 0.0000000 0.0000000 0.0000000 0.0000000 0.0000000 0.5979622 0.1759219 0.0000000 0.0000000 0.0000000 0.0000000
  4 A   4 0.3969369 0.0000000 0.0633520 0.0428331 0.0000000 0.0000000 0.0000000 0.0586353 0.0000000 0.0000000 0.0000000 0.0000000 0.0000000 0.0000000 0.0000000 0.1203207 0.1951494 0.0000000 0.0000000 0.1227726
  5 V   5 0.0861417 0.0000000 0.0000000 0.0595709 0.0612893 0.1059227 0.0620388 0.1600210 0.0000000 0.0274101 0.1431497 0.0317535 0.0260009 0.0259651 0.0000000 0.0580065 0.0264627 0.0401121 0.0556527 0.0305023
  6 G   6 0.2918491 0.0270219 0.0000000 0.0529118 0.0000000 0.0298128 0.0444422 0.2728379 0.0000000 0.0000000 0.0000000 0.0000000 0.0000000 0.0000000 0.1466733 0.0940627 0.0403882 0.0000000 0.0000000 0.0000000
  7 E   7 0.0611774 0.0519284 0.0000000 0.0879117 0.0000000 0.0304891 0.2962860 0.0000000 0.0000000 0.0226553 0.0515811 0.0483036 0.0000000 0.0000000 0.0736561 0.0454467 0.0255251 0.0318749 0.0000000 0.1731645
  8 K   8 0.0407632 0.0915169 0.0558490 0.0610392 0.0000000 0.2364548 0.0811282 0.0486310 0.0275849 0.0000000 0.1037123 0.1271189 0.0000000 0.0000000 0.0000000 0.0230937 0.0258865 0.0000000 0.0509684 0.0262530
  9 M   9 0.0372051 0.0000000 0.0000000 0.0345788 0.0000000 0.0000000 0.0000000 0.0000000 0.0000000 0.0881640 0.2268239 0.0000000 0.0892575 0.0000000 0.0213682 0.1104290 0.1145671 0.0000000 0.0000000 0.2776064
 10 L  10 0.0000000 0.0000000 0.0000000 0.0000000 0.0000000 0.0000000 0.0000000 0.0000000 0.0000000 0.4109058 0.2124874 0.0000000 0.0000000 0.0614520 0.0000000 0.0000000 0.0000000 0.0000000 0.0000000 0.3151548
 11 D  11 0.0225690 0.0000000 0.0193522 0.7261191 0.0308753 0.0000000 0.0951030 0.0000000 0.0000000 0.0000000 0.0000000 0.0000000 0.0000000 0.0545231 0.0000000 0.0334678 0.0179903 0.0000000 0.0000000 0.0000000
 12 D  12 0.0000000 0.0460828 0.0431430 0.7312795 0.0000000 0.0000000 0.0000000 0.0333117 0.0000000 0.0000000 0.0000000 0.0000000 0.0000000 0.0000000 0.0000000 0.0752463 0.0709367 0.0000000 0.0000000 0.0000000
 13 F  13 0.0000000 0.0179953 0.0000000 0.0000000 0.0000000 0.0000000 0.0000000 0.0188714 0.0000000 0.0000000 0.0261017 0.0000000 0.0375318 0.7421414 0.0000000 0.0425416 0.0000000 0.0000000 0.0799927 0.0348243
 14 E  14 0.0124304 0.0309141 0.0000000 0.0734872 0.0000000 0.0330567 0.6934365 0.0000000 0.0000000 0.0000000 0.0000000 0.0166151 0.0000000 0.0000000 0.0000000 0.0434227 0.0729946 0.0000000 0.0236427 0.0000000
 15 G  15 0.0160382 0.0000000 0.0660968 0.0695151 0.0000000 0.0161923 0.0000000 0.4000318 0.0160197 0.0000000 0.0137814 0.0000000 0.0000000 0.0000000 0.0000000 0.3680539 0.0000000 0.0000000 0.0342709 0.0000000
 16 V  16 0.0405235 0.0199807 0.0632444 0.0321348 0.0273344 0.0000000 0.0000000 0.0350118 0.0000000 0.1083286 0.1014221 0.0296296 0.0000000 0.0329729 0.0253942 0.0579951 0.0389006 0.0000000 0.3633224 0.0238049
 17 L  17 0.1177264 0.0477505 0.0000000 0.0549632 0.0000000 0.0172938 0.0000000 0.0201685 0.0000000 0.0313135 0.1543010 0.0000000 0.0132832 0.1568107 0.0000000 0.1763340 0.1445153 0.0164910 0.0138305 0.0352183
 18 N  18 0.1075097 0.0360575 0.0427120 0.1052920 0.0000000 0.0832411 0.0542440 0.0518197 0.0000000 0.0000000 0.0000000 0.0779829 0.0000000 0.0000000 0.0553345 0.1576280 0.2281789 0.0000000 0.0000000 0.0000000
 19 W  19 0.0748754 0.0000000 0.0117998 0.0000000 0.0000000 0.0000000 0.0000000 0.0000000 0.0000000 0.0118922 0.0579864 0.0230180 0.0000000 0.0656408 0.0169454 0.0141065 0.0169783 0.6287841 0.0649217 0.0130513
 20 G  20 0.0589537 0.0539072 0.0000000 0.0140379 0.0000000 0.0422684 0.0670076 0.2695089 0.0246673 0.0094244 0.0177378 0.0508480 0.0000000 0.0000000 0.0288849 0.0770971 0.0783891 0.0150724 0.1610515 0.0311438
 21 S  21 0.1246580 0.0256507 0.0863555 0.0153088 0.0000000 0.0110829 0.0131546 0.1295263 0.0000000 0.0494411 0.0141971 0.0532546 0.0123078 0.0000000 0.0671891 0.2211427 0.0970435 0.0000000 0.0000000 0.0796872
 22 Y  22 0.0890265 0.0000000 0.0654419 0.2001450 0.0000000 0.0347070 0.0708756 0.0658126 0.0194755 0.0000000 0.0209944 0.0000000 0.0288092 0.0314588 0.0213177 0.1188864 0.0139479 0.0330116 0.0817116 0.1043784
 23 S  23 0.1223642 0.0357330 0.1419875 0.1303774 0.0000000 0.0000000 0.0234971 0.0624329 0.0000000 0.0000000 0.0444547 0.0254881 0.0000000 0.0112169 0.0197296 0.2238951 0.0778768 0.0105016 0.0325770 0.0378680
 24 G  24 0.0726394 0.0218581 0.0330774 0.2137845 0.0000000 0.0000000 0.0384648 0.4396381 0.0000000 0.0000000 0.0000000 0.0000000 0.0000000 0.0000000 0.0350914 0.0906387 0.0548075 0.0000000 0.0000000 0.0000000
 25 E  25 0.0409170 0.0626998 0.0236921 0.2333531 0.0000000 0.0000000 0.0921544 0.0991629 0.0392887 0.0207987 0.0000000 0.0404037 0.0109208 0.0000000 0.0530555 0.1063576 0.1182452 0.0000000 0.0000000 0.0589506
 26 G  26 0.0522772 0.0212563 0.0602025 0.0881626 0.0000000 0.0521660 0.0000000 0.2450099 0.0442602 0.0179062 0.0073069 0.0547022 0.0079613 0.0000000 0.1705054 0.0341556 0.0798174 0.0000000 0.0000000 0.0643102
 27 A  27 0.1101308 0.0000000 0.0318044 0.0145624 0.0636046 0.0147524 0.0455909 0.0124391 0.0000000 0.0801212 0.0000000 0.0000000 0.0454569 0.0000000 0.1710180 0.1444005 0.0760008 0.0180895 0.0000000 0.1720285
 28 K  28 0.0426439 0.0000000 0.0534902 0.0207831 0.0000000 0.0684332 0.0408217 0.0988153 0.0000000 0.0096115 0.0396973 0.0244844 0.0000000 0.0098912 0.0000000 0.2901252 0.2179770 0.0000000 0.0119656 0.0712604
 29 V  29 0.0649085 0.0000000 0.0106224 0.0146559 0.0110640 0.0000000 0.0293278 0.1334559 0.0000000 0.1223097 0.3594861 0.0000000 0.0306119 0.0000000 0.0131241 0.0462407 0.0097527 0.0000000 0.0000000 0.1544404
 30 S  30 0.0250306 0.0376618 0.0454087 0.0137901 0.0000000 0.0111831 0.0707032 0.0317473 0.0000000 0.0000000 0.0272930 0.0484169 0.0000000 0.1095319 0.0000000 0.3413298 0.1936897 0.0000000 0.0000000 0.0442140
 31 T  31 0.0106061 0.0403820 0.0000000 0.0091598 0.0117131 0.0237931 0.0000000 0.0000000 0.0289513 0.0121855 0.3552055 0.0603084 0.0000000 0.1201253 0.0324457 0.0641516 0.1217663 0.0000000 0.0295743 0.0796321
 32 K  32 0.0959206 0.0627164 0.0167880 0.0180957 0.0000000 0.0309081 0.0836623 0.1109112 0.0000000 0.0276181 0.0000000 0.0968443 0.0251282 0.0486198 0.0153276 0.1267787 0.1941923 0.0000000 0.0000000 0.0464887
 33 I  33 0.0766604 0.0269617 0.0088266 0.1522027 0.0000000 0.0477363 0.1296236 0.0137140 0.0000000 0.0788121 0.0703141 0.0135111 0.0000000 0.0248965 0.0647212 0.1139828 0.0771779 0.0000000 0.0261654 0.0746935
 34 V  34 0.0563085 0.1076299 0.0157257 0.0607684 0.0000000 0.0469691 0.0356198 0.0628940 0.1192185 0.0066789 0.0143171 0.0099861 0.0000000 0.0000000 0.0232785 0.0457951 0.0891018 0.0078668 0.0000000 0.2978419
 35 S  35 0.1406405 0.0239221 0.0798356 0.0884492 0.0000000 0.0426161 0.0478653 0.0261614 0.0000000 0.0104741 0.0268492 0.1784715 0.0103270 0.0000000 0.0728294 0.2320586 0.0000000 0.0000000 0.0000000 0.0195000
 36 G  36 0.1104162 0.0689680 0.1497471 0.1372975 0.0262309 0.0299626 0.0226483 0.1676650 0.0105618 0.0000000 0.0000000 0.0191545 0.0000000 0.0118852 0.0224702 0.0843584 0.1156353 0.0000000 0.0099080 0.0130912
 37 K  37 0.2711053 0.0311023 0.0197944 0.1307194 0.0000000 0.0413419 0.0959320 0.0778325 0.0149355 0.0000000 0.0202230 0.0626682 0.0163265 0.0000000 0.0130930 0.1359155 0.0108354 0.0111967 0.0000000 0.0469784
 38 T  38 0.0000000 0.0149355 0.0968517 0.0161559 0.0000000 0.0119110 0.0521455 0.3915740 0.0111967 0.0241435 0.0139520 0.0123789 0.0000000 0.0076819 0.1113538 0.0936756 0.0770561 0.0000000 0.0252812 0.0397067
 39 G  39 0.0641825 0.0147610 0.1525089 0.0501539 0.0000000 0.0099421 0.1506385 0.1905508 0.0172146 0.0000000 0.0090576 0.0413921 0.0000000 0.0681348 0.0000000 0.0906216 0.1007248 0.0000000 0.0000000 0.0401168
 40 N  40 0.0098728 0.0000000 0.0722942 0.0242797 0.0000000 0.0260996 0.0296476 0.3577361 0.0121285 0.0136367 0.0073858 0.1508986 0.0159869 0.0000000 0.0710876 0.0117898 0.0110462 0.0000000 0.1723960 0.0137141
 41 G  41 0.3057168 0.0279706 0.0169912 0.0369270 0.0000000 0.0201515 0.0376285 0.3274529 0.0000000 0.0000000 0.0135441 0.0419411 0.0000000 0.0000000 0.0000000 0.0843946 0.0467140 0.0000000 0.0000000 0.0405677
 42 M  42 0.0550575 0.0000000 0.0251964 0.0442994 0.0000000 0.0229424 0.0000000 0.0448099 0.0000000 0.0289759 0.3087403 0.0597138 0.1321111 0.1616720 0.0000000 0.0195040 0.0136367 0.0142566 0.0587427 0.0103411
 43 E  43 0.1778694 0.1091397 0.0373740 0.0000000 0.0753207 0.0488970 0.1111181 0.0000000 0.0000000 0.0078394 0.0099529 0.1304841 0.0000000 0.0000000 0.0000000 0.1092328 0.0595849 0.0000000 0.0000000 0.1231869
 44 V  44 0.0000000 0.0000000 0.0000000 0.0000000 0.0000000 0.0161557 0.0000000 0.0600513 0.0213863 0.0887077 0.3180030 0.0000000 0.0492460 0.2437444 0.0000000 0.0578785 0.0078394 0.0000000 0.0970638 0.0399238
 45 S  45 0.1678771 0.0368918 0.0251964 0.1494231 0.0000000 0.0408658 0.0520174 0.0000000 0.0317225 0.0578785 0.0211374 0.1374219 0.0000000 0.0000000 0.0000000 0.1250951 0.1208065 0.0000000 0.0000000 0.0336667
 46 Y  46 0.0227317 0.0856760 0.0000000 0.0000000 0.0000000 0.0000000 0.0000000 0.1341726 0.0000000 0.0725953 0.0985165 0.0136367 0.0000000 0.0400906 0.0000000 0.0211374 0.0117144 0.0101452 0.4207579 0.0688256
 47 T  47 0.0617298 0.0360536 0.1243665 0.1727560 0.0000000 0.0117907 0.0553702 0.0284647 0.0000000 0.0000000 0.0000000 0.0532613 0.0000000 0.0000000 0.0352750 0.1334262 0.2499816 0.0000000 0.0000000 0.0375245
 48 G  48 0.0396583 0.0279008 0.0210011 0.0242878 0.0000000 0.0000000 0.0102553 0.0631868 0.0000000 0.0929309 0.1606129 0.0574383 0.0233309 0.1769474 0.0000000 0.0149534 0.0389213 0.0000000 0.1431971 0.1053777
 49 T  49 0.1244169 0.0202190 0.1724000 0.1215401 0.0000000 0.0000000 0.0220624 0.1224765 0.0000000 0.0000000 0.0252809 0.0568252 0.0000000 0.0136907 0.0000000 0.1777218 0.1005220 0.0000000 0.0000000 0.0428446
 50 T  50 0.0969360 0.0137600 0.0568743 0.0117537 0.0136907 0.0000000 0.0130620 0.0717176 0.0000000 0.1115160 0.0689677 0.0160110 0.0000000 0.0804238 0.0300072 0.1885286 0.1519106 0.0138546 0.0126714 0.0483148
 51 D  51 0.1367771 0.0000000 0.0897743 0.0869559 0.0000000 0.0267442 0.0781905 0.2244734 0.0135753 0.0000000 0.0074347 0.0073239 0.0000000 0.0000000 0.0125232 0.2287794 0.0874481 0.0000000 0.0000000 0.0000000
 52 G  52 0.0813344 0.0211993 0.0533412 0.0690521 0.0000000 0.0294953 0.0454663 0.5712806 0.0000000 0.0000000 0.0143545 0.0000000 0.0000000 0.0000000 0.0000000 0.0774440 0.0287854 0.0000000 0.0000000 0.0082471
 53 Y  53 0.0123197 0.0145013 0.0104289 0.0133641 0.0000000 0.0000000 0.0000000 0.0000000 0.0000000 0.0000000 0.0000000 0.0000000 0.0000000 0.1497409 0.0000000 0.0392203 0.0000000 0.3389362 0.4214888 0.0000000
 54 W  54 0.2731866 0.0000000 0.0132858 0.0000000 0.0270060 0.0095353 0.0000000 0.2073972 0.0000000 0.0214807 0.0323487 0.0000000 0.0000000 0.0134626 0.0121950 0.1006067 0.0775267 0.0647046 0.0251208 0.1221435
 55 G  55 0.0000000 0.0000000 0.0476234 0.0841577 0.0000000 0.0179215 0.0124028 0.7151862 0.0000000 0.0143545 0.0000000 0.0000000 0.0000000 0.0153571 0.0000000 0.0717975 0.0211993 0.0000000 0.0000000 0.0000000
 56 T  56 0.0647216 0.0527078 0.0000000 0.0000000 0.0000000 0.0000000 0.0251605 0.0136531 0.0000000 0.1440570 0.0381410 0.0000000 0.0359550 0.2316013 0.0000000 0.0000000 0.0582308 0.0000000 0.0053981 0.3303739
 57 V  57 0.1192627 0.0713311 0.0672060 0.0000000 0.0000000 0.0578491 0.0417359 0.0905786 0.0000000 0.0558465 0.0000000 0.0360571 0.0122575 0.0000000 0.0143545 0.1365381 0.2122362 0.0000000 0.0000000 0.0847467
 58 Y  58 0.0142484 0.1688188 0.0442206 0.0085931 0.0000000 0.0369538 0.0000000 0.0082471 0.1734159 0.0555888 0.1171664 0.2685344 0.0000000 0.0000000 0.0000000 0.0088890 0.0559647 0.0000000 0.0271641 0.0121950
 59 S  59 0.0565059 0.0479566 0.2153024 0.1540109 0.0000000 0.0240771 0.0451046 0.0301322 0.0000000 0.0121950 0.0456566 0.0293437 0.0092062 0.0349648 0.0769848 0.1322948 0.0336868 0.0274567 0.0251208 0.0000000
 60 L  60 0.0101206 0.0000000 0.0000000 0.0149979 0.0000000 0.0168402 0.0000000 0.0301848 0.0117725 0.0547966 0.4752968 0.0136531 0.0560929 0.1613870 0.0000000 0.0000000 0.0199749 0.0000000 0.0908920 0.0439906
 61 P  61 0.0568317 0.0263509 0.0289134 0.0560140 0.0000000 0.0266854 0.0088823 0.1702782 0.0000000 0.0000000 0.0195905 0.0207531 0.0150990 0.0179953 0.3149844 0.1438967 0.0614365 0.0000000 0.0000000 0.0322885
 62 D  62 0.0519704 0.0226250 0.0713650 0.1044191 0.0126211 0.0224354 0.0676874 0.1747249 0.0307824 0.0122289 0.0481632 0.0257097 0.0000000 0.0141962 0.2259623 0.0565424 0.0408018 0.0000000 0.0000000 0.0177650
 63 G  63 0.1126510 0.1333761 0.0327127 0.0000000 0.0000000 0.1563824 0.0961865 0.0627217 0.0423949 0.0073375 0.0579112 0.0789698 0.0074485 0.0367486 0.0000000 0.0415225 0.0127135 0.0000000 0.0083944 0.1125286
 64 D  64 0.0000000 0.0000000 0.1520715 0.7446315 0.0000000 0.0000000 0.0000000 0.0000000 0.0000000 0.0155940 0.0000000 0.0108857 0.0127218 0.0000000 0.0000000 0.0269325 0.0115211 0.0000000 0.0113766 0.0142654
 65 W  65 0.0854470 0.0000000 0.0000000 0.0000000 0.0000000 0.0000000 0.0000000 0.0000000 0.0000000 0.0107535 0.1691109 0.0000000 0.0000000 0.0607063 0.0253307 0.0000000 0.0000000 0.5801599 0.0409183 0.0275733
 66 S  66 0.0558195 0.0410293 0.0000000 0.0113022 0.0000000 0.0250024 0.0462470 0.0000000 0.0000000 0.0000000 0.0000000 0.0109265 0.0000000 0.0000000 0.0000000 0.6602651 0.1276914 0.0116270 0.0000000 0.0100896
 67 K  67 0.2037959 0.0314551 0.0929980 0.0933803 0.0000000 0.0221003 0.0649963 0.2996723 0.0000000 0.0000000 0.0000000 0.0742783 0.0000000 0.0000000 0.0169234 0.0599346 0.0351456 0.0000000 0.0000000 0.0053198
 68 W  68 0.0337835 0.0232979 0.0287491 0.0000000 0.0115989 0.0207508 0.0300895 0.0224852 0.0884551 0.0000000 0.0163312 0.0448627 0.0000000 0.1970675 0.0000000 0.0050108 0.0331502 0.0413120 0.4030557 0.0000000
 69 L  69 0.0109265 0.0238743 0.1590420 0.2215907 0.0000000 0.0445604 0.0858701 0.0460596 0.0356068 0.0000000 0.0223144 0.1487899 0.0000000 0.0000000 0.0000000 0.0649667 0.0870654 0.0372785 0.0120550 0.0000000
 70 K  70 0.1663689 0.0134862 0.0000000 0.0000000 0.0000000 0.0274172 0.0101553 0.6260448 0.0000000 0.0167089 0.0000000 0.0504583 0.0000000 0.0000000 0.0000000 0.0562846 0.0229279 0.0000000 0.0000000 0.0101480
 71 I  71 0.0000000 0.0000000 0.0000000 0.0000000 0.0000000 0.0000000 0.0000000 0.0000000 0.0000000 0.3852674 0.3924712 0.0000000 0.0104441 0.1031867 0.0000000 0.0000000 0.0000000 0.0000000 0.0000000 0.1086305
 72 S  72 0.0548061 0.1971216 0.0245869 0.0236381 0.0105894 0.1075331 0.1303394 0.0104441 0.0109444 0.0000000 0.0396321 0.0502582 0.0241545 0.0000000 0.0000000 0.2439373 0.0503903 0.0000000 0.0000000 0.0216243
 73 F  73 0.0294782 0.0000000 0.0000000 0.0000000 0.0000000 0.0000000 0.0000000 0.0000000 0.0000000 0.0670439 0.3087617 0.0000000 0.0306891 0.5174760 0.0000000 0.0000000 0.0000000 0.0000000 0.0193182 0.0272330
 74 D  74 0.0000000 0.2149198 0.0111994 0.1215852 0.0000000 0.0323219 0.0215371 0.0000000 0.0000000 0.0000000 0.0317005 0.0111829 0.0000000 0.0198807 0.0000000 0.0000000 0.0248157 0.4609426 0.0499143 0.0000000
 75 I  75 0.0405505 0.0000000 0.0000000 0.0000000 0.0000000 0.0000000 0.0000000 0.0000000 0.0000000 0.1077083 0.2370006 0.0000000 0.0575904 0.0215674 0.0000000 0.0000000 0.0000000 0.0782875 0.0718570 0.3854383
 76 K  76 0.0224998 0.1817279 0.0276976 0.0643631 0.0000000 0.0184351 0.0257280 0.0114449 0.0000000 0.0000000 0.0261847 0.3907378 0.0000000 0.0551506 0.0533425 0.0000000 0.0334414 0.0000000 0.0892466 0.0000000
 77 S  77 0.1300833 0.0000000 0.1123520 0.0000000 0.0000000 0.0000000 0.0000000 0.3585157 0.0141111 0.0389543 0.0935900 0.0000000 0.0000000 0.0000000 0.0000000 0.1836434 0.0569574 0.0000000 0.0000000 0.0117928
 78 V  78 0.0561735 0.0409758 0.0590141 0.0469841 0.0000000 0.0211299 0.1378543 0.0124958 0.0000000 0.0187708 0.0000000 0.0188016 0.0000000 0.0000000 0.4760865 0.0141454 0.0403676 0.0000000 0.0000000 0.0572005
 79 D  79 0.0577343 0.0172022 0.0512164 0.4887151 0.0000000 0.0000000 0.0427839 0.0574933 0.0000000 0.0000000 0.0000000 0.0368455 0.0000000 0.0000000 0.0739123 0.0977772 0.0465958 0.0000000 0.0000000 0.0297239
 80 G  80 0.1243160 0.0000000 0.0436173 0.0205495 0.0000000 0.0000000 0.0000000 0.6803062 0.0110250 0.0000000 0.0175494 0.0134334 0.0000000 0.0000000 0.0173268 0.0518532 0.0200232 0.0000000 0.0000000 0.0000000
 81 S  81 0.0733021 0.0184794 0.0825282 0.1864389 0.0000000 0.0150426 0.0326002 0.0704690 0.0100491 0.0000000 0.0000000 0.0632849 0.0075993 0.0134549 0.0443977 0.3143802 0.0468621 0.0000000 0.0211117 0.0000000
 82 A  82 0.0655869 0.0178669 0.1288011 0.0382098 0.0000000 0.0212645 0.0174372 0.5143870 0.0000000 0.0000000 0.0195751 0.0393383 0.0165052 0.0000000 0.0372316 0.0000000 0.0410228 0.0244757 0.0070372 0.0112606
 83 N  83 0.0117515 0.1648225 0.1562098 0.0312418 0.0000000 0.2095286 0.0154614 0.0000000 0.0372618 0.0000000 0.0620099 0.1225983 0.0136843 0.0087259 0.0141441 0.0380695 0.0214680 0.0000000 0.0529878 0.0400347
 84 E  84 0.0435670 0.2297865 0.0213375 0.0663085 0.0000000 0.0648539 0.0356761 0.0325218 0.0103644 0.0000000 0.0122679 0.2237172 0.0000000 0.0000000 0.0361329 0.0991450 0.1085327 0.0000000 0.0000000 0.0157885
 85 I  85 0.0073641 0.0000000 0.0296559 0.0000000 0.0000000 0.0000000 0.0000000 0.0164365 0.0000000 0.1513967 0.3712475 0.0000000 0.0406973 0.0833376 0.0000000 0.0000000 0.0227035 0.0000000 0.1728473 0.1043136
 86 R  86 0.0541125 0.0346256 0.0908463 0.0154877 0.0000000 0.0419613 0.0092225 0.0323024 0.0049191 0.0413596 0.0332629 0.1289274 0.0000000 0.0159092 0.0252263 0.1059411 0.1858169 0.0000000 0.0000000 0.1800792
 87 F  87 0.0000000 0.0000000 0.0000000 0.0000000 0.0000000 0.0000000 0.0000000 0.0000000 0.0000000 0.1941412 0.2667477 0.0000000 0.0000000 0.2936152 0.0000000 0.0000000 0.0134623 0.0000000 0.0124004 0.2196332
 88 M  88 0.0136702 0.1154986 0.0399044 0.0279795 0.0000000 0.4060553 0.1396180 0.0247936 0.0000000 0.0565090 0.0112181 0.0357021 0.0276261 0.0169145 0.0000000 0.0425780 0.0255304 0.0000000 0.0000000 0.0164021
 89 I  89 0.0119815 0.0000000 0.0000000 0.0194766 0.0000000 0.0079943 0.0000000 0.0000000 0.0000000 0.3989285 0.2389783 0.0000000 0.0343176 0.0696175 0.0000000 0.0000000 0.0249422 0.0000000 0.0000000 0.1937635
 90 A  90 0.0242836 0.1897747 0.0779301 0.0185221 0.0000000 0.0843444 0.0213878 0.0036351 0.0528816 0.0115016 0.0120701 0.2763374 0.0000000 0.0130934 0.0151701 0.0220993 0.0771585 0.0000000 0.0000000 0.0998100
 91 E  91 0.0576369 0.0377709 0.0251442 0.3596295 0.0000000 0.0000000 0.1728314 0.0000000 0.0149618 0.0214506 0.0174976 0.0000000 0.0236426 0.0160068 0.0454715 0.0903221 0.0470937 0.0000000 0.0142747 0.0562658
 92 K  92 0.0590660 0.0235014 0.0475292 0.1330671 0.0000000 0.0289642 0.0116074 0.3895919 0.0000000 0.0186103 0.0132925 0.0899210 0.0000000 0.0162026 0.0088489 0.0373781 0.0653017 0.0000000 0.0159037 0.0412141
 93 S  93 0.0599087 0.0397325 0.0276637 0.0366392 0.0000000 0.0203741 0.0000000 0.4566748 0.0163518 0.0000000 0.0000000 0.0262750 0.0000000 0.0000000 0.0545574 0.1897820 0.0720407 0.0000000 0.0000000 0.0000000
 94 I  94 0.1495927 0.0170016 0.1648129 0.0241211 0.0000000 0.0000000 0.0248214 0.0170598 0.0456090 0.0426532 0.0402100 0.1019410 0.0000000 0.0316123 0.0433646 0.0397420 0.0997176 0.0254881 0.0240616 0.1081910
 95 N  95 0.0428260 0.0174264 0.1313411 0.3358169 0.0092520 0.0176349 0.0513312 0.0000000 0.0427031 0.0369605 0.0436230 0.0287323 0.0000000 0.0107913 0.0141073 0.0928489 0.0336435 0.0220498 0.0303751 0.0385366
 96 G  96 0.0175040 0.0602169 0.0000000 0.0631704 0.0000000 0.0000000 0.0251937 0.3754881 0.0000000 0.0174408 0.0178901 0.0177810 0.0129136 0.1693590 0.0896494 0.0000000 0.0093286 0.0498015 0.0638172 0.0104457
 97 V  97 0.0250958 0.0122326 0.0174537 0.1176762 0.0000000 0.0095975 0.3566879 0.1260336 0.0159378 0.0284574 0.0165815 0.0000000 0.0120181 0.0000000 0.0000000 0.0914641 0.0756205 0.0000000 0.0000000 0.0951433
 98 G  98 0.2772315 0.0106227 0.0161189 0.0782846 0.0000000 0.0176201 0.0445992 0.1709795 0.0273230 0.0000000 0.0129349 0.0457568 0.0149724 0.0415830 0.0000000 0.0239798 0.0987068 0.0212046 0.0169000 0.0811823
 99 D  99 0.0258474 0.0085764 0.0346590 0.2362911 0.0000000 0.0449953 0.0573070 0.0000000 0.0111032 0.0000000 0.0286124 0.0139348 0.0149169 0.0301245 0.0000000 0.2231778 0.0396954 0.0000000 0.1936728 0.0370860
100 G 100 0.0543532 0.0135275 0.0534790 0.0206766 0.0249612 0.0206226 0.0274675 0.3511257 0.0177179 0.0131221 0.0663167 0.0146851 0.0000000 0.0921954 0.1204225 0.0526742 0.0284250 0.0165513 0.0000000 0.0116765
101 E 101 0.0127038 0.0154606 0.0327229 0.1020100 0.0000000 0.0541770 0.3619968 0.0480952 0.0118679 0.0604490 0.0000000 0.0523770 0.0000000 0.0000000 0.0112145 0.0988051 0.0140744 0.0343053 0.0198051 0.0699354
102 H 102 0.0549179 0.1119516 0.0000000 0.0496183 0.0000000 0.0263737 0.0210677 0.0349375 0.0609032 0.0475129 0.2407873 0.0430072 0.0000000 0.0267167 0.0189275 0.0337082 0.0214765 0.0253869 0.1277514 0.0549554
103 W 103 0.0000000 0.0000000 0.0000000 0.0000000 0.0000000 0.0155239 0.0121406 0.0150192 0.0000000 0.0000000 0.0000000 0.0000000 0.0000000 0.3343243 0.0000000 0.0253412 0.0000000 0.3636140 0.2340368 0.0000000
104 V 104 0.0894665 0.0633021 0.0735887 0.0407192 0.0186022 0.0557288 0.1501122 0.0000000 0.0146098 0.0312966 0.0648187 0.0107657 0.0147017 0.0127028 0.0000000 0.0670805 0.1936843 0.0000000 0.0097109 0.0891094
105 Y 105 0.2256086 0.0181384 0.0124279 0.0327644 0.0078060 0.0411150 0.0000000 0.0102699 0.0443114 0.0135291 0.0330169 0.0404614 0.0000000 0.0316549 0.0000000 0.0911079 0.2384602 0.0000000 0.0998807 0.0594471
106 S 106 0.0000000 0.0667165 0.0271737 0.0582178 0.0000000 0.1115059 0.0717287 0.0245450 0.0000000 0.0304928 0.0252351 0.0215272 0.0076187 0.0316722 0.0441232 0.2772254 0.1526939 0.0000000 0.0254351 0.0240889
107 I 107 0.0510264 0.0249864 0.0114111 0.0000000 0.0000000 0.0000000 0.0000000 0.0145742 0.0000000 0.0704293 0.1002630 0.0168426 0.0124437 0.3967879 0.0095128 0.0327106 0.0000000 0.0000000 0.0765115 0.1825005
108 T 108 0.0923570 0.0151016 0.0609252 0.0861630 0.0000000 0.0115464 0.0459375 0.1148889 0.0000000 0.0206281 0.0269540 0.0905849 0.0000000 0.0000000 0.0433880 0.0101187 0.2987422 0.0000000 0.0264728 0.0561917
109 P 109 0.1059473 0.0000000 0.0096243 0.1829956 0.0000000 0.0294041 0.0379337 0.0341355 0.0000000 0.0399661 0.1163961 0.0475141 0.0000000 0.0386905 0.0460922 0.0495373 0.1257369 0.0000000 0.0000000 0.1360264
110 D 110 0.0460851 0.0232035 0.0666664 0.2151585 0.0000000 0.0162149 0.0321476 0.1942541 0.0000000 0.0099689 0.0097330 0.0780039 0.0000000 0.0000000 0.1277203 0.0624371 0.0898373 0.0000000 0.0097396 0.0188298
111 S 111 0.0362878 0.0000000 0.0242022 0.1740653 0.0000000 0.0099070 0.0862179 0.0450484 0.0000000 0.0000000 0.0000000 0.1178992 0.0000000 0.0000000 0.0553468 0.1212767 0.2906422 0.0000000 0.0115102 0.0275963
112 S 112 0.0508327 0.0087255 0.0127745 0.0442488 0.0073593 0.0537556 0.1516792 0.4841364 0.0000000 0.0090819 0.0218090 0.0216138 0.0000000 0.0103062 0.0123210 0.0582940 0.0398373 0.0000000 0.0000000 0.0132249
113 W 113 0.0898291 0.0131178 0.0000000 0.0000000 0.0000000 0.0000000 0.0492563 0.0294398 0.0000000 0.0000000 0.0000000 0.0119727 0.0000000 0.0363290 0.0910943 0.0120775 0.0000000 0.6564029 0.0000000 0.0104805
114 K 114 0.0607082 0.1045821 0.0169197 0.0000000 0.0117402 0.1523799 0.0249374 0.0428994 0.0925819 0.0613906 0.0000000 0.1819151 0.0328958 0.0000000 0.0131178 0.0063386 0.1404168 0.0000000 0.0136564 0.0435201
115 T 115 0.0197338 0.0283942 0.0097215 0.0220327 0.0000000 0.1366472 0.0912057 0.0000000 0.0253928 0.0244987 0.1496129 0.0134873 0.0000000 0.0287540 0.0425331 0.0562598 0.2619437 0.0178699 0.0189332 0.0529794
116 I 116 0.0132778 0.0000000 0.0000000 0.0000000 0.0000000 0.0000000 0.0168646 0.0000000 0.0000000 0.2571896 0.0849502 0.0000000 0.0000000 0.0529002 0.0000000 0.0000000 0.0000000 0.0000000 0.0000000 0.5748175
117 E 117 0.0118587 0.1665364 0.0238531 0.0549163 0.0000000 0.0499341 0.2694186 0.0000000 0.0267185 0.0196740 0.0206112 0.0541446 0.0000000 0.0000000 0.0000000 0.1111355 0.1481620 0.0000000 0.0000000 0.0430369
118 I 118 0.0167901 0.0000000 0.0000000 0.0000000 0.0000000 0.0000000 0.0000000 0.0000000 0.0000000 0.5289748 0.2041736 0.0000000 0.0233147 0.0109516 0.0000000 0.0000000 0.0193870 0.0000000 0.0000000 0.1964082
119 P 119 0.0266460 0.0000000 0.0127048 0.0000000 0.0000000 0.0000000 0.0105879 0.0291177 0.0000000 0.0000000 0.0000000 0.0000000 0.0000000 0.0000000 0.8715932 0.0296786 0.0097398 0.0000000 0.0000000 0.0099320
120 F 120 0.0000000 0.0000000 0.0000000 0.0000000 0.0000000 0.0000000 0.0000000 0.0000000 0.0000000 0.0205413 0.0669378 0.0000000 0.0000000 0.8356519 0.0000000 0.0000000 0.0000000 0.0606027 0.0162663 0.0000000
121 S 121 0.1228758 0.0502394 0.0808803 0.0481075 0.0000000 0.0378612 0.0564592 0.0412345 0.0238462 0.0000000 0.0000000 0.0226117 0.0000000 0.0000000 0.0199328 0.3780962 0.0864681 0.0000000 0.0000000 0.0313873
122 S 122 0.0693047 0.0115529 0.0398864 0.2080137 0.0000000 0.1068261 0.1332438 0.0333701 0.0088780 0.0000000 0.0074334 0.0488381 0.0139826 0.0114712 0.0000000 0.2729454 0.0342536 0.0000000 0.0000000 0.0000000
123 F 123 0.0000000 0.0000000 0.0100050 0.0000000 0.0000000 0.0000000 0.0131465 0.0000000 0.0000000 0.0360109 0.1017090 0.0000000 0.0000000 0.7637275 0.0000000 0.0000000 0.0000000 0.0100122 0.0488724 0.0165166
124 R 124 0.1514425 0.1460665 0.0305946 0.0256663 0.0000000 0.0159139 0.0095801 0.0198620 0.0000000 0.0548339 0.0135029 0.1232508 0.0000000 0.0334051 0.0000000 0.0221440 0.1220925 0.0000000 0.0236192 0.2080258
125 R 125 0.1191311 0.0968661 0.0198186 0.0000000 0.0000000 0.0712174 0.0222543 0.0642112 0.0248781 0.0107503 0.0637172 0.0809077 0.0079175 0.0141215 0.1477777 0.0300058 0.0270157 0.0209621 0.1240131 0.0544346
126 R 126 0.2197771 0.3269805 0.0000000 0.0331152 0.0000000 0.0143468 0.0169370 0.0325309 0.0000000 0.0137741 0.0109185 0.0672084 0.0000000 0.0493710 0.1261095 0.0467951 0.0181115 0.0000000 0.0240243 0.0000000
127 L 127 0.0578067 0.0118007 0.0280116 0.0244148 0.0000000 0.0490716 0.0117018 0.0944629 0.0230803 0.0000000 0.0128515 0.0081911 0.0118548 0.0223920 0.2775199 0.1285600 0.1931447 0.0000000 0.0300330 0.0151028
128 D 128 0.0497993 0.0231727 0.0179374 0.1383414 0.0142719 0.0299404 0.0089549 0.0809705 0.0150083 0.0386585 0.0109113 0.0085943 0.0215023 0.0242131 0.0000000 0.0611812 0.0000000 0.3192852 0.0456392 0.0916183
129 Y 129 0.0322323 0.0399665 0.0166855 0.1436426 0.0000000 0.0484281 0.0476009 0.1281502 0.0000000 0.0000000 0.0271691 0.0406386 0.0000000 0.0687726 0.0335842 0.0414236 0.0477903 0.0552359 0.2286796 0.0000000
130 Q 130 0.0289131 0.0805332 0.0377041 0.1301378 0.0000000 0.2571775 0.0121234 0.0748107 0.0000000 0.0140378 0.0000000 0.0538034 0.0000000 0.0000000 0.0375304 0.1381155 0.0865174 0.0314005 0.0171952 0.0000000
131 P 131 0.2932759 0.0111780 0.0263354 0.0291544 0.0186839 0.0000000 0.0484190 0.1013352 0.0143024 0.0000000 0.0000000 0.0000000 0.0180509 0.0000000 0.3640599 0.0288633 0.0315974 0.0000000 0.0000000 0.0147443
132 P 132 0.0826523 0.0322914 0.0359107 0.0286009 0.0000000 0.0997346 0.0508404 0.0222502 0.0402569 0.0348901 0.0000000 0.0215651 0.0000000 0.0091225 0.2071228 0.0548341 0.0345699 0.0788441 0.0102860 0.1562280
133 G 133 0.1174896 0.0206122 0.0755725 0.1090578 0.0000000 0.0194069 0.0267282 0.3548497 0.0122077 0.0000000 0.0207376 0.0000000 0.0000000 0.0000000 0.0876185 0.0527573 0.0843307 0.0000000 0.0000000 0.0186314
134 Q 134 0.1838306 0.0363058 0.0000000 0.0714923 0.0169739 0.0797767 0.0098170 0.1238912 0.0183945 0.0000000 0.0620342 0.0428851 0.0000000 0.0877833 0.0948085 0.0693897 0.0181426 0.0360532 0.0000000 0.0484214
135 D 135 0.0689229 0.0229220 0.0540568 0.2760312 0.0000000 0.0000000 0.0373796 0.1769216 0.0141169 0.0110013 0.0000000 0.0313007 0.0000000 0.0000000 0.1345056 0.0703318 0.0575032 0.0000000 0.0000000 0.0450063
136 M 136 0.1278070 0.0293364 0.0485576 0.0488713 0.0127736 0.0000000 0.0362575 0.1521371 0.0149279 0.1518207 0.0264240 0.0836567 0.0132283 0.0000000 0.0499890 0.0490987 0.0676049 0.0126404 0.0141955 0.0606733
137 S 137 0.0263700 0.0221965 0.1493187 0.2915728 0.0000000 0.0000000 0.0088215 0.0549312 0.0000000 0.0083392 0.0596871 0.0255411 0.0282103 0.0000000 0.0123086 0.1867990 0.1171614 0.0000000 0.0000000 0.0087427
138 G 138 0.1175476 0.1294445 0.0395640 0.0344674 0.0000000 0.0727961 0.0696618 0.2299128 0.0271219 0.0264837 0.0000000 0.1269508 0.0136788 0.0142474 0.0136630 0.0434208 0.0410393 0.0000000 0.0000000 0.0000000
139 T 139 0.0479815 0.0426488 0.0265457 0.0406520 0.0000000 0.0303764 0.0783124 0.0000000 0.0000000 0.1131536 0.0671364 0.0488141 0.0274583 0.0000000 0.0933403 0.0308409 0.2020301 0.0142878 0.0000000 0.1364218
140 L 140 0.0899074 0.0311406 0.0000000 0.0103439 0.0109616 0.0126498 0.0206291 0.0139158 0.0000000 0.0322016 0.4350220 0.0051829 0.0550498 0.1798075 0.0000000 0.0000000 0.0513079 0.0000000 0.0196065 0.0322734
141 D 141 0.0278451 0.0679536 0.0766933 0.5007750 0.0000000 0.0567636 0.0226447 0.0762192 0.0088988 0.0000000 0.0124691 0.0137171 0.0000000 0.0000000 0.0000000 0.0887523 0.0393817 0.0000000 0.0000000 0.0078865
142 L 142 0.0370277 0.0327219 0.0000000 0.0087652 0.0000000 0.0000000 0.0000000 0.0141168 0.0000000 0.0509256 0.6450707 0.0270110 0.0000000 0.0080982 0.1040992 0.0186439 0.0223100 0.0000000 0.0000000 0.0312099
143 D 143 0.1218739 0.0395333 0.0521202 0.0566085 0.0000000 0.1034671 0.0335893 0.0422046 0.0000000 0.0000000 0.0113322 0.1380562 0.0000000 0.0000000 0.0000000 0.1845292 0.1745878 0.0000000 0.0187481 0.0233497
144 N 144 0.1387351 0.1262127 0.1379858 0.0229003 0.0095144 0.0448902 0.0951505 0.0789405 0.0095178 0.0000000 0.1285457 0.1092903 0.0000000 0.0000000 0.0000000 0.0862102 0.0121065 0.0000000 0.0000000 0.0000000
145 I 145 0.0184038 0.0144303 0.0000000 0.0000000 0.0000000 0.0263918 0.0000000 0.0082780 0.0000000 0.3363342 0.0681136 0.0115082 0.1751109 0.0119893 0.0000000 0.0126501 0.0088081 0.0000000 0.0000000 0.3079817
146 D 146 0.0350437 0.0559870 0.0170352 0.0322272 0.0000000 0.0469383 0.0675707 0.0286280 0.0129780 0.0278127 0.0242162 0.0375021 0.0000000 0.1149507 0.0000000 0.0548592 0.1497585 0.1525369 0.0333532 0.1086023
147 S 147 0.1174850 0.0181303 0.0166432 0.0000000 0.0000000 0.1343302 0.2401159 0.1976717 0.0000000 0.0000000 0.0000000 0.0636200 0.0000000 0.0000000 0.0000000 0.1815572 0.0222438 0.0082027 0.0000000 0.0000000
148 I 148 0.0000000 0.0000000 0.0000000 0.0000000 0.0000000 0.0000000 0.0000000 0.0085583 0.0000000 0.1849721 0.1591958 0.0050240 0.0379982 0.2827169 0.0000000 0.0000000 0.0000000 0.0184202 0.1833885 0.1197260
149 H 149 0.2408877 0.0000000 0.1039324 0.0768464 0.0000000 0.0626247 0.0427277 0.1889324 0.0228841 0.0282841 0.0000000 0.0416198 0.0000000 0.0134566 0.0000000 0.1158917 0.0114233 0.0000000 0.0000000 0.0504892
150 F 150 0.0000000 0.0000000 0.0000000 0.0000000 0.0000000 0.0000000 0.0357747 0.0566946 0.0000000 0.1912696 0.2353155 0.0116155 0.0262861 0.3195166 0.0000000 0.0000000 0.0000000 0.0000000 0.0096178 0.1139096
151 M 151 0.0805965 0.0363641 0.0195741 0.0000000 0.0000000 0.0237671 0.0806815 0.0515050 0.0125876 0.0000000 0.0738653 0.0413152 0.0874842 0.0170082 0.0083826 0.0227545 0.0957393 0.0679551 0.2644462 0.0159736
152 Y 152 0.0547589 0.0227545 0.0405712 0.0000000 0.0392816 0.0098229 0.0000000 0.0208291 0.0000000 0.1107676 0.2470727 0.0079957 0.0130500 0.0404720 0.0835059 0.0438886 0.0153208 0.0000000 0.0775304 0.1723780
153 A 153 0.0978777 0.0159501 0.1875646 0.0128257 0.0000000 0.0101881 0.0000000 0.2426032 0.0128131 0.0094979 0.0000000 0.0139437 0.0000000 0.0000000 0.2425445 0.0858162 0.0574696 0.0000000 0.0109056 0.0000000
154 N 154 0.0724898 0.0166583 0.0981791 0.1028455 0.0000000 0.0856127 0.0953629 0.1071590 0.0000000 0.0074910 0.0000000 0.0817413 0.0000000 0.0000000 0.0566423 0.1164281 0.1336405 0.0000000 0.0000000 0.0257497
155 N 155 0.1545706 0.0254165 0.0373164 0.0000000 0.0000000 0.0139437 0.0222748 0.3015705 0.0000000 0.0559019 0.0126343 0.0972454 0.0000000 0.1059595 0.0128131 0.0494508 0.0436620 0.0235752 0.0140751 0.0295902
156 K 156 0.1146247 0.0240403 0.0524307 0.0237083 0.0000000 0.0898474 0.0423161 0.2372475 0.0224898 0.0000000 0.0391217 0.0316479 0.0000000 0.0000000 0.0213274 0.0794746 0.0951966 0.0000000 0.0161041 0.1104229
157 S 157 0.1613800 0.0663627 0.0222793 0.0799911 0.0000000 0.0118216 0.0925625 0.0261616 0.0118647 0.0000000 0.0000000 0.0624465 0.0000000 0.0000000 0.1650033 0.1776437 0.0810053 0.0000000 0.0000000 0.0414777
158 G 158 0.0381080 0.0000000 0.0369874 0.0358955 0.0000000 0.0202080 0.0626153 0.6527750 0.0000000 0.0000000 0.0116247 0.0000000 0.0111707 0.0434157 0.0046173 0.0241259 0.0498434 0.0000000 0.0000000 0.0086133
159 K 159 0.0743558 0.0491120 0.0084733 0.0507257 0.0000000 0.0178110 0.0617994 0.0672104 0.0000000 0.0075294 0.0098406 0.0359684 0.0193979 0.0146389 0.0492602 0.2149316 0.2508468 0.0227954 0.0000000 0.0453032
160 F 160 0.0095682 0.0000000 0.0117139 0.0103746 0.0000000 0.0098077 0.0109599 0.0000000 0.0000000 0.1274567 0.2660310 0.0000000 0.0103964 0.3563166 0.0000000 0.0000000 0.0136322 0.0292741 0.0418365 0.1026323
161 V 161 0.0737603 0.0739596 0.0315515 0.0207293 0.0245850 0.0819493 0.0928760 0.0452726 0.0100228 0.0467812 0.0139225 0.0480557 0.0101809 0.0250844 0.0000000 0.0219496 0.0452307 0.0214587 0.2474313 0.0651985
162 V 162 0.0208187 0.0000000 0.0000000 0.0000000 0.0000000 0.0000000 0.0000000 0.0000000 0.0000000 0.3212527 0.2030216 0.0000000 0.0476825 0.1641219 0.0099465 0.0000000 0.0000000 0.0000000 0.0000000 0.2331561
163 D 163 0.0000000 0.0000000 0.0000000 0.9138637 0.0000000 0.0000000 0.0543796 0.0000000 0.0144512 0.0000000 0.0000000 0.0000000 0.0000000 0.0000000 0.0000000 0.0173055 0.0000000 0.0000000 0.0000000 0.0000000
164 N 164 0.0346352 0.0283250 0.1954825 0.3496892 0.0000000 0.0759170 0.0636660 0.0477514 0.0050677 0.0000000 0.0000000 0.0173053 0.0000000 0.0000000 0.0000000 0.0833669 0.0552409 0.0343897 0.0091633 0.0000000
165 I 165 0.0000000 0.0000000 0.0000000 0.0000000 0.0000000 0.0000000 0.0000000 0.0000000 0.0000000 0.4855830 0.1362102 0.0000000 0.0146168 0.0000000 0.0000000 0.0000000 0.0000000 0.0000000 0.0333762 0.3302137
166 K 166 0.0506988 0.2259747 0.0136348 0.0000000 0.0000000 0.0743069 0.1594942 0.0563006 0.0143212 0.0000000 0.0000000 0.2101717 0.0132012 0.0000000 0.0000000 0.0723674 0.0451847 0.0000000 0.0259984 0.0383454
167 L 167 0.2243805 0.0000000 0.0000000 0.0000000 0.0000000 0.0000000 0.0000000 0.0161989 0.0000000 0.0000000 0.5118633 0.0000000 0.0000000 0.1320871 0.0000000 0.0000000 0.0121191 0.0000000 0.0000000 0.1033511
168 I 168 0.0183282 0.0000000 0.0000000 0.0168781 0.0000000 0.0000000 0.0000000 0.0227673 0.0000000 0.1162522 0.0000000 0.0000000 0.0000000 0.0406937 0.0000000 0.0000000 0.0889212 0.0000000 0.5265496 0.1696098
169 G 169 0.0430994 0.0453493 0.1432474 0.0976943 0.0000000 0.0000000 0.0000000 0.4607780 0.0000000 0.0000000 0.0174262 0.0852373 0.0000000 0.0000000 0.0236412 0.0640504 0.0194764 0.0000000 0.0000000 0.0000000
170 A 170 0.1013456 0.1012276 0.0399635 0.1582447 0.0000000 0.0536841 0.1143064 0.0000000 0.0000000 0.0000000 0.0539346 0.1378453 0.0000000 0.0362966 0.0000000 0.1582159 0.0105138 0.0000000 0.0000000 0.0344218
171 L 171 0.3406577 0.1304254 0.0000000 0.0000000 0.0000000 0.0000000 0.0548070 0.1422047 0.0000000 0.0000000 0.0613462 0.0288991 0.0000000 0.0000000 0.2168066 0.0248534 0.0000000 0.0000000 0.0000000 0.0000000
172 E 172 0.0000000 0.0000000 0.0000000 0.3582452 0.0000000 0.2618197 0.3799351 0.0000000 0.0000000 0.0000000 0.0000000 0.0000000 0.0000000 0.0000000 0.0000000 0.0000000 0.0000000 0.0000000 0.0000000 0.0000000
