  201         A         R         N         D         C         Q         E         G         H         I         L         K         M         F         P         S         T         W         Y         V         X    
  1 G   1 0.0000000 0.0000000 0.0186435 0.0000000 0.0000000 0.0000000 0.0000000 0.0847704 0.0000000 0.0000000 0.0000000 0.0000000 0.0000000 0.0000000 0.0000000 0.0000000 0.0000000 0.0000000 0.0000000 0.0000000 0.8965861
  2 H   2 0.0237195 0.0039898 0.0166148 0.0000000 0.0000000 0.0141286 0.0012427 0.0366452 0.0036702 0.0010767 0.0011261 0.0036699 0.0148571 0.0022908 0.0619456 0.0040844 0.0064304 0.0000000 0.0029401 0.0025009 0.7990673
  3 M   3 0.0148592 0.0130665 0.0000000 0.0000000 0.0020301 0.0028707 0.0041824 0.0000000 0.0000000 0.0093517 0.0268477 0.0030372 0.0485651 0.0176990 0.0008449 0.0049359 0.0470145 0.0000000 0.0005868 0.0248726 0.7792358
  4 S   4 0.0110429 0.0000000 0.0050105 0.0052578 0.0000000 0.0000000 0.0000000 0.0039514 0.0163634 0.0031351 0.0000000 0.0053606 0.0000000 0.0000000 0.0008792 0.2253568 0.0749511 0.0000000 0.0000000 0.0038292 0.6448620
  5 P   5 0.0000000 0.0000000 0.0000000 0.0084796 0.0000000 0.0007672 0.0077165 0.0044605 0.0000000 0.0021158 0.0000000 0.0034574 0.0021431 0.0000000 0.4177183 0.0053085 0.0073561 0.0000000 0.0000000 0.0088169 0.5316602
  6 N   6 0.0385138 0.0191529 0.0444504 0.0110651 0.0100492 0.0282332 0.0146974 0.0855491 0.0111926 0.0106273 0.0063927 0.0102958 0.0085247 0.0014024 0.0066756 0.0840098 0.1131840 0.0000000 0.0018424 0.0274289 0.4667126
  7 Y   7 0.0246465 0.0335015 0.0057326 0.0006562 0.0015417 0.0221891 0.0392776 0.0154150 0.0549084 0.0027197 0.0497628 0.0098445 0.0156484 0.0403940 0.0155064 0.0120779 0.0134532 0.0037208 0.1657428 0.0357928 0.4374680
  8 T   8 0.0421874 0.0231332 0.0325842 0.0219855 0.0000000 0.0129843 0.0171536 0.0215355 0.0138188 0.0031854 0.0192531 0.0753617 0.0103861 0.0036869 0.0193690 0.1818825 0.0849899 0.0008496 0.0000000 0.0170135 0.3986397
  9 P   9 0.0187055 0.0038493 0.0361545 0.0051417 0.0000000 0.0181157 0.0119344 0.0144768 0.0015101 0.0034684 0.0098585 0.0000000 0.0299659 0.0021075 0.3927906 0.0348366 0.0237327 0.0155471 0.0011895 0.0056854 0.3709297
 10 T  10 0.0351708 0.0231576 0.0282959 0.0071672 0.0074855 0.0263379 0.0281263 0.0303950 0.0078570 0.0235456 0.0217529 0.0299417 0.0232840 0.0094851 0.0152020 0.0666272 0.2151071 0.0113961 0.0073348 0.0311621 0.3511683
 11 S  11 0.0600892 0.0112246 0.0145116 0.0050097 0.0017386 0.0111048 0.0182299 0.0611012 0.0191970 0.0541791 0.0099316 0.0051355 0.0060722 0.0000000 0.0137713 0.2567306 0.0849676 0.0000000 0.0036443 0.0245166 0.3388445
 12 P  12 0.0160291 0.0120965 0.0029501 0.0102612 0.0000000 0.0125236 0.0415858 0.0146074 0.0086888 0.0191438 0.0042638 0.0020098 0.0006153 0.0011494 0.4512604 0.0357436 0.0210080 0.0010223 0.0016810 0.0124978 0.3308623
 13 N  13 0.0586135 0.0210843 0.0362155 0.0127995 0.0098714 0.0346537 0.0243001 0.0678108 0.0181489 0.0086217 0.0272874 0.0171020 0.0220820 0.0327049 0.0210850 0.0866215 0.1275643 0.0085915 0.0066500 0.0348047 0.3233871
 14 Y  14 0.0290619 0.0315196 0.0129832 0.0042335 0.0031838 0.0424884 0.0539730 0.0192455 0.0445169 0.0036694 0.0266117 0.0195327 0.0101673 0.0475530 0.0273704 0.0267305 0.0213808 0.0210175 0.2021690 0.0335314 0.3190602
 15 S  15 0.0432002 0.0355308 0.0431301 0.0276875 0.0000000 0.0140880 0.0374299 0.0323780 0.0078903 0.0143610 0.0272008 0.0630073 0.0104379 0.0029280 0.0156749 0.2147064 0.0808033 0.0026612 0.0008637 0.0219719 0.3040487
 16 P  16 0.0272714 0.0000000 0.0358212 0.0082387 0.0011611 0.0158040 0.0096335 0.0218723 0.0013920 0.0061334 0.0155086 0.0046430 0.0354940 0.0029561 0.3861416 0.0645142 0.0408769 0.0235245 0.0044277 0.0027376 0.2918483
 17 T  17 0.0451666 0.0173290 0.0393622 0.0113349 0.0078780 0.0229948 0.0352748 0.0641228 0.0140108 0.0371225 0.0208009 0.0254232 0.0106957 0.0114607 0.0259904 0.0437971 0.2270400 0.0020255 0.0025952 0.0528789 0.2826960
 18 S  18 0.0566061 0.0064141 0.0282994 0.0174751 0.0020111 0.0136115 0.0227242 0.0357568 0.0142863 0.0601346 0.0165202 0.0346628 0.0022881 0.0029271 0.0155136 0.2698514 0.0913243 0.0045061 0.0064754 0.0269482 0.2716636
 19 P  19 0.0078511 0.0132894 0.0069842 0.0047535 0.0000000 0.0040883 0.0110098 0.0331081 0.0134250 0.0189478 0.0157432 0.0021003 0.0048890 0.0000000 0.4933789 0.0714326 0.0113951 0.0018045 0.0066034 0.0160700 0.2631256
 20 S  20 0.0726855 0.0432140 0.0253785 0.0206434 0.0080671 0.0254764 0.0342610 0.0886064 0.0122900 0.0175370 0.0192929 0.0393559 0.0085242 0.0065808 0.0257086 0.1074958 0.1291379 0.0100136 0.0064117 0.0399636 0.2593558
 21 Y  21 0.0396842 0.0223933 0.0060685 0.0021261 0.0013342 0.0272705 0.0585692 0.0273957 0.0532096 0.0093930 0.0304777 0.0120360 0.0089516 0.0667915 0.0347935 0.0405248 0.0297449 0.0088539 0.2183976 0.0490715 0.2529127
 22 S  22 0.0550691 0.0324485 0.0549672 0.0185541 0.0016871 0.0128696 0.0397433 0.0136509 0.0167862 0.0053217 0.0355896 0.0706266 0.0097550 0.0019449 0.0242744 0.2339779 0.0989082 0.0060893 0.0023066 0.0176174 0.2478125
 23 P  23 0.0379433 0.0045062 0.0378876 0.0104196 0.0000000 0.0135552 0.0154886 0.0216412 0.0030640 0.0092892 0.0221606 0.0009811 0.0347247 0.0081588 0.4250621 0.0702471 0.0200438 0.0231755 0.0021735 0.0021270 0.2373510
 24 T  24 0.0600781 0.0286802 0.0355317 0.0091001 0.0078407 0.0242000 0.0066133 0.0710506 0.0093266 0.0157292 0.0321605 0.0224173 0.0292851 0.0117946 0.0235231 0.0706349 0.2699480 0.0018564 0.0073510 0.0322558 0.2306227
 25 S  25 0.0584134 0.0416433 0.0191297 0.0128668 0.0036673 0.0098574 0.0303517 0.0336457 0.0273262 0.0554071 0.0172671 0.0158148 0.0014173 0.0026206 0.0316399 0.2926487 0.0898975 0.0014642 0.0103305 0.0297160 0.2148749
 26 P  26 0.0269029 0.0104571 0.0056123 0.0090367 0.0000000 0.0100996 0.0214011 0.0281207 0.0095971 0.0213305 0.0221749 0.0052960 0.0029493 0.0044235 0.5094489 0.0530559 0.0253117 0.0000000 0.0000000 0.0172178 0.2175641
 27 S  27 0.0859898 0.0375537 0.0388014 0.0162581 0.0086400 0.0334394 0.0371774 0.0922583 0.0134526 0.0159744 0.0267281 0.0219862 0.0071475 0.0078635 0.0281525 0.1299822 0.1159392 0.0095423 0.0070402 0.0470021 0.2190712
 28 Y  28 0.0273810 0.0448344 0.0095045 0.0014097 0.0000000 0.0751073 0.0573778 0.0370624 0.0403772 0.0099569 0.0323877 0.0196863 0.0098282 0.0528035 0.0320898 0.0307123 0.0237001 0.0185512 0.2223248 0.0479422 0.2069627
 29 S  29 0.0477037 0.0429751 0.0546157 0.0273957 0.0000000 0.0135143 0.0448990 0.0414676 0.0106661 0.0091974 0.0305355 0.0545703 0.0140224 0.0101422 0.0216092 0.2364578 0.0753619 0.0030645 0.0037219 0.0552663 0.2028132
 30 P  30 0.0331809 0.0297205 0.0390968 0.0098019 0.0000000 0.0225440 0.0066174 0.0323620 0.0013270 0.0058960 0.0253716 0.0136253 0.0361783 0.0033231 0.4103505 0.0721424 0.0361367 0.0201428 0.0017401 0.0021701 0.1982726
 31 T  31 0.0513197 0.0210901 0.0295121 0.0099822 0.0052508 0.0179972 0.0144353 0.0542161 0.0249131 0.0145661 0.0286287 0.0215739 0.0186130 0.0088665 0.1005721 0.0668848 0.2767375 0.0063647 0.0041546 0.0367388 0.1875826
 32 S  32 0.0728430 0.0242066 0.0237890 0.0163896 0.0024499 0.0103619 0.0521724 0.0272748 0.0200822 0.0477826 0.0197402 0.0155045 0.0040193 0.0046174 0.0110681 0.3249948 0.0951999 0.0013102 0.0138585 0.0359020 0.1764330
 33 P  33 0.0123520 0.0171302 0.0055093 0.0534277 0.0011609 0.0144285 0.0147435 0.0256384 0.0189081 0.0192186 0.0118728 0.0087290 0.0000000 0.0000000 0.5300341 0.0488124 0.0183555 0.0000000 0.0102939 0.0143955 0.1749893
 34 S  34 0.0822888 0.0216358 0.0617903 0.0173589 0.0122991 0.0370630 0.0449962 0.1202964 0.0127594 0.0105312 0.0284670 0.0225984 0.0203059 0.0057832 0.0254333 0.0965643 0.1535694 0.0110592 0.0052113 0.0352111 0.1747779
 35 Y  35 0.0432504 0.0441453 0.0147538 0.0000000 0.0107999 0.0255408 0.0649935 0.0290429 0.0481864 0.0046953 0.0565298 0.0173602 0.0217872 0.0632783 0.0604961 0.0418797 0.0195137 0.0125692 0.2017840 0.0517495 0.1676441
 36 S  36 0.0571751 0.0632385 0.0396545 0.0323076 0.0000000 0.0232747 0.0417106 0.0318032 0.0180111 0.0143689 0.0377473 0.0831667 0.0127284 0.0025626 0.0237930 0.2160331 0.1104702 0.0020017 0.0022425 0.0265755 0.1611348
 37 P  37 0.0379269 0.0033154 0.0402186 0.0153418 0.0000000 0.0265976 0.0080208 0.0190147 0.0000000 0.0036508 0.0163521 0.0014867 0.0351259 0.0065017 0.4809482 0.0845842 0.0314526 0.0223328 0.0038093 0.0103672 0.1529526
 38 S  38 0.0596362 0.0297824 0.0405739 0.0205762 0.0087583 0.0215198 0.0415853 0.0495496 0.0126042 0.0422955 0.0249207 0.0245587 0.0298036 0.0146859 0.0346976 0.0998767 0.2501326 0.0118963 0.0034534 0.0343761 0.1447169
 39 S  39 0.0742827 0.0128025 0.0261631 0.0032169 0.0043339 0.0272049 0.0244348 0.0772419 0.0252659 0.0617167 0.0149497 0.0202245 0.0140033 0.0100453 0.0472967 0.2867829 0.0860846 0.0057327 0.0120004 0.0205033 0.1457132
 40 P  40 0.0236771 0.0157024 0.0117625 0.0147402 0.0000000 0.0119460 0.0390558 0.0301327 0.0152005 0.0214265 0.0205942 0.0033114 0.0126105 0.0193835 0.4800771 0.0602787 0.0415757 0.0017830 0.0105133 0.0195596 0.1466694
 41 R  41 0.0730589 0.0439032 0.0416617 0.0233607 0.0152180 0.0433389 0.0431468 0.0915917 0.0154721 0.0177171 0.0302872 0.0205665 0.0098734 0.0497856 0.0284997 0.1152841 0.1150271 0.0197315 0.0086538 0.0491697 0.1446521
 42 Y  42 0.0390011 0.0454345 0.0131750 0.0017942 0.0058441 0.0524227 0.0751351 0.0467590 0.0472661 0.0093006 0.0217128 0.0061645 0.0053487 0.0567149 0.0517355 0.0400557 0.0290323 0.0090177 0.2412380 0.0638324 0.1390151
 43 T  43 0.0557361 0.0407754 0.0632475 0.0178506 0.0040679 0.0192190 0.0548290 0.0320394 0.0147192 0.0125088 0.0364572 0.0675738 0.0111202 0.0100101 0.0176244 0.2394272 0.1269991 0.0041373 0.0039099 0.0311680 0.1365798
 44 P  44 0.0361474 0.0039777 0.0398577 0.0066566 0.0031708 0.0190109 0.0210198 0.0327067 0.0061436 0.0061114 0.0197813 0.0065393 0.0406627 0.0039122 0.4600086 0.0842085 0.0485901 0.0251145 0.0014579 0.0026893 0.1322332
 45 Q  45 0.0799659 0.0302648 0.0432937 0.0229995 0.0086946 0.0451641 0.0259952 0.0610910 0.0248221 0.0295301 0.0280519 0.0314749 0.0148919 0.0095352 0.0423077 0.0488063 0.2845054 0.0060848 0.0021309 0.0296441 0.1307461
 46 S  46 0.0772531 0.0219090 0.0189734 0.0197705 0.0035497 0.0092362 0.0274623 0.0221001 0.0219977 0.0597891 0.0177348 0.0450045 0.0067624 0.0023341 0.0372633 0.3497577 0.0924225 0.0013789 0.0102246 0.0234170 0.1316591
 47 P  47 0.0109597 0.0138106 0.0090218 0.0085305 0.0000000 0.0131715 0.0089594 0.0241379 0.0173165 0.0162756 0.0179892 0.0055938 0.0000000 0.0022260 0.6316814 0.0503383 0.0215818 0.0000000 0.0033766 0.0152710 0.1297584
 48 T  48 0.0865068 0.0387950 0.0284078 0.0137078 0.0131349 0.0365041 0.0382171 0.1363622 0.0209403 0.0121038 0.0446526 0.0227777 0.0098513 0.0020147 0.0339230 0.1123109 0.1452571 0.0082210 0.0153037 0.0508314 0.1301768
 49 Y  49 0.0288204 0.0387510 0.0113664 0.0039102 0.0046960 0.0380982 0.0624719 0.0341060 0.0549179 0.0081430 0.0243768 0.0170266 0.0271343 0.0944734 0.0410886 0.0352763 0.0334370 0.0151650 0.2425946 0.0503820 0.1337643
 50 T  50 0.0438478 0.0688062 0.0623634 0.0272163 0.0000000 0.0174675 0.0412888 0.0249164 0.0146802 0.0142308 0.0371763 0.0772242 0.0095909 0.0009169 0.0247496 0.2529929 0.1257917 0.0020978 0.0035177 0.0270274 0.1240970
 51 P  51 0.0433710 0.0021402 0.0389357 0.0094689 0.0000000 0.0200294 0.0126039 0.0168185 0.0038562 0.0083782 0.0176075 0.0012254 0.0344788 0.0066516 0.5214791 0.0762263 0.0324989 0.0215140 0.0044462 0.0088684 0.1194017
 52 S  52 0.1100817 0.0213270 0.0371478 0.0138513 0.0107542 0.0258822 0.0100085 0.0577677 0.0156348 0.0134916 0.0311898 0.0256186 0.0327996 0.0082884 0.0244262 0.0833535 0.2938655 0.0063845 0.0208785 0.0453671 0.1118816
 53 S  53 0.0700597 0.0308728 0.0194292 0.0151737 0.0071749 0.0176068 0.0510411 0.0327027 0.0256635 0.0656716 0.0106857 0.0153928 0.0020085 0.0087103 0.0268331 0.3630960 0.0866024 0.0031362 0.0149355 0.0231925 0.1100108
 54 P  54 0.0282223 0.0481266 0.0065360 0.0198401 0.0021842 0.0071066 0.0149353 0.0273016 0.0183510 0.0204650 0.0107292 0.0049193 0.0049711 0.0000000 0.5804541 0.0453200 0.0316782 0.0000000 0.0012737 0.0114683 0.1161172
 55 S  55 0.0900804 0.0328767 0.0528520 0.0274544 0.0147261 0.0383204 0.0408923 0.1060270 0.0182090 0.0166978 0.0341328 0.0260020 0.0174695 0.0131957 0.0500361 0.1111409 0.1357420 0.0114647 0.0046531 0.0459900 0.1120369
 56 Y  56 0.0404125 0.0388396 0.0154466 0.0046294 0.0074860 0.0444432 0.0656112 0.0503498 0.0533107 0.0119479 0.0440015 0.0140173 0.0105969 0.0701788 0.0360383 0.0390042 0.0380936 0.0150068 0.2359028 0.0557413 0.1089412
 57 S  57 0.0678405 0.0625255 0.0566885 0.0242918 0.0014553 0.0146359 0.0498449 0.0299954 0.0187562 0.0108964 0.0366352 0.0940208 0.0169928 0.0019660 0.0279175 0.2643897 0.0894255 0.0022965 0.0015522 0.0281991 0.0996743
 58 P  58 0.0396149 0.0025766 0.0397780 0.0024882 0.0018078 0.0357592 0.0143869 0.0301797 0.0000000 0.0062266 0.0166221 0.0062139 0.0357290 0.0031220 0.4740056 0.0946104 0.0580474 0.0260962 0.0018018 0.0079623 0.1029712
 59 S  59 0.0695507 0.0327965 0.0409205 0.0200282 0.0102194 0.0261617 0.0487405 0.0542601 0.0225672 0.0266840 0.0268517 0.0303171 0.0234988 0.0039802 0.0766459 0.0718874 0.2794142 0.0067561 0.0046019 0.0280080 0.0961097
 60 S  60 0.0658778 0.0092169 0.0243034 0.0224069 0.0100249 0.0209656 0.0328436 0.0739880 0.0223443 0.0665243 0.0303753 0.0238021 0.0149632 0.0107109 0.0312088 0.3021969 0.1094761 0.0011920 0.0131281 0.0229264 0.0915247
 61 P  61 0.0179479 0.0159846 0.0077478 0.0201518 0.0006992 0.0157957 0.0313516 0.0256366 0.0237229 0.0184532 0.0243041 0.0036034 0.0051775 0.0059688 0.5756416 0.0819013 0.0130399 0.0000000 0.0070961 0.0151021 0.0906739
 62 S  62 0.0883007 0.0334430 0.0363942 0.0262088 0.0113509 0.0381908 0.0360777 0.1131348 0.0153206 0.0165214 0.0335781 0.0216269 0.0096603 0.0330004 0.0389649 0.1489098 0.1468986 0.0128695 0.0091380 0.0439345 0.0864761
 63 Y  63 0.0427980 0.0340670 0.0136902 0.0091322 0.0034832 0.0336026 0.0685813 0.0362562 0.0714557 0.0058650 0.0301742 0.0170963 0.0197751 0.0650102 0.0462776 0.0409501 0.0279753 0.0095472 0.2757207 0.0570492 0.0914928
 64 S  64 0.0677687 0.0347914 0.0601443 0.0275835 0.0009059 0.0242775 0.0394947 0.0212642 0.0154365 0.0084857 0.0417913 0.0679928 0.0189422 0.0127048 0.0329104 0.2851658 0.1158631 0.0027172 0.0050915 0.0284687 0.0881999
 65 P  65 0.0242645 0.0062020 0.0394947 0.0117894 0.0024236 0.0189408 0.0082299 0.0178249 0.0092369 0.0067852 0.0233382 0.0008127 0.0345911 0.0075186 0.5298842 0.0765240 0.0436457 0.0287919 0.0031476 0.0175048 0.0890492
 66 A  66 0.0948028 0.0306865 0.0306120 0.0113534 0.0099764 0.0250433 0.0342957 0.0507950 0.0159937 0.0187501 0.0256323 0.0264619 0.0293409 0.0140762 0.0266084 0.0980992 0.3186370 0.0040576 0.0053495 0.0474137 0.0820144
 67 S  67 0.0705423 0.0212651 0.0289200 0.0122210 0.0052339 0.0146858 0.0283998 0.0269395 0.0193602 0.0642745 0.0183644 0.0495688 0.0011013 0.0062655 0.0351600 0.3830409 0.0894426 0.0013395 0.0179107 0.0266477 0.0793164
 68 P  68 0.0131554 0.0170805 0.0065251 0.0088894 0.0000000 0.0139308 0.0200191 0.0165757 0.0219350 0.0161755 0.0137060 0.0090741 0.0072658 0.0027421 0.6405941 0.0612637 0.0317993 0.0008622 0.0022001 0.0162544 0.0799516
 69 K  69 0.0796422 0.0518209 0.0368178 0.0307918 0.0136561 0.0419732 0.0585202 0.1080416 0.0176777 0.0139966 0.0275439 0.0549749 0.0150788 0.0045434 0.0418781 0.1172565 0.1505092 0.0073050 0.0056210 0.0390719 0.0832792
 70 Y  70 0.0369568 0.0499922 0.0144731 0.0107802 0.0042690 0.0611110 0.0619897 0.0415458 0.0353900 0.0079120 0.0217997 0.0156666 0.0094575 0.0769583 0.0428338 0.0442556 0.0408176 0.0169228 0.2826387 0.0440509 0.0801789
 71 T  71 0.0460083 0.0689327 0.0799745 0.0222089 0.0008470 0.0213434 0.0487407 0.0376923 0.0127890 0.0103924 0.0410611 0.0813062 0.0155784 0.0087415 0.0259796 0.2415815 0.1020303 0.0028162 0.0074421 0.0442269 0.0803070
 72 P  72 0.0592792 0.0082506 0.0440417 0.0033442 0.0000000 0.0374503 0.0085690 0.0291425 0.0069714 0.0092809 0.0283791 0.0071950 0.0392159 0.0093567 0.4831063 0.0732382 0.0413869 0.0219194 0.0069054 0.0091865 0.0737809
 73 T  73 0.0712977 0.0253608 0.0414303 0.0179800 0.0129631 0.0318810 0.0175192 0.0482878 0.0220327 0.0295006 0.0257627 0.0251299 0.0259366 0.0077548 0.0811462 0.0876372 0.3027003 0.0143723 0.0117067 0.0262588 0.0733412
 74 S  74 0.0643584 0.0140915 0.0313710 0.0271339 0.0105943 0.0149611 0.0665532 0.0230449 0.0227912 0.0559011 0.0288432 0.0193332 0.0070478 0.0060287 0.0292050 0.3474303 0.1146648 0.0057632 0.0101832 0.0321165 0.0685833
 75 P  75 0.0182206 0.0124477 0.0087287 0.0502094 0.0000000 0.0112796 0.0090954 0.0218488 0.0178455 0.0225459 0.0177888 0.0070675 0.0000000 0.0119297 0.6121531 0.0630104 0.0203880 0.0014164 0.0048084 0.0185966 0.0706194
 76 S  76 0.0876833 0.0390175 0.0730077 0.0168888 0.0112978 0.0439463 0.0423374 0.1164517 0.0144220 0.0110686 0.0270303 0.0304795 0.0135952 0.0073006 0.0515485 0.1127593 0.1537117 0.0137655 0.0058976 0.0529621 0.0748287
 77 Y  77 0.0491273 0.0389811 0.0119693 0.0025655 0.0090955 0.0351172 0.0683950 0.0364228 0.0631195 0.0096203 0.0604499 0.0149605 0.0082010 0.0703875 0.0391355 0.0356428 0.0307887 0.0169591 0.2698585 0.0563182 0.0728847
 78 S  78 0.0601134 0.0771059 0.0571398 0.0246859 0.0051043 0.0215335 0.0355090 0.0173898 0.0280893 0.0063313 0.0401456 0.0803860 0.0132704 0.0089365 0.0306546 0.2940061 0.1025657 0.0000000 0.0019141 0.0313983 0.0637207
 79 P  79 0.0444860 0.0115774 0.0428890 0.0056622 0.0000000 0.0264573 0.0126823 0.0150643 0.0000000 0.0068437 0.0098712 0.0000000 0.0321692 0.0012694 0.5500174 0.0811950 0.0489818 0.0293227 0.0027621 0.0077525 0.0709965
 80 S  80 0.0904826 0.0375188 0.0358258 0.0091739 0.0137597 0.0342114 0.0372713 0.0525289 0.0184463 0.0299310 0.0314409 0.0235554 0.0283901 0.0069054 0.0234367 0.0791932 0.3313044 0.0034261 0.0098056 0.0398107 0.0635820
 81 S  81 0.0723795 0.0091130 0.0176651 0.0073121 0.0113001 0.0210024 0.0319257 0.0789333 0.0283153 0.0662585 0.0079805 0.0214175 0.0107403 0.0014667 0.0312072 0.3982820 0.0853412 0.0012213 0.0118790 0.0243401 0.0619193
 82 P  82 0.0217381 0.0144017 0.0017848 0.0126922 0.0009719 0.0080876 0.0459564 0.0270209 0.0164897 0.0179491 0.0077411 0.0053094 0.0007141 0.0065746 0.6351951 0.0644190 0.0250215 0.0000000 0.0046601 0.0139982 0.0692744
 83 E  83 0.1072750 0.0376958 0.0339021 0.0237266 0.0134872 0.0415608 0.0448365 0.0994381 0.0144431 0.0320556 0.0428395 0.0302527 0.0078645 0.0407480 0.0446657 0.1328839 0.1302817 0.0071882 0.0049951 0.0427010 0.0671588
 84 Y  84 0.0398890 0.0482741 0.0140974 0.0059921 0.0130864 0.0685290 0.0728175 0.0340858 0.0417033 0.0093663 0.0197033 0.0157275 0.0182653 0.0612097 0.0449783 0.0409074 0.0319301 0.0117043 0.2909735 0.0485109 0.0682489
 85 T  85 0.0454031 0.0482862 0.0620011 0.0343285 0.0025680 0.0199931 0.0529168 0.0188297 0.0117319 0.0170688 0.0460717 0.0694189 0.0204831 0.0025343 0.0257555 0.2822503 0.1376613 0.0020121 0.0025351 0.0274929 0.0706577
 86 P  86 0.0305552 0.0029417 0.0491379 0.0027778 0.0019491 0.0214363 0.0105204 0.0296337 0.0021819 0.0110560 0.0273324 0.0060523 0.0379345 0.0027859 0.5382311 0.0845194 0.0394896 0.0209517 0.0017507 0.0080711 0.0706913
 87 T  87 0.0901476 0.0280689 0.0369558 0.0221305 0.0100263 0.0322973 0.0403093 0.0638194 0.0231488 0.0191668 0.0353452 0.0341011 0.0293270 0.0027000 0.0464427 0.0655585 0.3148622 0.0020255 0.0028413 0.0361828 0.0645430
 88 S  88 0.0688891 0.0136470 0.0236143 0.0227456 0.0102230 0.0101334 0.0279854 0.0230123 0.0211142 0.0630798 0.0290606 0.0531663 0.0049598 0.0134558 0.0339625 0.3779492 0.1069497 0.0000000 0.0075955 0.0229997 0.0654567
 89 P  89 0.0163805 0.0134475 0.0064374 0.0134937 0.0014553 0.0131714 0.0124609 0.0204340 0.0180734 0.0215246 0.0216829 0.0025527 0.0010496 0.0053687 0.6766400 0.0490726 0.0185684 0.0000000 0.0037957 0.0129648 0.0714259
 90 K  90 0.0858683 0.0510778 0.0573397 0.0165123 0.0129677 0.0416713 0.0421815 0.1399463 0.0161371 0.0173966 0.0295736 0.0300315 0.0134790 0.0078841 0.0376686 0.1351170 0.1434982 0.0068207 0.0030945 0.0483408 0.0633934
 91 Y  91 0.0508969 0.0465473 0.0062797 0.0020866 0.0082350 0.0327990 0.0647144 0.0472192 0.0708022 0.0087091 0.0242691 0.0170476 0.0026780 0.0857798 0.0274257 0.0389852 0.0257404 0.0263359 0.2987830 0.0500237 0.0646423
 92 S  92 0.0517955 0.0645014 0.0571737 0.0263858 0.0038506 0.0217192 0.0512148 0.0168908 0.0296817 0.0110200 0.0499399 0.0673368 0.0111292 0.0029748 0.0299491 0.2863262 0.1089406 0.0000000 0.0082395 0.0339408 0.0669894
 93 P  93 0.0367022 0.0035137 0.0386528 0.0104246 0.0000000 0.0159751 0.0095667 0.0121318 0.0013973 0.0020283 0.0138748 0.0012621 0.0411015 0.0000000 0.5902935 0.0780799 0.0451844 0.0309574 0.0008955 0.0080486 0.0599095
 94 T  94 0.1231074 0.0282334 0.0330887 0.0084579 0.0112509 0.0297993 0.0120706 0.0600020 0.0094685 0.0229081 0.0359902 0.0301737 0.0214563 0.0120202 0.0274272 0.0819723 0.3380772 0.0026662 0.0045941 0.0495399 0.0576959
 95 S  95 0.0687211 0.0195703 0.0231641 0.0123555 0.0083812 0.0200173 0.0642429 0.0322085 0.0286254 0.0600073 0.0117478 0.0150883 0.0057370 0.0056926 0.0251568 0.3955413 0.1054790 0.0012182 0.0158193 0.0247424 0.0564839
 96 P  96 0.0261239 0.0127436 0.0056786 0.0151283 0.0017662 0.0081880 0.0225970 0.0243111 0.0315883 0.0165647 0.0191693 0.0064997 0.0037338 0.0009744 0.6479761 0.0581889 0.0202673 0.0000000 0.0018158 0.0173380 0.0593470
 97 K  97 0.0801581 0.0503693 0.0401960 0.0316153 0.0162448 0.0503686 0.0514992 0.0933191 0.0187753 0.0215715 0.0327331 0.0384091 0.0188793 0.0133391 0.0447291 0.1091860 0.1296652 0.0087821 0.0135625 0.0639035 0.0726937
 98 Y  98 0.0453652 0.0375625 0.0098894 0.0040811 0.0151181 0.0937705 0.0660842 0.0475707 0.0506732 0.0233977 0.0217312 0.0100823 0.0266024 0.0540493 0.0398233 0.0401685 0.0312677 0.0055128 0.2652956 0.0466848 0.0652696
 99 S  99 0.0512191 0.0435708 0.0635119 0.0305091 0.0075346 0.0283170 0.0610083 0.0305082 0.0198322 0.0075819 0.0465607 0.0822344 0.0241110 0.0114166 0.0293533 0.2566898 0.0936633 0.0076532 0.0041537 0.0395454 0.0610254
100 P 100 0.0386836 0.0141707 0.0406225 0.0048673 0.0000000 0.0405386 0.0123344 0.0489562 0.0011430 0.0138612 0.0247954 0.0253372 0.0331529 0.0027189 0.4705518 0.0835921 0.0483018 0.0245311 0.0050137 0.0119310 0.0548966
101 T 101 0.0829349 0.0242222 0.0436982 0.0084561 0.0104209 0.0341525 0.0191227 0.0628050 0.0204993 0.0274261 0.0334898 0.0303891 0.0204825 0.0064177 0.0893566 0.0859988 0.3039381 0.0049807 0.0061599 0.0337319 0.0513170
102 S 102 0.0701187 0.0163006 0.0219936 0.0296835 0.0119024 0.0181439 0.0561102 0.0256352 0.0201916 0.0694702 0.0277162 0.0171815 0.0012609 0.0028177 0.0242562 0.3980037 0.0939186 0.0000000 0.0098905 0.0321429 0.0532620
103 P 103 0.0137108 0.0129368 0.0043321 0.0350714 0.0025903 0.0119842 0.0124291 0.0305862 0.0169942 0.0216158 0.0183852 0.0029618 0.0013968 0.0047609 0.6526163 0.0625577 0.0194490 0.0000000 0.0060613 0.0141625 0.0553975
104 K 104 0.0951442 0.0427235 0.0701069 0.0183003 0.0150508 0.0478276 0.0445291 0.1061573 0.0138778 0.0159559 0.0267945 0.0285443 0.0070310 0.0015589 0.0397939 0.1409418 0.1631914 0.0054444 0.0010062 0.0582799 0.0577402
105 Y 105 0.0418955 0.0504875 0.0064377 0.0052952 0.0080658 0.0421029 0.0725340 0.0301454 0.0694867 0.0063652 0.0616839 0.0087018 0.0091283 0.0757281 0.0314664 0.0323509 0.0309720 0.0118386 0.2964662 0.0531287 0.0557192
106 S 106 0.0575089 0.0367958 0.0562491 0.0268296 0.0038327 0.0174434 0.0416764 0.0137497 0.0271906 0.0047864 0.0445819 0.1051208 0.0221702 0.0056489 0.0325635 0.2914728 0.1161491 0.0010443 0.0035044 0.0323234 0.0593580
107 P 107 0.0451854 0.0045469 0.0388637 0.0052603 0.0000000 0.0198865 0.0133364 0.0150959 0.0015774 0.0000000 0.0229497 0.0000000 0.0349772 0.0059211 0.5832428 0.0783030 0.0325151 0.0267576 0.0068600 0.0091900 0.0555309
108 T 108 0.0982430 0.0249669 0.0340658 0.0071488 0.0123386 0.0361584 0.0359457 0.0521460 0.0133958 0.0175212 0.0350118 0.0366664 0.0097231 0.0086045 0.0214112 0.0963427 0.3356857 0.0042187 0.0163305 0.0475183 0.0565564
109 S 109 0.0746040 0.0236287 0.0183626 0.0120884 0.0111431 0.0104865 0.0317532 0.0620013 0.0282064 0.0623995 0.0087113 0.0157058 0.0074540 0.0051117 0.0287619 0.4110020 0.0938679 0.0034546 0.0112017 0.0226570 0.0573983
110 P 110 0.0165997 0.0095551 0.0068563 0.0248285 0.0051644 0.0103250 0.0398798 0.0195177 0.0256970 0.0146638 0.0111366 0.0113997 0.0000000 0.0030640 0.6529883 0.0423655 0.0299212 0.0000000 0.0012248 0.0122657 0.0625470
111 T 111 0.0890568 0.0373991 0.0381793 0.0241147 0.0139241 0.0427189 0.0501252 0.1091862 0.0166375 0.0138365 0.0361067 0.0305126 0.0125103 0.0344796 0.0339251 0.1357329 0.1573157 0.0086564 0.0052599 0.0442159 0.0661066
112 Y 112 0.0372791 0.0305754 0.0152786 0.0089992 0.0112220 0.0604665 0.0703704 0.0341610 0.0372087 0.0087239 0.0171059 0.0183810 0.0195436 0.0616719 0.0480278 0.0385084 0.0301574 0.0225018 0.3063658 0.0565048 0.0669469
113 S 113 0.0383660 0.0591993 0.0744282 0.0224081 0.0030220 0.0286128 0.0482935 0.0209473 0.0131910 0.0127540 0.0378987 0.0774115 0.0163451 0.0019708 0.0311453 0.2973231 0.1111981 0.0028466 0.0019260 0.0316519 0.0690607
114 P 114 0.0340215 0.0049966 0.0401862 0.0023583 0.0000000 0.0363004 0.0093466 0.0223717 0.0000000 0.0138510 0.0261856 0.0055056 0.0325350 0.0034376 0.5398122 0.0746723 0.0473284 0.0222388 0.0077832 0.0055221 0.0715470
115 T 115 0.0766520 0.0362343 0.0400127 0.0137947 0.0087497 0.0311663 0.0496031 0.0427223 0.0216751 0.0298684 0.0313040 0.0315031 0.0179392 0.0023500 0.0670273 0.0800740 0.3053144 0.0065875 0.0035482 0.0321710 0.0717026
116 T 116 0.0619282 0.0127252 0.0192601 0.0232915 0.0117512 0.0184509 0.0303057 0.0335037 0.0182142 0.0546227 0.0279587 0.0440293 0.0045938 0.0072346 0.0274854 0.3695966 0.1222550 0.0000000 0.0115793 0.0321520 0.0690617
117 P 117 0.0240870 0.0084817 0.0081380 0.0135668 0.0000000 0.0227716 0.0121336 0.0170551 0.0180358 0.0174772 0.0149155 0.0053176 0.0014104 0.0000000 0.6636949 0.0450992 0.0328567 0.0017930 0.0031405 0.0171986 0.0728269
118 K 118 0.0793232 0.0401215 0.0508893 0.0238625 0.0155601 0.0528293 0.0342217 0.0871864 0.0230927 0.0136137 0.0374455 0.0528556 0.0272160 0.0129870 0.0330919 0.1129723 0.1333848 0.0111347 0.0130083 0.0612407 0.0839628
119 Y 119 0.0514025 0.0519820 0.0138453 0.0072614 0.0061012 0.0364168 0.0723984 0.0344775 0.0632837 0.0159727 0.0251245 0.0166969 0.0040448 0.0714542 0.0319350 0.0483183 0.0256384 0.0124277 0.2888132 0.0447223 0.0776831
120 S 120 0.0645323 0.0588069 0.0537778 0.0323036 0.0064920 0.0240240 0.0498032 0.0246866 0.0283338 0.0142272 0.0399410 0.0855390 0.0226262 0.0009891 0.0379109 0.2361790 0.0865757 0.0019519 0.0143756 0.0389056 0.0780185
121 P 121 0.0358242 0.0075531 0.0408032 0.0062879 0.0016595 0.0213464 0.0070975 0.0179368 0.0014064 0.0065223 0.0124098 0.0039695 0.0346854 0.0026052 0.5298048 0.0989757 0.0404445 0.0301212 0.0088903 0.0039803 0.0876757
122 T 122 0.1060791 0.0241078 0.0332717 0.0065776 0.0133915 0.0308279 0.0062674 0.0650574 0.0103439 0.0274879 0.0289313 0.0281417 0.0300458 0.0058347 0.0282738 0.0965395 0.3396302 0.0029119 0.0040443 0.0318220 0.0804125
123 S 123 0.0694534 0.0091596 0.0205968 0.0186815 0.0107900 0.0196851 0.0654872 0.0381201 0.0249527 0.0638610 0.0197012 0.0104087 0.0057272 0.0090133 0.0279016 0.3781332 0.0814865 0.0054549 0.0157070 0.0261911 0.0794880
124 P 124 0.0170839 0.0186813 0.0079532 0.0042355 0.0013430 0.0093571 0.0200406 0.0173058 0.0247873 0.0167484 0.0187792 0.0117815 0.0000000 0.0038474 0.6262173 0.0727607 0.0263308 0.0007353 0.0006974 0.0182692 0.0830452
125 T 125 0.0877263 0.0407084 0.0401053 0.0250318 0.0112813 0.0548198 0.0456244 0.0882189 0.0200418 0.0135927 0.0223816 0.0233549 0.0138079 0.0067768 0.0455085 0.1583594 0.1467975 0.0103386 0.0028647 0.0617367 0.0809227
126 Y 126 0.0419523 0.0393909 0.0099468 0.0035221 0.0049284 0.0756256 0.0709044 0.0438180 0.0452992 0.0182682 0.0318806 0.0185087 0.0075202 0.0714296 0.0444132 0.0358884 0.0344964 0.0109631 0.2614774 0.0431665 0.0866001
127 S 127 0.0475475 0.0439592 0.0574225 0.0293667 0.0063199 0.0165286 0.0462823 0.0281663 0.0160665 0.0088121 0.0485433 0.0851267 0.0206351 0.0074273 0.0230172 0.2840709 0.0842523 0.0026376 0.0028674 0.0538909 0.0870597
128 P 128 0.0204629 0.0260836 0.0422465 0.0039726 0.0012853 0.0254325 0.0132356 0.0337763 0.0116679 0.0048101 0.0311399 0.0112139 0.0361921 0.0061716 0.4668349 0.0814024 0.0448988 0.0286627 0.0031113 0.0170186 0.0903805
129 T 129 0.0790464 0.0219959 0.0432960 0.0108440 0.0068065 0.0389063 0.0158529 0.0386450 0.0185277 0.0180838 0.0308355 0.0298853 0.0263314 0.0112777 0.0735330 0.0809575 0.3092499 0.0000000 0.0141739 0.0400767 0.0916746
130 S 130 0.0710176 0.0215111 0.0221066 0.0249392 0.0068879 0.0160101 0.0525441 0.0244640 0.0194936 0.0541996 0.0225525 0.0195034 0.0072969 0.0037538 0.0367903 0.3684406 0.0885234 0.0011528 0.0166932 0.0288983 0.0932211
131 P 131 0.0150490 0.0145383 0.0048989 0.0404981 0.0008159 0.0110915 0.0121855 0.0173790 0.0258789 0.0242245 0.0138419 0.0048223 0.0029354 0.0000000 0.6264302 0.0506294 0.0139211 0.0000000 0.0075312 0.0151152 0.0982136
132 V 132 0.0931202 0.0335947 0.0636972 0.0180506 0.0084245 0.0438534 0.0553872 0.0697058 0.0141392 0.0101053 0.0372551 0.0292880 0.0192128 0.0078393 0.0583963 0.1133119 0.1492518 0.0124096 0.0067505 0.0614160 0.0947905
133 Y 133 0.0439461 0.0443682 0.0066623 0.0063818 0.0109990 0.0427866 0.0644173 0.0416799 0.0562762 0.0066410 0.0439303 0.0160102 0.0096295 0.0596910 0.0430529 0.0466761 0.0409968 0.0200325 0.2460373 0.0502402 0.0995447
134 T 134 0.0432388 0.0658092 0.0645049 0.0230586 0.0020263 0.0149429 0.0527240 0.0167810 0.0244736 0.0069579 0.0465839 0.0835228 0.0153078 0.0046778 0.0427523 0.2402844 0.0931827 0.0000000 0.0169562 0.0446822 0.0975329
135 P 135 0.0430288 0.0099161 0.0466243 0.0066012 0.0023211 0.0297904 0.0052782 0.0127424 0.0022873 0.0186339 0.0104727 0.0062286 0.0298749 0.0013689 0.5082227 0.0848800 0.0353455 0.0245271 0.0055840 0.0105210 0.1057511
136 T 136 0.0927126 0.0326417 0.0273036 0.0107292 0.0054970 0.0396986 0.0362536 0.0513878 0.0195552 0.0225145 0.0371462 0.0359808 0.0171921 0.0057310 0.0366068 0.0823457 0.2910159 0.0078900 0.0132574 0.0311744 0.1033660
137 S 137 0.0719157 0.0070744 0.0260560 0.0138636 0.0090790 0.0202542 0.0358146 0.0537050 0.0235459 0.0651854 0.0115778 0.0100901 0.0044250 0.0065763 0.0378274 0.3527141 0.0979985 0.0000000 0.0114290 0.0312829 0.1095854
138 P 138 0.0255358 0.0081216 0.0084734 0.0273642 0.0031104 0.0103998 0.0375009 0.0214537 0.0181583 0.0198695 0.0129549 0.0019831 0.0018920 0.0074223 0.5901356 0.0472342 0.0214115 0.0029606 0.0069728 0.0147633 0.1122818
139 K 139 0.0812409 0.0430373 0.0595498 0.0214931 0.0117283 0.0525204 0.0461530 0.0787358 0.0146816 0.0123862 0.0280148 0.0386170 0.0091532 0.0293671 0.0423784 0.1154169 0.1319082 0.0091013 0.0035844 0.0572747 0.1136576
140 Y 140 0.0396534 0.0396859 0.0082426 0.0042580 0.0054687 0.0522130 0.0635749 0.0361232 0.0388208 0.0116382 0.0297447 0.0140622 0.0043555 0.0574363 0.0371053 0.0432548 0.0285443 0.0114183 0.3066950 0.0459571 0.1217479
141 S 141 0.0496831 0.0497033 0.0524357 0.0325062 0.0036276 0.0181996 0.0425320 0.0121362 0.0097628 0.0037383 0.0453349 0.0821120 0.0223320 0.0109915 0.0197319 0.2824627 0.1013412 0.0048593 0.0036256 0.0329602 0.1199240
142 P 142 0.0330383 0.0035288 0.0383400 0.0063388 0.0026113 0.0320822 0.0119832 0.0155988 0.0007534 0.0056262 0.0209728 0.0057163 0.0365104 0.0008762 0.5152805 0.0740068 0.0474043 0.0242427 0.0029443 0.0067624 0.1153822
143 T 143 0.0789876 0.0300204 0.0391552 0.0240942 0.0097684 0.0363173 0.0251436 0.0479410 0.0146761 0.0212607 0.0267965 0.0293070 0.0130191 0.0023571 0.0478498 0.0878447 0.3175169 0.0006905 0.0030284 0.0243332 0.1198925
144 S 144 0.0676516 0.0119626 0.0207001 0.0206359 0.0071064 0.0127925 0.0292962 0.0306210 0.0221970 0.0613747 0.0236366 0.0355924 0.0049811 0.0019835 0.0337487 0.3618419 0.0966547 0.0000000 0.0103472 0.0210038 0.1258721
145 P 145 0.0086264 0.0124898 0.0076739 0.0062110 0.0000000 0.0155500 0.0137478 0.0125841 0.0175417 0.0207611 0.0176526 0.0051732 0.0013882 0.0049665 0.6216595 0.0697040 0.0122297 0.0000000 0.0059594 0.0145880 0.1314932
146 T 146 0.0883378 0.0392167 0.0520656 0.0145511 0.0135423 0.0502267 0.0424832 0.1098988 0.0135033 0.0149797 0.0284218 0.0330639 0.0083818 0.0088701 0.0394694 0.0916748 0.1479325 0.0099493 0.0017056 0.0547181 0.1370074
147 Y 147 0.0462068 0.0441131 0.0036856 0.0020079 0.0041913 0.0465946 0.0611777 0.0291277 0.0549199 0.0061145 0.0196528 0.0188384 0.0068156 0.0636742 0.0373904 0.0351674 0.0335802 0.0166578 0.2851634 0.0377500 0.1471709
148 S 148 0.0727726 0.0581772 0.0448437 0.0210508 0.0058599 0.0242603 0.0464146 0.0165256 0.0254224 0.0129590 0.0330660 0.0749426 0.0150300 0.0019708 0.0173844 0.2718348 0.0799808 0.0000000 0.0044778 0.0228798 0.1501470
149 P 149 0.0353449 0.0054072 0.0492687 0.0061143 0.0000000 0.0217414 0.0135933 0.0152292 0.0030779 0.0100865 0.0158343 0.0000000 0.0304693 0.0035983 0.5087759 0.0610189 0.0361869 0.0230167 0.0066623 0.0047537 0.1498202
150 T 150 0.1107784 0.0183297 0.0295051 0.0090609 0.0066751 0.0336855 0.0210613 0.0406289 0.0100243 0.0196447 0.0336242 0.0223868 0.0285299 0.0034923 0.0195183 0.0774684 0.3166090 0.0006632 0.0074922 0.0417245 0.1490971
151 S 151 0.0686178 0.0182065 0.0210857 0.0051348 0.0075085 0.0125650 0.0564148 0.0205192 0.0270607 0.0621834 0.0133929 0.0174331 0.0035407 0.0052383 0.0357107 0.3604628 0.0702666 0.0000000 0.0164409 0.0206155 0.1576021
152 P 152 0.0149705 0.0309090 0.0076332 0.0128882 0.0000000 0.0087438 0.0201713 0.0146173 0.0257903 0.0151273 0.0093892 0.0041054 0.0000000 0.0018660 0.5757101 0.0550503 0.0220076 0.0000000 0.0012290 0.0159707 0.1638209
153 K 153 0.0688343 0.0330311 0.0414855 0.0277159 0.0148511 0.0547391 0.0419367 0.0527640 0.0250647 0.0186377 0.0343232 0.0460217 0.0241765 0.0061266 0.0590221 0.0921849 0.1250328 0.0092255 0.0060549 0.0543774 0.1643944
154 Y 154 0.0443896 0.0417378 0.0107843 0.0005860 0.0012878 0.0396983 0.0680484 0.0340926 0.0348730 0.0161899 0.0303125 0.0116349 0.0098360 0.0598052 0.0334666 0.0421804 0.0213425 0.0172100 0.2644066 0.0542768 0.1638409
155 S 155 0.0443916 0.0410162 0.0477951 0.0265511 0.0015417 0.0269202 0.0398433 0.0211420 0.0165760 0.0075068 0.0459359 0.0701286 0.0152192 0.0010789 0.0324184 0.2643502 0.0749596 0.0030539 0.0105919 0.0327207 0.1762587
156 P 156 0.0235142 0.0024469 0.0389909 0.0026690 0.0000000 0.0388771 0.0095873 0.0233740 0.0013703 0.0062053 0.0187920 0.0053783 0.0313516 0.0021281 0.4702467 0.0760909 0.0302164 0.0239822 0.0090944 0.0097717 0.1759127
157 T 157 0.0646976 0.0261345 0.0362588 0.0159863 0.0061026 0.0575090 0.0185008 0.0376506 0.0131492 0.0235746 0.0255715 0.0239381 0.0109631 0.0055633 0.0457533 0.0830635 0.3000597 0.0042997 0.0074251 0.0311749 0.1626238
158 S 158 0.0699312 0.0071816 0.0143106 0.0204192 0.0041156 0.0192291 0.0428649 0.0294416 0.0209736 0.0474668 0.0282870 0.0346086 0.0014136 0.0000000 0.0276261 0.3167425 0.1012293 0.0011806 0.0108892 0.0353238 0.1667650
159 P 159 0.0166674 0.0278823 0.0055988 0.0083325 0.0015774 0.0083769 0.0130691 0.0200332 0.0105405 0.0181035 0.0151587 0.0187239 0.0014811 0.0010466 0.5869899 0.0319758 0.0193879 0.0000000 0.0033006 0.0159469 0.1758067
160 T 160 0.0786910 0.0302555 0.0453034 0.0172410 0.0097885 0.0467210 0.0287875 0.0764119 0.0112897 0.0130252 0.0243624 0.0294796 0.0193201 0.0103329 0.0722418 0.0991162 0.1450793 0.0094300 0.0011146 0.0523992 0.1796093
161 Y 161 0.0414652 0.0449228 0.0035294 0.0059917 0.0019657 0.0294816 0.0559069 0.0348578 0.0441700 0.0175366 0.0228183 0.0174306 0.0050980 0.0559377 0.0390768 0.0535417 0.0367292 0.0144089 0.2406296 0.0483094 0.1861921
162 S 162 0.0504065 0.0375396 0.0496324 0.0496557 0.0042870 0.0303927 0.0337297 0.0163301 0.0313883 0.0039634 0.0309131 0.0551812 0.0123435 0.0082833 0.0326300 0.2569217 0.0544395 0.0008370 0.0100918 0.0404365 0.1905969
163 P 163 0.0312040 0.0045840 0.0691684 0.0047557 0.0015774 0.0331456 0.0142956 0.0177855 0.0078386 0.0112939 0.0165305 0.0077869 0.0370625 0.0013127 0.3871684 0.0615676 0.0387528 0.0268127 0.0141261 0.0069522 0.2062788
164 T 164 0.0517803 0.0386672 0.0339075 0.0147647 0.0019214 0.0368990 0.0387995 0.0451454 0.0161711 0.0190698 0.0521578 0.0101784 0.0183772 0.0000000 0.0158794 0.0898640 0.2674485 0.0018078 0.0223181 0.0187772 0.2060656
165 S 165 0.0638601 0.0282469 0.0273336 0.0081198 0.0068115 0.0154845 0.0345237 0.0226192 0.0216181 0.0443771 0.0197029 0.0356290 0.0057876 0.0030341 0.0241797 0.3276008 0.0682165 0.0011806 0.0127945 0.0166926 0.2121872
166 P 166 0.0224335 0.0013049 0.0079390 0.0040057 0.0000000 0.0000000 0.0178315 0.0056673 0.0112387 0.0040696 0.0167371 0.0046859 0.0000000 0.0010048 0.6110025 0.0381096 0.0199088 0.0000000 0.0007040 0.0041271 0.2292298
167 K 167 0.0843577 0.0233187 0.0370557 0.0119693 0.0129924 0.0362368 0.0608651 0.0496432 0.0159632 0.0121066 0.0186583 0.0383282 0.0130688 0.0020035 0.0356807 0.0914644 0.1527401 0.0000000 0.0060742 0.0326660 0.2648070
168 G 168 0.0554753 0.0355610 0.0169813 0.0124825 0.0053937 0.0245577 0.0417823 0.0899396 0.0206187 0.0299776 0.0313702 0.0133898 0.0091004 0.0109162 0.0538257 0.0844486 0.0537945 0.0037967 0.0708589 0.0385343 0.2971949
169 S 169 0.0517601 0.0329828 0.0351360 0.0271547 0.0000000 0.0176542 0.0392708 0.0236513 0.0202754 0.0171742 0.0368033 0.0335860 0.0113937 0.0033692 0.1265190 0.1283223 0.0526341 0.0000000 0.0075929 0.0328150 0.3019050
170 T 170 0.0536502 0.0187047 0.0570934 0.0058457 0.0068743 0.0518531 0.0154856 0.0593857 0.0047582 0.0096373 0.0261635 0.0172752 0.0180153 0.0394836 0.0761089 0.1319878 0.0695399 0.0183045 0.0051302 0.0264567 0.2882461
171 Y 171 0.0262922 0.0142623 0.0182369 0.0123480 0.0000000 0.0184808 0.0413786 0.0104791 0.0449820 0.0016525 0.0153786 0.0038314 0.0194955 0.0327441 0.0467482 0.0397713 0.0812128 0.0074002 0.2405366 0.0340488 0.2907201
172 S 172 0.0279824 0.0161650 0.0340678 0.0176811 0.0023776 0.0110461 0.0407160 0.0195928 0.0147632 0.0131724 0.0280158 0.0418700 0.0090172 0.0000000 0.0149910 0.2985491 0.0960417 0.0013878 0.0099543 0.0293424 0.2732663
173 P 173 0.0129505 0.0021202 0.0018936 0.0024301 0.0000000 0.0095177 0.0119778 0.0085000 0.0014342 0.0041236 0.0144157 0.0024596 0.0273335 0.0000000 0.5926541 0.0133628 0.0135458 0.0126603 0.0048499 0.0018350 0.2619358
174 T 174 0.0652747 0.0194426 0.0249942 0.0142378 0.0091993 0.0370964 0.0389630 0.0351340 0.0073228 0.0140094 0.0179295 0.0291145 0.0134048 0.0093405 0.0225026 0.0562614 0.2931607 0.0009913 0.0044703 0.0216531 0.2654973
175 S 175 0.0582832 0.0245779 0.0166811 0.0105933 0.0047422 0.0269899 0.0233274 0.0231070 0.0196920 0.0448415 0.0213932 0.0389081 0.0048428 0.0030324 0.0179361 0.2585729 0.0861132 0.0019064 0.0130174 0.0283978 0.2730442
176 P 176 0.0342278 0.0100775 0.0224672 0.0083873 0.0000000 0.0191663 0.0022602 0.0039204 0.0108771 0.0137852 0.0056628 0.0026839 0.0025724 0.0000000 0.4885265 0.0480810 0.0260068 0.0000000 0.0000000 0.0235796 0.2777180
177 G 177 0.0774356 0.0350612 0.0651965 0.0121588 0.0121606 0.0310047 0.0352885 0.1031916 0.0082591 0.0089927 0.0241086 0.0358971 0.0121696 0.0018570 0.0331985 0.0932700 0.0879962 0.0053616 0.0000000 0.0430114 0.2743807
178 Y 178 0.0249599 0.0250432 0.0123703 0.0119136 0.0062588 0.0427321 0.0561249 0.0220545 0.0251746 0.0096190 0.0198516 0.0112049 0.0103453 0.0547540 0.0257903 0.0389737 0.0397958 0.0121415 0.2265312 0.0354922 0.2888687
179 S 179 0.0234327 0.0576828 0.0414412 0.0267063 0.0010579 0.0256562 0.0318426 0.0211912 0.0162843 0.0138255 0.0258094 0.0718705 0.0130310 0.0037718 0.0207630 0.2363716 0.0484357 0.0018078 0.0119236 0.0193138 0.2877812
180 P 180 0.0196700 0.0009523 0.0069442 0.0014471 0.0000000 0.0188108 0.0098388 0.0058665 0.0000000 0.0060335 0.0106581 0.0012320 0.0284979 0.0014394 0.5062005 0.0465395 0.0165699 0.0197870 0.0010483 0.0061481 0.2923160
