  201         A         R         N         D         C         Q         E         G         H         I         L         K         M         F         P         S         T         W         Y         V    
  1 G   1 0.0000000 0.0000000 0.1852555 0.0000000 0.0000000 0.0000000 0.0000000 0.8147445 0.0000000 0.0000000 0.0000000 0.0000000 0.0000000 0.0000000 0.0000000 0.0000000 0.0000000 0.0000000 0.0000000 0.0000000
  2 H   2 0.1189392 0.0205515 0.0855856 0.0000000 0.0000000 0.0718938 0.0065504 0.1829978 0.0196044 0.0054107 0.0055786 0.0187785 0.0696185 0.0112993 0.3020625 0.0202861 0.0328099 0.0000000 0.0151874 0.0128459
  3 M   3 0.0654711 0.0659569 0.0000000 0.0000000 0.0093487 0.0130044 0.0197215 0.0000000 0.0000000 0.0439788 0.1230113 0.0138324 0.2132307 0.0796900 0.0024877 0.0226865 0.2097633 0.0000000 0.0026929 0.1151238
  4 S   4 0.0323032 0.0000000 0.0147672 0.0149967 0.0000000 0.0000000 0.0000000 0.0111000 0.0468172 0.0088509 0.0000000 0.0152607 0.0000000 0.0000000 0.0025797 0.6233848 0.2137060 0.0000000 0.0000000 0.0162337
  5 P   5 0.0000000 0.0000000 0.0000000 0.0193228 0.0000000 0.0013999 0.0165801 0.0096615 0.0000000 0.0045396 0.0000000 0.0075104 0.0046749 0.0000000 0.8899355 0.0113397 0.0160454 0.0000000 0.0000000 0.0189902
  6 N   6 0.0703694 0.0385535 0.0845780 0.0201143 0.0188729 0.0510541 0.0270934 0.1549355 0.0209599 0.0197971 0.0117701 0.0192820 0.0154566 0.0025356 0.0120827 0.1553458 0.2231514 0.0000000 0.0034993 0.0505485
  7 Y   7 0.0466844 0.0588117 0.0101277 0.0011720 0.0028321 0.0392249 0.0816672 0.0270536 0.0974753 0.0048788 0.0907981 0.0175532 0.0258585 0.0694188 0.0276832 0.0207937 0.0239985 0.0060127 0.2837846 0.0641712
  8 T   8 0.0692485 0.0401132 0.0538209 0.0365149 0.0000000 0.0217354 0.0277701 0.0358789 0.0229966 0.0052663 0.0319996 0.1381736 0.0167688 0.0059878 0.0324678 0.2938137 0.1377241 0.0014334 0.0000000 0.0282862
  9 P   9 0.0296088 0.0061784 0.0582115 0.0082730 0.0000000 0.0289780 0.0189218 0.0226388 0.0021630 0.0054924 0.0153690 0.0000000 0.0481839 0.0033940 0.6238184 0.0554839 0.0378271 0.0250260 0.0019092 0.0085227
 10 T  10 0.0528166 0.0353894 0.0438269 0.0111416 0.0111893 0.0387326 0.0453763 0.0467238 0.0121866 0.0362959 0.0334461 0.0467636 0.0347300 0.0144221 0.0231475 0.1017705 0.3377321 0.0152116 0.0112407 0.0478569
 11 S  11 0.0900033 0.0170590 0.0211754 0.0072578 0.0025592 0.0166285 0.0274637 0.0936785 0.0289249 0.0885004 0.0169659 0.0075758 0.0091858 0.0000000 0.0241705 0.3762072 0.1283921 0.0000000 0.0052235 0.0390283
 12 P  12 0.0236578 0.0180753 0.0042346 0.0152222 0.0000000 0.0175564 0.0657930 0.0216060 0.0126018 0.0288427 0.0063365 0.0030216 0.0007913 0.0017243 0.6711853 0.0553010 0.0311309 0.0015421 0.0024804 0.0188966
 13 N  13 0.0847878 0.0305139 0.0517862 0.0186125 0.0144176 0.0504371 0.0353774 0.0950758 0.0267820 0.0142374 0.0402687 0.0257895 0.0322929 0.0499684 0.0309792 0.1291972 0.1962605 0.0127257 0.0098192 0.0506710
 14 Y  14 0.0416489 0.0460986 0.0191305 0.0060358 0.0047047 0.0621448 0.0924462 0.0276954 0.0650112 0.0054563 0.0392180 0.0287528 0.0143424 0.0671801 0.0399202 0.0388002 0.0310596 0.0304080 0.2889902 0.0509562
 15 S  15 0.0617774 0.0508403 0.0615269 0.0393977 0.0000000 0.0199524 0.0521181 0.0448787 0.0112593 0.0206312 0.0384412 0.1014842 0.0145282 0.0042374 0.0225310 0.3033652 0.1166696 0.0038588 0.0012464 0.0312560
 16 P  16 0.0372818 0.0000000 0.0509046 0.0113548 0.0016519 0.0222281 0.0135829 0.0297039 0.0019780 0.0090485 0.0213361 0.0065935 0.0501143 0.0041964 0.5455486 0.0941399 0.0572190 0.0333107 0.0062675 0.0035396
 17 T  17 0.0599241 0.0236306 0.0545989 0.0159028 0.0105351 0.0330733 0.0511565 0.0867257 0.0196239 0.0528847 0.0291644 0.0356321 0.0146866 0.0158712 0.0352230 0.0593219 0.3222386 0.0028403 0.0035843 0.0733821
 18 S  18 0.0782521 0.0085338 0.0381856 0.0238589 0.0026741 0.0187384 0.0311400 0.0479307 0.0198362 0.0884386 0.0226970 0.0492606 0.0031115 0.0037983 0.0266265 0.3575630 0.1254283 0.0061326 0.0085229 0.0392709
 19 P  19 0.0100430 0.0177796 0.0094323 0.0064703 0.0000000 0.0055240 0.0150188 0.0444231 0.0178254 0.0255020 0.0227867 0.0028697 0.0065393 0.0000000 0.6683991 0.0988801 0.0153769 0.0023476 0.0090247 0.0217575
 20 S  20 0.0966118 0.0575008 0.0335113 0.0276304 0.0109027 0.0336814 0.0460058 0.1165806 0.0166693 0.0239604 0.0260008 0.0530518 0.0112054 0.0088313 0.0341384 0.1439250 0.1819709 0.0133974 0.0110377 0.0533867
 21 Y  21 0.0536004 0.0297506 0.0081461 0.0028728 0.0018050 0.0365431 0.0893485 0.0362947 0.0711574 0.0124276 0.0427809 0.0161822 0.0109620 0.0883460 0.0467266 0.0535618 0.0396253 0.0109915 0.2828204 0.0660571
 22 S  22 0.0726853 0.0443928 0.0725732 0.0246117 0.0022613 0.0169391 0.0533926 0.0179963 0.0220743 0.0069364 0.0471334 0.1026188 0.0129470 0.0026060 0.0319771 0.3027443 0.1323520 0.0076597 0.0030403 0.0230584
 23 P  23 0.0493998 0.0059600 0.0500738 0.0137742 0.0000000 0.0178535 0.0203824 0.0267837 0.0040547 0.0122884 0.0309675 0.0012703 0.0455018 0.0106825 0.5543409 0.0943306 0.0261354 0.0305436 0.0028629 0.0027941
 24 T  24 0.0787389 0.0369311 0.0460782 0.0119102 0.0096966 0.0327554 0.0083818 0.0914227 0.0120784 0.0204563 0.0420049 0.0290545 0.0382335 0.0152275 0.0300706 0.0886970 0.3552785 0.0023565 0.0092309 0.0413963
 25 S  25 0.0739622 0.0547063 0.0239121 0.0164338 0.0045256 0.0124608 0.0386099 0.0423195 0.0348499 0.0791848 0.0220320 0.0196435 0.0015165 0.0032551 0.0475054 0.3580333 0.1137956 0.0018797 0.0127683 0.0386057
 26 P  26 0.0337778 0.0131308 0.0072144 0.0117834 0.0000000 0.0127095 0.0274663 0.0355398 0.0119456 0.0273143 0.0281801 0.0068176 0.0037241 0.0056526 0.6527153 0.0675195 0.0324312 0.0000000 0.0000000 0.0220777
 27 S  27 0.1082392 0.0475699 0.0475775 0.0205393 0.0110909 0.0424018 0.0472870 0.1127975 0.0170437 0.0205277 0.0339425 0.0273313 0.0100863 0.0100931 0.0353557 0.1655077 0.1599074 0.0120439 0.0112787 0.0593788
 28 Y  28 0.0348355 0.0558451 0.0120501 0.0017639 0.0000000 0.0959813 0.0866843 0.0454489 0.0526232 0.0125782 0.0402282 0.0248805 0.0114473 0.0647113 0.0402928 0.0384480 0.0296637 0.0228788 0.2692519 0.0603869
 29 S  29 0.0594750 0.0538221 0.0680689 0.0338821 0.0000000 0.0163101 0.0549416 0.0520812 0.0132798 0.0114229 0.0376749 0.0800671 0.0171249 0.0127470 0.0267475 0.2903263 0.0944597 0.0038791 0.0046783 0.0690115
 30 P  30 0.0407494 0.0375604 0.0490773 0.0119967 0.0000000 0.0280255 0.0082574 0.0392555 0.0016636 0.0073861 0.0316168 0.0180778 0.0453825 0.0041048 0.5080374 0.0941749 0.0447273 0.0251005 0.0022077 0.0025986
 31 T  31 0.0610579 0.0251324 0.0364207 0.0122814 0.0059933 0.0235524 0.0175587 0.0656390 0.0307215 0.0180308 0.0348873 0.0263967 0.0225405 0.0105422 0.1234909 0.0812608 0.3470446 0.0075528 0.0050516 0.0448445
 32 S  32 0.0873434 0.0292575 0.0285152 0.0199380 0.0028729 0.0125368 0.0633984 0.0325416 0.0243915 0.0647714 0.0280003 0.0181842 0.0052053 0.0056266 0.0194843 0.3799320 0.1158802 0.0015987 0.0166434 0.0438782
 33 P  33 0.0150071 0.0204291 0.0066706 0.0661120 0.0013918 0.0171981 0.0178805 0.0309114 0.0223565 0.0233241 0.0146417 0.0106704 0.0000000 0.0000000 0.6423620 0.0592247 0.0218158 0.0000000 0.0123650 0.0176392
 34 S  34 0.0990775 0.0259863 0.0745648 0.0208055 0.0146493 0.0436503 0.0543195 0.1389052 0.0154743 0.0126858 0.0341794 0.0266483 0.0243521 0.0068484 0.0303801 0.1183337 0.1955828 0.0133163 0.0084977 0.0417427
 35 Y  35 0.0515986 0.0524023 0.0176696 0.0000000 0.0127720 0.0306168 0.0928595 0.0343327 0.0596758 0.0053098 0.0684382 0.0208449 0.0250642 0.0737784 0.0719160 0.0501246 0.0234053 0.0152548 0.2319563 0.0619802
 36 S  36 0.0675004 0.0756541 0.0473264 0.0379710 0.0000000 0.0272370 0.0480967 0.0364828 0.0209100 0.0170505 0.0444701 0.1089539 0.0148798 0.0030268 0.0282321 0.2543883 0.1316231 0.0021967 0.0026382 0.0313621
 37 P  37 0.0432955 0.0039273 0.0477967 0.0179728 0.0000000 0.0314229 0.0095075 0.0211121 0.0000000 0.0041303 0.0193095 0.0017664 0.0415789 0.0077116 0.5660075 0.1047701 0.0367531 0.0264683 0.0043008 0.0121687
 38 S  38 0.0670923 0.0340436 0.0473813 0.0238772 0.0096852 0.0265006 0.0496478 0.0566655 0.0147741 0.0495863 0.0291325 0.0285725 0.0355246 0.0169431 0.0394221 0.1138074 0.3000785 0.0133320 0.0040086 0.0399248
 39 S  39 0.0856341 0.0148587 0.0296466 0.0037020 0.0049720 0.0316805 0.0284412 0.0913907 0.0295335 0.0791390 0.0174651 0.0230118 0.0160477 0.0117338 0.0641671 0.3226666 0.1014364 0.0066662 0.0136505 0.0241566
 40 P  40 0.0273592 0.0179638 0.0136660 0.0171628 0.0000000 0.0134615 0.0473605 0.0347861 0.0174018 0.0251818 0.0238382 0.0038946 0.0142819 0.0227347 0.5627036 0.0712432 0.0496737 0.0021105 0.0122378 0.0229384
 41 R  41 0.0841088 0.0499595 0.0465287 0.0270261 0.0198966 0.0494147 0.0500924 0.1026751 0.0180020 0.0210580 0.0350183 0.0228198 0.0127263 0.0591299 0.0329402 0.1353040 0.1446933 0.0227560 0.0097896 0.0560606
 42 Y  42 0.0445821 0.0545685 0.0149319 0.0020929 0.0068750 0.0604740 0.1019056 0.0531397 0.0545746 0.0108480 0.0247266 0.0070761 0.0056843 0.0633330 0.0595107 0.0458345 0.0337233 0.0099706 0.2724317 0.0737169
 43 T  43 0.0633461 0.0479660 0.0729102 0.0203699 0.0047295 0.0220649 0.0623685 0.0362736 0.0168507 0.0143540 0.0417845 0.0877828 0.0126068 0.0116138 0.0201029 0.2736413 0.1465748 0.0046391 0.0044520 0.0355685
 44 P  44 0.0406821 0.0044715 0.0462522 0.0076219 0.0036697 0.0216594 0.0242592 0.0362320 0.0070251 0.0070456 0.0238399 0.0075827 0.0466319 0.0045022 0.5257111 0.1034984 0.0557186 0.0288580 0.0016483 0.0030901
 45 Q  45 0.0906508 0.0341007 0.0496759 0.0262024 0.0092349 0.0527526 0.0300995 0.0685985 0.0286269 0.0336459 0.0322116 0.0360619 0.0166600 0.0108260 0.0477634 0.0543508 0.3351135 0.0070200 0.0022858 0.0341189
 46 S  46 0.0876742 0.0250669 0.0215336 0.0226839 0.0039201 0.0104836 0.0324936 0.0252183 0.0252881 0.0770883 0.0205370 0.0510884 0.0077547 0.0026936 0.0522317 0.3878484 0.1063433 0.0015746 0.0110922 0.0273855
 47 P  47 0.0124136 0.0157573 0.0103759 0.0097371 0.0000000 0.0150348 0.0101110 0.0272759 0.0193993 0.0187510 0.0207983 0.0064606 0.0000000 0.0025864 0.7267749 0.0584994 0.0245877 0.0000000 0.0039113 0.0175255
 48 T  48 0.0976627 0.0435550 0.0322824 0.0154813 0.0150980 0.0405200 0.0433269 0.1522425 0.0241518 0.0136402 0.0512651 0.0252563 0.0111245 0.0022330 0.0397473 0.1292345 0.1770660 0.0093576 0.0195257 0.0572293
 49 Y  49 0.0336529 0.0443403 0.0128225 0.0043556 0.0054189 0.0439693 0.0883166 0.0387893 0.0648630 0.0094893 0.0276639 0.0196668 0.0299286 0.1067274 0.0472101 0.0401254 0.0386636 0.0171724 0.2689677 0.0578565
 50 T  50 0.0498477 0.0788125 0.0706844 0.0309211 0.0000000 0.0197079 0.0457908 0.0281231 0.0165622 0.0164144 0.0419799 0.0966324 0.0107666 0.0010566 0.0278453 0.2850101 0.1433805 0.0023197 0.0039559 0.0301886
 51 P  51 0.0482927 0.0023227 0.0444930 0.0106784 0.0000000 0.0227618 0.0143379 0.0185521 0.0043502 0.0094587 0.0202823 0.0013930 0.0392847 0.0075722 0.5870111 0.0932174 0.0366545 0.0244461 0.0049874 0.0099038
 52 S  52 0.1225362 0.0231194 0.0415061 0.0156223 0.0113292 0.0281868 0.0109509 0.0639030 0.0176385 0.0151761 0.0370523 0.0288048 0.0373604 0.0092735 0.0268296 0.0914406 0.3389418 0.0067844 0.0230391 0.0505049
 53 S  53 0.0772393 0.0342764 0.0213301 0.0164753 0.0078222 0.0216026 0.0581915 0.0359936 0.0286373 0.0820285 0.0120092 0.0165526 0.0022214 0.0096639 0.0390424 0.3933380 0.0967102 0.0034489 0.0163553 0.0270615
 54 P  54 0.0314186 0.0555735 0.0073024 0.0221393 0.0024925 0.0079545 0.0169936 0.0301179 0.0201882 0.0230940 0.0118505 0.0056126 0.0054818 0.0000000 0.6586778 0.0509426 0.0356981 0.0000000 0.0014497 0.0130123
 55 S  55 0.0991128 0.0359723 0.0590597 0.0304715 0.0164396 0.0424554 0.0455601 0.1138973 0.0201982 0.0186638 0.0402455 0.0286621 0.0202071 0.0145943 0.0555973 0.1259855 0.1647205 0.0126913 0.0050772 0.0503884
 56 Y  56 0.0451124 0.0426543 0.0171324 0.0051619 0.0084173 0.0493496 0.0913387 0.0542722 0.0592718 0.0131502 0.0503446 0.0157026 0.0115273 0.0756501 0.0399417 0.0433020 0.0418895 0.0165946 0.2572526 0.0619341
 57 S  57 0.0740474 0.0690892 0.0625462 0.0267205 0.0016098 0.0179057 0.0535754 0.0327769 0.0205718 0.0120808 0.0401971 0.1151298 0.0184114 0.0021349 0.0300953 0.2917224 0.0965074 0.0025042 0.0016272 0.0307468
 58 P  58 0.0437061 0.0027393 0.0445451 0.0028090 0.0020248 0.0396600 0.0159661 0.0327428 0.0000000 0.0070046 0.0196001 0.0069584 0.0397093 0.0033948 0.5204680 0.1132557 0.0654610 0.0291279 0.0019508 0.0088761
 59 S  59 0.0746797 0.0356298 0.0447697 0.0219753 0.0104346 0.0277448 0.0548217 0.0590632 0.0248928 0.0295583 0.0315192 0.0331899 0.0256211 0.0042389 0.0830577 0.0774485 0.3188465 0.0071517 0.0047047 0.0306520
 60 S  60 0.0708551 0.0098936 0.0260618 0.0240645 0.0106771 0.0248786 0.0355578 0.0820743 0.0244595 0.0808647 0.0333638 0.0250881 0.0162292 0.0118023 0.0438084 0.3189058 0.1205630 0.0012859 0.0138908 0.0256757
 61 P  61 0.0190739 0.0172225 0.0084114 0.0218442 0.0007145 0.0167812 0.0356969 0.0275830 0.0253376 0.0201175 0.0266967 0.0039751 0.0055338 0.0065267 0.6367487 0.0894337 0.0142263 0.0000000 0.0075498 0.0165268
 62 S  62 0.0950245 0.0356673 0.0387935 0.0280695 0.0124048 0.0405304 0.0388821 0.1196902 0.0166772 0.0178949 0.0362551 0.0231267 0.0105459 0.0373272 0.0437486 0.1595911 0.1755185 0.0138030 0.0098536 0.0465958
 63 Y  63 0.0462018 0.0370474 0.0143127 0.0099793 0.0038422 0.0365676 0.0938663 0.0388051 0.0781825 0.0063769 0.0321925 0.0185473 0.0210308 0.0688234 0.0500166 0.0446557 0.0305733 0.0104956 0.2964956 0.0619875
 64 S  64 0.0731282 0.0377523 0.0650463 0.0300248 0.0009269 0.0279450 0.0418884 0.0229001 0.0167122 0.0095357 0.0450211 0.0823285 0.0203714 0.0139074 0.0353926 0.3134221 0.1246556 0.0028675 0.0055201 0.0306536
 65 P  65 0.0259010 0.0066460 0.0433309 0.0128319 0.0026601 0.0205401 0.0089627 0.0185790 0.0100891 0.0071860 0.0255152 0.0008730 0.0380443 0.0079553 0.5743115 0.0929302 0.0495740 0.0316499 0.0034447 0.0189749
 66 A  66 0.1002086 0.0325447 0.0333119 0.0122883 0.0100538 0.0259922 0.0386390 0.0546603 0.0173921 0.0204407 0.0277476 0.0287069 0.0320090 0.0170595 0.0282416 0.1041895 0.3553550 0.0043314 0.0054886 0.0513394
 67 S  67 0.0749628 0.0231551 0.0306587 0.0124918 0.0054878 0.0177465 0.0303469 0.0292692 0.0211102 0.0771262 0.0200203 0.0541805 0.0010531 0.0066695 0.0454034 0.4025252 0.0967743 0.0014496 0.0188028 0.0307661
 68 P  68 0.0145348 0.0185463 0.0071050 0.0096207 0.0000000 0.0148533 0.0217733 0.0178567 0.0228686 0.0176411 0.0150208 0.0098263 0.0076731 0.0029082 0.6966789 0.0677740 0.0343941 0.0009041 0.0023429 0.0176777
 69 K  69 0.0849673 0.0555090 0.0391068 0.0330073 0.0147712 0.0449261 0.0630541 0.1129753 0.0189458 0.0152610 0.0299073 0.0605133 0.0185661 0.0048951 0.0471355 0.1267285 0.1747354 0.0080024 0.0058048 0.0411875
 70 Y  70 0.0399589 0.0538281 0.0154602 0.0117786 0.0046621 0.0658722 0.0836081 0.0442098 0.0380320 0.0086103 0.0234251 0.0170453 0.0096781 0.0806967 0.0456794 0.0471323 0.0441409 0.0183036 0.3002740 0.0476042
 71 T  71 0.0494549 0.0745527 0.0864241 0.0236600 0.0009522 0.0228694 0.0519903 0.0401488 0.0157630 0.0112041 0.0437648 0.0986248 0.0167218 0.0093681 0.0275904 0.2609371 0.1080989 0.0030790 0.0078688 0.0469268
 72 P  72 0.0629145 0.0087494 0.0477085 0.0035340 0.0000000 0.0395762 0.0092342 0.0303587 0.0074148 0.0098348 0.0311992 0.0077744 0.0423091 0.0101297 0.5165835 0.0856680 0.0460816 0.0237584 0.0072897 0.0098813
 73 T  73 0.0746231 0.0264554 0.0445835 0.0195249 0.0130367 0.0333221 0.0187474 0.0515436 0.0237235 0.0320712 0.0277140 0.0269540 0.0281964 0.0081678 0.0893358 0.0917561 0.3348902 0.0149803 0.0125211 0.0278530
 74 S  74 0.0674620 0.0150557 0.0328536 0.0288089 0.0110473 0.0158703 0.0733579 0.0242466 0.0244837 0.0668736 0.0309032 0.0217180 0.0075502 0.0064458 0.0384342 0.3597687 0.1230368 0.0061792 0.0103504 0.0355539
 75 P  75 0.0203930 0.0129995 0.0092215 0.0549025 0.0000000 0.0116308 0.0098916 0.0231446 0.0185575 0.0242208 0.0189217 0.0075781 0.0000000 0.0127676 0.6581087 0.0695851 0.0216437 0.0014426 0.0049772 0.0200135
 76 S  76 0.0929772 0.0417915 0.0790908 0.0178032 0.0120925 0.0463175 0.0451955 0.1207236 0.0155344 0.0118882 0.0289789 0.0323997 0.0142220 0.0078066 0.0568598 0.1180689 0.1805705 0.0147196 0.0074967 0.0554629
 77 Y  77 0.0519738 0.0414665 0.0126319 0.0027525 0.0097870 0.0372937 0.0917004 0.0383011 0.0670439 0.0101818 0.0657176 0.0162164 0.0082675 0.0745729 0.0416010 0.0376313 0.0328468 0.0180165 0.2819370 0.0600604
 78 S  78 0.0632385 0.0828373 0.0600146 0.0259723 0.0053434 0.0225496 0.0376064 0.0182314 0.0314648 0.0067236 0.0418113 0.0923447 0.0138616 0.0095738 0.0320256 0.3150395 0.1066099 0.0000000 0.0020558 0.0326959
 79 P  79 0.0469391 0.0121592 0.0462361 0.0059858 0.0000000 0.0281345 0.0149008 0.0155690 0.0000000 0.0069848 0.0125159 0.0000000 0.0347131 0.0013759 0.5820200 0.0960370 0.0540516 0.0312603 0.0029084 0.0082086
 80 S  80 0.0951153 0.0401280 0.0381348 0.0097900 0.0136701 0.0353680 0.0407581 0.0554477 0.0193824 0.0319335 0.0352887 0.0247127 0.0301783 0.0073992 0.0244432 0.0820219 0.3602968 0.0036614 0.0102530 0.0420169
 81 S  81 0.0764590 0.0096419 0.0181074 0.0074655 0.0115849 0.0242305 0.0334970 0.0843646 0.0299959 0.0775702 0.0089519 0.0218728 0.0114616 0.0015743 0.0406465 0.4107875 0.0915709 0.0013110 0.0121128 0.0267937
 82 P  82 0.0229904 0.0152971 0.0019597 0.0135253 0.0010515 0.0084752 0.0506662 0.0285578 0.0169827 0.0192732 0.0082454 0.0055814 0.0007002 0.0070289 0.6816174 0.0714854 0.0266670 0.0000000 0.0048990 0.0149960
 83 E  83 0.1131448 0.0399682 0.0346287 0.0245208 0.0143674 0.0433499 0.0473172 0.1017908 0.0153668 0.0343297 0.0465310 0.0313719 0.0083591 0.0447030 0.0471451 0.1432535 0.1528931 0.0077523 0.0051892 0.0440176
 84 Y  84 0.0408952 0.0513047 0.0149267 0.0063756 0.0139482 0.0723921 0.0948463 0.0358550 0.0443496 0.0100839 0.0209855 0.0168772 0.0187326 0.0631471 0.0480236 0.0431236 0.0338698 0.0125099 0.3059870 0.0517664
 85 T  85 0.0478546 0.0516359 0.0658662 0.0364093 0.0027828 0.0211005 0.0551643 0.0200322 0.0143016 0.0182285 0.0484706 0.0836628 0.0229104 0.0027302 0.0269351 0.3023039 0.1458831 0.0021102 0.0026403 0.0289776
 86 P  86 0.0323350 0.0031031 0.0529961 0.0029744 0.0020854 0.0224893 0.0112186 0.0307506 0.0022521 0.0118202 0.0303735 0.0065423 0.0408227 0.0029548 0.5722082 0.0979307 0.0441010 0.0225375 0.0018595 0.0086448
 87 T  87 0.0944171 0.0288612 0.0397318 0.0235402 0.0097664 0.0332624 0.0442238 0.0682028 0.0247655 0.0208096 0.0397442 0.0361733 0.0306424 0.0027408 0.0488148 0.0683374 0.3422782 0.0021815 0.0028429 0.0386636
 88 S  88 0.0722025 0.0145376 0.0259054 0.0239160 0.0104725 0.0126498 0.0293362 0.0241625 0.0225792 0.0742125 0.0313888 0.0570880 0.0053353 0.0142733 0.0427354 0.3922472 0.1138784 0.0000000 0.0077476 0.0253318
 89 P  89 0.0173718 0.0142933 0.0068293 0.0145096 0.0015615 0.0138071 0.0134301 0.0217044 0.0186652 0.0231251 0.0233005 0.0027661 0.0011404 0.0057277 0.7310823 0.0527430 0.0196874 0.0000000 0.0041278 0.0141275
 90 K  90 0.0901837 0.0536107 0.0598184 0.0173558 0.0138165 0.0429818 0.0445093 0.1455347 0.0170082 0.0184615 0.0313533 0.0315057 0.0159377 0.0082640 0.0414573 0.1413768 0.1664971 0.0072082 0.0031753 0.0499440
 91 Y  91 0.0533439 0.0492813 0.0064801 0.0022050 0.0087373 0.0346045 0.0869018 0.0490197 0.0745052 0.0092523 0.0257281 0.0180127 0.0027646 0.0904231 0.0292867 0.0411604 0.0273769 0.0277626 0.3103847 0.0527692
 92 S  92 0.0545026 0.0700940 0.0605285 0.0278464 0.0041085 0.0224656 0.0526233 0.0180180 0.0334683 0.0114887 0.0521215 0.0814802 0.0115495 0.0031996 0.0313186 0.3064822 0.1141680 0.0000000 0.0086704 0.0358659
 93 P  93 0.0382554 0.0037041 0.0413622 0.0109156 0.0000000 0.0167668 0.0101544 0.0120629 0.0014829 0.0020432 0.0146595 0.0013199 0.0438681 0.0000000 0.6213278 0.0901714 0.0495601 0.0328633 0.0009341 0.0085482
 94 T  94 0.1287388 0.0289501 0.0350881 0.0090328 0.0109228 0.0300003 0.0123527 0.0627033 0.0100447 0.0240844 0.0381530 0.0317495 0.0231527 0.0125825 0.0307880 0.0868142 0.3648307 0.0028191 0.0048044 0.0523878
 95 S  95 0.0714136 0.0204355 0.0233603 0.0140848 0.0086077 0.0212195 0.0686972 0.0337507 0.0322782 0.0701054 0.0124577 0.0149802 0.0060864 0.0059986 0.0334782 0.4063721 0.1118642 0.0013021 0.0160799 0.0274279
 96 P  96 0.0274783 0.0132208 0.0060024 0.0159006 0.0018477 0.0084030 0.0240527 0.0250882 0.0329071 0.0175697 0.0204145 0.0068670 0.0038268 0.0010374 0.6873623 0.0663158 0.0212412 0.0000000 0.0019368 0.0185277
 97 K  97 0.0848616 0.0537059 0.0416965 0.0331510 0.0172621 0.0549891 0.0548550 0.0968146 0.0202418 0.0243146 0.0349519 0.0419946 0.0199380 0.0141579 0.0490659 0.1154028 0.1521735 0.0092541 0.0141972 0.0669718
 98 Y  98 0.0468744 0.0395590 0.0104579 0.0043431 0.0161024 0.1004649 0.0887960 0.0496181 0.0531483 0.0245713 0.0230191 0.0107083 0.0273561 0.0557221 0.0426352 0.0421142 0.0329594 0.0057815 0.2760995 0.0496692
 99 S  99 0.0537651 0.0461540 0.0669274 0.0321092 0.0079630 0.0296731 0.0643683 0.0317084 0.0227332 0.0078221 0.0486828 0.0961572 0.0262485 0.0119155 0.0306528 0.2726885 0.0966617 0.0079656 0.0044522 0.0413512
100 P 100 0.0395688 0.0147151 0.0431679 0.0051348 0.0000000 0.0420261 0.0129645 0.0501835 0.0010854 0.0145032 0.0263807 0.0282445 0.0351639 0.0028744 0.4905471 0.0958296 0.0538835 0.0259729 0.0054469 0.0123071
101 T 101 0.0848161 0.0247062 0.0459352 0.0088630 0.0101377 0.0341590 0.0200115 0.0651968 0.0216331 0.0289849 0.0367354 0.0317527 0.0211378 0.0066526 0.0941489 0.0889736 0.3296368 0.0052185 0.0064475 0.0348527
102 S 102 0.0720422 0.0171292 0.0222823 0.0318243 0.0121399 0.0209552 0.0582846 0.0267051 0.0212452 0.0801738 0.0291437 0.0171616 0.0013420 0.0029153 0.0335513 0.4093399 0.0991874 0.0000000 0.0100407 0.0345363
103 P 103 0.0139538 0.0135371 0.0045444 0.0380589 0.0027467 0.0120836 0.0131550 0.0317962 0.0173019 0.0227842 0.0195138 0.0031380 0.0014743 0.0050238 0.6898883 0.0695791 0.0201258 0.0000000 0.0062393 0.0150556
104 K 104 0.1000205 0.0444939 0.0746304 0.0190854 0.0159198 0.0496624 0.0462443 0.1072413 0.0146955 0.0166096 0.0282571 0.0297329 0.0072264 0.0015372 0.0442595 0.1454184 0.1882094 0.0057018 0.0010486 0.0600054
105 Y 105 0.0433013 0.0525119 0.0067030 0.0069054 0.0085033 0.0439507 0.0944967 0.0312340 0.0729354 0.0066954 0.0658033 0.0090123 0.0091162 0.0773645 0.0328216 0.0339529 0.0321701 0.0124158 0.3047574 0.0553486
106 S 106 0.0603845 0.0384915 0.0590448 0.0281660 0.0040782 0.0177312 0.0425476 0.0145297 0.0301850 0.0048520 0.0463563 0.1212962 0.0232735 0.0059643 0.0339542 0.3100098 0.1206310 0.0011130 0.0037192 0.0336719
107 P 107 0.0482690 0.0046968 0.0413992 0.0054707 0.0000000 0.0207573 0.0140145 0.0153846 0.0016772 0.0000000 0.0257563 0.0000000 0.0370735 0.0061100 0.6087865 0.0916239 0.0339881 0.0284108 0.0069520 0.0096294
108 T 108 0.1014347 0.0253837 0.0361300 0.0075703 0.0122823 0.0366740 0.0389953 0.0541106 0.0143102 0.0183993 0.0389817 0.0384363 0.0112079 0.0090281 0.0225646 0.1005800 0.3622906 0.0042995 0.0172831 0.0500377
109 S 109 0.0781315 0.0249891 0.0185255 0.0137800 0.0115289 0.0128834 0.0326085 0.0664927 0.0296467 0.0733234 0.0097239 0.0158833 0.0075473 0.0054539 0.0382214 0.4232042 0.0987735 0.0035844 0.0112709 0.0244275
110 P 110 0.0177247 0.0102606 0.0073512 0.0262832 0.0055232 0.0108755 0.0439060 0.0200797 0.0265076 0.0156823 0.0117537 0.0121411 0.0000000 0.0032633 0.6969135 0.0459761 0.0312541 0.0000000 0.0013095 0.0131946
111 T 111 0.0934267 0.0391544 0.0399406 0.0252894 0.0148612 0.0445155 0.0529642 0.1119479 0.0178691 0.0146869 0.0396207 0.0318199 0.0136692 0.0379430 0.0382054 0.1429301 0.1812355 0.0090194 0.0054933 0.0454077
112 Y 112 0.0385762 0.0322441 0.0160270 0.0095148 0.0120447 0.0638403 0.0932908 0.0357673 0.0394996 0.0093663 0.0181827 0.0196825 0.0198486 0.0637043 0.0511592 0.0406922 0.0319210 0.0238976 0.3207489 0.0599917
113 S 113 0.0407490 0.0632870 0.0794479 0.0240203 0.0032646 0.0301945 0.0496382 0.0223077 0.0157101 0.0135312 0.0399099 0.0930692 0.0171562 0.0021340 0.0325862 0.3184978 0.1158622 0.0029895 0.0020520 0.0335925
114 P 114 0.0376614 0.0053622 0.0435177 0.0024786 0.0000000 0.0385554 0.0100509 0.0232559 0.0000000 0.0148399 0.0277304 0.0059407 0.0352085 0.0037301 0.5747154 0.0878372 0.0510426 0.0239069 0.0081845 0.0059816
115 T 115 0.0797109 0.0393995 0.0432244 0.0147533 0.0087817 0.0322430 0.0538015 0.0451290 0.0233837 0.0325999 0.0354968 0.0337039 0.0189090 0.0024841 0.0716921 0.0831261 0.3357804 0.0070707 0.0040395 0.0346705
116 T 116 0.0653643 0.0133871 0.0199609 0.0260140 0.0121420 0.0216142 0.0317812 0.0353720 0.0198837 0.0653305 0.0306310 0.0474476 0.0049497 0.0075373 0.0360703 0.3846880 0.1310291 0.0000000 0.0119156 0.0348816
117 P 117 0.0258643 0.0090464 0.0087795 0.0146436 0.0000000 0.0239522 0.0129908 0.0178543 0.0188040 0.0188097 0.0157414 0.0055782 0.0015191 0.0000000 0.7183326 0.0496169 0.0344919 0.0019048 0.0033805 0.0186898
118 K 118 0.0853724 0.0431901 0.0546066 0.0256572 0.0167674 0.0557761 0.0367705 0.0916035 0.0248735 0.0163421 0.0405269 0.0570189 0.0298679 0.0136315 0.0371523 0.1211108 0.1591656 0.0119709 0.0136615 0.0649341
119 Y 119 0.0548269 0.0553922 0.0148366 0.0078756 0.0064337 0.0389568 0.0959799 0.0362619 0.0673344 0.0173281 0.0265517 0.0179504 0.0042412 0.0754459 0.0343409 0.0520308 0.0275471 0.0133822 0.3058469 0.0474367
120 S 120 0.0688576 0.0636448 0.0575477 0.0342234 0.0071017 0.0254874 0.0559640 0.0260172 0.0319798 0.0150970 0.0422560 0.0982016 0.0240020 0.0010255 0.0401671 0.2570660 0.0925108 0.0020221 0.0154740 0.0413545
121 P 121 0.0385272 0.0080873 0.0448094 0.0069092 0.0017910 0.0231268 0.0077271 0.0186607 0.0014616 0.0072003 0.0133301 0.0042811 0.0379663 0.0028706 0.5726659 0.1129032 0.0485415 0.0330189 0.0118430 0.0042787
122 T 122 0.1137506 0.0256109 0.0362056 0.0071907 0.0139265 0.0323893 0.0064782 0.0703942 0.0112737 0.0297472 0.0332668 0.0301834 0.0331379 0.0062823 0.0298012 0.1014416 0.3772017 0.0031577 0.0042119 0.0343488
123 S 123 0.0733632 0.0099669 0.0214218 0.0213521 0.0112475 0.0232096 0.0712665 0.0421264 0.0269699 0.0751767 0.0214743 0.0108350 0.0062051 0.0095075 0.0364304 0.4001323 0.0884458 0.0055777 0.0166341 0.0286572
124 P 124 0.0185230 0.0203086 0.0086078 0.0045785 0.0014725 0.0098348 0.0219100 0.0181585 0.0261017 0.0182360 0.0215577 0.0127619 0.0000000 0.0042374 0.6807670 0.0834591 0.0282731 0.0006961 0.0006471 0.0198692
125 T 125 0.0933881 0.0434214 0.0426106 0.0265670 0.0123014 0.0574572 0.0485059 0.0945564 0.0217660 0.0146448 0.0241148 0.0243921 0.0158332 0.0072489 0.0501465 0.1704144 0.1723958 0.0111510 0.0030905 0.0659940
126 Y 126 0.0453872 0.0424646 0.0107910 0.0038299 0.0052532 0.0824401 0.0942903 0.0468812 0.0489658 0.0201937 0.0339116 0.0201918 0.0078343 0.0759126 0.0484712 0.0409383 0.0372069 0.0117397 0.2768024 0.0464942
127 S 127 0.0510666 0.0478545 0.0636262 0.0318730 0.0067505 0.0175825 0.0492706 0.0302132 0.0191928 0.0094605 0.0523798 0.1013993 0.0223151 0.0080768 0.0243449 0.3087025 0.0909968 0.0028627 0.0029672 0.0590642
128 P 128 0.0219011 0.0292855 0.0465233 0.0043806 0.0014145 0.0272233 0.0167496 0.0358889 0.0122348 0.0052689 0.0359964 0.0122607 0.0396266 0.0066937 0.5043430 0.0962580 0.0506149 0.0313018 0.0033980 0.0186363
129 T 129 0.0848167 0.0235907 0.0477166 0.0117976 0.0069834 0.0412353 0.0173018 0.0420520 0.0203284 0.0195334 0.0355852 0.0324929 0.0282286 0.0116470 0.0802963 0.0883386 0.3493550 0.0000000 0.0152490 0.0434515
130 S 130 0.0767506 0.0237036 0.0233602 0.0285001 0.0072876 0.0193185 0.0583706 0.0261365 0.0215092 0.0646327 0.0248636 0.0209715 0.0081248 0.0041639 0.0481116 0.3908560 0.0977076 0.0012706 0.0176932 0.0366680
131 P 131 0.0165160 0.0157645 0.0054342 0.0455835 0.0009102 0.0117585 0.0133583 0.0188365 0.0278313 0.0266565 0.0152553 0.0053334 0.0032745 0.0000000 0.6928124 0.0579894 0.0151367 0.0000000 0.0083207 0.0192281
132 V 132 0.1003991 0.0364509 0.0701669 0.0197186 0.0093036 0.0463595 0.0610104 0.0736780 0.0156028 0.0112370 0.0408669 0.0321176 0.0206849 0.0086433 0.0648248 0.1220536 0.1801680 0.0135905 0.0071528 0.0659708
133 Y 133 0.0482117 0.0484236 0.0072665 0.0070724 0.0122863 0.0474653 0.0871237 0.0448310 0.0638539 0.0073340 0.0490330 0.0189437 0.0099536 0.0643588 0.0475418 0.0512470 0.0449064 0.0221022 0.2626512 0.0553939
134 T 134 0.0470417 0.0730437 0.0709143 0.0249969 0.0021856 0.0161467 0.0575382 0.0183049 0.0284426 0.0074584 0.0505016 0.1006157 0.0166559 0.0051671 0.0464612 0.2663016 0.1006362 0.0000000 0.0185280 0.0490598
135 P 135 0.0488449 0.0109170 0.0520377 0.0073134 0.0024606 0.0330769 0.0058217 0.0135385 0.0025489 0.0207063 0.0130299 0.0075318 0.0333064 0.0015367 0.5589058 0.0996917 0.0415569 0.0274132 0.0082296 0.0115321
136 T 136 0.1007793 0.0355604 0.0304619 0.0119580 0.0057089 0.0426476 0.0408002 0.0559899 0.0216393 0.0251521 0.0430738 0.0397214 0.0197397 0.0061167 0.0406773 0.0922710 0.3304518 0.0086092 0.0142786 0.0343629
137 S 137 0.0788648 0.0078585 0.0280810 0.0165494 0.0098263 0.0251836 0.0392757 0.0596882 0.0264629 0.0821255 0.0130396 0.0108054 0.0049827 0.0071081 0.0480809 0.3842000 0.1091437 0.0000000 0.0123640 0.0363598
138 P 138 0.0282861 0.0091337 0.0094865 0.0309915 0.0035241 0.0114352 0.0430576 0.0235908 0.0197616 0.0222794 0.0143359 0.0022338 0.0020913 0.0082711 0.6599062 0.0575338 0.0238071 0.0033332 0.0078507 0.0190905
139 K 139 0.0896456 0.0482213 0.0661941 0.0238340 0.0131782 0.0570761 0.0508802 0.0865683 0.0164059 0.0151381 0.0312268 0.0417354 0.0115265 0.0336759 0.0485825 0.1269672 0.1620727 0.0101183 0.0039471 0.0630058
140 Y 140 0.0447725 0.0446772 0.0091826 0.0046832 0.0064399 0.0584116 0.0876938 0.0399334 0.0435056 0.0155192 0.0341973 0.0157219 0.0045824 0.0628717 0.0421409 0.0503122 0.0321822 0.0127647 0.3386872 0.0517205
141 S 141 0.0554086 0.0556920 0.0606594 0.0359171 0.0041013 0.0204316 0.0470777 0.0135155 0.0130180 0.0039382 0.0502418 0.1021226 0.0247064 0.0124219 0.0218055 0.3147273 0.1177626 0.0053635 0.0040116 0.0370773
142 P 142 0.0386522 0.0039298 0.0432884 0.0071717 0.0029825 0.0355225 0.0155990 0.0170324 0.0006914 0.0063778 0.0236678 0.0064579 0.0409691 0.0009767 0.5753218 0.0891218 0.0527056 0.0272898 0.0046231 0.0076187
143 T 143 0.0865817 0.0330486 0.0442976 0.0269058 0.0130835 0.0397075 0.0298238 0.0539395 0.0169429 0.0241642 0.0322717 0.0327279 0.0146042 0.0025685 0.0532001 0.0986121 0.3658971 0.0006242 0.0034146 0.0275845
144 S 144 0.0757462 0.0135846 0.0226820 0.0247654 0.0077870 0.0164924 0.0326594 0.0351586 0.0253386 0.0734929 0.0280098 0.0409367 0.0056565 0.0022117 0.0428524 0.4015640 0.1107553 0.0000000 0.0115370 0.0287698
145 P 145 0.0109783 0.0143855 0.0086616 0.0071242 0.0000000 0.0172529 0.0164736 0.0142423 0.0196748 0.0238634 0.0201843 0.0059848 0.0015796 0.0057488 0.7111088 0.0831851 0.0137119 0.0000000 0.0069192 0.0189210
146 T 146 0.1009917 0.0450585 0.0594353 0.0166951 0.0157074 0.0562705 0.0483697 0.1260117 0.0154943 0.0173759 0.0327181 0.0366172 0.0099403 0.0108777 0.0472291 0.1033285 0.1823703 0.0114215 0.0019779 0.0621093
147 Y 147 0.0536888 0.0511151 0.0042770 0.0023463 0.0049025 0.0542557 0.0834846 0.0335257 0.0654874 0.0072057 0.0226351 0.0237179 0.0078266 0.0736338 0.0438406 0.0421200 0.0388541 0.0192496 0.3238062 0.0440274
148 S 148 0.0849167 0.0684966 0.0525340 0.0244526 0.0066653 0.0283584 0.0530761 0.0191905 0.0314584 0.0151709 0.0382621 0.0958086 0.0173326 0.0023294 0.0198843 0.3169856 0.0934738 0.0000000 0.0051093 0.0264949
149 P 149 0.0426579 0.0063717 0.0578329 0.0071618 0.0000000 0.0250551 0.0171902 0.0174123 0.0036214 0.0116901 0.0184375 0.0000000 0.0358743 0.0041664 0.5916386 0.0744360 0.0443871 0.0270420 0.0095246 0.0055000
150 T 150 0.1270873 0.0209191 0.0345711 0.0106432 0.0075870 0.0381740 0.0265574 0.0471435 0.0117835 0.0232991 0.0413900 0.0260832 0.0343586 0.0041301 0.0225028 0.0894100 0.3769741 0.0006506 0.0085314 0.0482040
151 S 151 0.0811804 0.0215939 0.0241817 0.0072914 0.0086576 0.0170125 0.0671775 0.0241371 0.0318411 0.0763275 0.0158178 0.0223424 0.0042621 0.0061578 0.0453179 0.4154402 0.0829291 0.0000000 0.0191128 0.0292190
152 P 152 0.0179043 0.0379308 0.0091810 0.0153843 0.0000000 0.0102554 0.0241144 0.0169190 0.0304263 0.0180921 0.0112218 0.0049524 0.0000000 0.0021703 0.6841065 0.0697576 0.0255103 0.0000000 0.0014717 0.0206017
153 K 153 0.0802154 0.0391713 0.0481514 0.0323353 0.0176309 0.0636159 0.0498799 0.0618483 0.0298311 0.0238426 0.0409640 0.0548295 0.0299625 0.0071872 0.0727999 0.1079180 0.1580420 0.0109998 0.0070984 0.0636765
154 Y 154 0.0529690 0.0495503 0.0127717 0.0007017 0.0015491 0.0471452 0.0930272 0.0405460 0.0422250 0.0207153 0.0362358 0.0137910 0.0110280 0.0696725 0.0399620 0.0513377 0.0252690 0.0205927 0.3061792 0.0647316
155 S 155 0.0529758 0.0497770 0.0578267 0.0319327 0.0019262 0.0324564 0.0469350 0.0253756 0.0220323 0.0091425 0.0549909 0.0952315 0.0182149 0.0013185 0.0384985 0.3161299 0.0896200 0.0034652 0.0127173 0.0394331
156 P 156 0.0280093 0.0029737 0.0476216 0.0032769 0.0000000 0.0463483 0.0133408 0.0274095 0.0016737 0.0075735 0.0231668 0.0065333 0.0381946 0.0025083 0.5641820 0.0952674 0.0401580 0.0289658 0.0110047 0.0117919
157 T 157 0.0757150 0.0319348 0.0433609 0.0191497 0.0071161 0.0677883 0.0232912 0.0455406 0.0158189 0.0281279 0.0323634 0.0282768 0.0129946 0.0066794 0.0541450 0.0980136 0.3588713 0.0051155 0.0083290 0.0373678
158 S 158 0.0825497 0.0084951 0.0165155 0.0256414 0.0047352 0.0249948 0.0512597 0.0349596 0.0250983 0.0616899 0.0337176 0.0437087 0.0018505 0.0000000 0.0357843 0.3661516 0.1233213 0.0014237 0.0126466 0.0454565
159 P 159 0.0218740 0.0340140 0.0066318 0.0101164 0.0019174 0.0098207 0.0158438 0.0234656 0.0122952 0.0219369 0.0182047 0.0236047 0.0018183 0.0012489 0.7085520 0.0389486 0.0232984 0.0000000 0.0039006 0.0225079
160 T 160 0.0950023 0.0364166 0.0542272 0.0208326 0.0118564 0.0542852 0.0348064 0.0897752 0.0137518 0.0157333 0.0293285 0.0335711 0.0234011 0.0125085 0.0908648 0.1180130 0.1903715 0.0113367 0.0013508 0.0625670
161 Y 161 0.0510115 0.0546393 0.0043384 0.0073411 0.0023895 0.0357404 0.0789685 0.0417949 0.0551081 0.0258331 0.0291020 0.0211647 0.0060660 0.0669888 0.0472782 0.0656778 0.0446081 0.0174633 0.2854729 0.0590133
162 S 162 0.0620050 0.0462317 0.0605814 0.0616461 0.0053005 0.0372724 0.0401932 0.0198405 0.0405792 0.0047577 0.0374389 0.0745638 0.0150386 0.0100836 0.0419044 0.3124215 0.0674393 0.0010289 0.0123483 0.0493252
163 P 163 0.0386756 0.0057540 0.0886103 0.0059213 0.0019882 0.0407175 0.0178723 0.0213555 0.0096684 0.0141728 0.0213620 0.0097575 0.0464667 0.0016566 0.4787676 0.0793018 0.0532237 0.0338347 0.0198855 0.0110081
164 T 164 0.0628089 0.0476170 0.0421392 0.0184224 0.0036865 0.0456286 0.0516984 0.0557334 0.0201692 0.0241547 0.0690156 0.0127363 0.0232001 0.0000000 0.0196063 0.1121201 0.3379033 0.0022787 0.0275835 0.0234979
165 S 165 0.0812876 0.0363242 0.0355193 0.0100151 0.0083383 0.0218018 0.0437771 0.0277015 0.0273333 0.0587433 0.0249918 0.0492995 0.0071163 0.0038631 0.0313028 0.4067821 0.0853434 0.0015042 0.0158208 0.0231343
166 P 166 0.0290115 0.0015288 0.0102635 0.0051595 0.0000000 0.0000000 0.0228261 0.0071628 0.0143555 0.0053078 0.0220075 0.0058398 0.0000000 0.0012897 0.7921098 0.0506829 0.0264652 0.0000000 0.0007932 0.0051964
167 K 167 0.1129291 0.0315653 0.0496238 0.0161046 0.0176441 0.0488476 0.0837530 0.0685391 0.0215337 0.0164631 0.0255244 0.0522172 0.0172846 0.0027042 0.0504886 0.1215056 0.2119953 0.0000000 0.0080933 0.0431833
168 G 168 0.0783479 0.0501126 0.0237602 0.0176721 0.0077299 0.0347802 0.0637522 0.1267974 0.0289871 0.0467134 0.0441849 0.0187071 0.0124552 0.0147672 0.0763243 0.1178933 0.0765741 0.0054236 0.1005521 0.0544652
169 S 169 0.0730165 0.0463588 0.0497247 0.0382420 0.0000000 0.0247421 0.0568363 0.0335844 0.0310328 0.0245017 0.0520837 0.0522692 0.0160034 0.0048005 0.1775623 0.1842815 0.0774292 0.0000000 0.0104802 0.0470507
170 T 170 0.0760745 0.0264232 0.0796929 0.0078141 0.0094558 0.0711491 0.0218020 0.0812173 0.0064802 0.0136089 0.0365170 0.0239270 0.0259248 0.0570713 0.1073071 0.1857057 0.0979499 0.0257691 0.0089736 0.0371364
171 Y 171 0.0366445 0.0201477 0.0258986 0.0175503 0.0000000 0.0252785 0.0647012 0.0148321 0.0636083 0.0023503 0.0241471 0.0054446 0.0285356 0.0457045 0.0667264 0.0555134 0.1157159 0.0105706 0.3289900 0.0476406
172 S 172 0.0380812 0.0224865 0.0464761 0.0244547 0.0032316 0.0177135 0.0545307 0.0268944 0.0201145 0.0181742 0.0380369 0.0639079 0.0122623 0.0000000 0.0204276 0.4025774 0.1346700 0.0019081 0.0135947 0.0404576
173 P 173 0.0171353 0.0029098 0.0023863 0.0032848 0.0000000 0.0127795 0.0162276 0.0114335 0.0019511 0.0056065 0.0202321 0.0032939 0.0370640 0.0000000 0.8005623 0.0193317 0.0195626 0.0172374 0.0064839 0.0025175
174 T 174 0.0866480 0.0258128 0.0339801 0.0192649 0.0124726 0.0500902 0.0544843 0.0489697 0.0097466 0.0191405 0.0241307 0.0390988 0.0180523 0.0127314 0.0324969 0.0765133 0.4003541 0.0013055 0.0058958 0.0288114
175 S 175 0.0795702 0.0336783 0.0225125 0.0162630 0.0064302 0.0371044 0.0316202 0.0316084 0.0267858 0.0708143 0.0295604 0.0549721 0.0066181 0.0042125 0.0248390 0.3447735 0.1169685 0.0026161 0.0201833 0.0388692
176 P 176 0.0477787 0.0139859 0.0310150 0.0116583 0.0000000 0.0263853 0.0031474 0.0051888 0.0170997 0.0191578 0.0078881 0.0035607 0.0035818 0.0000000 0.6725666 0.0678668 0.0358572 0.0000000 0.0000000 0.0332619
177 G 177 0.1074567 0.0477672 0.0890516 0.0167619 0.0167441 0.0409333 0.0513697 0.1390014 0.0114079 0.0125905 0.0332844 0.0492680 0.0169587 0.0025375 0.0455769 0.1289138 0.1246999 0.0072710 0.0000000 0.0584057
178 Y 178 0.0341624 0.0345582 0.0175085 0.0168242 0.0090137 0.0594992 0.0902230 0.0307387 0.0354644 0.0147346 0.0300595 0.0156783 0.0140626 0.0769175 0.0363993 0.0544933 0.0563073 0.0171121 0.3065625 0.0496806
179 S 179 0.0326851 0.0815198 0.0580008 0.0374645 0.0014921 0.0381439 0.0444396 0.0288318 0.0228843 0.0193445 0.0355195 0.1124790 0.0194638 0.0052997 0.0289123 0.3209587 0.0661632 0.0025497 0.0167740 0.0270737
180 P 180 0.0274019 0.0013514 0.0099647 0.0020575 0.0000000 0.0265656 0.0140022 0.0082374 0.0000000 0.0085800 0.0149823 0.0017501 0.0404949 0.0020382 0.7152592 0.0654307 0.0239690 0.0277369 0.0014589 0.0087192
181 T 181 0.1239001 0.0290758 0.0275232 0.0095110 0.0072707 0.0541393 0.0181153 0.0382997 0.0253879 0.0306939 0.0371488 0.0417284 0.0334226 0.0019387 0.0352890 0.0667631 0.3863149 0.0000000 0.0059023 0.0275754
182 S 182 0.0957250 0.0185671 0.0138323 0.0101184 0.0065153 0.0416315 0.0313053 0.0181510 0.0283456 0.0967916 0.0344707 0.0128972 0.0014345 0.0000000 0.0233641 0.3865685 0.1187953 0.0038482 0.0244734 0.0331652
183 P 183 0.0495916 0.0097579 0.0092507 0.0037979 0.0017091 0.0087082 0.0078889 0.0173345 0.0276777 0.0249874 0.0166575 0.0071095 0.0000000 0.0049839 0.6535258 0.0904404 0.0467949 0.0024625 0.0000000 0.0173215
184 T 184 0.0800843 0.0360221 0.1077606 0.0202640 0.0133720 0.0618429 0.0525524 0.0968378 0.0117361 0.0151362 0.0396325 0.0258075 0.0139878 0.0029135 0.0345789 0.1548058 0.1575484 0.0091839 0.0102742 0.0556590
185 Y 185 0.0406621 0.0290031 0.0186650 0.0268657 0.0000000 0.0177832 0.0896072 0.0346411 0.0664571 0.0136112 0.0296089 0.0219140 0.0096377 0.0490022 0.0513274 0.0435837 0.0372979 0.0206187 0.3483964 0.0513173
186 S 186 0.0318313 0.0605485 0.0726014 0.0364664 0.0026109 0.0208183 0.0453080 0.0217441 0.0273438 0.0157018 0.0418178 0.0986320 0.0234194 0.0024851 0.0384275 0.3543822 0.0660244 0.0000000 0.0059835 0.0338536
187 L 187 0.0272467 0.0109533 0.0082503 0.0023578 0.0024516 0.0364778 0.0195138 0.0034479 0.0000000 0.0088489 0.0340100 0.0108013 0.0624295 0.0031127 0.6124787 0.0704305 0.0380666 0.0342640 0.0089394 0.0059191
188 T 188 0.0764607 0.0224429 0.0308533 0.0080410 0.0040040 0.0577921 0.0132963 0.0413192 0.0084745 0.0192434 0.0269950 0.0323191 0.0322705 0.0129749 0.0440794 0.1033681 0.4133523 0.0028961 0.0187893 0.0310279
189 S 189 0.0638248 0.0314335 0.0255720 0.0182719 0.0108825 0.0431153 0.0295834 0.0348451 0.0276014 0.0700479 0.0306970 0.0181926 0.0141487 0.0008526 0.0179020 0.3504552 0.1388827 0.0018529 0.0187566 0.0530817
