  214         A         R         N         D         C         Q         E         G         H         I         L         K         M         F         P         S         T         W         Y         V         X    
  1 M   1 0.0000000 0.0000000 0.0000000 0.0000000 0.0000000 0.0000000 0.0000000 0.0000000 0.0000000 0.0530255 0.0496158 0.0000000 0.6746931 0.0056048 0.0000000 0.0000000 0.0000000 0.0000000 0.0000000 0.0361105 0.1809504
  2 R   2 0.0000000 0.3951662 0.3143119 0.0057704 0.0000000 0.0092721 0.0000000 0.0000000 0.0153320 0.0146972 0.0000000 0.1209838 0.0000000 0.0000000 0.0000000 0.0000000 0.0000000 0.0000000 0.0152859 0.0000000 0.1091806
  3 I   3 0.0629416 0.0000000 0.0000000 0.0000000 0.0020196 0.0000000 0.0000000 0.0010979 0.0000000 0.4171450 0.3256091 0.0000000 0.0469313 0.0191489 0.0000000 0.0000000 0.0131821 0.0032529 0.0034634 0.0658095 0.0393986
  4 I   4 0.0033941 0.0000000 0.0000000 0.0000000 0.0000000 0.0000000 0.0000000 0.0000000 0.0000000 0.5815353 0.0832490 0.0000000 0.0175929 0.0107519 0.0000000 0.0000000 0.0000000 0.0000000 0.0012660 0.2728537 0.0293570
  5 L   5 0.0000000 0.0000000 0.0000000 0.0000000 0.0000000 0.0000000 0.0000000 0.0000000 0.0000000 0.0639402 0.7343671 0.0000000 0.0387914 0.1317223 0.0000000 0.0000000 0.0000000 0.0000000 0.0000000 0.0025077 0.0286713
  6 L   6 0.0000000 0.0000000 0.0000000 0.0000000 0.0000000 0.0000000 0.0072471 0.0000000 0.0000000 0.0910151 0.6033768 0.0000000 0.1760896 0.0557269 0.0000000 0.0000000 0.0000000 0.0000000 0.0000000 0.0433082 0.0232362
  7 G   7 0.0000000 0.0000000 0.0000000 0.0000000 0.0000000 0.0000000 0.0000000 0.9733143 0.0000000 0.0000000 0.0000000 0.0000000 0.0000000 0.0000000 0.0000000 0.0000000 0.0000000 0.0000000 0.0000000 0.0072723 0.0194134
  8 A   8 0.3091614 0.0033941 0.0000000 0.0000000 0.0038177 0.0000000 0.0000000 0.0146826 0.0000000 0.0000000 0.0934642 0.0000000 0.0034688 0.0000000 0.5418378 0.0073758 0.0000000 0.0000000 0.0000000 0.0033843 0.0194134
  9 P   9 0.0135074 0.0000000 0.0000000 0.0000000 0.0000000 0.0067427 0.0000000 0.0000000 0.0000000 0.0000000 0.0000000 0.0000000 0.0000000 0.0000000 0.9603365 0.0000000 0.0000000 0.0000000 0.0000000 0.0000000 0.0194134
 10 G  10 0.0000000 0.0072723 0.0067740 0.0000000 0.0000000 0.0000000 0.0000000 0.9647593 0.0000000 0.0000000 0.0000000 0.0000000 0.0000000 0.0000000 0.0000000 0.0017810 0.0000000 0.0000000 0.0000000 0.0000000 0.0194134
 11 A  11 0.7842165 0.0000000 0.0000000 0.0000000 0.0201678 0.0000000 0.0000000 0.0052809 0.0000000 0.0022382 0.0000000 0.0000000 0.0000000 0.0000000 0.0000000 0.1363396 0.0083946 0.0000000 0.0000000 0.0239490 0.0194134
 12 G  12 0.0000000 0.0000000 0.0000000 0.0000000 0.0000000 0.0000000 0.0000000 0.9805866 0.0000000 0.0000000 0.0000000 0.0000000 0.0000000 0.0000000 0.0000000 0.0000000 0.0000000 0.0000000 0.0000000 0.0000000 0.0194134
 13 K  13 0.0000000 0.0000000 0.0000000 0.0000000 0.0000000 0.0000000 0.0000000 0.0000000 0.0000000 0.0000000 0.0000000 0.9805866 0.0000000 0.0000000 0.0000000 0.0000000 0.0000000 0.0000000 0.0000000 0.0000000 0.0194134
 14 G  14 0.0000000 0.0000000 0.0000000 0.0000000 0.0000000 0.0000000 0.0000000 0.9805866 0.0000000 0.0000000 0.0000000 0.0000000 0.0000000 0.0000000 0.0000000 0.0000000 0.0000000 0.0000000 0.0000000 0.0000000 0.0194134
 15 T  15 0.0000000 0.0000000 0.0000000 0.0000000 0.0000000 0.0000000 0.0000000 0.0000000 0.0000000 0.0000000 0.0000000 0.0000000 0.0000000 0.0000000 0.0000000 0.0099015 0.9756626 0.0000000 0.0000000 0.0019206 0.0125152
 16 Q  16 0.0032790 0.0072723 0.0000000 0.0000000 0.0000000 0.8693690 0.0000000 0.0000000 0.0197482 0.0145536 0.0256772 0.0000000 0.0111176 0.0035048 0.0000000 0.0000000 0.0012393 0.0000000 0.0161501 0.0155736 0.0125152
 17 A  17 0.8272221 0.0000000 0.0000000 0.0000000 0.0052750 0.0000000 0.0000000 0.0201329 0.0000000 0.0000000 0.0000000 0.0000000 0.0000000 0.0000000 0.0000000 0.1354721 0.0000000 0.0000000 0.0000000 0.0069567 0.0049412
 18 Q  18 0.1319416 0.0451104 0.0285580 0.0176648 0.0000000 0.1391082 0.1350686 0.0106301 0.0083596 0.0036039 0.0101271 0.2094305 0.0000000 0.0012995 0.1400987 0.0503824 0.0367886 0.0000000 0.0039665 0.0229203 0.0049412
 19 F  19 0.0102019 0.1999335 0.0329216 0.0073080 0.0000000 0.0207709 0.0322435 0.0073960 0.0100602 0.0524424 0.0878194 0.2210391 0.0394405 0.1786820 0.0031744 0.0206111 0.0072271 0.0008508 0.0410397 0.0218965 0.0049412
 20 I  20 0.0121156 0.0000000 0.0000000 0.0000000 0.0000000 0.0000000 0.0000000 0.0000000 0.0000000 0.4931494 0.4229453 0.0000000 0.0226738 0.0076638 0.0000000 0.0000000 0.0000000 0.0000000 0.0000000 0.0414521 0.0000000
 21 M  21 0.1495857 0.0299144 0.0057280 0.0010709 0.0547706 0.0246150 0.0528892 0.0000000 0.0000000 0.0636079 0.0112154 0.1368265 0.0556919 0.0024817 0.0000000 0.0957046 0.0707723 0.0000000 0.0042924 0.2408335 0.0000000
 22 E  22 0.0906274 0.0279071 0.0320609 0.1528450 0.0000000 0.0726154 0.4113596 0.0096162 0.0107765 0.0026026 0.0012415 0.1356158 0.0024008 0.0000000 0.0000000 0.0311822 0.0100271 0.0000000 0.0010865 0.0080355 0.0000000
 23 K  23 0.0435634 0.1138705 0.0350818 0.0555213 0.0079479 0.0338531 0.1712520 0.0020733 0.0423570 0.0133702 0.0128585 0.3549007 0.0024246 0.0050586 0.0000000 0.0327491 0.0561511 0.0022264 0.0119639 0.0027767 0.0000000
 24 Y  24 0.0011008 0.0274335 0.0045260 0.0070613 0.0040890 0.0018344 0.0081329 0.0000000 0.0361423 0.0016640 0.1294711 0.0083414 0.0021873 0.3140426 0.0000000 0.0000000 0.0141213 0.0014736 0.4383785 0.0000000 0.0000000
 25 G  25 0.0238244 0.0098697 0.1121148 0.0627755 0.1323141 0.0414163 0.0264310 0.3981168 0.0348150 0.0011802 0.0069567 0.0528392 0.0000000 0.0014820 0.0110350 0.0803400 0.0033816 0.0000000 0.0011076 0.0000000 0.0000000
 26 I  26 0.0246701 0.0000000 0.0000000 0.0000000 0.0106737 0.0000000 0.0000000 0.0034808 0.0000000 0.5451202 0.1422359 0.0000000 0.0488908 0.0249045 0.0000000 0.0086344 0.0113759 0.0018655 0.0101197 0.1680286 0.0000000
 27 P  27 0.0732064 0.0094678 0.0084038 0.0000000 0.1663451 0.0054626 0.0105709 0.0008186 0.0000000 0.0133098 0.0015958 0.0189144 0.0031457 0.0000000 0.5700474 0.0049308 0.0174342 0.0000000 0.0046633 0.0916833 0.0000000
 28 Q  28 0.0053602 0.0026764 0.0000000 0.0000000 0.0016053 0.3643944 0.0000000 0.0000000 0.5730245 0.0019801 0.0000000 0.0233571 0.0000000 0.0000000 0.0000000 0.0015385 0.0120306 0.0000000 0.0057458 0.0013303 0.0069567
 29 I  29 0.0000000 0.0000000 0.0000000 0.0000000 0.0000000 0.0000000 0.0000000 0.0000000 0.0000000 0.6819042 0.2593933 0.0000000 0.0000000 0.0039515 0.0000000 0.0000000 0.0000000 0.0000000 0.0000000 0.0477942 0.0069567
 30 S  30 0.1532183 0.0000000 0.0000000 0.0000000 0.0000000 0.0000000 0.0000000 0.0000000 0.0000000 0.0000000 0.0000000 0.0000000 0.0000000 0.0000000 0.0000000 0.8320773 0.0051883 0.0000000 0.0000000 0.0025595 0.0069567
 31 T  31 0.0034808 0.0000000 0.0000000 0.0000000 0.0000000 0.0000000 0.0000000 0.0000000 0.0000000 0.0000000 0.0000000 0.0000000 0.0000000 0.0000000 0.0000000 0.0319571 0.9576053 0.0000000 0.0000000 0.0000000 0.0069567
 32 G  32 0.0000000 0.0000000 0.0000000 0.0000000 0.0000000 0.0000000 0.0000000 0.9857961 0.0000000 0.0000000 0.0000000 0.0000000 0.0000000 0.0000000 0.0000000 0.0072471 0.0000000 0.0000000 0.0000000 0.0000000 0.0069567
 33 D  33 0.0054810 0.0000000 0.0335312 0.9495985 0.0000000 0.0015330 0.0069172 0.0000000 0.0000000 0.0000000 0.0000000 0.0000000 0.0000000 0.0000000 0.0000000 0.0029390 0.0000000 0.0000000 0.0000000 0.0000000 0.0000000
 34 M  34 0.0120552 0.0000000 0.0000000 0.0000000 0.0000000 0.0000000 0.0000000 0.0000000 0.0000000 0.2749392 0.1354200 0.0047722 0.5698650 0.0000000 0.0000000 0.0000000 0.0000000 0.0000000 0.0000000 0.0000000 0.0029483
 35 L  35 0.0000000 0.0000000 0.0000000 0.0000000 0.0000000 0.0000000 0.0000000 0.0000000 0.0000000 0.0084913 0.6547294 0.0000000 0.0000000 0.3367793 0.0000000 0.0000000 0.0000000 0.0000000 0.0000000 0.0000000 0.0000000
 36 R  36 0.0000000 1.0000000 0.0000000 0.0000000 0.0000000 0.0000000 0.0000000 0.0000000 0.0000000 0.0000000 0.0000000 0.0000000 0.0000000 0.0000000 0.0000000 0.0000000 0.0000000 0.0000000 0.0000000 0.0000000 0.0000000
 37 A  37 0.5709311 0.0041799 0.0092837 0.0313226 0.0000000 0.0182840 0.1754515 0.0064688 0.0057713 0.0009537 0.0105165 0.0454261 0.0000000 0.0000000 0.0000000 0.0712003 0.0186874 0.0000000 0.0191437 0.0123795 0.0000000
 38 A  38 0.6305771 0.0000000 0.1592319 0.0000000 0.0000000 0.0400361 0.0725763 0.0000000 0.0346581 0.0016831 0.0029707 0.0000000 0.0240823 0.0000000 0.0000000 0.0083955 0.0121814 0.0000000 0.0000000 0.0136074 0.0000000
 39 V  39 0.0084617 0.0144212 0.0000000 0.0000000 0.0000000 0.0000000 0.0000000 0.0000000 0.0000000 0.3185425 0.0359426 0.0150194 0.0702246 0.0000000 0.0000000 0.0000000 0.0000000 0.0000000 0.0000000 0.5373879 0.0000000
 40 K  40 0.2708925 0.0691472 0.0197357 0.0150056 0.0000000 0.0361792 0.0122021 0.0055118 0.0107994 0.0014441 0.0016749 0.4407346 0.0009745 0.0000000 0.0000000 0.0911915 0.0231288 0.0000000 0.0000000 0.0013781 0.0000000
 41 S  41 0.2921244 0.0232534 0.1877186 0.0363584 0.0000000 0.0625640 0.1541978 0.0247964 0.0033843 0.0000000 0.0054255 0.0790666 0.0079269 0.0000000 0.0000000 0.1118604 0.0100084 0.0000000 0.0000000 0.0013150 0.0000000
 42 G  42 0.0095360 0.0095125 0.0334136 0.0131462 0.0016384 0.1110769 0.0839610 0.5923363 0.0057698 0.0000000 0.0014525 0.1248812 0.0035215 0.0000000 0.0000000 0.0097542 0.0000000 0.0000000 0.0000000 0.0000000 0.0000000
 43 S  43 0.0000000 0.0000000 0.0077478 0.0067271 0.0000000 0.0000000 0.0000000 0.0027801 0.0000000 0.0000000 0.0000000 0.0026764 0.0000000 0.0000000 0.0000000 0.1751611 0.8049074 0.0000000 0.0000000 0.0000000 0.0000000
 44 E  44 0.0630281 0.0017714 0.0054255 0.0626403 0.0000000 0.0170357 0.4568458 0.0041193 0.0000000 0.0023646 0.0013464 0.0407882 0.0000000 0.0000000 0.3134793 0.0167678 0.0081106 0.0000000 0.0000000 0.0062769 0.0000000
 45 L  45 0.0212946 0.0000000 0.0057704 0.0000000 0.0000000 0.0000000 0.0000000 0.0000000 0.0000000 0.0549833 0.7251969 0.0000000 0.0821778 0.0142232 0.0000000 0.0072471 0.0148291 0.0060644 0.0192584 0.0489549 0.0000000
 46 G  46 0.0000000 0.0000000 0.0000000 0.0000000 0.0000000 0.0000000 0.0000000 1.0000000 0.0000000 0.0000000 0.0000000 0.0000000 0.0000000 0.0000000 0.0000000 0.0000000 0.0000000 0.0000000 0.0000000 0.0000000 0.0000000
 47 K  47 0.0135863 0.0684005 0.0081351 0.0029390 0.0011980 0.0620498 0.0100448 0.0024887 0.0014663 0.0797208 0.2673923 0.3405684 0.0280939 0.0023030 0.0000000 0.0033850 0.0180284 0.0000000 0.0000000 0.0901997 0.0000000
 48 Q  48 0.0430298 0.0492438 0.0037943 0.0016995 0.0000000 0.1633460 0.2157857 0.0000000 0.0020710 0.0230338 0.0690066 0.3844986 0.0153742 0.0000000 0.0000000 0.0029845 0.0109575 0.0000000 0.0000000 0.0099865 0.0051883
 49 A  49 0.8037752 0.0000000 0.0000000 0.0000000 0.0000000 0.0000000 0.0000000 0.0000000 0.0000000 0.0297876 0.0464477 0.0000000 0.0000000 0.0018057 0.0051883 0.0000000 0.0000000 0.0000000 0.0000000 0.1129955 0.0000000
 50 K  50 0.0195747 0.0223634 0.0000000 0.0080150 0.0024048 0.0588080 0.0233483 0.0097718 0.0000000 0.0000000 0.0000000 0.8459671 0.0000000 0.0000000 0.0000000 0.0097469 0.0000000 0.0000000 0.0000000 0.0000000 0.0000000
 51 D  51 0.1992360 0.0116325 0.0171029 0.0303464 0.0000000 0.0346704 0.1923776 0.0468851 0.0018196 0.0011272 0.0026366 0.1841809 0.0000000 0.0023482 0.0098234 0.1999257 0.0404334 0.0000000 0.0087294 0.0167247 0.0000000
 52 I  52 0.0654921 0.0000000 0.0000000 0.0000000 0.0036575 0.0000000 0.0000000 0.0000000 0.0042107 0.2065389 0.0440908 0.0043812 0.0000000 0.1212641 0.0000000 0.0018655 0.0283766 0.0000000 0.3457920 0.1743307 0.0000000
 53 M  53 0.0000000 0.0000000 0.0000000 0.0000000 0.0000000 0.0000000 0.0000000 0.0000000 0.0000000 0.1477572 0.0457564 0.0000000 0.7720375 0.0000000 0.0000000 0.0019400 0.0104373 0.0000000 0.0000000 0.0191234 0.0029483
 54 D  54 0.0486626 0.0024131 0.0382884 0.7295628 0.0000000 0.0137745 0.1185331 0.0024048 0.0000000 0.0012338 0.0000000 0.0295811 0.0000000 0.0000000 0.0024789 0.0068617 0.0033985 0.0000000 0.0000000 0.0028066 0.0000000
 55 A  55 0.3540594 0.0750395 0.0313133 0.0131068 0.0000000 0.1016974 0.0630983 0.0097916 0.0013275 0.0000000 0.0029245 0.1837615 0.0011272 0.0064912 0.0000000 0.1448371 0.0081386 0.0000000 0.0000000 0.0032861 0.0000000
 56 G  56 0.0000000 0.0000000 0.0000000 0.0000000 0.0000000 0.0000000 0.0000000 1.0000000 0.0000000 0.0000000 0.0000000 0.0000000 0.0000000 0.0000000 0.0000000 0.0000000 0.0000000 0.0000000 0.0000000 0.0000000 0.0000000
 57 K  57 0.0786764 0.0115206 0.0440196 0.0597236 0.0000000 0.1574948 0.1824575 0.1562532 0.0178607 0.0036126 0.0678006 0.2015060 0.0059554 0.0000000 0.0000000 0.0104114 0.0008368 0.0000000 0.0000000 0.0018709 0.0000000
 58 L  58 0.0000000 0.0000000 0.0000000 0.0000000 0.0000000 0.0000000 0.0000000 0.0000000 0.0000000 0.0000000 0.9860448 0.0000000 0.0000000 0.0058268 0.0000000 0.0000000 0.0000000 0.0000000 0.0081284 0.0000000 0.0000000
 59 V  59 0.0000000 0.0000000 0.0000000 0.0000000 0.0000000 0.0000000 0.0000000 0.0000000 0.0000000 0.0241945 0.0117061 0.0000000 0.0062287 0.0031434 0.0000000 0.0000000 0.0000000 0.0000000 0.0000000 0.9547273 0.0000000
 60 T  60 0.0000000 0.0053866 0.0072861 0.0135298 0.0019766 0.0000000 0.0034688 0.0110732 0.0000000 0.0000000 0.0000000 0.0000000 0.0000000 0.0000000 0.5585344 0.3452677 0.0534769 0.0000000 0.0000000 0.0000000 0.0000000
 61 D  61 0.0000000 0.0000000 0.0054255 0.9945745 0.0000000 0.0000000 0.0000000 0.0000000 0.0000000 0.0000000 0.0000000 0.0000000 0.0000000 0.0000000 0.0000000 0.0000000 0.0000000 0.0000000 0.0000000 0.0000000 0.0000000
 62 E  62 0.0309859 0.0026240 0.0099307 0.3334679 0.0000000 0.0257509 0.5083651 0.0125167 0.0029306 0.0000000 0.0000000 0.0076883 0.0000000 0.0025836 0.0052123 0.0528691 0.0039726 0.0000000 0.0000000 0.0011024 0.0000000
 63 L  63 0.0000000 0.0000000 0.0000000 0.0000000 0.0000000 0.0000000 0.0000000 0.0000000 0.0000000 0.3440816 0.3001096 0.0000000 0.0267167 0.0055926 0.0000000 0.0000000 0.0214946 0.0000000 0.0064912 0.2955138 0.0000000
 64 V  64 0.0016569 0.0000000 0.0000000 0.0000000 0.0000000 0.0000000 0.0000000 0.0000000 0.0000000 0.2299628 0.0126168 0.0000000 0.0750574 0.0000000 0.0000000 0.0000000 0.2706662 0.0000000 0.0000000 0.4100399 0.0000000
 65 I  65 0.0117648 0.0000000 0.1008046 0.0027775 0.0335136 0.0000000 0.0030013 0.0000000 0.0000000 0.5035676 0.0720355 0.0000000 0.0212843 0.0081674 0.0000000 0.0136790 0.0091492 0.0037549 0.0000000 0.2165005 0.0000000
 66 A  66 0.1509934 0.0202862 0.0948798 0.0959149 0.0000000 0.0212487 0.1134853 0.4395999 0.0011806 0.0000000 0.0000000 0.0311301 0.0000000 0.0000000 0.0000000 0.0271801 0.0028066 0.0000000 0.0000000 0.0012942 0.0000000
 67 L  67 0.0000000 0.0000000 0.0000000 0.0000000 0.0000000 0.0000000 0.0000000 0.0000000 0.0000000 0.3391672 0.3954907 0.0000000 0.2359960 0.0000000 0.0000000 0.0000000 0.0000000 0.0000000 0.0000000 0.0293461 0.0000000
 68 V  68 0.0239489 0.0000000 0.0000000 0.0000000 0.0000000 0.0000000 0.0000000 0.0000000 0.0000000 0.2995851 0.0695206 0.0000000 0.0234066 0.0000000 0.0000000 0.0000000 0.0017301 0.0000000 0.0000000 0.5818087 0.0000000
 69 K  69 0.0469356 0.1289542 0.0100707 0.0687970 0.0000000 0.0214874 0.1459102 0.0201103 0.0017798 0.0070867 0.0337323 0.4341376 0.0057739 0.0137582 0.0000000 0.0268146 0.0116975 0.0084724 0.0000000 0.0144815 0.0000000
 70 E  70 0.0328215 0.0086668 0.0371268 0.2675519 0.0000000 0.0140846 0.5299166 0.0100792 0.0088902 0.0000000 0.0020748 0.0453281 0.0000000 0.0000000 0.0000000 0.0329006 0.0047050 0.0000000 0.0039599 0.0000000 0.0018939
 71 R  71 0.0522239 0.7316409 0.0687331 0.0000000 0.0026764 0.0190017 0.0430546 0.0022113 0.0031434 0.0019877 0.0000000 0.0375457 0.0000000 0.0024655 0.0000000 0.0119654 0.0025726 0.0000000 0.0124704 0.0064135 0.0018939
 72 I  72 0.0000000 0.0000000 0.0000000 0.0000000 0.0000000 0.0000000 0.0000000 0.0000000 0.0000000 0.2692231 0.6251143 0.0000000 0.0429293 0.0166869 0.0000000 0.0000000 0.0035833 0.0000000 0.0000000 0.0405692 0.0018939
 73 A  73 0.2287117 0.0228042 0.0241561 0.0913778 0.0020905 0.1083284 0.0865272 0.0268185 0.0097063 0.0029245 0.0219336 0.1278276 0.0081941 0.0000000 0.0028218 0.1575535 0.0599308 0.0000000 0.0000000 0.0097771 0.0085163
 74 Q  74 0.0440951 0.0321303 0.0442014 0.0252745 0.0029501 0.3434717 0.1701623 0.0118507 0.0145467 0.0000000 0.0129150 0.2187785 0.0063292 0.0000000 0.0000000 0.0326674 0.0382846 0.0010733 0.0000000 0.0000000 0.0012692
 75 E  75 0.1017520 0.0015416 0.0468852 0.1904162 0.0000000 0.0066998 0.0965735 0.0160056 0.0094114 0.0027862 0.0242537 0.0358559 0.0101779 0.0010165 0.3983826 0.0379565 0.0039132 0.0000000 0.0040252 0.0052882 0.0070587
 76 D  76 0.0286955 0.0041305 0.0033700 0.7431335 0.0000000 0.0072240 0.1009696 0.0092686 0.0042412 0.0000000 0.0026738 0.0186633 0.0000000 0.0000000 0.0148423 0.0429613 0.0032501 0.0000000 0.0044002 0.0026834 0.0094928
 77 C  77 0.1281141 0.0012990 0.0040790 0.0125766 0.6696165 0.0021925 0.0016666 0.0104164 0.0049234 0.0150288 0.0000000 0.0110972 0.0000000 0.0064912 0.0061189 0.0058888 0.0538749 0.0000000 0.0111740 0.0420685 0.0133736
 78 R  78 0.2336530 0.0664110 0.0133167 0.0282868 0.0000000 0.1038952 0.1213664 0.0214697 0.0072737 0.0131770 0.0067471 0.2902150 0.0020748 0.0008027 0.0021159 0.0510579 0.0110211 0.0000000 0.0000000 0.0179724 0.0091434
 79 N  79 0.0232307 0.0638976 0.3656536 0.0404198 0.0026764 0.0373103 0.0332835 0.0580028 0.0101368 0.0020710 0.0011446 0.2728604 0.0012644 0.0000000 0.0104455 0.0261875 0.0204478 0.0012567 0.0099310 0.0109279 0.0088517
 80 G  80 0.0000000 0.0000000 0.0056652 0.0000000 0.0000000 0.0000000 0.0000000 0.9628061 0.0000000 0.0038832 0.0000000 0.0032364 0.0000000 0.0000000 0.0000000 0.0068470 0.0016259 0.0000000 0.0000000 0.0000000 0.0159361
 81 F  81 0.0274760 0.0000000 0.0000000 0.0000000 0.0211878 0.0000000 0.0000000 0.0000000 0.0000000 0.0153287 0.0000000 0.0000000 0.0031101 0.7100501 0.0000000 0.0000000 0.0000000 0.0255103 0.1371197 0.0602174 0.0000000
 82 L  82 0.0000000 0.0000000 0.0000000 0.0000000 0.0000000 0.0000000 0.0000000 0.0000000 0.0000000 0.4310369 0.4577440 0.0000000 0.0385172 0.0000000 0.0000000 0.0000000 0.0000000 0.0000000 0.0000000 0.0727019 0.0000000
 83 L  83 0.0000000 0.0000000 0.0000000 0.0000000 0.0000000 0.0000000 0.0000000 0.0000000 0.0000000 0.0000000 0.8100405 0.0000000 0.0072819 0.1826776 0.0000000 0.0000000 0.0000000 0.0000000 0.0000000 0.0000000 0.0000000
 84 D  84 0.0000000 0.0000000 0.0000000 0.9955998 0.0000000 0.0000000 0.0044002 0.0000000 0.0000000 0.0000000 0.0000000 0.0000000 0.0000000 0.0000000 0.0000000 0.0000000 0.0000000 0.0000000 0.0000000 0.0000000 0.0000000
 85 G  85 0.0000000 0.0000000 0.0000000 0.0000000 0.0000000 0.0000000 0.0000000 1.0000000 0.0000000 0.0000000 0.0000000 0.0000000 0.0000000 0.0000000 0.0000000 0.0000000 0.0000000 0.0000000 0.0000000 0.0000000 0.0000000
 86 F  86 0.0000000 0.0000000 0.0000000 0.0000000 0.0000000 0.0000000 0.0000000 0.0000000 0.0000000 0.0000000 0.0000000 0.0000000 0.0031765 0.8753658 0.0000000 0.0000000 0.0000000 0.0000000 0.1086383 0.0128193 0.0000000
 87 P  87 0.0000000 0.0000000 0.0000000 0.0000000 0.0000000 0.0000000 0.0000000 0.0000000 0.0000000 0.0000000 0.0000000 0.0000000 0.0000000 0.0000000 1.0000000 0.0000000 0.0000000 0.0000000 0.0000000 0.0000000 0.0000000
 88 R  88 0.0000000 1.0000000 0.0000000 0.0000000 0.0000000 0.0000000 0.0000000 0.0000000 0.0000000 0.0000000 0.0000000 0.0000000 0.0000000 0.0000000 0.0000000 0.0000000 0.0000000 0.0000000 0.0000000 0.0000000 0.0000000
 89 T  89 0.0000000 0.0000000 0.1032513 0.0000000 0.0000000 0.0000000 0.0000000 0.0000000 0.0000000 0.0000000 0.0000000 0.0000000 0.0000000 0.0000000 0.0000000 0.0121824 0.8845663 0.0000000 0.0000000 0.0000000 0.0000000
 90 I  90 0.0138012 0.0143569 0.0013999 0.0012341 0.0018221 0.0052996 0.0161972 0.0000000 0.0000000 0.3671171 0.1650964 0.0054679 0.0082794 0.0026485 0.0096318 0.0065265 0.0674506 0.0000000 0.0010592 0.3126116 0.0000000
 91 P  91 0.2555484 0.0209487 0.0283463 0.0376433 0.0000000 0.0114472 0.0661419 0.0337975 0.0114346 0.0095059 0.0012378 0.0450445 0.0000000 0.0069844 0.3124387 0.0349207 0.0240078 0.0000000 0.0057089 0.0948434 0.0000000
 92 Q  92 0.0000000 0.0000000 0.0000000 0.0000000 0.0000000 0.9959695 0.0000000 0.0000000 0.0000000 0.0000000 0.0040305 0.0000000 0.0000000 0.0000000 0.0000000 0.0000000 0.0000000 0.0000000 0.0000000 0.0000000 0.0000000
 93 A  93 0.9774454 0.0000000 0.0000000 0.0017293 0.0000000 0.0040305 0.0011001 0.0061845 0.0000000 0.0000000 0.0000000 0.0000000 0.0000000 0.0000000 0.0000000 0.0045594 0.0014983 0.0000000 0.0000000 0.0034524 0.0000000
 94 D  94 0.0192869 0.0239367 0.0106998 0.1565829 0.0000000 0.0790960 0.5486717 0.0019986 0.0238497 0.0058298 0.0037310 0.0616126 0.0000000 0.0029691 0.0000000 0.0047451 0.0061911 0.0000000 0.0146586 0.0361404 0.0000000
 95 A  95 0.6276254 0.0103972 0.0000000 0.0034084 0.0000000 0.0118619 0.0281691 0.0265751 0.0009861 0.0079063 0.0112336 0.1132388 0.0544694 0.0116591 0.0000000 0.0407750 0.0127700 0.0049564 0.0227105 0.0112577 0.0000000
 96 M  96 0.0000000 0.0000000 0.0000000 0.0000000 0.0000000 0.0000000 0.0000000 0.0000000 0.0000000 0.0126318 0.8701850 0.0000000 0.0841083 0.0234344 0.0000000 0.0000000 0.0012022 0.0000000 0.0028026 0.0026873 0.0029483
 97 K  97 0.0404174 0.0279576 0.0177315 0.5472742 0.0000000 0.0169380 0.1349506 0.0058782 0.0000000 0.0091797 0.0019824 0.1308550 0.0000000 0.0000000 0.0000000 0.0398861 0.0108138 0.0000000 0.0000000 0.0142124 0.0019229
 98 E  98 0.1024649 0.0358373 0.0367105 0.1242560 0.0000000 0.0470846 0.3971892 0.0203792 0.0023936 0.0000000 0.0013066 0.1583026 0.0000000 0.0000000 0.0000000 0.0339210 0.0302021 0.0000000 0.0000000 0.0080294 0.0019229
 99 A  99 0.1473940 0.0393340 0.0233262 0.0077185 0.0010501 0.0180860 0.0142919 0.0037490 0.0166441 0.1239022 0.2646825 0.0117322 0.2433816 0.0403384 0.0000000 0.0136715 0.0078809 0.0008163 0.0029899 0.0128334 0.0061772
100 G 100 0.0066875 0.0023030 0.1197407 0.0317955 0.0027592 0.0048664 0.0055870 0.5468588 0.0044803 0.0000000 0.1692779 0.0330454 0.0036862 0.0033819 0.0000000 0.0079231 0.0073917 0.0000000 0.0000000 0.0033910 0.0468243
101 I 101 0.0611538 0.0877677 0.0154893 0.0278610 0.0051315 0.1041823 0.0737630 0.0056907 0.0048706 0.1617658 0.0595405 0.1231488 0.0126804 0.0119167 0.0010424 0.0189868 0.0745610 0.0000000 0.0047722 0.1456756 0.0000000
102 N 102 0.0672072 0.0630812 0.0505004 0.0508622 0.0000000 0.0639177 0.0722497 0.0212959 0.0140185 0.0044608 0.0011347 0.3255413 0.0000000 0.0048120 0.1063877 0.0875638 0.0503149 0.0000000 0.0011964 0.0154556 0.0000000
103 V 103 0.0000000 0.0000000 0.0029522 0.0000000 0.0000000 0.0000000 0.0000000 0.0000000 0.0000000 0.3533293 0.4771620 0.0047640 0.0104118 0.0056724 0.0050252 0.0028026 0.0039651 0.0000000 0.0000000 0.1339154 0.0000000
104 D 104 0.0029388 0.0021172 0.0563833 0.7516651 0.0000000 0.0271573 0.0457873 0.0122609 0.0053465 0.0000000 0.0000000 0.0104139 0.0000000 0.0018459 0.0025836 0.0327976 0.0315226 0.0021206 0.0072723 0.0000000 0.0077870
105 Y 105 0.2610769 0.0383138 0.0106488 0.0030962 0.0186027 0.0111893 0.0014983 0.0585104 0.1430240 0.0151943 0.0444929 0.1167102 0.0067572 0.0372758 0.0000000 0.0470177 0.0184893 0.0015015 0.1199475 0.0466533 0.0000000
106 V 106 0.1815769 0.0000000 0.0000000 0.0000000 0.0055309 0.0000000 0.0000000 0.0000000 0.0000000 0.0209738 0.0000000 0.0000000 0.0000000 0.0000000 0.0000000 0.0038928 0.0041658 0.0000000 0.0000000 0.7796920 0.0041678
107 L 107 0.0035755 0.0000000 0.0000000 0.0000000 0.0000000 0.0000000 0.0000000 0.0000000 0.0000000 0.4558658 0.2872124 0.0000000 0.0034773 0.0145178 0.0043566 0.0000000 0.0000000 0.0000000 0.0000000 0.2268269 0.0041678
108 E 108 0.0242043 0.0013159 0.2573537 0.0636743 0.0017642 0.0073943 0.3562834 0.0018811 0.0210385 0.0029245 0.0804288 0.0000000 0.0017182 0.0186798 0.0000000 0.0706100 0.0010023 0.0000000 0.0772985 0.0082603 0.0041678
109 F 109 0.0000000 0.0000000 0.0000000 0.0000000 0.0000000 0.0000000 0.0000000 0.0000000 0.0000000 0.3622609 0.2796710 0.0000000 0.0293909 0.2490853 0.0000000 0.0000000 0.0000000 0.0000000 0.0040872 0.0713370 0.0041678
110 D 110 0.0830907 0.0205021 0.0486996 0.3036506 0.0015731 0.0555968 0.2210769 0.0210456 0.0274313 0.0105335 0.0094319 0.0657793 0.0054255 0.0032864 0.0000000 0.0555864 0.0109228 0.0000000 0.0072170 0.0449829 0.0041678
111 V 111 0.0265637 0.0000000 0.0000000 0.0000000 0.0029094 0.0000000 0.0000000 0.0000000 0.0000000 0.1841407 0.0195350 0.0000000 0.0069206 0.0000000 0.0000000 0.0020658 0.0000000 0.0000000 0.0000000 0.7536970 0.0041678
112 P 112 0.0717486 0.0061433 0.0274638 0.3253752 0.0000000 0.0128856 0.0588526 0.0047924 0.0000000 0.0000000 0.0035906 0.0143673 0.0000000 0.0000000 0.4028106 0.0582112 0.0021958 0.0000000 0.0087828 0.0027801 0.0000000
113 D 113 0.0120828 0.0380350 0.0135990 0.5599627 0.0000000 0.0106419 0.1416914 0.0036386 0.0116124 0.0026271 0.0068657 0.0354641 0.0037361 0.0590171 0.0586200 0.0191134 0.0097854 0.0000000 0.0105892 0.0029181 0.0000000
114 E 114 0.0943165 0.0042884 0.0357974 0.2008879 0.0000000 0.0287912 0.4310398 0.0186907 0.0000000 0.0000000 0.0000000 0.0246962 0.0000000 0.0000000 0.0036501 0.1395916 0.0110790 0.0033941 0.0000000 0.0037769 0.0000000
115 L 115 0.1072638 0.0096699 0.0251842 0.0395154 0.0048108 0.0116304 0.2242833 0.0010350 0.0021975 0.0834455 0.1687391 0.0412049 0.0055874 0.0065209 0.0009963 0.0316347 0.0348721 0.0000000 0.0035375 0.1978715 0.0000000
116 I 116 0.0064678 0.0039515 0.0000000 0.0000000 0.0000000 0.0000000 0.0000000 0.0000000 0.0000000 0.3796450 0.4920654 0.0000000 0.0203125 0.0000000 0.0000000 0.0000000 0.0033843 0.0000000 0.0000000 0.0941736 0.0000000
117 V 117 0.0139540 0.0027862 0.0000000 0.0000000 0.0000000 0.0048610 0.0376823 0.0000000 0.0000000 0.2794864 0.0901596 0.0154455 0.0359326 0.0042195 0.0000000 0.0012259 0.0165137 0.0000000 0.0000000 0.4977334 0.0000000
118 D 118 0.0671074 0.1091896 0.0350330 0.0874235 0.0021925 0.0442110 0.3437506 0.0205291 0.0037658 0.0020037 0.0085822 0.1877088 0.0008037 0.0018380 0.0055635 0.0519966 0.0238394 0.0000000 0.0000000 0.0044617 0.0000000
119 R 119 0.0000000 0.9965353 0.0000000 0.0000000 0.0000000 0.0000000 0.0000000 0.0034647 0.0000000 0.0000000 0.0000000 0.0000000 0.0000000 0.0000000 0.0000000 0.0000000 0.0000000 0.0000000 0.0000000 0.0000000 0.0000000
120 I 120 0.0233933 0.0000000 0.0014290 0.0000000 0.0000000 0.0000000 0.0000000 0.0067740 0.0000000 0.3645851 0.3584487 0.0000000 0.1789384 0.0026822 0.0000000 0.0000000 0.0089837 0.0000000 0.0000000 0.0518174 0.0029483
121 V 121 0.0868313 0.0000000 0.0000000 0.0043961 0.0298862 0.0000000 0.0104086 0.0300624 0.0000000 0.0087306 0.0014593 0.0047722 0.0000000 0.0000000 0.0000000 0.4071315 0.3718243 0.0000000 0.0000000 0.0444975 0.0000000
122 G 122 0.0199419 0.0038392 0.0195808 0.0000000 0.0000000 0.0013423 0.0062387 0.9019642 0.0024983 0.0000000 0.0000000 0.0009614 0.0000000 0.0000000 0.0000000 0.0290335 0.0100809 0.0000000 0.0045187 0.0000000 0.0000000
123 R 123 0.0000000 0.9927529 0.0000000 0.0000000 0.0000000 0.0000000 0.0000000 0.0000000 0.0072471 0.0000000 0.0000000 0.0000000 0.0000000 0.0000000 0.0000000 0.0000000 0.0000000 0.0000000 0.0000000 0.0000000 0.0000000
124 R 124 0.0038493 0.5948364 0.0000000 0.0000000 0.0026834 0.0096654 0.0000000 0.0000000 0.0012341 0.0290642 0.1324206 0.0009171 0.0098365 0.0503029 0.0000000 0.0130039 0.0035853 0.0835085 0.0577141 0.0042688 0.0031097
125 V 125 0.0355762 0.0000000 0.0026333 0.0000000 0.0066764 0.0024088 0.0000000 0.0000000 0.0000000 0.2908125 0.0326152 0.0000000 0.0342224 0.0095677 0.0000000 0.0506415 0.1828202 0.0000000 0.0000000 0.3489161 0.0031097
126 H 126 0.0034490 0.0000000 0.0130013 0.0047093 0.5747486 0.0000000 0.0000000 0.0000000 0.3835833 0.0000000 0.0000000 0.0000000 0.0000000 0.0000000 0.0000000 0.0122612 0.0000000 0.0000000 0.0000000 0.0000000 0.0082474
127 A 127 0.0926347 0.1341933 0.0010768 0.0051883 0.0000000 0.0212367 0.0406679 0.0295945 0.0026137 0.0068854 0.0723041 0.1745632 0.0035298 0.0000000 0.3028565 0.0539353 0.0163485 0.0000000 0.0000000 0.0332761 0.0090954
128 P 128 0.2423862 0.0055967 0.1199192 0.0491400 0.0000000 0.0311119 0.0355336 0.0727688 0.0064491 0.0011573 0.0053057 0.1216131 0.0000000 0.0000000 0.0694178 0.1503334 0.0460118 0.0000000 0.0020561 0.0314058 0.0097934
129 S 129 0.0000000 0.0000000 0.0000000 0.0085209 0.5354651 0.0000000 0.0000000 0.0021521 0.0033485 0.0000000 0.0000000 0.0000000 0.0000000 0.0000000 0.0012568 0.3938022 0.0497664 0.0000000 0.0000000 0.0000000 0.0056879
130 G 130 0.0094040 0.0000000 0.0077452 0.0000000 0.0000000 0.0194940 0.0000000 0.9386835 0.0000000 0.0000000 0.0000000 0.0066414 0.0000000 0.0000000 0.0000000 0.0105218 0.0000000 0.0000000 0.0000000 0.0000000 0.0075101
131 R 131 0.3059755 0.4097962 0.0020100 0.0026624 0.0000000 0.0065020 0.0907701 0.0063948 0.0298542 0.0000000 0.0016084 0.0582176 0.0071727 0.0013358 0.0000000 0.0231489 0.0353044 0.0000000 0.0000000 0.0014956 0.0177514
132 V 132 0.0054869 0.0000000 0.0300007 0.0000000 0.0000000 0.0000000 0.0000000 0.0675542 0.0000000 0.1399092 0.0026623 0.0000000 0.0082297 0.0000000 0.0089133 0.2151244 0.3239342 0.0000000 0.0000000 0.1804337 0.0177514
133 Y 133 0.0000000 0.0021013 0.0000000 0.0000000 0.0000000 0.0000000 0.0000000 0.0037349 0.0020561 0.0000000 0.0000000 0.0000000 0.0000000 0.1033225 0.0000000 0.0000000 0.0000000 0.0098064 0.8599305 0.0000000 0.0190484
134 H 134 0.0000000 0.0024983 0.1249420 0.0033819 0.0000000 0.0000000 0.0000000 0.0000000 0.8430004 0.0000000 0.0000000 0.0000000 0.0000000 0.0000000 0.0000000 0.0051045 0.0020245 0.0000000 0.0000000 0.0000000 0.0190484
135 V 135 0.0060055 0.0228235 0.0043417 0.0853063 0.0000000 0.0000000 0.0620694 0.0000000 0.0000000 0.1949661 0.0917674 0.0975090 0.0152903 0.0000000 0.0033819 0.0074253 0.0793971 0.0000000 0.0034688 0.3071993 0.0190484
136 K 136 0.0105180 0.0393040 0.0066203 0.0377818 0.0000000 0.0185240 0.1526721 0.0075584 0.0118142 0.0922337 0.0721640 0.1937695 0.0115507 0.0088715 0.0000000 0.0275109 0.0832997 0.0000000 0.0400751 0.1613768 0.0243553
137 F 137 0.0114207 0.0000000 0.0423780 0.0030453 0.0000000 0.0089037 0.0000000 0.0056956 0.0273447 0.0000000 0.0156680 0.0000000 0.0017479 0.5646103 0.0000000 0.0494568 0.0467472 0.0031750 0.2065887 0.0000000 0.0132181
138 N 138 0.0761053 0.0291360 0.5094290 0.0326214 0.0021525 0.0163955 0.0109452 0.0000000 0.0364103 0.0099442 0.0200284 0.1394063 0.0269210 0.0118316 0.0000000 0.0425864 0.0171543 0.0000000 0.0026380 0.0055749 0.0107198
139 P 139 0.0337429 0.0126493 0.0010377 0.0087655 0.0000000 0.0317171 0.0000000 0.0065853 0.0013454 0.0019801 0.0123762 0.0438394 0.0035480 0.0000000 0.8209093 0.0023646 0.0040068 0.0000000 0.0000000 0.0043066 0.0108258
140 P 140 0.0026938 0.0000000 0.0000000 0.0024983 0.0000000 0.0013500 0.0035853 0.0056090 0.0000000 0.0076072 0.0000000 0.0000000 0.0000000 0.0033819 0.8379675 0.0603839 0.0567040 0.0020529 0.0022396 0.0027500 0.0111765
141 K 141 0.0815983 0.0477662 0.0025297 0.0009328 0.0000000 0.0375622 0.0190817 0.0021814 0.0051698 0.0065124 0.0091793 0.6979109 0.0021734 0.0000000 0.0266862 0.0125531 0.0167856 0.0000000 0.0000000 0.0195836 0.0117936
142 V 142 0.0461173 0.0386613 0.0221847 0.0109302 0.0000000 0.0596165 0.1218324 0.0090394 0.0069287 0.0547763 0.0072477 0.1211259 0.0009544 0.0018414 0.0110591 0.0140152 0.0514967 0.0000000 0.0000000 0.4019816 0.0201912
143 E 143 0.1390700 0.0039685 0.0113973 0.1420728 0.0018221 0.0153044 0.4249865 0.0179473 0.0206992 0.0066237 0.0017714 0.0100455 0.0027404 0.0034647 0.1254617 0.0181567 0.0133979 0.0012109 0.0087457 0.0031466 0.0279668
144 G 144 0.0125279 0.0000000 0.0578658 0.0579853 0.0000000 0.0065561 0.0234201 0.6570827 0.0015865 0.0000000 0.0138373 0.0013599 0.1094757 0.0020582 0.0015980 0.0077258 0.0068721 0.0056324 0.0037872 0.0000000 0.0306292
145 K 145 0.0057618 0.0503582 0.0016666 0.0000000 0.0051753 0.0140652 0.0056361 0.0000000 0.0031697 0.1683140 0.0457876 0.2776625 0.0012683 0.0024746 0.0042089 0.0073576 0.0944175 0.0000000 0.0087292 0.2746488 0.0292981
146 D 146 0.0000000 0.0000000 0.0000000 0.3925427 0.5696102 0.0000000 0.0072178 0.0040812 0.0000000 0.0000000 0.0000000 0.0000000 0.0000000 0.0000000 0.0000000 0.0000000 0.0000000 0.0000000 0.0000000 0.0000000 0.0265480
147 D 147 0.0020464 0.0000000 0.0154700 0.9215855 0.0000000 0.0000000 0.0070806 0.0029280 0.0000000 0.0000000 0.0000000 0.0060908 0.0000000 0.0000000 0.0223482 0.0032073 0.0057495 0.0000000 0.0000000 0.0000000 0.0134938
148 V 148 0.0432123 0.0507020 0.0419687 0.0219314 0.0042348 0.0137711 0.0730228 0.0034539 0.0051931 0.1494568 0.0658787 0.1505977 0.0021354 0.0049263 0.0000000 0.0337900 0.0111264 0.0000000 0.0261199 0.2829127 0.0155658
149 T 149 0.0000000 0.0000000 0.0031618 0.0614338 0.5094544 0.0000000 0.0034580 0.0027500 0.0000000 0.0026624 0.0000000 0.0090451 0.0000000 0.0000000 0.0000000 0.0137449 0.3772359 0.0000000 0.0000000 0.0000000 0.0170537
150 G 150 0.0105834 0.0029390 0.0259801 0.0073089 0.0000000 0.0089878 0.0247253 0.8565988 0.0045289 0.0000000 0.0013349 0.0097981 0.0000000 0.0000000 0.0064509 0.0249264 0.0017218 0.0000000 0.0000000 0.0000000 0.0141156
151 E 151 0.0401678 0.0008664 0.0092439 0.0249835 0.0000000 0.0128916 0.4032626 0.3261324 0.0065562 0.0012809 0.0000000 0.0045953 0.0000000 0.0000000 0.0000000 0.1162995 0.0313912 0.0027500 0.0000000 0.0085727 0.0110060
152 E 152 0.0344584 0.0162445 0.0113739 0.1527351 0.0000000 0.0291446 0.3218065 0.0150227 0.0102496 0.0021978 0.0152985 0.0640242 0.0008121 0.0014029 0.2747398 0.0104574 0.0250944 0.0000000 0.0009600 0.0046383 0.0093393
153 L 153 0.0000000 0.0000000 0.0000000 0.0000000 0.0000000 0.0020529 0.0027500 0.0000000 0.0000000 0.0137512 0.7945898 0.0000000 0.0302147 0.1016777 0.0000000 0.0000000 0.0103796 0.0000000 0.0078468 0.0325871 0.0041502
154 T 154 0.0054954 0.0025511 0.0041678 0.0000000 0.0000000 0.0040072 0.0207333 0.0000000 0.0109968 0.3257335 0.0095626 0.0501366 0.0162298 0.0285102 0.0000000 0.0131003 0.0498697 0.0000000 0.2274495 0.2314563 0.0000000
155 T 155 0.0013583 0.1451905 0.0056879 0.0000000 0.0008511 0.6692483 0.0019973 0.0000000 0.0155195 0.0564422 0.0276137 0.0236901 0.0046067 0.0000000 0.0000000 0.0026658 0.0315901 0.0026834 0.0000000 0.0108550 0.0000000
156 R 156 0.0000000 1.0000000 0.0000000 0.0000000 0.0000000 0.0000000 0.0000000 0.0000000 0.0000000 0.0000000 0.0000000 0.0000000 0.0000000 0.0000000 0.0000000 0.0000000 0.0000000 0.0000000 0.0000000 0.0000000 0.0000000
157 K 157 0.1432559 0.0040325 0.0101021 0.2666525 0.0000000 0.0152457 0.1603817 0.0041782 0.0042302 0.0018004 0.0000000 0.1099797 0.0000000 0.0000000 0.0992249 0.1640009 0.0133462 0.0000000 0.0000000 0.0035688 0.0000000
158 D 158 0.0000000 0.0000000 0.0000000 1.0000000 0.0000000 0.0000000 0.0000000 0.0000000 0.0000000 0.0000000 0.0000000 0.0000000 0.0000000 0.0000000 0.0000000 0.0000000 0.0000000 0.0000000 0.0000000 0.0000000 0.0000000
159 D 159 0.0000000 0.0000000 0.0000000 0.9865989 0.0000000 0.0000000 0.0134011 0.0000000 0.0000000 0.0000000 0.0000000 0.0000000 0.0000000 0.0000000 0.0000000 0.0000000 0.0000000 0.0000000 0.0000000 0.0000000 0.0000000
160 Q 160 0.0127087 0.0779836 0.2909753 0.0077797 0.0023295 0.0610865 0.0274539 0.0000000 0.0101817 0.0000000 0.0009906 0.3174006 0.0044728 0.0000000 0.0072471 0.0385074 0.1293091 0.0000000 0.0000000 0.0115737 0.0000000
161 E 161 0.1366815 0.0101593 0.0000000 0.0000000 0.0000000 0.0057950 0.5060441 0.0044625 0.0018535 0.0183105 0.0206522 0.0337479 0.0037026 0.0000000 0.2219883 0.0031932 0.0012426 0.0000000 0.0000000 0.0321669 0.0000000
162 E 162 0.0861816 0.0000000 0.0112167 0.1138390 0.0000000 0.0097696 0.6874022 0.0094146 0.0009756 0.0000000 0.0000000 0.0233302 0.0021437 0.0000000 0.0000000 0.0174514 0.0272715 0.0000000 0.0044002 0.0066036 0.0000000
163 T 163 0.1419779 0.0000000 0.0040872 0.0000000 0.0000000 0.0045929 0.0000000 0.0000000 0.0000000 0.0144704 0.0000000 0.0128198 0.0000000 0.0000000 0.0000000 0.0486163 0.6220022 0.0000000 0.0000000 0.1514334 0.0000000
164 V 164 0.0150775 0.0000000 0.0000000 0.0000000 0.0058933 0.0000000 0.0000000 0.0000000 0.0000000 0.1829061 0.1889884 0.0000000 0.0101411 0.0071847 0.0000000 0.0000000 0.0000000 0.0000000 0.0000000 0.5898090 0.0000000
165 R 165 0.0397052 0.3181746 0.0087492 0.0000000 0.0024243 0.0567999 0.0339255 0.0252237 0.0094825 0.0227422 0.0535240 0.3318946 0.0082746 0.0000000 0.0000000 0.0256421 0.0394782 0.0011446 0.0000000 0.0228148 0.0000000
166 K 166 0.0372435 0.0518572 0.1584171 0.0299759 0.0000000 0.0432709 0.0460460 0.0035450 0.0569526 0.0061251 0.0040942 0.3685208 0.0000000 0.0000000 0.0000000 0.0730033 0.0929088 0.0000000 0.0019039 0.0261359 0.0000000
167 R 167 0.0000000 0.9927277 0.0000000 0.0000000 0.0000000 0.0000000 0.0000000 0.0000000 0.0000000 0.0000000 0.0072723 0.0000000 0.0000000 0.0000000 0.0000000 0.0000000 0.0000000 0.0000000 0.0000000 0.0000000 0.0000000
168 L 168 0.0000000 0.0000000 0.0000000 0.0000000 0.0000000 0.0000000 0.0000000 0.0000000 0.0000000 0.0465982 0.8891093 0.0000000 0.0309859 0.0072411 0.0000000 0.0039515 0.0000000 0.0000000 0.0221139 0.0000000 0.0000000
169 V 169 0.1159281 0.0368859 0.0332268 0.1808651 0.0020254 0.0604476 0.2610655 0.0316910 0.0077485 0.0079723 0.0066932 0.1165712 0.0176344 0.0000000 0.0000000 0.0736839 0.0103413 0.0000000 0.0033843 0.0338359 0.0000000
170 E 170 0.1594948 0.0000000 0.0092745 0.0000000 0.0000000 0.0068369 0.0889154 0.0123319 0.0000000 0.0661838 0.0112317 0.0094364 0.0000000 0.0000000 0.0000000 0.0209848 0.0849595 0.0000000 0.0000000 0.5303501 0.0000000
171 Y 171 0.0000000 0.0000000 0.0843101 0.0000000 0.0000000 0.0034392 0.0000000 0.0000000 0.0044699 0.0000000 0.0000000 0.0000000 0.0000000 0.0766971 0.0000000 0.0000000 0.0000000 0.0000000 0.8310837 0.0000000 0.0000000
172 H 172 0.0241375 0.0738989 0.0270861 0.0228515 0.0000000 0.0356179 0.1088748 0.0021296 0.4674769 0.0534225 0.0234744 0.0438272 0.0218496 0.0109225 0.0000000 0.0177024 0.0044404 0.0049494 0.0423826 0.0123810 0.0025748
173 Q 173 0.1493540 0.0385674 0.0495201 0.0591346 0.0000000 0.0791546 0.2531514 0.0068912 0.0000000 0.0010918 0.0078643 0.2066022 0.0000000 0.0000000 0.0000000 0.0773896 0.0690863 0.0000000 0.0000000 0.0021924 0.0000000
174 M 174 0.0047957 0.0000000 0.0269415 0.0054466 0.0000000 0.6788174 0.0779064 0.0000000 0.0114015 0.0086163 0.0208450 0.0707593 0.0288020 0.0031154 0.0000000 0.0330497 0.0264073 0.0000000 0.0016048 0.0014908 0.0000000
175 T 175 0.0067423 0.0000000 0.0219778 0.0000000 0.0000000 0.0048605 0.0000000 0.0180274 0.0107674 0.0034392 0.0000000 0.0000000 0.0052835 0.0102075 0.0000000 0.0159019 0.9016198 0.0000000 0.0000000 0.0011727 0.0000000
176 A 176 0.2810867 0.0438290 0.0034629 0.0125472 0.0008254 0.1012707 0.1938434 0.0056205 0.0023589 0.0062731 0.0126715 0.1289943 0.0102387 0.0077195 0.0000000 0.1000591 0.0582162 0.0000000 0.0092349 0.0217481 0.0000000
177 P 177 0.0093889 0.0000000 0.0000000 0.0033915 0.0000000 0.0028681 0.0029634 0.0000000 0.0033485 0.0009885 0.0061071 0.0073820 0.0000000 0.0000000 0.9480694 0.0000000 0.0015991 0.0000000 0.0000000 0.0138933 0.0000000
178 L 178 0.0000000 0.0000000 0.0000000 0.0000000 0.0000000 0.0000000 0.0000000 0.0000000 0.0000000 0.1177044 0.7556118 0.0000000 0.0039665 0.0000000 0.0000000 0.0000000 0.0000000 0.0000000 0.0000000 0.1188944 0.0038228
179 I 179 0.0229327 0.0073526 0.0000000 0.0000000 0.0014552 0.0000000 0.0090777 0.0000000 0.0000000 0.4834307 0.1424482 0.0392497 0.0053481 0.0034153 0.0000000 0.0010195 0.0051728 0.0000000 0.0000000 0.2714570 0.0076405
180 G 180 0.0829674 0.0074820 0.0412853 0.4195741 0.0023030 0.0225524 0.1763556 0.0953956 0.0034078 0.0000000 0.0012748 0.0342101 0.0000000 0.0000000 0.0409010 0.0493652 0.0144400 0.0000000 0.0000000 0.0008451 0.0076405
