  128         A         R         N         D         C         Q         E         G         H         I         L         K         M         F         P         S         T         W         Y         V         X    
  1 M   1 0.0000000 0.0000000 0.0000000 0.0000000 0.0000000 0.0000000 0.0000000 0.0000000 0.0000000 0.0124983 0.0118697 0.0000000 0.1232472 0.0000000 0.0000000 0.0000000 0.0000000 0.0000000 0.0000000 0.0000000 0.8523848
  2 A   2 0.0892765 0.0000000 0.0010643 0.0027439 0.0000000 0.0310546 0.0035163 0.0219055 0.0000000 0.0065603 0.0084468 0.0000000 0.1903336 0.0018361 0.0053766 0.0443976 0.0046780 0.0000000 0.0000000 0.0000000 0.5888097
  3 Y   3 0.0000000 0.0000000 0.0000000 0.0000000 0.0000000 0.0000000 0.0000000 0.0000000 0.0000000 0.0000000 0.0000000 0.0000000 0.0000000 0.0084473 0.0000000 0.0000000 0.0000000 0.0000000 0.9318531 0.0000000 0.0596996
  4 S   4 0.0108750 0.1479007 0.0371347 0.0021763 0.0010150 0.2046122 0.0057189 0.0050833 0.1267093 0.0000000 0.0000000 0.0141779 0.0152771 0.0064628 0.0000000 0.2621838 0.1111268 0.0000000 0.0000000 0.0000000 0.0495465
  5 E   5 0.0408802 0.0139488 0.0068795 0.1722008 0.0000000 0.1325295 0.4483970 0.0045362 0.0000000 0.0000000 0.0011045 0.0670556 0.0029335 0.0000000 0.0440726 0.0171819 0.0041456 0.0000000 0.0000000 0.0015834 0.0425509
  6 K   6 0.0077602 0.0324641 0.0594565 0.0000000 0.0000000 0.0277255 0.0151421 0.0009728 0.0083294 0.1011565 0.0419838 0.3504690 0.0144408 0.0087420 0.0000000 0.0045129 0.0366683 0.0000000 0.0030762 0.2541684 0.0329314
  7 V   7 0.0020431 0.0000000 0.0000000 0.0017133 0.0000000 0.0000000 0.0000000 0.0000000 0.0000000 0.3783355 0.0536966 0.0000000 0.0000000 0.0000000 0.0000000 0.0000000 0.0068141 0.0000000 0.0000000 0.5249231 0.0324744
  8 I   8 0.0119018 0.0092265 0.0133306 0.0000000 0.0000000 0.0176763 0.0028519 0.0013102 0.0099479 0.1532273 0.4171958 0.0685797 0.1840755 0.0115573 0.0000000 0.0046054 0.0079432 0.0030385 0.0000000 0.0534113 0.0301209
  9 D   9 0.0013956 0.0049837 0.0062184 0.7422198 0.0000000 0.0097209 0.1889510 0.0000000 0.0000000 0.0000000 0.0000000 0.0113998 0.0000000 0.0000000 0.0000000 0.0047121 0.0026276 0.0000000 0.0024317 0.0000000 0.0253395
 10 H  10 0.0058626 0.0196093 0.0041215 0.0000000 0.0000000 0.0000000 0.0065960 0.0000000 0.8656915 0.0028705 0.0171548 0.0023771 0.0000000 0.0048327 0.0000000 0.0000000 0.0000000 0.0000000 0.0521019 0.0000000 0.0187821
 11 Y  11 0.0468858 0.0024503 0.0456866 0.0000000 0.0114839 0.0000000 0.0000000 0.0268509 0.0020879 0.0041225 0.0000000 0.0049990 0.0188117 0.2947858 0.0000000 0.0746554 0.0000000 0.0000000 0.4477920 0.0042372 0.0151508
 12 E  12 0.0230216 0.1389975 0.0854178 0.0194452 0.0000000 0.0548114 0.1702873 0.0000000 0.0047987 0.0081685 0.0375027 0.2458299 0.0634893 0.0283483 0.0000000 0.0394407 0.0377837 0.0014615 0.0177096 0.0090541 0.0144321
 13 N  13 0.0040847 0.0439622 0.6214724 0.0143222 0.0126534 0.0053425 0.0087180 0.0000000 0.1702456 0.0000000 0.0000000 0.0423547 0.0023591 0.0022289 0.0000000 0.0406397 0.0103580 0.0000000 0.0044495 0.0000000 0.0168092
 14 P  14 0.0000000 0.0098252 0.0000000 0.0000000 0.0000000 0.0028610 0.0000000 0.0000000 0.0000000 0.0000000 0.0000000 0.0092049 0.0000000 0.0000000 0.9578686 0.0058083 0.0000000 0.0000000 0.0000000 0.0000000 0.0144321
 15 R  15 0.0030147 0.6437290 0.0025580 0.0000000 0.0000000 0.0623275 0.0014256 0.0000000 0.1436993 0.0034838 0.0127823 0.0803987 0.0039785 0.0000000 0.0032784 0.0047016 0.0072932 0.0000000 0.0057189 0.0071783 0.0144321
 16 N  16 0.0017779 0.0079226 0.7692656 0.0000000 0.0000000 0.0000000 0.0000000 0.0372893 0.1450863 0.0000000 0.0000000 0.0000000 0.0000000 0.0104432 0.0000000 0.0000000 0.0000000 0.0000000 0.0128036 0.0000000 0.0154115
 17 V  17 0.0815362 0.1280609 0.0069403 0.0000000 0.0047176 0.0319068 0.0000000 0.0000000 0.0353179 0.0328784 0.0167406 0.0870810 0.0244696 0.0828237 0.0050046 0.0196301 0.0099770 0.0039157 0.0384319 0.3774530 0.0131147
 18 G  18 0.0000000 0.0477179 0.0017180 0.0000000 0.0000000 0.0049929 0.0000000 0.8683333 0.0214915 0.0000000 0.0146560 0.0046941 0.0018442 0.0000000 0.0000000 0.0000000 0.0000000 0.0021542 0.0164318 0.0000000 0.0159662
 19 S  19 0.0683875 0.0412599 0.0063905 0.0111333 0.0000000 0.0226654 0.1782152 0.0057428 0.0143204 0.0085701 0.1150743 0.0657671 0.0049736 0.0034421 0.0248642 0.2420079 0.0858222 0.0000000 0.0000000 0.0785626 0.0228008
 20 F  20 0.0000000 0.0884943 0.0000000 0.0020562 0.0000000 0.0022289 0.0051482 0.0101644 0.0000000 0.1917386 0.4001233 0.0026914 0.1120180 0.1025250 0.0060983 0.0017208 0.0079023 0.0000000 0.0011334 0.0500209 0.0159359
 21 D  21 0.0454959 0.0000000 0.0415218 0.2929083 0.0000000 0.0087324 0.3752730 0.0043390 0.0000000 0.0000000 0.0045369 0.0260344 0.0000000 0.0000000 0.0944078 0.0190305 0.0423749 0.0000000 0.0000000 0.0093211 0.0360242
 22 N  22 0.0203618 0.0147519 0.1429421 0.2463365 0.0000000 0.0225384 0.0799256 0.0502413 0.0139674 0.0000000 0.0034497 0.2354295 0.0051216 0.0000000 0.1074717 0.0202125 0.0049691 0.0000000 0.0000000 0.0000000 0.0322810
 23 N  23 0.3222520 0.0000000 0.0968582 0.0525665 0.0040537 0.0047265 0.0384321 0.0140859 0.0101310 0.0025821 0.0008091 0.0435332 0.0000000 0.0715727 0.1356284 0.0640157 0.0439089 0.0000000 0.0282524 0.0091522 0.0574393
 24 D  24 0.0333126 0.0000000 0.1427281 0.4623265 0.0000000 0.0112230 0.0434338 0.0329335 0.0024366 0.0000000 0.0093841 0.0082862 0.0010388 0.0058351 0.0000000 0.0933597 0.0548935 0.0015266 0.0000000 0.0016225 0.0956593
 25 E  25 0.1951249 0.0348496 0.0132368 0.0278551 0.0066381 0.0097842 0.0437986 0.0300932 0.0186139 0.0141305 0.0308460 0.0602544 0.0030694 0.0288960 0.1025871 0.0321924 0.0188017 0.0000000 0.0079965 0.0534714 0.2677601
 26 N  26 0.0321695 0.0216917 0.1010911 0.0788300 0.0078558 0.0565719 0.0999489 0.0208618 0.0133704 0.0000000 0.0037967 0.0516894 0.0021557 0.0184485 0.0016878 0.0558587 0.0398771 0.0000000 0.0105942 0.0073051 0.3761957
 27 V  27 0.0368449 0.0025403 0.0034002 0.0216630 0.0000000 0.0185253 0.0000000 0.0058639 0.0073102 0.0386471 0.0198122 0.0020745 0.0107017 0.0041941 0.0000000 0.0237556 0.0501273 0.0000000 0.0195702 0.3784453 0.3565238
 28 G  28 0.0371924 0.0071962 0.0033732 0.0000000 0.0032390 0.0010725 0.0101384 0.4304163 0.1119246 0.0472762 0.0215603 0.0056683 0.0046277 0.0087352 0.0000000 0.0101940 0.0039882 0.0000000 0.0036953 0.0331123 0.2565898
 29 S  29 0.0062202 0.0183540 0.0022979 0.0038906 0.0000000 0.0227499 0.0599656 0.0103956 0.0842716 0.0816833 0.0012933 0.0139512 0.0117261 0.0026880 0.0000000 0.0540563 0.3063021 0.0000000 0.0135364 0.1554919 0.1511261
 30 G  30 0.1108104 0.0069736 0.0000000 0.0000000 0.0000000 0.0030566 0.0286970 0.4942609 0.0346850 0.0156657 0.0055108 0.0022476 0.0040607 0.0073055 0.0000000 0.0167890 0.0022186 0.0000000 0.0000000 0.1357291 0.1319894
 31 M  31 0.0026439 0.0300474 0.0253381 0.0726501 0.0000000 0.0466540 0.2151651 0.0000000 0.0634119 0.0413297 0.1871019 0.0354156 0.0576177 0.0000000 0.0022186 0.0159168 0.0627324 0.0000000 0.0000000 0.0259406 0.1158162
 32 V  32 0.0330909 0.0047864 0.0000000 0.0197175 0.0066400 0.0065575 0.0337723 0.1683185 0.0121303 0.0310906 0.0888612 0.0010667 0.0246871 0.0234481 0.0000000 0.0000000 0.0111583 0.0043668 0.0074470 0.4126621 0.1101989
 33 G  33 0.0014497 0.0138594 0.0798907 0.0216890 0.0000000 0.0000000 0.0251340 0.5364221 0.0725493 0.0042681 0.0136368 0.0231851 0.0020408 0.0232770 0.0000000 0.0155185 0.0032015 0.0000000 0.0202286 0.0344721 0.1091772
 34 A  34 0.2428142 0.0000000 0.5441782 0.0325162 0.0000000 0.0000000 0.0072246 0.0000000 0.0000000 0.0000000 0.0000000 0.0167551 0.0000000 0.0000000 0.0000000 0.1158376 0.0118935 0.0000000 0.0000000 0.0108750 0.0179055
 35 P  35 0.0637312 0.0000000 0.0000000 0.0000000 0.0000000 0.0030149 0.0210358 0.0084473 0.0000000 0.0414126 0.0624378 0.0000000 0.0056251 0.0000000 0.7677775 0.0023925 0.0084467 0.0000000 0.0000000 0.0017612 0.0139173
 36 A  36 0.2887417 0.0033876 0.0000000 0.0122590 0.0000000 0.0212773 0.0298378 0.0122347 0.0053700 0.0114538 0.1194457 0.0406619 0.0168567 0.0022256 0.0000000 0.1757382 0.2045151 0.0000000 0.0000000 0.0384463 0.0175485
 37 C  37 0.0000000 0.0000000 0.0000000 0.0027582 0.9633293 0.0000000 0.0000000 0.0000000 0.0000000 0.0000000 0.0000000 0.0000000 0.0000000 0.0000000 0.0000000 0.0034461 0.0000000 0.0000000 0.0108750 0.0000000 0.0195914
 38 G  38 0.0000000 0.0000000 0.0000000 0.0000000 0.0000000 0.0000000 0.0000000 0.9749036 0.0000000 0.0108750 0.0000000 0.0000000 0.0000000 0.0000000 0.0000000 0.0000000 0.0000000 0.0000000 0.0000000 0.0000000 0.0142214
 39 D  39 0.0000000 0.0000000 0.0000000 0.9649947 0.0000000 0.0000000 0.0207839 0.0000000 0.0000000 0.0000000 0.0000000 0.0000000 0.0000000 0.0000000 0.0000000 0.0000000 0.0000000 0.0000000 0.0000000 0.0000000 0.0142214
 40 V  40 0.1149477 0.0710010 0.0112643 0.0323938 0.0000000 0.0636718 0.1459647 0.0000000 0.0165333 0.0648422 0.0104325 0.0171380 0.0326685 0.0000000 0.0000000 0.0278589 0.0437916 0.0000000 0.0058505 0.3310510 0.0105902
 41 M  41 0.0000000 0.0000000 0.0000000 0.0000000 0.0113756 0.0000000 0.0000000 0.0000000 0.0000000 0.2669044 0.2034966 0.0000000 0.3421316 0.0041654 0.0015055 0.0000000 0.0134343 0.0000000 0.0026667 0.1437297 0.0105902
 42 K  42 0.0110953 0.1721871 0.0158090 0.0134038 0.0026439 0.0497940 0.0722318 0.0000000 0.0299964 0.0098428 0.0238569 0.3041221 0.0126501 0.0000000 0.0000000 0.0357802 0.2054172 0.0000000 0.0040644 0.0265148 0.0105902
 43 L  43 0.0000000 0.0000000 0.0000000 0.0000000 0.0000000 0.0000000 0.0000000 0.0000000 0.0000000 0.1804876 0.6186202 0.0000000 0.0487748 0.0248196 0.0000000 0.0000000 0.0000000 0.0000000 0.0030385 0.1136690 0.0105902
 44 Q  44 0.0153788 0.0959276 0.0027820 0.0436351 0.0000000 0.3278827 0.0285482 0.0023108 0.0314261 0.0000000 0.0084231 0.0000000 0.0295818 0.0801187 0.0000000 0.0311705 0.0797706 0.0151820 0.1938838 0.0091380 0.0048404
 45 I  45 0.0114508 0.0000000 0.0000000 0.0000000 0.0000000 0.0000000 0.0000000 0.0000000 0.0000000 0.3457872 0.3286882 0.0000000 0.0428596 0.0117757 0.0000000 0.0000000 0.0000000 0.0188117 0.0000000 0.2406269 0.0000000
 46 K  46 0.0411309 0.1243951 0.0174376 0.0278240 0.0000000 0.0899606 0.0465392 0.0000000 0.0193252 0.0046937 0.0373530 0.5470135 0.0028681 0.0024665 0.0000000 0.0116808 0.0085707 0.0000000 0.0017773 0.0147928 0.0021711
 47 V  47 0.0000000 0.0000000 0.0000000 0.0000000 0.0021711 0.0000000 0.0000000 0.0000000 0.0000000 0.2178684 0.1850741 0.0000000 0.0132337 0.0371802 0.0000000 0.0000000 0.0056537 0.0000000 0.0069775 0.5265242 0.0053170
 48 N  48 0.0198658 0.0213308 0.1197503 0.3673407 0.0000000 0.0186413 0.1950941 0.0306982 0.0000000 0.0000000 0.0011773 0.0973257 0.0000000 0.0000000 0.0000000 0.0812149 0.0061849 0.0000000 0.0000000 0.0063144 0.0350614
 49 D  49 0.0244438 0.0026387 0.0581230 0.4550723 0.0000000 0.0041299 0.1708365 0.1147362 0.0117187 0.0000000 0.0000000 0.0295712 0.0000000 0.0000000 0.0888883 0.0058335 0.0012844 0.0000000 0.0060727 0.0000000 0.0266507
 50 E  50 0.0239366 0.0019624 0.2024127 0.2918808 0.0000000 0.0341627 0.1148564 0.0259775 0.0110292 0.0028705 0.0000000 0.0944670 0.0007897 0.0000000 0.0039882 0.0443961 0.0351006 0.0000000 0.0007980 0.0000000 0.1113714
 51 G  51 0.0071513 0.0249422 0.0281465 0.0612795 0.0000000 0.0422724 0.0296513 0.4756331 0.0000000 0.0000000 0.0013874 0.0258437 0.0009755 0.0000000 0.0098234 0.0172683 0.0392701 0.0000000 0.0023517 0.0000000 0.2340036
 52 I  52 0.0000000 0.1353930 0.0065867 0.0028547 0.0057572 0.0151082 0.0043298 0.0078837 0.0131486 0.2038609 0.0236652 0.2020188 0.0113712 0.0022535 0.0000000 0.0021537 0.1093750 0.0000000 0.0000000 0.2404990 0.0137408
 53 I  53 0.0000000 0.0000000 0.0000000 0.0000000 0.0000000 0.0000000 0.0000000 0.0000000 0.0061721 0.7742271 0.0181239 0.0000000 0.0000000 0.0000000 0.0000000 0.0000000 0.0000000 0.0000000 0.0000000 0.2014769 0.0000000
 54 E  54 0.1142436 0.0270488 0.0098391 0.0401129 0.0000000 0.0343028 0.2835615 0.0033179 0.0017380 0.0414208 0.0340051 0.1004980 0.0119824 0.0000000 0.0000000 0.0637467 0.1184961 0.0000000 0.0000000 0.1039430 0.0117432
 55 D  55 0.0288917 0.0222122 0.0320772 0.7505708 0.0000000 0.0125096 0.1076489 0.0047419 0.0030746 0.0000000 0.0023517 0.0196555 0.0000000 0.0016433 0.0000000 0.0033837 0.0000000 0.0000000 0.0033996 0.0000000 0.0078391
 56 A  56 0.3946085 0.0000000 0.0000000 0.0000000 0.0168230 0.0000000 0.0000000 0.0070791 0.0000000 0.2061032 0.0251314 0.0000000 0.0000000 0.0000000 0.0000000 0.0173002 0.0020871 0.0000000 0.0000000 0.3308674 0.0000000
 57 R  57 0.1037418 0.1820347 0.0065428 0.0000000 0.0282212 0.0155324 0.0000000 0.0369257 0.0053454 0.0000000 0.0000000 0.3771114 0.0027923 0.0000000 0.0000000 0.1986294 0.0253443 0.0057189 0.0028441 0.0032951 0.0059205
 58 F  58 0.0000000 0.0000000 0.0000000 0.0000000 0.0000000 0.0057578 0.0000000 0.0000000 0.0080144 0.0081824 0.0000000 0.0000000 0.0000000 0.8209129 0.0000000 0.0000000 0.0000000 0.0306973 0.1163298 0.0080918 0.0020136
 59 K  59 0.0121544 0.0333956 0.0158163 0.0868070 0.0000000 0.1274406 0.1291412 0.0000000 0.0089128 0.0065309 0.0445146 0.3882963 0.0095917 0.0000000 0.0000000 0.0443196 0.0565955 0.0084473 0.0000000 0.0260226 0.0020136
 60 T  60 0.0343525 0.0000000 0.0063510 0.0065599 0.0000000 0.0000000 0.0000000 0.3877310 0.0000000 0.0100959 0.0000000 0.0000000 0.0000000 0.0000000 0.0000000 0.0477391 0.4750070 0.0000000 0.0000000 0.0321636 0.0000000
 61 Y  61 0.0062727 0.0310735 0.0084004 0.0484066 0.0035596 0.0902013 0.0839456 0.0000000 0.0412103 0.0022898 0.0054157 0.0391433 0.0055257 0.4256358 0.0000000 0.0547221 0.0144223 0.0000000 0.1161637 0.0236118 0.0000000
 62 G  62 0.0000000 0.0000000 0.0000000 0.0000000 0.0000000 0.0000000 0.0000000 0.9940533 0.0000000 0.0000000 0.0000000 0.0000000 0.0000000 0.0000000 0.0000000 0.0059467 0.0000000 0.0000000 0.0000000 0.0000000 0.0000000
 63 C  63 0.0000000 0.0000000 0.0000000 0.0000000 1.0000000 0.0000000 0.0000000 0.0000000 0.0000000 0.0000000 0.0000000 0.0000000 0.0000000 0.0000000 0.0000000 0.0000000 0.0000000 0.0000000 0.0000000 0.0000000 0.0000000
 64 G  64 0.2928778 0.0000000 0.0000000 0.0000000 0.0150980 0.0000000 0.0041225 0.4122223 0.0000000 0.0043009 0.0019884 0.0000000 0.0000000 0.0000000 0.0111951 0.1719724 0.0748946 0.0000000 0.0000000 0.0113280 0.0000000
 65 S  65 0.1373968 0.0000000 0.0000000 0.0000000 0.0000000 0.0000000 0.0000000 0.0090909 0.0000000 0.4144022 0.0000000 0.0000000 0.0000000 0.0000000 0.0000000 0.3927046 0.0313816 0.0000000 0.0000000 0.0150238 0.0000000
 66 A  66 0.5345430 0.0000000 0.0178362 0.0028093 0.0173279 0.0000000 0.0000000 0.0000000 0.0000000 0.0000000 0.0065599 0.0000000 0.0000000 0.0000000 0.0000000 0.4100130 0.0109108 0.0000000 0.0000000 0.0000000 0.0000000
 67 I  67 0.0000000 0.0057657 0.0000000 0.0000000 0.0084651 0.2399571 0.0000000 0.0000000 0.0000000 0.5357003 0.0174125 0.0164497 0.0757695 0.0000000 0.0000000 0.0000000 0.0504138 0.0000000 0.0000000 0.0500663 0.0000000
 68 A  68 0.9501963 0.0000000 0.0000000 0.0000000 0.0000000 0.0000000 0.0000000 0.0000000 0.0000000 0.0000000 0.0000000 0.0000000 0.0000000 0.0000000 0.0000000 0.0498037 0.0000000 0.0000000 0.0000000 0.0000000 0.0000000
 69 S  69 0.0883889 0.0000000 0.0000000 0.0000000 0.0119524 0.0000000 0.0000000 0.0000000 0.0000000 0.0064628 0.0000000 0.0000000 0.0000000 0.0000000 0.0000000 0.7780315 0.1010877 0.0000000 0.0000000 0.0140768 0.0000000
 70 S  70 0.3445377 0.0000000 0.0000000 0.0000000 0.0000000 0.0000000 0.0000000 0.0154553 0.0000000 0.0000000 0.0061721 0.0000000 0.0000000 0.0000000 0.0000000 0.4971448 0.1216608 0.0000000 0.0000000 0.0150293 0.0000000
 71 S  71 0.0066851 0.0000000 0.0000000 0.0429263 0.0000000 0.0000000 0.0033883 0.0000000 0.0000000 0.0000000 0.0000000 0.0000000 0.0065599 0.0059467 0.0000000 0.9305921 0.0000000 0.0000000 0.0039017 0.0000000 0.0000000
 72 L  72 0.0739545 0.0000000 0.0000000 0.0000000 0.0000000 0.0018812 0.0065599 0.0000000 0.0000000 0.0770510 0.2525065 0.0000000 0.3226052 0.0036532 0.0000000 0.0000000 0.0144287 0.0000000 0.0759746 0.1713853 0.0000000
 73 V  73 0.1947175 0.0000000 0.0000000 0.0000000 0.0000000 0.0000000 0.0000000 0.0032883 0.0000000 0.0180462 0.3006696 0.0000000 0.3295692 0.0000000 0.0000000 0.0065287 0.0351951 0.0000000 0.0065599 0.1054255 0.0000000
 74 T  74 0.0528039 0.0000000 0.0184522 0.0000000 0.0130759 0.0000000 0.0000000 0.0023538 0.0053622 0.0218757 0.0107720 0.0000000 0.0041383 0.0047100 0.0000000 0.1018516 0.7530048 0.0000000 0.0071317 0.0044680 0.0000000
 75 E  75 0.0030548 0.0036497 0.0077591 0.1771936 0.0000000 0.0454414 0.6780817 0.0173374 0.0000000 0.0022439 0.0081744 0.0052580 0.0000000 0.0000000 0.0000000 0.0073720 0.0212760 0.0000000 0.0000000 0.0231581 0.0000000
 76 W  76 0.1250006 0.0309076 0.0015719 0.0040644 0.0000000 0.0369095 0.0417171 0.0000000 0.0017398 0.0413625 0.3085111 0.0142125 0.1720292 0.0026667 0.0000000 0.0185993 0.0164284 0.1499948 0.0012483 0.0266648 0.0063715
 77 V  77 0.0848021 0.0000000 0.0000000 0.0000000 0.0229582 0.0000000 0.0000000 0.0000000 0.0000000 0.2848193 0.1621400 0.0000000 0.0154097 0.0000000 0.0000000 0.0017773 0.0118615 0.0000000 0.0000000 0.4098604 0.0063715
 78 K  78 0.0120105 0.0693992 0.0054726 0.0000000 0.0000000 0.0165279 0.0216424 0.0000000 0.0055859 0.1458037 0.0221173 0.5760414 0.0235355 0.0000000 0.0112402 0.0032534 0.0225247 0.0000000 0.0018601 0.0566137 0.0063715
 79 G  79 0.0000000 0.0024635 0.0160030 0.0074806 0.0000000 0.0034489 0.0035027 0.9508201 0.0000000 0.0000000 0.0000000 0.0043241 0.0000000 0.0000000 0.0000000 0.0055857 0.0000000 0.0000000 0.0000000 0.0000000 0.0063715
 80 K  80 0.0057390 0.0554303 0.0000000 0.0000000 0.0000000 0.0399862 0.0025863 0.0000000 0.0136685 0.0048447 0.0386504 0.6998975 0.1091560 0.0000000 0.0000000 0.0108457 0.0098452 0.0000000 0.0000000 0.0029787 0.0063715
 81 S  81 0.0075879 0.0126950 0.0241201 0.0367537 0.0000000 0.0063488 0.0116119 0.0050344 0.0212674 0.0024292 0.0040261 0.0282054 0.0000000 0.0000000 0.0719854 0.1708310 0.5844027 0.0000000 0.0000000 0.0000000 0.0127010
 82 L  82 0.0098837 0.0172642 0.0000000 0.0000000 0.0205286 0.0042592 0.0187569 0.0000000 0.0000000 0.1846049 0.3710983 0.0426367 0.0076619 0.0039882 0.0088579 0.0024503 0.0158393 0.0038212 0.0021070 0.2735405 0.0127010
 83 D  83 0.0917270 0.0068171 0.0239042 0.3240667 0.0000000 0.0238610 0.3536210 0.0276278 0.0031130 0.0013599 0.0028020 0.0342134 0.0000000 0.0032717 0.0276855 0.0407428 0.0140511 0.0011754 0.0025743 0.0046852 0.0127010
 84 E  84 0.0098927 0.0032097 0.0086250 0.1100042 0.0000000 0.0776148 0.7336054 0.0025353 0.0067013 0.0000000 0.0000000 0.0063683 0.0000000 0.0000000 0.0000000 0.0023213 0.0072483 0.0000000 0.0166798 0.0024927 0.0127010
 85 A  85 0.8282827 0.0000000 0.0000000 0.0014752 0.0049047 0.0000000 0.0016901 0.0077906 0.0000000 0.0174419 0.0204440 0.0000000 0.0000000 0.0051124 0.0063715 0.0059128 0.0072218 0.0000000 0.0000000 0.0806512 0.0127010
 86 Q  86 0.0647400 0.0308808 0.0012127 0.0147948 0.0016464 0.0378519 0.0979049 0.0336045 0.0060887 0.0101133 0.4036307 0.0817954 0.0661769 0.0203428 0.0000000 0.0273691 0.0119846 0.0334436 0.0173287 0.0263890 0.0127010
 87 A  87 0.1532427 0.0619028 0.0386300 0.0440554 0.0000000 0.1036862 0.1413181 0.0219406 0.0186655 0.0034043 0.0120773 0.2796723 0.0094532 0.0000000 0.0016878 0.0330221 0.0574792 0.0000000 0.0000000 0.0070616 0.0127010
 88 I  88 0.0015506 0.0000000 0.0000000 0.0000000 0.0000000 0.0022917 0.0045581 0.0000000 0.0000000 0.4294523 0.3757434 0.0036353 0.0526357 0.0154067 0.0000000 0.0000000 0.0149318 0.0000000 0.0015587 0.0791630 0.0190726
 89 K  89 0.0286963 0.0353677 0.0107024 0.0583622 0.0021754 0.0199813 0.0234050 0.1605355 0.0067184 0.0097430 0.0086453 0.1999230 0.0045323 0.0370696 0.0059055 0.0770542 0.2498499 0.0000000 0.0076179 0.0346424 0.0190726
 90 N  90 0.0093890 0.0403324 0.4404380 0.2265400 0.0000000 0.0155542 0.0726009 0.0214923 0.0230220 0.0000000 0.0039882 0.0499071 0.0000000 0.0042259 0.0301104 0.0081027 0.0119407 0.0136103 0.0053066 0.0043668 0.0190726
 91 T  91 0.1092787 0.0481971 0.0194227 0.0855231 0.0024083 0.0628333 0.0837659 0.0374849 0.0057865 0.0388577 0.0636464 0.1643029 0.0158312 0.0000000 0.0000000 0.0434058 0.2007173 0.0000000 0.0000000 0.0058371 0.0127010
 92 D  92 0.1268100 0.0043975 0.0022153 0.3500222 0.0000000 0.0860497 0.1516439 0.0000000 0.0065411 0.0318348 0.0012309 0.0087334 0.0110685 0.1478486 0.0000000 0.0064210 0.0158301 0.0000000 0.0045463 0.0321057 0.0127010
 93 I  93 0.1169084 0.0015392 0.0015546 0.0000000 0.0000000 0.0057547 0.0000000 0.0000000 0.0000000 0.4372258 0.0666460 0.0030866 0.0252892 0.0174507 0.0000000 0.0093045 0.0023883 0.0000000 0.0000000 0.3001508 0.0127010
 94 A  94 0.4081545 0.0000000 0.0000000 0.0025353 0.0010237 0.0011955 0.0199746 0.0000000 0.0000000 0.0263755 0.2637219 0.0016886 0.0187301 0.1111689 0.0024635 0.0186361 0.0313099 0.0000000 0.0093061 0.0635847 0.0201311
 95 E  95 0.1580056 0.0080442 0.0169858 0.1255391 0.0017193 0.0706068 0.2670526 0.0257280 0.0065339 0.0000000 0.0000000 0.1808673 0.0187497 0.0000000 0.0041225 0.0803267 0.0132284 0.0000000 0.0000000 0.0023591 0.0201311
 96 E  96 0.1513407 0.0000000 0.0254205 0.0055727 0.0000000 0.0020745 0.2387679 0.3108355 0.0408104 0.0064628 0.0561413 0.0059204 0.0407194 0.0110513 0.0000000 0.0153765 0.0109207 0.0000000 0.0535194 0.0049349 0.0201311
 97 L  97 0.0053845 0.0075058 0.0009863 0.0819677 0.0000000 0.0000000 0.0139376 0.1447145 0.0000000 0.0599681 0.3286490 0.0095776 0.0054724 0.0000000 0.0190531 0.0000000 0.0081151 0.0000000 0.0000000 0.2945373 0.0201311
 98 E  98 0.1556615 0.0424030 0.0255488 0.0100178 0.0693466 0.0089046 0.0300522 0.3339160 0.0144095 0.0019778 0.0039017 0.0408025 0.0157212 0.0000000 0.0027596 0.2143611 0.0040595 0.0022439 0.0000000 0.0028023 0.0211105
 99 L  99 0.0159076 0.0157002 0.0141297 0.0116912 0.0000000 0.0570560 0.0517320 0.0294820 0.0112603 0.0235376 0.5247942 0.1771185 0.0000000 0.0024134 0.0027596 0.0034377 0.0000000 0.0000000 0.0000000 0.0388490 0.0201311
100 P 100 0.0000000 0.0000000 0.0000000 0.0000000 0.0000000 0.0000000 0.0214542 0.0055799 0.0000000 0.0046621 0.0462333 0.0000000 0.0250647 0.1985027 0.5275810 0.0262617 0.0083565 0.0000000 0.1161729 0.0000000 0.0201311
101 P 101 0.0122877 0.0043481 0.0000000 0.0183475 0.0000000 0.0107355 0.0701727 0.0010308 0.0083300 0.0000000 0.0043668 0.0206260 0.0018926 0.0000000 0.8249398 0.0012079 0.0015835 0.0000000 0.0000000 0.0000000 0.0201311
102 V 102 0.3092430 0.0013500 0.0383138 0.0063691 0.0000000 0.0793205 0.0859604 0.0063290 0.0156589 0.0239882 0.0000000 0.0020394 0.0457949 0.0000000 0.0000000 0.0254062 0.0183528 0.0000000 0.0000000 0.3217426 0.0201311
103 K 103 0.0000000 0.4358888 0.0000000 0.0000000 0.0000000 0.0000000 0.0000000 0.0000000 0.0000000 0.0000000 0.0000000 0.5355328 0.0000000 0.0000000 0.0000000 0.0084473 0.0000000 0.0000000 0.0000000 0.0000000 0.0201311
104 I 104 0.0051748 0.0028431 0.0064628 0.0000000 0.0000000 0.0075550 0.0040649 0.0030807 0.0000000 0.2686483 0.1812893 0.0177911 0.1573514 0.0081330 0.0083550 0.0030250 0.0020137 0.0000000 0.0150040 0.2831301 0.0260778
105 H 105 0.0000000 0.0118098 0.0057832 0.0061721 0.0000000 0.0000000 0.0053700 0.0000000 0.5297710 0.0000000 0.0063715 0.4119537 0.0000000 0.0000000 0.0026376 0.0000000 0.0000000 0.0000000 0.0000000 0.0000000 0.0201311
106 C 106 0.0108750 0.0000000 0.0000000 0.0000000 0.9689940 0.0000000 0.0000000 0.0000000 0.0000000 0.0000000 0.0000000 0.0000000 0.0000000 0.0000000 0.0000000 0.0000000 0.0000000 0.0000000 0.0000000 0.0000000 0.0201311
107 S 107 0.4216247 0.0000000 0.0000000 0.0000000 0.0057189 0.0000000 0.0000000 0.0000000 0.0000000 0.0000000 0.0000000 0.0000000 0.0000000 0.0043009 0.0000000 0.5304042 0.0178202 0.0000000 0.0000000 0.0000000 0.0201311
108 I 108 0.0079770 0.0000000 0.0712725 0.0000000 0.0000000 0.0132128 0.0000000 0.0000000 0.0000000 0.0627910 0.1849012 0.0000000 0.1432824 0.0134860 0.0000000 0.0166444 0.1968927 0.0000000 0.0000000 0.2652492 0.0242908
109 L 109 0.0000000 0.0000000 0.0000000 0.0000000 0.0000000 0.0000000 0.0000000 0.0000000 0.0000000 0.0110031 0.8559693 0.0020465 0.1030982 0.0000000 0.0000000 0.0000000 0.0000000 0.0000000 0.0000000 0.0035921 0.0242908
110 A 110 0.5890226 0.0000000 0.0000000 0.0000000 0.0081327 0.0000000 0.0000000 0.2316169 0.0000000 0.0141633 0.0000000 0.0000000 0.0000000 0.0000000 0.0280358 0.0931471 0.0041627 0.0000000 0.0000000 0.0059565 0.0257624
111 A 111 0.0686386 0.0309991 0.0000000 0.0251769 0.0000000 0.0462106 0.3150314 0.0000000 0.0027792 0.0100400 0.0420838 0.0010746 0.0034559 0.0043668 0.0064628 0.0000000 0.0026275 0.3638650 0.0212558 0.0301695 0.0257624
112 D 112 0.0055969 0.0237686 0.0494176 0.2838746 0.0000000 0.0365190 0.1456000 0.0152789 0.1217308 0.0000000 0.0051808 0.1648037 0.0662420 0.0000000 0.0000000 0.0336457 0.0048114 0.0157212 0.0000000 0.0000000 0.0278089
113 A 113 0.7177668 0.0017659 0.0000000 0.0000000 0.0022476 0.0000000 0.0000000 0.0263762 0.0000000 0.0057189 0.0000000 0.0000000 0.0000000 0.0000000 0.0000000 0.0037383 0.1400591 0.0000000 0.0000000 0.0745184 0.0278089
114 I 114 0.0251214 0.0000000 0.0000000 0.0000000 0.0049071 0.0000000 0.0000000 0.0000000 0.0000000 0.2930529 0.4574713 0.0000000 0.0363864 0.0678889 0.0000000 0.0029335 0.0035921 0.0214650 0.0058116 0.0501566 0.0312131
115 K 115 0.0047239 0.1111136 0.0158171 0.0166059 0.0000000 0.1038953 0.1491638 0.0044372 0.1056436 0.0039654 0.0115411 0.4098073 0.0016524 0.0000000 0.0061721 0.0019884 0.0108532 0.0000000 0.0061208 0.0052856 0.0312131
116 A 116 0.4230240 0.0380359 0.0284790 0.1112124 0.0000000 0.0529849 0.0567411 0.0033007 0.0073990 0.0000000 0.0144451 0.1185306 0.0044837 0.0024083 0.0000000 0.0810024 0.0028099 0.0000000 0.0023173 0.0145080 0.0383178
117 A 117 0.8231059 0.0000000 0.0000000 0.0000000 0.0090295 0.0000000 0.0028093 0.0913185 0.0000000 0.0085604 0.0058589 0.0000000 0.0040644 0.0000000 0.0000000 0.0050914 0.0036779 0.0000000 0.0000000 0.0032015 0.0432823
118 I 118 0.0466428 0.0000000 0.0000000 0.0000000 0.0000000 0.0000000 0.0000000 0.0000000 0.0000000 0.4254126 0.2795507 0.0000000 0.0046198 0.0055619 0.0000000 0.0029593 0.0270796 0.0000000 0.0000000 0.1550357 0.0531378
119 A 119 0.2005752 0.0472206 0.0952792 0.0550264 0.0000000 0.0325920 0.1231329 0.0078236 0.0338953 0.0027429 0.0125811 0.1445823 0.0062877 0.0077714 0.0000000 0.0498482 0.0150729 0.0112463 0.0353645 0.0128657 0.1060919
120 D 120 0.0097459 0.0106474 0.1564849 0.3781248 0.0014615 0.0698545 0.0690842 0.0056297 0.0106214 0.0204160 0.0038966 0.0464794 0.0000000 0.0009543 0.0032717 0.0204174 0.0136515 0.0000000 0.0020752 0.0000000 0.1771838
121 Y 121 0.0442120 0.0000000 0.0048118 0.0090684 0.0000000 0.0020359 0.0152625 0.0000000 0.0129894 0.0208756 0.0175548 0.0174333 0.0041572 0.0296286 0.0019570 0.0158311 0.0062789 0.0166319 0.5057591 0.0049696 0.2705432
122 K 122 0.0161072 0.1762232 0.0138114 0.0051618 0.0018194 0.0577442 0.0783258 0.0038631 0.0090180 0.0065576 0.0861707 0.1568802 0.0093512 0.0065221 0.0073791 0.0070022 0.0042250 0.0025528 0.0526393 0.0072566 0.2913894
123 S 123 0.0556745 0.0233499 0.0257938 0.0171895 0.0000000 0.0408491 0.0846029 0.1373871 0.0056334 0.0167499 0.0235471 0.0911459 0.0048512 0.0139557 0.0015533 0.0894376 0.0371364 0.0000000 0.0000000 0.0222007 0.3089420
124 K 124 0.0059891 0.0552998 0.0047077 0.0299202 0.0000000 0.0029077 0.1010419 0.0059493 0.0025467 0.0043778 0.0013219 0.3656110 0.0000000 0.0000000 0.0029488 0.0138686 0.0090880 0.0000000 0.0000000 0.0000000 0.3944216
125 R 125 0.0243581 0.0720617 0.0518161 0.0036860 0.0000000 0.1467529 0.0239207 0.0000000 0.0589864 0.0059711 0.0096084 0.0526175 0.0040725 0.0012344 0.0010767 0.0104109 0.0046483 0.0019884 0.0000000 0.0107141 0.5160758
126 E 126 0.0367224 0.0094885 0.0361266 0.0406959 0.0000000 0.0361348 0.0815519 0.0770460 0.0018005 0.0000000 0.0017345 0.0336843 0.0000000 0.0000000 0.0079860 0.0128938 0.0094087 0.0000000 0.0000000 0.0046832 0.6100429
127 A 127 0.0481757 0.0046457 0.0078599 0.0039641 0.0000000 0.0161328 0.0130558 0.0347993 0.0019973 0.0104607 0.0373698 0.0660713 0.0116408 0.0000000 0.0151995 0.0322127 0.0095338 0.0000000 0.0000000 0.0084113 0.6784695
128 K 128 0.0000000 0.0220913 0.0000000 0.0000000 0.0000000 0.0103909 0.0903493 0.0000000 0.0000000 0.0000000 0.0000000 0.0873839 0.0000000 0.0000000 0.0000000 0.0000000 0.0000000 0.0000000 0.0000000 0.0000000 0.7897846
