  128         A         R         N         D         C         Q         E         G         H         I         L         K         M         F         P         S         T         W         Y         V    
  1 M   1 0.0000000 0.0000000 0.0000000 0.0000000 0.0000000 0.0000000 0.0000000 0.0000000 0.0000000 0.0816636 0.0813027 0.0000000 0.8370337 0.0000000 0.0000000 0.0000000 0.0000000 0.0000000 0.0000000 0.0000000
  2 A   2 0.2302460 0.0000000 0.0026436 0.0067796 0.0000000 0.0798668 0.0071078 0.0524252 0.0000000 0.0164079 0.0208557 0.0000000 0.4568362 0.0045018 0.0135305 0.0985400 0.0102588 0.0000000 0.0000000 0.0000000
  3 Y   3 0.0000000 0.0000000 0.0000000 0.0000000 0.0000000 0.0000000 0.0000000 0.0000000 0.0000000 0.0000000 0.0000000 0.0000000 0.0000000 0.0110853 0.0000000 0.0000000 0.0000000 0.0000000 0.9889147 0.0000000
  4 S   4 0.0151103 0.1570210 0.0400628 0.0023936 0.0011150 0.2186168 0.0065211 0.0055036 0.1099962 0.0000000 0.0000000 0.0154458 0.0162714 0.0071269 0.0000000 0.2837373 0.1210783 0.0000000 0.0000000 0.0000000
  5 E   5 0.0427962 0.0146152 0.0075220 0.1879206 0.0000000 0.1411328 0.4844951 0.0048910 0.0000000 0.0000000 0.0012167 0.0511623 0.0032167 0.0000000 0.0364333 0.0183684 0.0044825 0.0000000 0.0000000 0.0017474
  6 K   6 0.0082373 0.0378206 0.0459483 0.0000000 0.0000000 0.0298429 0.0090089 0.0010840 0.0091634 0.1071065 0.0445034 0.3684968 0.0153438 0.0091894 0.0000000 0.0049124 0.0391161 0.0000000 0.0032706 0.2669555
  7 V   7 0.0023255 0.0000000 0.0000000 0.0019716 0.0000000 0.0000000 0.0000000 0.0000000 0.0000000 0.3973582 0.0563264 0.0000000 0.0000000 0.0000000 0.0000000 0.0000000 0.0073895 0.0000000 0.0000000 0.5346288
  8 I   8 0.0124238 0.0099241 0.0069192 0.0000000 0.0000000 0.0188441 0.0030738 0.0013771 0.0104905 0.1488855 0.4449912 0.0735763 0.1950508 0.0121603 0.0000000 0.0049327 0.0084969 0.0033839 0.0000000 0.0454700
  9 D   9 0.0015205 0.0053126 0.0065590 0.7538264 0.0000000 0.0105465 0.2009490 0.0000000 0.0000000 0.0000000 0.0000000 0.0118866 0.0000000 0.0000000 0.0000000 0.0040567 0.0028361 0.0000000 0.0025066 0.0000000
 10 H  10 0.0061570 0.0208558 0.0032411 0.0000000 0.0000000 0.0000000 0.0057724 0.0000000 0.8769823 0.0031527 0.0182963 0.0022199 0.0000000 0.0052064 0.0000000 0.0000000 0.0000000 0.0000000 0.0581161 0.0000000
 11 Y  11 0.0499783 0.0025330 0.0479842 0.0000000 0.0117133 0.0000000 0.0000000 0.0272727 0.0022190 0.0042908 0.0000000 0.0051838 0.0200001 0.2997490 0.0000000 0.0775442 0.0000000 0.0000000 0.4469068 0.0046250
 12 E  12 0.0242281 0.1442497 0.0868734 0.0163483 0.0000000 0.0566685 0.1572774 0.0000000 0.0050565 0.0059927 0.0398152 0.2559655 0.0674349 0.0299374 0.0000000 0.0414711 0.0385203 0.0015401 0.0189404 0.0096804
 13 N  13 0.0042982 0.0456667 0.6288042 0.0154756 0.0129016 0.0045524 0.0092359 0.0000000 0.1741821 0.0000000 0.0000000 0.0424966 0.0025068 0.0023672 0.0000000 0.0419358 0.0109995 0.0000000 0.0045774 0.0000000
 14 P  14 0.0000000 0.0079118 0.0000000 0.0000000 0.0000000 0.0032025 0.0000000 0.0000000 0.0000000 0.0000000 0.0000000 0.0098110 0.0000000 0.0000000 0.9727993 0.0062754 0.0000000 0.0000000 0.0000000 0.0000000
 15 R  15 0.0031412 0.6440672 0.0027259 0.0000000 0.0000000 0.0652873 0.0015079 0.0000000 0.1472636 0.0037208 0.0134639 0.0841601 0.0043826 0.0000000 0.0035428 0.0050153 0.0076569 0.0000000 0.0063284 0.0077362
 16 N  16 0.0019408 0.0083404 0.7772268 0.0000000 0.0000000 0.0000000 0.0000000 0.0385768 0.1491859 0.0000000 0.0000000 0.0000000 0.0000000 0.0112330 0.0000000 0.0000000 0.0000000 0.0000000 0.0134961 0.0000000
 17 V  17 0.0900323 0.1327906 0.0071210 0.0000000 0.0047213 0.0338377 0.0000000 0.0000000 0.0355896 0.0365668 0.0179128 0.0912077 0.0259748 0.0856298 0.0051095 0.0207943 0.0106302 0.0041849 0.0401261 0.3577707
 18 G  18 0.0000000 0.0499149 0.0018280 0.0000000 0.0000000 0.0051194 0.0000000 0.8779090 0.0227397 0.0000000 0.0157495 0.0049403 0.0020063 0.0000000 0.0000000 0.0000000 0.0000000 0.0023262 0.0174665 0.0000000
 19 S  19 0.0735477 0.0434080 0.0069000 0.0117130 0.0000000 0.0242377 0.1896969 0.0061502 0.0150154 0.0092029 0.1201702 0.0698997 0.0052942 0.0036041 0.0261777 0.2188475 0.0938261 0.0000000 0.0000000 0.0823087
 20 F  20 0.0000000 0.0920393 0.0000000 0.0022174 0.0000000 0.0023795 0.0055666 0.0110149 0.0000000 0.2059408 0.3972118 0.0028573 0.1127806 0.0969313 0.0064880 0.0018293 0.0084660 0.0000000 0.0012151 0.0530623
 21 D  21 0.0492842 0.0000000 0.0287971 0.2935128 0.0000000 0.0094606 0.4048866 0.0047458 0.0000000 0.0000000 0.0047515 0.0279272 0.0000000 0.0000000 0.1004049 0.0207088 0.0453952 0.0000000 0.0000000 0.0101255
 22 N  22 0.0212301 0.0115589 0.1544707 0.2638392 0.0000000 0.0228911 0.0884799 0.0534385 0.0147731 0.0000000 0.0037390 0.2177013 0.0052545 0.0000000 0.1149253 0.0222544 0.0054440 0.0000000 0.0000000 0.0000000
 23 N  23 0.3562705 0.0000000 0.0889338 0.0508723 0.0045280 0.0053295 0.0428199 0.0158747 0.0113345 0.0028617 0.0009107 0.0425821 0.0000000 0.0767390 0.1502806 0.0695960 0.0402307 0.0000000 0.0306914 0.0101448
 24 D  24 0.0334809 0.0000000 0.1619298 0.5029498 0.0000000 0.0131632 0.0498555 0.0378236 0.0027869 0.0000000 0.0095713 0.0096558 0.0012231 0.0068861 0.0000000 0.1031093 0.0639222 0.0016955 0.0000000 0.0019472
 25 E  25 0.2604249 0.0495306 0.0156122 0.0408230 0.0095646 0.0137935 0.0630172 0.0446328 0.0228481 0.0201196 0.0448496 0.0744569 0.0044773 0.0421946 0.1358569 0.0445512 0.0261114 0.0000000 0.0116923 0.0754434
 26 N  26 0.0549549 0.0364484 0.1498981 0.1020734 0.0130319 0.1036149 0.1663154 0.0358464 0.0230357 0.0000000 0.0064202 0.0884309 0.0015074 0.0313752 0.0029027 0.0831107 0.0676928 0.0000000 0.0210635 0.0122776
 27 V  27 0.0628460 0.0042546 0.0053976 0.0359583 0.0000000 0.0302142 0.0000000 0.0086903 0.0119305 0.0615561 0.0328023 0.0034307 0.0178279 0.0067046 0.0000000 0.0378773 0.0821031 0.0000000 0.0316623 0.5667441
 28 G  28 0.0517088 0.0096002 0.0047374 0.0000000 0.0044132 0.0014058 0.0139154 0.5629330 0.1551850 0.0665209 0.0299702 0.0073315 0.0065004 0.0122713 0.0000000 0.0166946 0.0052502 0.0000000 0.0050087 0.0465533
 29 S  29 0.0074251 0.0223605 0.0028392 0.0047983 0.0000000 0.0274333 0.0732986 0.0125273 0.1011915 0.0985780 0.0013439 0.0171904 0.0146980 0.0033441 0.0000000 0.0635383 0.3385623 0.0000000 0.0170038 0.1938676
 30 G  30 0.1239379 0.0084023 0.0000000 0.0000000 0.0000000 0.0034959 0.0354315 0.5623441 0.0420939 0.0181597 0.0067492 0.0027879 0.0048218 0.0087610 0.0000000 0.0202709 0.0026844 0.0000000 0.0000000 0.1600595
 31 M  31 0.0030685 0.0356106 0.0289233 0.0851160 0.0000000 0.0546548 0.2507824 0.0000000 0.0749616 0.0403707 0.1890856 0.0422947 0.0692819 0.0000000 0.0026351 0.0190826 0.0732506 0.0000000 0.0000000 0.0308816
 32 V  32 0.0395692 0.0054365 0.0000000 0.0227844 0.0078998 0.0077548 0.0398327 0.1964667 0.0141771 0.0399869 0.1023435 0.0012607 0.0280105 0.0277839 0.0000000 0.0000000 0.0127610 0.0050744 0.0088234 0.4400346
 33 G  33 0.0017066 0.0146893 0.0915286 0.0250632 0.0000000 0.0000000 0.0298090 0.5866295 0.0884360 0.0050902 0.0157753 0.0272185 0.0023852 0.0263581 0.0000000 0.0178062 0.0036543 0.0000000 0.0234556 0.0403943
 34 A  34 0.2255677 0.0000000 0.5701004 0.0346872 0.0000000 0.0000000 0.0077248 0.0000000 0.0000000 0.0000000 0.0000000 0.0106160 0.0000000 0.0000000 0.0000000 0.1214916 0.0150822 0.0000000 0.0000000 0.0147301
 35 P  35 0.0605962 0.0000000 0.0000000 0.0000000 0.0000000 0.0031863 0.0223927 0.0106481 0.0000000 0.0436538 0.0650210 0.0000000 0.0060437 0.0000000 0.7754504 0.0025477 0.0086076 0.0000000 0.0000000 0.0018526
 36 A  36 0.2726870 0.0036241 0.0000000 0.0126410 0.0000000 0.0185070 0.0347411 0.0128215 0.0053160 0.0118809 0.1263720 0.0430736 0.0178102 0.0022661 0.0000000 0.1844645 0.2123318 0.0000000 0.0000000 0.0414632
 37 C  37 0.0000000 0.0000000 0.0000000 0.0032936 0.9775920 0.0000000 0.0000000 0.0000000 0.0000000 0.0000000 0.0000000 0.0000000 0.0000000 0.0000000 0.0000000 0.0043904 0.0000000 0.0000000 0.0147240 0.0000000
 38 G  38 0.0000000 0.0000000 0.0000000 0.0000000 0.0000000 0.0000000 0.0000000 0.9853540 0.0000000 0.0146460 0.0000000 0.0000000 0.0000000 0.0000000 0.0000000 0.0000000 0.0000000 0.0000000 0.0000000 0.0000000
 39 D  39 0.0000000 0.0000000 0.0000000 0.9740790 0.0000000 0.0000000 0.0259210 0.0000000 0.0000000 0.0000000 0.0000000 0.0000000 0.0000000 0.0000000 0.0000000 0.0000000 0.0000000 0.0000000 0.0000000 0.0000000
 40 V  40 0.1175861 0.0727908 0.0118097 0.0342935 0.0000000 0.0667070 0.1517660 0.0000000 0.0173634 0.0679720 0.0112334 0.0174408 0.0344628 0.0000000 0.0000000 0.0294415 0.0476936 0.0000000 0.0058222 0.3136172
 41 M  41 0.0000000 0.0000000 0.0000000 0.0000000 0.0115304 0.0000000 0.0000000 0.0000000 0.0000000 0.2707371 0.2104715 0.0000000 0.3318712 0.0043402 0.0016407 0.0000000 0.0140714 0.0000000 0.0028481 0.1524895
 42 K  42 0.0115910 0.1825211 0.0167165 0.0141151 0.0027300 0.0535202 0.0758924 0.0000000 0.0299086 0.0103424 0.0251032 0.2813901 0.0135256 0.0000000 0.0000000 0.0369957 0.2134793 0.0000000 0.0042586 0.0279102
 43 L  43 0.0000000 0.0000000 0.0000000 0.0000000 0.0000000 0.0000000 0.0000000 0.0000000 0.0000000 0.1938256 0.6066910 0.0000000 0.0511129 0.0265570 0.0000000 0.0000000 0.0000000 0.0000000 0.0033343 0.1184793
 44 Q  44 0.0163089 0.0989578 0.0029457 0.0431862 0.0000000 0.3053097 0.0298027 0.0024278 0.0327409 0.0000000 0.0085966 0.0000000 0.0310051 0.0828771 0.0000000 0.0324549 0.0829973 0.0176383 0.2029358 0.0098153
 45 I  45 0.0121122 0.0000000 0.0000000 0.0000000 0.0000000 0.0000000 0.0000000 0.0000000 0.0000000 0.3357772 0.3434431 0.0000000 0.0440766 0.0121392 0.0000000 0.0000000 0.0000000 0.0199330 0.0000000 0.2325188
 46 K  46 0.0428570 0.1265482 0.0185095 0.0296454 0.0000000 0.0828547 0.0448519 0.0000000 0.0198502 0.0049273 0.0388746 0.5471671 0.0030707 0.0025958 0.0000000 0.0121718 0.0085677 0.0000000 0.0019371 0.0155710
 47 V  47 0.0000000 0.0000000 0.0000000 0.0000000 0.0017851 0.0000000 0.0000000 0.0000000 0.0000000 0.2191402 0.1941069 0.0000000 0.0139165 0.0345571 0.0000000 0.0000000 0.0059225 0.0000000 0.0074028 0.5231690
 48 N  48 0.0217873 0.0229655 0.1267026 0.3611459 0.0000000 0.0203326 0.2072512 0.0338406 0.0000000 0.0000000 0.0012101 0.1009825 0.0000000 0.0000000 0.0000000 0.0903949 0.0067441 0.0000000 0.0000000 0.0066426
 49 D  49 0.0265194 0.0027707 0.0623842 0.4733175 0.0000000 0.0039110 0.1549883 0.1191347 0.0125745 0.0000000 0.0000000 0.0320760 0.0000000 0.0000000 0.0987922 0.0062586 0.0014087 0.0000000 0.0058642 0.0000000
 50 E  50 0.0272052 0.0023058 0.2312959 0.3451697 0.0000000 0.0416354 0.1255844 0.0306885 0.0129347 0.0035595 0.0000000 0.1020758 0.0009522 0.0000000 0.0044304 0.0323880 0.0388115 0.0000000 0.0009630 0.0000000
 51 G  51 0.0097202 0.0381501 0.0379300 0.0846902 0.0000000 0.0553708 0.0410784 0.6014923 0.0000000 0.0000000 0.0018083 0.0347387 0.0013642 0.0000000 0.0132876 0.0234404 0.0539168 0.0000000 0.0030121 0.0000000
 52 I  52 0.0000000 0.1435810 0.0068464 0.0030105 0.0061344 0.0119235 0.0046648 0.0082376 0.0137921 0.2149775 0.0251606 0.1833267 0.0121506 0.0024987 0.0000000 0.0022681 0.1124834 0.0000000 0.0000000 0.2489441
 53 I  53 0.0000000 0.0000000 0.0000000 0.0000000 0.0000000 0.0000000 0.0000000 0.0000000 0.0063936 0.7674945 0.0189160 0.0000000 0.0000000 0.0000000 0.0000000 0.0000000 0.0000000 0.0000000 0.0000000 0.2071959
 54 E  54 0.1205104 0.0287098 0.0098584 0.0425862 0.0000000 0.0363082 0.2892337 0.0034929 0.0018456 0.0343214 0.0364612 0.1067876 0.0159237 0.0000000 0.0000000 0.0658397 0.1225998 0.0000000 0.0000000 0.0855214
 55 D  55 0.0300034 0.0217786 0.0334977 0.7504398 0.0000000 0.0149982 0.1128502 0.0050548 0.0033108 0.0000000 0.0023133 0.0167559 0.0000000 0.0017744 0.0000000 0.0035797 0.0000000 0.0000000 0.0036432 0.0000000
 56 A  56 0.3738701 0.0000000 0.0000000 0.0000000 0.0179944 0.0000000 0.0000000 0.0073875 0.0000000 0.2171480 0.0262702 0.0000000 0.0000000 0.0000000 0.0000000 0.0151698 0.0020547 0.0000000 0.0000000 0.3401054
 57 R  57 0.1051450 0.1665782 0.0063572 0.0000000 0.0222876 0.0165581 0.0000000 0.0389591 0.0055106 0.0000000 0.0000000 0.3891216 0.0029728 0.0000000 0.0000000 0.2049994 0.0286345 0.0063354 0.0030570 0.0034835
 58 F  58 0.0000000 0.0000000 0.0000000 0.0000000 0.0000000 0.0058632 0.0000000 0.0000000 0.0085130 0.0084479 0.0000000 0.0000000 0.0000000 0.8155549 0.0000000 0.0000000 0.0000000 0.0324834 0.1204830 0.0086546
 59 K  59 0.0125402 0.0350454 0.0167723 0.0897537 0.0000000 0.1339785 0.1324091 0.0000000 0.0093639 0.0068146 0.0466412 0.3650998 0.0101500 0.0000000 0.0000000 0.0445894 0.0592164 0.0106136 0.0000000 0.0270119
 60 T  60 0.0353609 0.0000000 0.0065795 0.0066797 0.0000000 0.0000000 0.0000000 0.4010281 0.0000000 0.0106841 0.0000000 0.0000000 0.0000000 0.0000000 0.0000000 0.0505259 0.4555859 0.0000000 0.0000000 0.0335558
 61 Y  61 0.0064120 0.0322258 0.0086564 0.0526664 0.0036233 0.0934783 0.0865905 0.0000000 0.0432330 0.0023045 0.0055731 0.0406577 0.0056160 0.4015591 0.0000000 0.0553261 0.0150820 0.0000000 0.1227859 0.0242099
 62 G  62 0.0000000 0.0000000 0.0000000 0.0000000 0.0000000 0.0000000 0.0000000 0.9938344 0.0000000 0.0000000 0.0000000 0.0000000 0.0000000 0.0000000 0.0000000 0.0061656 0.0000000 0.0000000 0.0000000 0.0000000
 63 C  63 0.0000000 0.0000000 0.0000000 0.0000000 1.0000000 0.0000000 0.0000000 0.0000000 0.0000000 0.0000000 0.0000000 0.0000000 0.0000000 0.0000000 0.0000000 0.0000000 0.0000000 0.0000000 0.0000000 0.0000000
 64 G  64 0.3046200 0.0000000 0.0000000 0.0000000 0.0157200 0.0000000 0.0042764 0.3910239 0.0000000 0.0046063 0.0020655 0.0000000 0.0000000 0.0000000 0.0117164 0.1771132 0.0766067 0.0000000 0.0000000 0.0122516
 65 S  65 0.1483377 0.0000000 0.0000000 0.0000000 0.0000000 0.0000000 0.0000000 0.0091163 0.0000000 0.4282241 0.0000000 0.0000000 0.0000000 0.0000000 0.0000000 0.3638226 0.0348188 0.0000000 0.0000000 0.0156806
 66 A  66 0.5160570 0.0000000 0.0190954 0.0028946 0.0179236 0.0000000 0.0000000 0.0000000 0.0000000 0.0000000 0.0066797 0.0000000 0.0000000 0.0000000 0.0000000 0.4242027 0.0131470 0.0000000 0.0000000 0.0000000
 67 I  67 0.0000000 0.0061145 0.0000000 0.0000000 0.0087535 0.2490325 0.0000000 0.0000000 0.0000000 0.5203592 0.0176610 0.0171425 0.0776577 0.0000000 0.0000000 0.0000000 0.0514854 0.0000000 0.0000000 0.0517937
 68 A  68 0.9487537 0.0000000 0.0000000 0.0000000 0.0000000 0.0000000 0.0000000 0.0000000 0.0000000 0.0000000 0.0000000 0.0000000 0.0000000 0.0000000 0.0000000 0.0512463 0.0000000 0.0000000 0.0000000 0.0000000
 69 S  69 0.0943420 0.0000000 0.0000000 0.0000000 0.0126003 0.0000000 0.0000000 0.0000000 0.0000000 0.0068952 0.0000000 0.0000000 0.0000000 0.0000000 0.0000000 0.7649566 0.1062673 0.0000000 0.0000000 0.0149386
 70 S  70 0.3565743 0.0000000 0.0000000 0.0000000 0.0000000 0.0000000 0.0000000 0.0180184 0.0000000 0.0000000 0.0063936 0.0000000 0.0000000 0.0000000 0.0000000 0.4724339 0.1312336 0.0000000 0.0000000 0.0153461
 71 S  71 0.0071856 0.0000000 0.0000000 0.0452791 0.0000000 0.0000000 0.0035282 0.0000000 0.0000000 0.0000000 0.0000000 0.0000000 0.0066797 0.0061656 0.0000000 0.9272366 0.0000000 0.0000000 0.0039252 0.0000000
 72 L  72 0.0776209 0.0000000 0.0000000 0.0000000 0.0000000 0.0019721 0.0066797 0.0000000 0.0000000 0.0838147 0.2315169 0.0000000 0.3392768 0.0037724 0.0000000 0.0000000 0.0152168 0.0000000 0.0629673 0.1771625
 73 V  73 0.1763563 0.0000000 0.0000000 0.0000000 0.0000000 0.0000000 0.0000000 0.0034369 0.0000000 0.0191102 0.3033595 0.0000000 0.3381444 0.0000000 0.0000000 0.0069203 0.0402817 0.0000000 0.0066797 0.1057111
 74 T  74 0.0549549 0.0000000 0.0151959 0.0000000 0.0137282 0.0000000 0.0000000 0.0024091 0.0054414 0.0236343 0.0112694 0.0000000 0.0039523 0.0048905 0.0000000 0.1072439 0.7454618 0.0000000 0.0071610 0.0046572
 75 E  75 0.0031637 0.0038816 0.0079471 0.1826937 0.0000000 0.0468903 0.6720654 0.0140063 0.0000000 0.0023390 0.0086234 0.0053495 0.0000000 0.0000000 0.0000000 0.0078942 0.0194746 0.0000000 0.0000000 0.0256713
 76 W  76 0.1285401 0.0314063 0.0016097 0.0042669 0.0000000 0.0370545 0.0433188 0.0000000 0.0018461 0.0431873 0.3185775 0.0149550 0.1715964 0.0028536 0.0000000 0.0194612 0.0172911 0.1353843 0.0013371 0.0273140
 77 V  77 0.0915759 0.0000000 0.0000000 0.0000000 0.0240892 0.0000000 0.0000000 0.0000000 0.0000000 0.2815117 0.1705586 0.0000000 0.0164180 0.0000000 0.0000000 0.0019387 0.0125507 0.0000000 0.0000000 0.4013574
 78 K  78 0.0098200 0.0697348 0.0044274 0.0000000 0.0000000 0.0173499 0.0230524 0.0000000 0.0058554 0.1512321 0.0220687 0.5714848 0.0249792 0.0000000 0.0121167 0.0034154 0.0240047 0.0000000 0.0019735 0.0584851
 79 G  79 0.0000000 0.0025442 0.0162519 0.0078208 0.0000000 0.0035345 0.0037743 0.9555838 0.0000000 0.0000000 0.0000000 0.0046211 0.0000000 0.0000000 0.0000000 0.0058695 0.0000000 0.0000000 0.0000000 0.0000000
 80 K  80 0.0060375 0.0579439 0.0000000 0.0000000 0.0000000 0.0414867 0.0027609 0.0000000 0.0142784 0.0038356 0.0390967 0.7023781 0.1075545 0.0000000 0.0000000 0.0110870 0.0103692 0.0000000 0.0000000 0.0031717
 81 S  81 0.0078414 0.0116793 0.0247963 0.0385811 0.0000000 0.0067471 0.0121056 0.0054282 0.0219645 0.0026550 0.0037430 0.0277383 0.0000000 0.0000000 0.0747990 0.1698617 0.5920595 0.0000000 0.0000000 0.0000000
 82 L  82 0.0089120 0.0139307 0.0000000 0.0000000 0.0139484 0.0045082 0.0192163 0.0000000 0.0000000 0.1944301 0.3839451 0.0443634 0.0080189 0.0039070 0.0081408 0.0025250 0.0164185 0.0040028 0.0020238 0.2717091
 83 D  83 0.0935721 0.0071875 0.0253477 0.3284482 0.0000000 0.0243709 0.3560841 0.0286881 0.0033124 0.0014474 0.0030123 0.0287119 0.0000000 0.0033569 0.0304350 0.0424059 0.0146414 0.0012608 0.0027780 0.0049394
 84 E  84 0.0102982 0.0033998 0.0050496 0.1076968 0.0000000 0.0823319 0.7446307 0.0027136 0.0071289 0.0000000 0.0000000 0.0065571 0.0000000 0.0000000 0.0000000 0.0024501 0.0073478 0.0000000 0.0177477 0.0026477
 85 A  85 0.8379719 0.0000000 0.0000000 0.0015846 0.0051570 0.0000000 0.0017031 0.0081096 0.0000000 0.0178241 0.0215242 0.0000000 0.0000000 0.0053781 0.0025855 0.0062649 0.0070926 0.0000000 0.0000000 0.0848044
 86 Q  86 0.0684623 0.0325245 0.0012701 0.0148565 0.0017526 0.0393608 0.1005169 0.0293284 0.0063367 0.0104637 0.4021129 0.0855219 0.0697902 0.0213872 0.0000000 0.0269872 0.0125324 0.0310750 0.0181773 0.0275436
 87 A  87 0.1513059 0.0667435 0.0408262 0.0460097 0.0000000 0.1083052 0.1488614 0.0228568 0.0197841 0.0024686 0.0125216 0.2738692 0.0099992 0.0000000 0.0017731 0.0349781 0.0523483 0.0000000 0.0000000 0.0073493
 88 I  88 0.0015834 0.0000000 0.0000000 0.0000000 0.0000000 0.0022823 0.0048589 0.0000000 0.0000000 0.4250467 0.3909339 0.0038317 0.0553662 0.0157306 0.0000000 0.0000000 0.0155478 0.0000000 0.0016520 0.0831664
 89 K  89 0.0296326 0.0301974 0.0114100 0.0649608 0.0023386 0.0183699 0.0240971 0.1645879 0.0072226 0.0102131 0.0090007 0.1884249 0.0047712 0.0379427 0.0061805 0.0818431 0.2642821 0.0000000 0.0080248 0.0364999
 90 N  90 0.0101081 0.0430172 0.4319526 0.2335698 0.0000000 0.0160512 0.0763309 0.0219960 0.0272334 0.0000000 0.0039171 0.0516697 0.0000000 0.0046691 0.0335624 0.0085846 0.0126068 0.0144795 0.0056965 0.0045551
 91 T  91 0.1122918 0.0521075 0.0205216 0.0897152 0.0024944 0.0657076 0.0875740 0.0384647 0.0056415 0.0400679 0.0662200 0.1682881 0.0199898 0.0000000 0.0000000 0.0424760 0.1826884 0.0000000 0.0000000 0.0057515
 92 D  92 0.1315385 0.0043609 0.0023534 0.3499957 0.0000000 0.0841505 0.1506417 0.0000000 0.0068428 0.0327326 0.0013410 0.0092224 0.0117060 0.1534523 0.0000000 0.0067133 0.0167111 0.0000000 0.0047576 0.0334801
 93 I  93 0.1202815 0.0015117 0.0016339 0.0000000 0.0000000 0.0060466 0.0000000 0.0000000 0.0000000 0.4267090 0.0694111 0.0032560 0.0262058 0.0180641 0.0000000 0.0096707 0.0024858 0.0000000 0.0000000 0.3147236
 94 A  94 0.4008046 0.0000000 0.0000000 0.0027152 0.0010911 0.0012574 0.0210770 0.0000000 0.0000000 0.0276269 0.2740923 0.0016887 0.0196503 0.1151580 0.0025397 0.0197181 0.0329813 0.0000000 0.0099323 0.0696671
 95 E  95 0.1637834 0.0079322 0.0136810 0.1332337 0.0018202 0.0712615 0.2836349 0.0266080 0.0076786 0.0000000 0.0000000 0.1666323 0.0196578 0.0000000 0.0042799 0.0834963 0.0138045 0.0000000 0.0000000 0.0024956
 96 E  96 0.1630204 0.0000000 0.0257953 0.0058539 0.0000000 0.0021828 0.2307441 0.3197779 0.0387676 0.0069007 0.0589682 0.0064340 0.0426157 0.0112733 0.0000000 0.0161282 0.0115090 0.0000000 0.0548219 0.0052072
 97 L  97 0.0057537 0.0077328 0.0010581 0.0871367 0.0000000 0.0000000 0.0143590 0.1530460 0.0000000 0.0634023 0.3200588 0.0102207 0.0057920 0.0000000 0.0204793 0.0000000 0.0084923 0.0000000 0.0000000 0.3024682
 98 E  98 0.1624731 0.0434644 0.0264361 0.0106088 0.0515216 0.0094428 0.0315735 0.3526145 0.0126441 0.0021047 0.0039306 0.0414645 0.0166285 0.0000000 0.0028794 0.2226991 0.0041960 0.0023422 0.0000000 0.0029763
 99 L  99 0.0163591 0.0159144 0.0152183 0.0122208 0.0000000 0.0580010 0.0534741 0.0305838 0.0116382 0.0244758 0.5293652 0.1826608 0.0000000 0.0025879 0.0028777 0.0036331 0.0000000 0.0000000 0.0000000 0.0409896
100 P 100 0.0000000 0.0000000 0.0000000 0.0000000 0.0000000 0.0000000 0.0222682 0.0058856 0.0000000 0.0049841 0.0482844 0.0000000 0.0266245 0.2041104 0.5319831 0.0273576 0.0091971 0.0000000 0.1193049 0.0000000
101 P 101 0.0122876 0.0046327 0.0000000 0.0196937 0.0000000 0.0114258 0.0754956 0.0011066 0.0088061 0.0000000 0.0045461 0.0206057 0.0020204 0.0000000 0.8364060 0.0012837 0.0016900 0.0000000 0.0000000 0.0000000
102 V 102 0.3226629 0.0015131 0.0408298 0.0067340 0.0000000 0.0834142 0.0906734 0.0063031 0.0166231 0.0254328 0.0000000 0.0022393 0.0482156 0.0000000 0.0000000 0.0264922 0.0190164 0.0000000 0.0000000 0.3098499
103 K 103 0.0000000 0.4511614 0.0000000 0.0000000 0.0000000 0.0000000 0.0000000 0.0000000 0.0000000 0.0000000 0.0000000 0.5382207 0.0000000 0.0000000 0.0000000 0.0106179 0.0000000 0.0000000 0.0000000 0.0000000
104 I 104 0.0054420 0.0029708 0.0069435 0.0000000 0.0000000 0.0083174 0.0042888 0.0033148 0.0000000 0.2855431 0.1624179 0.0184798 0.1666045 0.0087275 0.0085079 0.0031772 0.0021382 0.0000000 0.0159144 0.2972121
105 H 105 0.0000000 0.0121407 0.0064303 0.0063988 0.0000000 0.0000000 0.0052945 0.0000000 0.5381862 0.0000000 0.0025871 0.4260793 0.0000000 0.0000000 0.0028830 0.0000000 0.0000000 0.0000000 0.0000000 0.0000000
106 C 106 0.0146308 0.0000000 0.0000000 0.0000000 0.9853692 0.0000000 0.0000000 0.0000000 0.0000000 0.0000000 0.0000000 0.0000000 0.0000000 0.0000000 0.0000000 0.0000000 0.0000000 0.0000000 0.0000000 0.0000000
107 S 107 0.4379390 0.0000000 0.0000000 0.0000000 0.0063141 0.0000000 0.0000000 0.0000000 0.0000000 0.0000000 0.0000000 0.0000000 0.0000000 0.0046100 0.0000000 0.5290812 0.0220557 0.0000000 0.0000000 0.0000000
108 I 108 0.0084955 0.0000000 0.0762502 0.0000000 0.0000000 0.0140830 0.0000000 0.0000000 0.0000000 0.0696337 0.1896445 0.0000000 0.1278543 0.0159168 0.0000000 0.0170975 0.2019097 0.0000000 0.0000000 0.2791148
109 L 109 0.0000000 0.0000000 0.0000000 0.0000000 0.0000000 0.0000000 0.0000000 0.0000000 0.0000000 0.0121087 0.8744393 0.0018873 0.1078478 0.0000000 0.0000000 0.0000000 0.0000000 0.0000000 0.0000000 0.0037170
110 A 110 0.5952485 0.0000000 0.0000000 0.0000000 0.0082809 0.0000000 0.0000000 0.2418774 0.0000000 0.0181047 0.0000000 0.0000000 0.0000000 0.0000000 0.0290327 0.0969057 0.0042777 0.0000000 0.0000000 0.0062723
111 A 111 0.0750186 0.0324908 0.0000000 0.0266697 0.0000000 0.0485326 0.3104805 0.0000000 0.0029092 0.0101351 0.0437110 0.0011410 0.0036270 0.0045547 0.0069138 0.0000000 0.0028935 0.3761944 0.0225735 0.0321545
112 D 112 0.0058800 0.0242399 0.0531899 0.2794871 0.0000000 0.0383802 0.1528229 0.0163804 0.1269031 0.0000000 0.0053353 0.1711024 0.0685721 0.0000000 0.0000000 0.0359447 0.0050799 0.0166822 0.0000000 0.0000000
113 A 113 0.7319262 0.0019380 0.0000000 0.0000000 0.0024444 0.0000000 0.0000000 0.0282002 0.0000000 0.0063381 0.0000000 0.0000000 0.0000000 0.0000000 0.0000000 0.0040139 0.1464249 0.0000000 0.0000000 0.0787144
114 I 114 0.0263061 0.0000000 0.0000000 0.0000000 0.0050671 0.0000000 0.0000000 0.0000000 0.0000000 0.2855373 0.4832003 0.0000000 0.0375846 0.0704829 0.0000000 0.0031573 0.0037365 0.0223954 0.0060386 0.0564938
115 K 115 0.0049186 0.1161116 0.0165226 0.0175120 0.0000000 0.1107008 0.1547272 0.0045090 0.1142801 0.0042619 0.0115772 0.4114316 0.0017358 0.0000000 0.0064390 0.0020801 0.0112968 0.0000000 0.0062584 0.0056373
116 A 116 0.4311053 0.0405961 0.0306334 0.1180281 0.0000000 0.0556462 0.0627387 0.0035526 0.0079587 0.0000000 0.0152577 0.1226136 0.0048215 0.0025288 0.0000000 0.0835004 0.0029965 0.0000000 0.0024545 0.0155678
117 A 117 0.8584105 0.0000000 0.0000000 0.0000000 0.0096802 0.0000000 0.0029495 0.0963667 0.0000000 0.0091368 0.0062930 0.0000000 0.0043366 0.0000000 0.0000000 0.0054939 0.0039959 0.0000000 0.0000000 0.0033371
118 I 118 0.0508622 0.0000000 0.0000000 0.0000000 0.0000000 0.0000000 0.0000000 0.0000000 0.0000000 0.4559153 0.2888104 0.0000000 0.0049398 0.0061332 0.0000000 0.0032723 0.0290395 0.0000000 0.0000000 0.1610273
119 A 119 0.2174929 0.0527424 0.1106952 0.0615637 0.0000000 0.0372163 0.1409397 0.0090112 0.0386079 0.0031590 0.0145139 0.1577875 0.0073434 0.0090116 0.0000000 0.0544752 0.0173767 0.0130532 0.0400894 0.0149209
120 D 120 0.0119401 0.0133263 0.1865131 0.4573639 0.0018193 0.0847241 0.0848246 0.0070904 0.0132947 0.0257889 0.0048782 0.0581430 0.0000000 0.0011957 0.0039767 0.0255718 0.0169101 0.0000000 0.0026392 0.0000000
121 Y 121 0.0620960 0.0000000 0.0068160 0.0129062 0.0000000 0.0028689 0.0211442 0.0000000 0.0185820 0.0292126 0.0244378 0.0246049 0.0059379 0.0419554 0.0027236 0.0217757 0.0088882 0.0217378 0.6874782 0.0068346
122 K 122 0.0230424 0.2603408 0.0200388 0.0076038 0.0026147 0.0824456 0.1135888 0.0055957 0.0101127 0.0096117 0.1247796 0.2007672 0.0134785 0.0095682 0.0105179 0.0101603 0.0061949 0.0037999 0.0751324 0.0106063
123 S 123 0.0816004 0.0345214 0.0385829 0.0257351 0.0000000 0.0550909 0.1270412 0.2027190 0.0083592 0.0251858 0.0194393 0.1396391 0.0073791 0.0253024 0.0023155 0.1225012 0.0516518 0.0000000 0.0000000 0.0329357
124 K 124 0.0105030 0.0948318 0.0079206 0.0507627 0.0000000 0.0050233 0.1703211 0.0101820 0.0042989 0.0076750 0.0022412 0.5888957 0.0000000 0.0000000 0.0049909 0.0266351 0.0157187 0.0000000 0.0000000 0.0000000
125 R 125 0.0520239 0.1412327 0.1175642 0.0078885 0.0000000 0.2829126 0.0509165 0.0000000 0.1272868 0.0128696 0.0208502 0.1127913 0.0085760 0.0026231 0.0023195 0.0226180 0.0100845 0.0041793 0.0000000 0.0232634
126 E 126 0.0983663 0.0252719 0.0940897 0.1079623 0.0000000 0.0937987 0.2037527 0.2002369 0.0048247 0.0000000 0.0047527 0.0902051 0.0000000 0.0000000 0.0145153 0.0339253 0.0191737 0.0000000 0.0000000 0.0091247
127 A 127 0.1450055 0.0152727 0.0252478 0.0130858 0.0000000 0.0536720 0.0430622 0.1101030 0.0064625 0.0345027 0.1275437 0.2087019 0.0384400 0.0000000 0.0167470 0.1032863 0.0313253 0.0000000 0.0000000 0.0275413
128 K 128 0.0000000 0.1095322 0.0000000 0.0000000 0.0000000 0.0533644 0.4672371 0.0000000 0.0000000 0.0000000 0.0000000 0.3698663 0.0000000 0.0000000 0.0000000 0.0000000 0.0000000 0.0000000 0.0000000 0.0000000
