  115         A         R         N         D         C         Q         E         G         H         I         L         K         M         F         P         S         T         W         Y         V         X    
  1 G   1 0.0000000 0.0000000 0.0000000 0.0000000 0.0000000 0.0000000 0.0000000 0.5998602 0.0000000 0.0000000 0.0000000 0.0000000 0.0000000 0.0000000 0.0000000 0.0000000 0.0000000 0.0000000 0.0000000 0.0000000 0.4001398
  2 H   2 0.5572107 0.0000000 0.0005736 0.0000000 0.0024135 0.0006753 0.0006825 0.0019359 0.0057884 0.0561891 0.0019566 0.0007144 0.0016462 0.0011678 0.0011979 0.0045802 0.0027167 0.0000000 0.0000000 0.0194702 0.3410810
  3 M   3 0.0030092 0.0010432 0.3406242 0.2318833 0.0006004 0.0090149 0.0886519 0.0009039 0.0012626 0.0018746 0.0049760 0.0283599 0.0026251 0.0020218 0.0017355 0.0094636 0.0019989 0.0000000 0.0034683 0.0009473 0.2655355
  4 W   4 0.0176445 0.0035522 0.0016064 0.0007530 0.0012702 0.0068518 0.0048068 0.0006686 0.0006176 0.3248962 0.0349246 0.0805649 0.0186913 0.0068303 0.0141872 0.0027362 0.0061283 0.0033460 0.0036325 0.2039201 0.2623713
  5 G   5 0.0268278 0.0110407 0.4387527 0.0304437 0.0011435 0.0371406 0.0394331 0.0673893 0.0026418 0.0007446 0.0000000 0.0938365 0.0012532 0.0000000 0.0012344 0.0054117 0.0044459 0.0000000 0.0006963 0.0012484 0.2363160
  6 S   6 0.0873918 0.0087377 0.1256035 0.3522586 0.0019028 0.0033484 0.0834074 0.0054723 0.0019847 0.0011471 0.0006556 0.0134877 0.0019667 0.0006814 0.0014625 0.0552176 0.0443276 0.0000000 0.0008115 0.0034510 0.2066842
  7 K   7 0.0049857 0.0283038 0.2752094 0.0306557 0.0017444 0.0226786 0.0527867 0.0038998 0.0046591 0.0088653 0.0028410 0.3354849 0.0023552 0.0016911 0.0026981 0.0106350 0.0069363 0.0008261 0.0137982 0.0029435 0.1860021
  8 D   8 0.0110129 0.0051004 0.1600573 0.4061139 0.0021259 0.0031053 0.0496720 0.0139275 0.0126203 0.0029434 0.0032804 0.0238516 0.0018338 0.0099279 0.0010930 0.0230727 0.0088558 0.0008964 0.0760690 0.0099667 0.1744736
  9 G   9 0.0029509 0.0125493 0.0178099 0.0265748 0.0028217 0.0073039 0.0256700 0.7108425 0.0014163 0.0012036 0.0024046 0.0116811 0.0016555 0.0006391 0.0000000 0.0079307 0.0008875 0.0010085 0.0022940 0.0033333 0.1590228
 10 N  10 0.0124478 0.1278560 0.0494469 0.0161524 0.0279213 0.0620934 0.0634413 0.0123583 0.0106406 0.0138646 0.0467248 0.1033223 0.0246997 0.0338787 0.0014340 0.0510813 0.0098579 0.1224762 0.0451595 0.0202032 0.1449396
 11 T  11 0.0104748 0.0030336 0.0213079 0.0013545 0.0022468 0.0000000 0.0010223 0.0012626 0.0007808 0.0122009 0.0016393 0.0017486 0.0020920 0.0018750 0.0044692 0.0340297 0.7586009 0.0000000 0.0015732 0.0023726 0.1379153
 12 P  12 0.4116054 0.0010222 0.0005399 0.0049850 0.0045218 0.0007259 0.0038229 0.0038030 0.0014105 0.0063469 0.0112517 0.0000000 0.0008732 0.0011422 0.3429417 0.0341643 0.0111457 0.0000000 0.0015143 0.0278579 0.1303255
 13 L  13 0.0000000 0.0000000 0.0000000 0.0000000 0.0007887 0.0000000 0.0000000 0.0007921 0.0010368 0.0218073 0.8335723 0.0000000 0.0050418 0.0207516 0.0009347 0.0012462 0.0000000 0.0009526 0.0000000 0.0048203 0.1082558
 14 H  14 0.0020369 0.0141638 0.0145708 0.0035666 0.0097760 0.0312640 0.0054199 0.0018295 0.5916117 0.0787216 0.0228822 0.0028036 0.0284976 0.0206901 0.0010486 0.0121603 0.0034716 0.0020727 0.0497474 0.0024141 0.1012511
 15 N  15 0.0480789 0.0191180 0.0228305 0.0123331 0.0346167 0.0098172 0.0244979 0.0132839 0.0223923 0.1552433 0.1235670 0.0312239 0.0124530 0.0611657 0.0011635 0.0676878 0.0188496 0.0279550 0.1324520 0.0612098 0.1000611
 16 A  16 0.8291384 0.0000000 0.0006277 0.0009857 0.0019385 0.0010758 0.0007867 0.0056532 0.0000000 0.0020856 0.0011554 0.0008499 0.0012348 0.0016759 0.0013368 0.0275860 0.0155770 0.0000000 0.0005536 0.0104399 0.0972992
 17 A  17 0.4676120 0.0005331 0.0005153 0.0007643 0.0179935 0.0000000 0.0010423 0.0021513 0.0012436 0.0216084 0.0119529 0.0010145 0.0011953 0.0016236 0.0014696 0.2564282 0.0455495 0.0000000 0.0006013 0.0699272 0.0967741
 18 K  18 0.0259654 0.0898084 0.0236886 0.0228644 0.0163751 0.1446690 0.1110520 0.0199923 0.0297440 0.0380883 0.0691522 0.0748900 0.0202549 0.0578803 0.0015238 0.0664308 0.0116743 0.0227115 0.0468528 0.0121947 0.0941871
 19 N  19 0.0160898 0.0366473 0.3468619 0.0195364 0.0142546 0.0167284 0.0690368 0.0191158 0.0324883 0.0097488 0.0133434 0.1111386 0.0087445 0.0344555 0.0000000 0.0448977 0.0097545 0.0053823 0.0937930 0.0047463 0.0932360
 20 G  20 0.0026300 0.0080894 0.2671430 0.0401185 0.0054639 0.0044793 0.0042200 0.5242461 0.0051450 0.0023830 0.0005921 0.0131633 0.0000000 0.0022619 0.0010935 0.0139486 0.0022315 0.0011157 0.0063225 0.0019570 0.0933957
 21 H  21 0.0014661 0.0450480 0.1155330 0.0250813 0.0440193 0.0336138 0.0054363 0.0062522 0.4042364 0.0062374 0.0082798 0.0236326 0.0009593 0.0068706 0.0004459 0.1283641 0.0022507 0.0022119 0.0466938 0.0008007 0.0925670
 22 A  22 0.0135878 0.0131417 0.0069868 0.0105914 0.0022811 0.0130520 0.0281030 0.0005900 0.0263215 0.0590220 0.3695941 0.2369042 0.0066770 0.0169137 0.0177357 0.0070134 0.0355266 0.0009457 0.0104475 0.0338976 0.0906672
 23 E  23 0.0177688 0.0151597 0.0333276 0.2776001 0.0010181 0.0393156 0.4139807 0.0178278 0.0050457 0.0031218 0.0032151 0.0412715 0.0007460 0.0000000 0.0038773 0.0185806 0.0080475 0.0010140 0.0038653 0.0049176 0.0902991
 24 E  24 0.0331469 0.0014084 0.0025845 0.0022998 0.0019225 0.0014249 0.0065369 0.0014540 0.0005394 0.2275158 0.0461601 0.0038462 0.0332671 0.0064515 0.0015523 0.0054880 0.1460079 0.0000000 0.0017114 0.3903931 0.0862893
 25 V  25 0.2196226 0.0006134 0.0017173 0.0006245 0.0144731 0.0007508 0.0026937 0.0015125 0.0000000 0.0842715 0.0168024 0.0000000 0.0133662 0.0047079 0.0012191 0.0107428 0.1507376 0.0000000 0.0006119 0.3915555 0.0839772
 26 K  26 0.0063714 0.0356601 0.0145002 0.0163042 0.0010971 0.0824321 0.3938942 0.0075226 0.0046896 0.0055154 0.0046316 0.3457487 0.0023650 0.0006089 0.0007567 0.0056319 0.0137945 0.0006431 0.0004765 0.0029969 0.0543594
 27 K  27 0.0147261 0.0035837 0.0079970 0.0041448 0.0232913 0.0021522 0.0182264 0.0022131 0.0111387 0.0644150 0.2506678 0.0100400 0.0077100 0.1164748 0.0015443 0.0215639 0.0117263 0.0005563 0.3222912 0.0528529 0.0526841
 28 L  28 0.0000000 0.0000000 0.0000000 0.0000000 0.0018584 0.0023035 0.0000000 0.0007488 0.0020022 0.0112298 0.8722111 0.0000000 0.0026997 0.0483546 0.0011547 0.0006702 0.0000000 0.0007366 0.0012123 0.0024668 0.0523513
 29 L  29 0.0038037 0.0016015 0.0016133 0.0011034 0.0020590 0.0000000 0.0021048 0.0008863 0.0000000 0.5910051 0.2295619 0.0021626 0.0085374 0.0067585 0.0006346 0.0019548 0.0102626 0.0000000 0.0007650 0.0840949 0.0510906
 30 S  30 0.0170095 0.0123734 0.0388109 0.0345447 0.0040636 0.0163627 0.0658339 0.0513589 0.0024062 0.0064646 0.0344180 0.0410109 0.0032914 0.0044537 0.0012615 0.5922360 0.0168064 0.0005914 0.0026546 0.0043117 0.0497359
 31 K  31 0.0278897 0.0373211 0.0857751 0.0031121 0.0165756 0.2061186 0.0324334 0.0073721 0.2985957 0.0224789 0.0257645 0.0905156 0.0010781 0.0038271 0.0008492 0.0089416 0.0024113 0.0006956 0.0308683 0.0491969 0.0481794
 32 G  32 0.0021605 0.0140158 0.0136410 0.0298667 0.0055831 0.0043903 0.0136208 0.8280835 0.0021763 0.0006011 0.0025880 0.0203577 0.0000000 0.0000000 0.0000000 0.0061610 0.0009075 0.0007151 0.0010237 0.0033504 0.0507577
 33 A  33 0.7847956 0.0008905 0.0008925 0.0046122 0.0204516 0.0014544 0.0014968 0.0051202 0.0011923 0.0363600 0.0065215 0.0011689 0.0015519 0.0038367 0.0155326 0.0199999 0.0080416 0.0000000 0.0017353 0.0368278 0.0475178
 34 D  34 0.0076063 0.0075814 0.3282233 0.3552476 0.0013790 0.0213294 0.1371476 0.0049825 0.0052085 0.0031828 0.0084426 0.0315398 0.0005112 0.0029701 0.0048753 0.0172397 0.0037310 0.0000000 0.0091964 0.0032786 0.0463270
 35 V  35 0.0100003 0.0018014 0.0013312 0.0000000 0.0010758 0.0019110 0.0015539 0.0015948 0.0000000 0.3710657 0.0676256 0.0918978 0.0103330 0.0086021 0.0354226 0.0037418 0.0074586 0.0000000 0.0008994 0.3393582 0.0443267
 36 N  36 0.0029253 0.0020741 0.6488705 0.0967242 0.0017431 0.0028938 0.1197095 0.0080804 0.0114855 0.0020385 0.0014127 0.0255383 0.0013246 0.0007825 0.0009324 0.0161825 0.0082383 0.0000000 0.0053973 0.0008720 0.0427745
 37 A  37 0.2279892 0.0448580 0.0130627 0.0094610 0.0036179 0.0204525 0.2391294 0.0141450 0.0032264 0.0626666 0.0120721 0.1535074 0.0167718 0.0046998 0.0030481 0.0435464 0.0400135 0.0018582 0.0063864 0.0376073 0.0418801
 38 R  38 0.0471071 0.0635351 0.0103422 0.0107892 0.0116601 0.0620868 0.0343794 0.1210342 0.0021847 0.0166977 0.0105593 0.4486684 0.0058973 0.0026616 0.0122227 0.0230518 0.0383779 0.0011489 0.0017202 0.0353483 0.0405272
 39 S  39 0.0182016 0.0039774 0.1863096 0.5151195 0.0051489 0.0061757 0.0247123 0.0368323 0.0044767 0.0055364 0.0025486 0.0116420 0.0032322 0.0013615 0.0009528 0.0610648 0.0572933 0.0006412 0.0097318 0.0049057 0.0401357
 40 K  40 0.0111675 0.0209683 0.3414741 0.0728555 0.0033090 0.0215035 0.0776183 0.0179094 0.0095553 0.0473496 0.0105471 0.2264723 0.0031485 0.0059244 0.0076367 0.0334163 0.0151923 0.0022788 0.0232040 0.0112725 0.0371966
 41 D  41 0.0161660 0.0148735 0.1534432 0.3485039 0.0078848 0.0069201 0.0682162 0.0255784 0.0266768 0.0163236 0.0135986 0.0490111 0.0043543 0.0421563 0.0012312 0.0354483 0.0129202 0.0041167 0.0987035 0.0158914 0.0379820
 42 G  42 0.0037622 0.0198827 0.0142386 0.0268147 0.0032822 0.0089211 0.0352295 0.7961507 0.0031023 0.0029404 0.0043777 0.0156282 0.0017899 0.0009506 0.0000000 0.0116589 0.0009430 0.0015719 0.0079187 0.0040501 0.0367865
 43 N  43 0.0148350 0.1374534 0.0559185 0.0199696 0.0270183 0.0831282 0.0752269 0.0152197 0.0151516 0.0193967 0.0491519 0.1192544 0.0254275 0.0328085 0.0017001 0.0567451 0.0084943 0.1339123 0.0550130 0.0185410 0.0356340
 44 T  44 0.0125369 0.0028978 0.0177062 0.0008098 0.0021932 0.0008850 0.0000000 0.0011332 0.0005942 0.0172399 0.0020855 0.0025373 0.0027355 0.0013551 0.0049645 0.0407344 0.8497774 0.0000000 0.0011941 0.0042672 0.0343529
 45 P  45 0.4402194 0.0015090 0.0009829 0.0013035 0.0117162 0.0007881 0.0015881 0.0020496 0.0009766 0.0068392 0.0117739 0.0000000 0.0008344 0.0015105 0.4052493 0.0348970 0.0154230 0.0000000 0.0019517 0.0288665 0.0315211
 46 L  46 0.0000000 0.0010088 0.0000000 0.0000000 0.0007435 0.0007554 0.0010749 0.0006639 0.0014817 0.0194111 0.9119184 0.0000000 0.0075607 0.0190702 0.0007668 0.0021325 0.0000000 0.0008288 0.0000000 0.0048847 0.0276987
 47 H  47 0.0019929 0.0168061 0.0138899 0.0046431 0.0067916 0.0286962 0.0070604 0.0016641 0.6442729 0.0916008 0.0216474 0.0025810 0.0316462 0.0209691 0.0010315 0.0145812 0.0052886 0.0025037 0.0517091 0.0028536 0.0277707
 48 L  48 0.0481492 0.0223758 0.0247053 0.0151896 0.0387818 0.0115397 0.0215304 0.0174621 0.0246698 0.1609068 0.1416579 0.0321583 0.0152777 0.0626411 0.0010968 0.0707256 0.0188027 0.0331382 0.1536392 0.0576884 0.0278639
 49 A  49 0.8917723 0.0000000 0.0006315 0.0017206 0.0023290 0.0009400 0.0020623 0.0065438 0.0000000 0.0035874 0.0012461 0.0006084 0.0013463 0.0010087 0.0012284 0.0286059 0.0178040 0.0000000 0.0005604 0.0104437 0.0275613
 50 A  50 0.4995269 0.0006009 0.0000000 0.0011166 0.0179550 0.0000000 0.0021326 0.0021955 0.0007485 0.0353072 0.0167805 0.0000000 0.0016998 0.0014825 0.0009730 0.2671125 0.0508344 0.0000000 0.0009284 0.0716545 0.0289513
 51 K  51 0.0303861 0.0896624 0.0259051 0.0286333 0.0164608 0.1450553 0.1174628 0.0202703 0.0324659 0.0451480 0.0700621 0.0908851 0.0203861 0.0620891 0.0012691 0.0738931 0.0136615 0.0251851 0.0527651 0.0107335 0.0276203
 52 N  52 0.0159125 0.0373884 0.3748984 0.0211911 0.0138988 0.0163301 0.0783486 0.0244277 0.0371742 0.0093503 0.0161796 0.1114353 0.0079427 0.0316352 0.0008293 0.0462726 0.0106346 0.0060934 0.1065347 0.0058982 0.0276242
 53 G  53 0.0037340 0.0076128 0.3008495 0.0492434 0.0084253 0.0039089 0.0048947 0.5314451 0.0049007 0.0028464 0.0008551 0.0207747 0.0009401 0.0028351 0.0009149 0.0132961 0.0028286 0.0009096 0.0070688 0.0021317 0.0295843
 54 H  54 0.0015281 0.0574044 0.1083365 0.0171498 0.0449003 0.0334076 0.0056891 0.0056433 0.4375716 0.0029973 0.0085093 0.0263178 0.0013313 0.0079827 0.0006659 0.1558588 0.0025905 0.0030783 0.0490922 0.0007382 0.0292072
 55 A  55 0.0136442 0.0163760 0.0089204 0.0107068 0.0036588 0.0144187 0.0318237 0.0015878 0.0274818 0.0617734 0.3704860 0.2773259 0.0063367 0.0150399 0.0158869 0.0089698 0.0386507 0.0007302 0.0119126 0.0355077 0.0287621
 56 E  56 0.0203873 0.0152487 0.0332059 0.2805190 0.0008624 0.0378177 0.4662257 0.0194760 0.0071151 0.0026981 0.0024604 0.0481208 0.0006909 0.0000000 0.0033322 0.0158567 0.0081516 0.0013028 0.0034623 0.0048589 0.0282077
 57 I  57 0.0306470 0.0015171 0.0023333 0.0028494 0.0019737 0.0009457 0.0017975 0.0009949 0.0005618 0.2496597 0.0387242 0.0019495 0.0392799 0.0063922 0.0009901 0.0063776 0.1673444 0.0000000 0.0017475 0.4169035 0.0270109
 58 V  58 0.2497164 0.0007285 0.0023937 0.0006675 0.0079707 0.0006884 0.0018131 0.0014343 0.0015229 0.0888794 0.0131027 0.0006274 0.0134512 0.0048559 0.0013114 0.0127566 0.1574129 0.0000000 0.0012664 0.4130860 0.0263145
 59 K  59 0.0065729 0.0362766 0.0153192 0.0188326 0.0016192 0.0882269 0.4165950 0.0063522 0.0053902 0.0048778 0.0033165 0.3462522 0.0020780 0.0047001 0.0007194 0.0083508 0.0115752 0.0007019 0.0004914 0.0036772 0.0180748
 60 L  60 0.0151931 0.0020110 0.0066905 0.0028615 0.0257228 0.0022714 0.0149186 0.0018320 0.0109418 0.0677212 0.2839249 0.0080782 0.0076083 0.1201954 0.0016006 0.0161435 0.0113974 0.0008437 0.3230206 0.0601428 0.0168808
 61 L  61 0.0000000 0.0000000 0.0000000 0.0000000 0.0011678 0.0010573 0.0000000 0.0008529 0.0014653 0.0106832 0.9353714 0.0000000 0.0016917 0.0241410 0.0017688 0.0008783 0.0000000 0.0000000 0.0014339 0.0022753 0.0172132
 62 L  62 0.0035586 0.0012644 0.0023935 0.0006498 0.0021026 0.0005393 0.0019542 0.0005272 0.0006065 0.6235030 0.2304751 0.0019591 0.0053037 0.0060916 0.0004756 0.0011015 0.0111000 0.0000000 0.0017837 0.0888996 0.0157111
 63 A  63 0.0173656 0.0117356 0.0401297 0.0404241 0.0034207 0.0181319 0.0686727 0.0497483 0.0025248 0.0065110 0.0361903 0.0385379 0.0041759 0.0041531 0.0021448 0.6168271 0.0180859 0.0008957 0.0024258 0.0025186 0.0153806
 64 K  64 0.0329332 0.0380890 0.0918289 0.0020858 0.0099118 0.2067736 0.0347981 0.0066001 0.3276014 0.0246754 0.0140640 0.0850186 0.0016415 0.0027663 0.0011264 0.0094974 0.0031514 0.0004689 0.0322001 0.0586300 0.0161382
 65 G  65 0.0036132 0.0145052 0.0135393 0.0302629 0.0054482 0.0033990 0.0154145 0.8543921 0.0039854 0.0005414 0.0035624 0.0199551 0.0000000 0.0005852 0.0000000 0.0076067 0.0010588 0.0006613 0.0008089 0.0027676 0.0178928
 66 A  66 0.8311854 0.0010397 0.0013815 0.0020214 0.0111342 0.0000000 0.0013511 0.0056983 0.0006977 0.0351245 0.0050983 0.0005849 0.0022637 0.0020906 0.0155234 0.0210534 0.0084159 0.0000000 0.0011428 0.0373818 0.0168114
 67 D  67 0.0072026 0.0063219 0.3437291 0.3504405 0.0010840 0.0220877 0.1384231 0.0071944 0.0058579 0.0036643 0.0095791 0.0459617 0.0008390 0.0019506 0.0046634 0.0173832 0.0029115 0.0000000 0.0082786 0.0040131 0.0184143
 68 V  68 0.0132868 0.0023875 0.0014054 0.0000000 0.0014323 0.0031389 0.0019962 0.0022830 0.0005581 0.3795243 0.0788286 0.0986611 0.0110129 0.0074161 0.0300755 0.0046262 0.0098406 0.0000000 0.0008277 0.3339449 0.0187539
 69 N  69 0.0035658 0.0012083 0.6499668 0.1076921 0.0015477 0.0029981 0.1216747 0.0082795 0.0103001 0.0015609 0.0015456 0.0295291 0.0018288 0.0018212 0.0005060 0.0181573 0.0079261 0.0008208 0.0047294 0.0012986 0.0230431
 70 A  70 0.2470222 0.0409510 0.0144254 0.0101722 0.0030534 0.0150436 0.2498871 0.0135696 0.0026510 0.0705157 0.0113941 0.1498667 0.0155680 0.0029978 0.0028660 0.0410887 0.0344161 0.0020306 0.0052977 0.0449460 0.0222371
 71 R  71 0.0497943 0.0663299 0.0085164 0.0110292 0.0131349 0.0687413 0.0323500 0.1219863 0.0024746 0.0155337 0.0106806 0.4628533 0.0056690 0.0023852 0.0105384 0.0209827 0.0365486 0.0008250 0.0021529 0.0345607 0.0229129
 72 S  72 0.0178103 0.0050251 0.1897138 0.5405736 0.0041970 0.0061300 0.0232635 0.0355025 0.0028570 0.0038342 0.0025886 0.0124829 0.0021427 0.0014684 0.0014792 0.0596382 0.0589977 0.0006889 0.0063158 0.0035282 0.0217623
 73 K  73 0.0140569 0.0255248 0.3570792 0.0665247 0.0041315 0.0186505 0.0708798 0.0162054 0.0096306 0.0483419 0.0102907 0.2362878 0.0030249 0.0054196 0.0062866 0.0321656 0.0165932 0.0009655 0.0247405 0.0117749 0.0214252
 74 D  74 0.0169269 0.0155535 0.1559451 0.3576053 0.0075572 0.0083061 0.0668127 0.0270413 0.0240497 0.0180769 0.0132751 0.0461732 0.0040036 0.0384143 0.0014188 0.0381254 0.0150046 0.0039067 0.1038666 0.0145245 0.0234122
 75 G  75 0.0038261 0.0206351 0.0114530 0.0211459 0.0030074 0.0066152 0.0319420 0.8226168 0.0043808 0.0023660 0.0061132 0.0167561 0.0020296 0.0009948 0.0000000 0.0101874 0.0009324 0.0014261 0.0063158 0.0040963 0.0231599
 76 N  76 0.0154032 0.1345150 0.0582325 0.0168885 0.0277767 0.0867611 0.0774448 0.0128124 0.0142392 0.0186336 0.0488612 0.1373064 0.0222324 0.0314218 0.0009886 0.0575990 0.0116939 0.1303247 0.0565495 0.0189973 0.0213182
 77 T  77 0.0110947 0.0030103 0.0146121 0.0009342 0.0029530 0.0006562 0.0000000 0.0012394 0.0007575 0.0164552 0.0094110 0.0028103 0.0025589 0.0012666 0.0065723 0.0409784 0.8576773 0.0000000 0.0010532 0.0028599 0.0230994
 78 P  78 0.4501252 0.0013648 0.0006002 0.0019100 0.0154125 0.0005858 0.0017465 0.0019906 0.0009743 0.0050111 0.0103771 0.0010876 0.0005539 0.0005562 0.4044825 0.0387702 0.0140386 0.0000000 0.0014087 0.0268510 0.0221533
 79 E  79 0.0006869 0.0010554 0.0000000 0.0000000 0.0000000 0.0007204 0.0012255 0.0006590 0.0012470 0.0259358 0.9089523 0.0000000 0.0048123 0.0220240 0.0011421 0.0022193 0.0000000 0.0000000 0.0006478 0.0075910 0.0210810
 80 H  80 0.0044402 0.0153057 0.0175792 0.0153811 0.0072596 0.0434206 0.0097193 0.0013234 0.6100874 0.0935929 0.0180939 0.0027834 0.0335980 0.0207972 0.0008938 0.0183127 0.0041606 0.0028930 0.0563816 0.0026660 0.0213105
 81 L  81 0.0540995 0.0186121 0.0214184 0.0147658 0.0404157 0.0117866 0.0217087 0.0129222 0.0236442 0.1672741 0.1403044 0.0307824 0.0141020 0.0610086 0.0013454 0.0646746 0.0185918 0.0333530 0.1695713 0.0588726 0.0207463
 82 A  82 0.9030391 0.0000000 0.0009704 0.0018246 0.0025400 0.0000000 0.0014979 0.0054778 0.0000000 0.0025696 0.0009585 0.0008736 0.0009646 0.0012262 0.0009688 0.0268226 0.0185959 0.0000000 0.0005823 0.0097407 0.0213475
 83 K  83 0.4688323 0.0042616 0.0006740 0.0014492 0.0110970 0.0005136 0.0049586 0.0017406 0.0005931 0.0417185 0.0173863 0.0085436 0.0028844 0.0009765 0.0010293 0.2651975 0.0572806 0.0000000 0.0017077 0.0713873 0.0377683
 84 K  84 0.0283230 0.0916650 0.0272477 0.0279327 0.0187331 0.1412304 0.1167532 0.0210948 0.0316345 0.0469590 0.0726943 0.0885086 0.0201820 0.0619415 0.0008875 0.0678123 0.0112177 0.0213656 0.0551073 0.0100206 0.0386894
 85 N  85 0.0129867 0.0394282 0.3749296 0.0183253 0.0151024 0.0167034 0.0699267 0.0234668 0.0390114 0.0076771 0.0187013 0.1102641 0.0060864 0.0308760 0.0008081 0.0495364 0.0096956 0.0052828 0.1055451 0.0047127 0.0409338
 86 G  86 0.0054265 0.0082719 0.2958698 0.0494751 0.0102839 0.0041206 0.0040024 0.5124106 0.0047749 0.0030152 0.0010811 0.0201486 0.0005198 0.0026568 0.0008581 0.0166922 0.0023428 0.0006580 0.0074012 0.0022078 0.0477827
 87 H  87 0.0020497 0.0599115 0.1025188 0.0166017 0.0452790 0.0275477 0.0053472 0.0054875 0.4237578 0.0019412 0.0078700 0.0335221 0.0011542 0.0089246 0.0006558 0.1524452 0.0026086 0.0025337 0.0534465 0.0011407 0.0452565
 88 H  88 0.0122457 0.0157917 0.0111157 0.0149261 0.0039225 0.0153704 0.0313077 0.0023128 0.0312012 0.0612748 0.3495850 0.2801322 0.0056666 0.0138787 0.0181611 0.0079158 0.0369295 0.0004963 0.0107437 0.0319174 0.0451052
 89 E  89 0.0237389 0.0110243 0.0277355 0.2724734 0.0010884 0.0368404 0.4652372 0.0190455 0.0067663 0.0020651 0.0024847 0.0480451 0.0006621 0.0009401 0.0046221 0.0164325 0.0052312 0.0008994 0.0022847 0.0064909 0.0458922
 90 I  90 0.0294493 0.0013014 0.0023867 0.0021035 0.0035600 0.0010780 0.0016876 0.0016140 0.0000000 0.2578643 0.0364488 0.0018638 0.0337935 0.0046607 0.0009529 0.0054730 0.1640502 0.0000000 0.0018638 0.4061646 0.0436840
 91 V  91 0.2422610 0.0028027 0.0015306 0.0012391 0.0057645 0.0011982 0.0035270 0.0023002 0.0008464 0.0853238 0.0121777 0.0014703 0.0098451 0.0061462 0.0022990 0.0112323 0.1512064 0.0000000 0.0006123 0.4119094 0.0463078
 92 K  92 0.0079710 0.0382207 0.0148012 0.0195395 0.0017704 0.0868187 0.3959078 0.0054011 0.0041750 0.0057348 0.0051447 0.3393554 0.0029862 0.0049671 0.0005031 0.0055460 0.0101459 0.0008326 0.0005881 0.0037409 0.0458495
 93 L  93 0.0164295 0.0016934 0.0034718 0.0034964 0.0239425 0.0033027 0.0122751 0.0017570 0.0104747 0.0625506 0.2876109 0.0080800 0.0066349 0.1155876 0.0021785 0.0124993 0.0106136 0.0009384 0.3076699 0.0582210 0.0505719
 94 L  94 0.0000000 0.0017717 0.0000000 0.0000000 0.0014516 0.0014474 0.0000000 0.0007934 0.0014864 0.0086055 0.9054873 0.0000000 0.0019136 0.0187932 0.0008608 0.0006161 0.0000000 0.0008859 0.0017338 0.0018629 0.0522904
 95 D  95 0.0029426 0.0032364 0.0022237 0.0019817 0.0009298 0.0005314 0.0024088 0.0008754 0.0008421 0.6013438 0.2077886 0.0044926 0.0054363 0.0061793 0.0004776 0.0033180 0.0140687 0.0000000 0.0012926 0.0796324 0.0599983
 96 A  96 0.0151559 0.0129308 0.0309461 0.0370770 0.0038734 0.0161826 0.0583151 0.0473826 0.0026179 0.0060771 0.0368191 0.0375365 0.0032096 0.0052627 0.0011547 0.6007917 0.0166401 0.0008458 0.0031002 0.0022360 0.0618450
 97 K  97 0.0317651 0.0314817 0.0864754 0.0027452 0.0071514 0.1968230 0.0348791 0.0055881 0.3139808 0.0222599 0.0126073 0.0802894 0.0006778 0.0028240 0.0009467 0.0075016 0.0026706 0.0006148 0.0352559 0.0584729 0.0649890
 98 G  98 0.0019411 0.0148022 0.0094595 0.0291598 0.0028716 0.0042965 0.0131781 0.8126150 0.0026941 0.0000000 0.0023170 0.0184063 0.0000000 0.0005708 0.0000000 0.0094387 0.0009613 0.0006134 0.0014484 0.0032830 0.0719433
 99 A  99 0.7977324 0.0008225 0.0010268 0.0019562 0.0061192 0.0000000 0.0028795 0.0049546 0.0011332 0.0285051 0.0043901 0.0016704 0.0018074 0.0009815 0.0142733 0.0181367 0.0079726 0.0000000 0.0008968 0.0313913 0.0733503
100 D 100 0.0067373 0.0041964 0.3163538 0.3162154 0.0010236 0.0205671 0.1383430 0.0070640 0.0072742 0.0043903 0.0085936 0.0444826 0.0008912 0.0012270 0.0052538 0.0168335 0.0028687 0.0000000 0.0065382 0.0034541 0.0876921
101 V 101 0.0121275 0.0019465 0.0024159 0.0000000 0.0000000 0.0038210 0.0015922 0.0019345 0.0006084 0.3361781 0.0766043 0.0883484 0.0124024 0.0093012 0.0335489 0.0043299 0.0081450 0.0000000 0.0007838 0.3129826 0.0929290
102 N 102 0.0010399 0.0019519 0.5997618 0.1010714 0.0015563 0.0026547 0.1079778 0.0070536 0.0097189 0.0020453 0.0017380 0.0276610 0.0011008 0.0012113 0.0005281 0.0205783 0.0080019 0.0005010 0.0056775 0.0011617 0.0970087
103 A 103 0.2175233 0.0433072 0.0136161 0.0086792 0.0022912 0.0157070 0.2311446 0.0104036 0.0021068 0.0626181 0.0111920 0.1367680 0.0132866 0.0033265 0.0040559 0.0398720 0.0297999 0.0017928 0.0044116 0.0436472 0.1044504
104 R 104 0.0358748 0.0636269 0.0129048 0.0108714 0.0120181 0.0642145 0.0335616 0.1093982 0.0026174 0.0150980 0.0090205 0.4204968 0.0028884 0.0017036 0.0081272 0.0207600 0.0309304 0.0005084 0.0011342 0.0335454 0.1106993
105 S 105 0.0157337 0.0034587 0.1757734 0.4906173 0.0032352 0.0053652 0.0218527 0.0295545 0.0031819 0.0037266 0.0013565 0.0107172 0.0024156 0.0011360 0.0009505 0.0540995 0.0512017 0.0006421 0.0051474 0.0027811 0.1170531
106 W 106 0.0128075 0.0204734 0.3414669 0.0594059 0.0043088 0.0136026 0.0560949 0.0170679 0.0072718 0.0414436 0.0090814 0.2077134 0.0022544 0.0060280 0.0036726 0.0244337 0.0158564 0.0033333 0.0238962 0.0096054 0.1201820
107 G 107 0.0143235 0.0144969 0.1417727 0.3188455 0.0064592 0.0089176 0.0599772 0.0423477 0.0206938 0.0150435 0.0116327 0.0401866 0.0026920 0.0276181 0.0011023 0.0315333 0.0170387 0.0025436 0.0816958 0.0164543 0.1246251
108 S 108 0.0033630 0.0241214 0.0111895 0.0193121 0.0024302 0.0057863 0.0303975 0.7242971 0.0026168 0.0018347 0.0035151 0.0131668 0.0024419 0.0019946 0.0007792 0.0124048 0.0009523 0.0022444 0.0045792 0.0050343 0.1275389
109 S 109 0.0127401 0.1136404 0.0472485 0.0153140 0.0242419 0.0698432 0.0646612 0.0083520 0.0129701 0.0128297 0.0481243 0.1287943 0.0210581 0.0252756 0.0016931 0.0543281 0.0210799 0.1144100 0.0518487 0.0193390 0.1322075
110 H 110 0.0171055 0.0013633 0.0143470 0.0008694 0.0024484 0.0000000 0.0000000 0.0000000 0.0026532 0.0156024 0.0100588 0.0023970 0.0013826 0.0013608 0.0105256 0.0381951 0.7430000 0.0000000 0.0006302 0.0022384 0.1358222
111 H 111 0.3916889 0.0008660 0.0005613 0.0007454 0.0133932 0.0000000 0.0006790 0.0009575 0.0018856 0.0063027 0.0251689 0.0000000 0.0007880 0.0006520 0.3476997 0.0314843 0.0116884 0.0000000 0.0018413 0.0241823 0.1394154
112 H 112 0.0016907 0.0010552 0.0000000 0.0000000 0.0000000 0.0008955 0.0000000 0.0000000 0.0101956 0.0169537 0.7803096 0.0000000 0.0048947 0.0113653 0.0007612 0.0011391 0.0000000 0.0000000 0.0007775 0.0069102 0.1630518
113 H 113 0.0009989 0.0026511 0.0023626 0.0044024 0.0013470 0.0112457 0.0006458 0.0000000 0.5349576 0.0160819 0.0013088 0.0006834 0.0071514 0.0178550 0.0000000 0.0051549 0.0007476 0.0000000 0.0548366 0.0008611 0.3367083
114 H 114 0.0000000 0.0000000 0.0000000 0.0000000 0.0000000 0.0110216 0.0000000 0.0000000 0.0377868 0.0000000 0.0000000 0.0000000 0.0000000 0.0529955 0.0000000 0.0000000 0.0000000 0.0000000 0.1645523 0.0000000 0.7336437
115 H 115 0.0000000 0.0000000 0.0000000 0.0000000 0.0000000 0.0136736 0.0000000 0.0000000 0.0069131 0.0000000 0.0000000 0.0000000 0.0000000 0.0000000 0.0000000 0.0000000 0.0000000 0.0000000 0.0022477 0.0000000 0.9771655
