  115         A         R         N         D         C         Q         E         G         H         I         L         K         M         F         P         S         T         W         Y         V    
  1 G   1 0.0000000 0.0000000 0.0000000 0.0000000 0.0000000 0.0000000 0.0000000 1.0000000 0.0000000 0.0000000 0.0000000 0.0000000 0.0000000 0.0000000 0.0000000 0.0000000 0.0000000 0.0000000 0.0000000 0.0000000
  2 H   2 0.8455876 0.0000000 0.0008983 0.0000000 0.0036639 0.0010375 0.0010673 0.0028758 0.0086892 0.0849627 0.0030332 0.0011151 0.0025047 0.0017986 0.0018537 0.0070030 0.0040792 0.0000000 0.0000000 0.0298302
  3 M   3 0.0041745 0.0014459 0.4600217 0.3166052 0.0008302 0.0126310 0.1225328 0.0012526 0.0017574 0.0025890 0.0067737 0.0389286 0.0036783 0.0028021 0.0024073 0.0127217 0.0027079 0.0000000 0.0048256 0.0013145
  4 W   4 0.0241873 0.0047870 0.0022241 0.0010429 0.0017508 0.0092981 0.0064350 0.0009262 0.0008502 0.4394776 0.0480926 0.1065843 0.0252799 0.0094499 0.0192172 0.0037781 0.0084171 0.0046044 0.0046475 0.2789497
  5 G   5 0.0354924 0.0144942 0.5761863 0.0400877 0.0015332 0.0487054 0.0510527 0.0876600 0.0035306 0.0009987 0.0000000 0.1213034 0.0016798 0.0000000 0.0016283 0.0071573 0.0058849 0.0000000 0.0009325 0.0016726
  6 S   6 0.1109346 0.0112562 0.1587402 0.4414763 0.0024472 0.0043091 0.1055534 0.0069927 0.0024591 0.0014883 0.0008381 0.0170118 0.0025277 0.0008800 0.0018871 0.0700141 0.0559245 0.0000000 0.0010415 0.0042182
  7 K   7 0.0061993 0.0348019 0.3378256 0.0373615 0.0021634 0.0284136 0.0646408 0.0048873 0.0057799 0.0107512 0.0035462 0.4117221 0.0034799 0.0020694 0.0033576 0.0130920 0.0083490 0.0009920 0.0169430 0.0036244
  8 D   8 0.0131372 0.0060562 0.1931458 0.4915147 0.0026128 0.0038498 0.0603901 0.0176431 0.0154549 0.0036251 0.0039777 0.0290674 0.0021954 0.0119796 0.0013199 0.0280441 0.0107254 0.0010867 0.0918790 0.0122951
  9 G   9 0.0035833 0.0148252 0.0210346 0.0317097 0.0034322 0.0087606 0.0305607 0.8447059 0.0017265 0.0014467 0.0029385 0.0138710 0.0020153 0.0007754 0.0000000 0.0095065 0.0010630 0.0012155 0.0027849 0.0040446
 10 N  10 0.0147489 0.1506811 0.0575087 0.0187559 0.0324714 0.0729457 0.0734680 0.0143004 0.0121792 0.0153007 0.0548313 0.1200273 0.0292223 0.0408830 0.0017079 0.0599477 0.0113031 0.1442045 0.0514515 0.0240612
 11 T  11 0.0120387 0.0035557 0.0254553 0.0015903 0.0026232 0.0000000 0.0012045 0.0014987 0.0009252 0.0142691 0.0019593 0.0020372 0.0024431 0.0022287 0.0050675 0.0400587 0.8783676 0.0000000 0.0018721 0.0028051
 12 P  12 0.4745294 0.0011988 0.0006394 0.0053833 0.0052007 0.0008576 0.0044767 0.0043615 0.0016692 0.0074460 0.0130704 0.0000000 0.0010392 0.0013498 0.3927409 0.0393284 0.0130563 0.0000000 0.0017829 0.0318693
 13 L  13 0.0000000 0.0000000 0.0000000 0.0000000 0.0009376 0.0000000 0.0000000 0.0009414 0.0011918 0.0239179 0.9350975 0.0000000 0.0056383 0.0235966 0.0011122 0.0014503 0.0000000 0.0011228 0.0000000 0.0049938
 14 H  14 0.0023134 0.0158274 0.0164238 0.0040389 0.0116153 0.0354253 0.0058750 0.0020795 0.6594453 0.0848791 0.0254319 0.0031295 0.0311694 0.0231635 0.0011708 0.0136458 0.0037255 0.0023520 0.0555831 0.0027056
 15 N  15 0.0546944 0.0214358 0.0256424 0.0138508 0.0383876 0.0109891 0.0271226 0.0148664 0.0249226 0.1712608 0.1370497 0.0342813 0.0139607 0.0687387 0.0013160 0.0755317 0.0209996 0.0306275 0.1464486 0.0678736
 16 A  16 0.9175363 0.0000000 0.0007173 0.0010139 0.0022221 0.0012307 0.0008988 0.0063136 0.0000000 0.0023885 0.0013002 0.0009725 0.0013961 0.0018798 0.0015071 0.0310379 0.0173709 0.0000000 0.0006326 0.0115817
 17 A  17 0.5182762 0.0006073 0.0005807 0.0008647 0.0199649 0.0000000 0.0011756 0.0024450 0.0014189 0.0232872 0.0132352 0.0011549 0.0013268 0.0018362 0.0016568 0.2826695 0.0506856 0.0000000 0.0006857 0.0781286
 18 K  18 0.0287597 0.0989879 0.0263201 0.0256011 0.0183480 0.1599747 0.1213896 0.0219621 0.0327221 0.0425357 0.0759926 0.0829502 0.0223172 0.0643861 0.0016850 0.0725666 0.0129516 0.0246164 0.0522169 0.0137165
 19 N  19 0.0177854 0.0406593 0.3828134 0.0209750 0.0148936 0.0186393 0.0764113 0.0211744 0.0355977 0.0109714 0.0148921 0.1226389 0.0097027 0.0373868 0.0000000 0.0494993 0.0108844 0.0057043 0.1037100 0.0056609
 20 G  20 0.0029310 0.0091247 0.2934360 0.0444129 0.0060812 0.0049676 0.0043977 0.5790236 0.0055968 0.0026203 0.0006690 0.0145649 0.0000000 0.0024298 0.0012387 0.0155019 0.0025288 0.0012584 0.0070142 0.0022023
 21 H  21 0.0016577 0.0483007 0.1285713 0.0280913 0.0482914 0.0373254 0.0060739 0.0069473 0.4459486 0.0068902 0.0092725 0.0261541 0.0010692 0.0073039 0.0005034 0.1410639 0.0025445 0.0024572 0.0506282 0.0009054
 22 A  22 0.0147943 0.0147934 0.0075612 0.0116917 0.0025490 0.0144113 0.0309088 0.0006662 0.0295211 0.0641287 0.4072012 0.2595391 0.0074686 0.0185970 0.0197600 0.0077827 0.0384700 0.0010396 0.0117393 0.0373769
 23 E  23 0.0196869 0.0165792 0.0368829 0.3067804 0.0011303 0.0437174 0.4527669 0.0197977 0.0056584 0.0034376 0.0035969 0.0460277 0.0008381 0.0000000 0.0042783 0.0189986 0.0088670 0.0011308 0.0043524 0.0054726
 24 E  24 0.0366332 0.0015371 0.0028626 0.0024614 0.0021268 0.0015989 0.0072556 0.0016203 0.0006003 0.2483172 0.0495314 0.0042656 0.0363689 0.0070834 0.0017305 0.0061099 0.1591565 0.0000000 0.0018932 0.4288474
 25 V  25 0.2378159 0.0006966 0.0019189 0.0006961 0.0155667 0.0008452 0.0030093 0.0016964 0.0000000 0.0920104 0.0193826 0.0000000 0.0148056 0.0050095 0.0013594 0.0119944 0.1663457 0.0000000 0.0006855 0.4261616
 26 K  26 0.0068539 0.0379169 0.0154227 0.0169279 0.0011758 0.0879490 0.4140731 0.0080340 0.0050512 0.0059382 0.0047906 0.3666439 0.0023809 0.0006521 0.0008162 0.0060021 0.0149191 0.0007045 0.0005190 0.0032288
 27 K  27 0.0149699 0.0038565 0.0085028 0.0044655 0.0250848 0.0023174 0.0194928 0.0023615 0.0118692 0.0678621 0.2663865 0.0101352 0.0087176 0.1240631 0.0016728 0.0226332 0.0120608 0.0005811 0.3376819 0.0552852
 28 L  28 0.0000000 0.0000000 0.0000000 0.0000000 0.0020292 0.0024863 0.0000000 0.0008194 0.0021692 0.0120642 0.9231054 0.0000000 0.0029320 0.0476574 0.0012639 0.0007207 0.0000000 0.0008107 0.0012973 0.0026443
 29 L  29 0.0041016 0.0017285 0.0017245 0.0011942 0.0021855 0.0000000 0.0022689 0.0009656 0.0000000 0.6225930 0.2414299 0.0023450 0.0090690 0.0071177 0.0006820 0.0020901 0.0110071 0.0000000 0.0007985 0.0886990
 30 S  30 0.0179021 0.0132164 0.0417571 0.0367995 0.0043519 0.0160442 0.0692915 0.0546720 0.0025654 0.0069402 0.0362417 0.0444467 0.0035525 0.0047671 0.0013144 0.6204978 0.0178669 0.0006420 0.0025411 0.0045894
 31 K  31 0.0284675 0.0394054 0.0885662 0.0030930 0.0173996 0.2198483 0.0336723 0.0076911 0.3129454 0.0233993 0.0263422 0.0971354 0.0010320 0.0040106 0.0009157 0.0095000 0.0023883 0.0007423 0.0332198 0.0502257
 32 G  32 0.0023252 0.0149009 0.0144713 0.0317777 0.0058061 0.0046631 0.0144086 0.8719436 0.0022964 0.0006430 0.0027572 0.0210458 0.0000000 0.0000000 0.0000000 0.0065843 0.0009875 0.0007828 0.0010487 0.0035579
 33 A  33 0.8239432 0.0009554 0.0009624 0.0049371 0.0212077 0.0015762 0.0015865 0.0053462 0.0012693 0.0377151 0.0069233 0.0012591 0.0016655 0.0040645 0.0166390 0.0212372 0.0083590 0.0000000 0.0018595 0.0384938
 34 D  34 0.0082132 0.0080023 0.3410431 0.3722590 0.0014360 0.0229461 0.1460833 0.0050733 0.0053291 0.0033961 0.0088579 0.0335996 0.0005532 0.0030228 0.0050774 0.0182221 0.0040050 0.0000000 0.0093963 0.0034842
 35 V  35 0.0106327 0.0019426 0.0014381 0.0000000 0.0011689 0.0020492 0.0016608 0.0017024 0.0000000 0.3864407 0.0697612 0.0940019 0.0110121 0.0090330 0.0368852 0.0039436 0.0079822 0.0000000 0.0009770 0.3593684
 36 N  36 0.0031460 0.0020061 0.6771866 0.1019524 0.0018798 0.0031157 0.1238147 0.0082040 0.0121526 0.0021872 0.0014046 0.0270975 0.0013850 0.0008475 0.0009102 0.0171059 0.0090307 0.0000000 0.0056641 0.0009093
 37 A  37 0.2377309 0.0474983 0.0136943 0.0096626 0.0038170 0.0216165 0.2475873 0.0145934 0.0034075 0.0653645 0.0126724 0.1610887 0.0178622 0.0049703 0.0030399 0.0461705 0.0416369 0.0019792 0.0064407 0.0391669
 38 R  38 0.0498215 0.0656331 0.0108775 0.0119277 0.0124209 0.0640300 0.0363825 0.1278004 0.0022829 0.0177306 0.0108203 0.4636242 0.0061402 0.0026203 0.0129866 0.0245199 0.0402008 0.0012188 0.0017136 0.0372483
 39 S  39 0.0192350 0.0042242 0.1914795 0.5391888 0.0054766 0.0064841 0.0259822 0.0383806 0.0047315 0.0056459 0.0026528 0.0121669 0.0033092 0.0014109 0.0010135 0.0628302 0.0599451 0.0006897 0.0100871 0.0050661
 40 K  40 0.0115486 0.0220180 0.3574265 0.0750598 0.0034476 0.0222791 0.0799711 0.0185469 0.0097395 0.0488591 0.0108877 0.2350378 0.0035892 0.0061180 0.0077028 0.0347225 0.0149762 0.0024002 0.0241765 0.0114929
 41 D  41 0.0173429 0.0155857 0.1596767 0.3622601 0.0081943 0.0071894 0.0699031 0.0268240 0.0276247 0.0168320 0.0142098 0.0514531 0.0046301 0.0437980 0.0012641 0.0368538 0.0133663 0.0043351 0.1022091 0.0164478
 42 G  42 0.0039747 0.0204975 0.0147956 0.0278412 0.0034738 0.0093844 0.0358123 0.8274064 0.0032707 0.0030869 0.0045952 0.0160887 0.0018817 0.0009737 0.0000000 0.0122946 0.0010082 0.0016563 0.0080149 0.0039432
 43 N  43 0.0152285 0.1437783 0.0579429 0.0205276 0.0279255 0.0845900 0.0779705 0.0158030 0.0158689 0.0200379 0.0516684 0.1224986 0.0253450 0.0342679 0.0017750 0.0591006 0.0087523 0.1406055 0.0568151 0.0194984
 44 T  44 0.0130354 0.0030493 0.0168071 0.0008662 0.0022800 0.0008825 0.0000000 0.0012043 0.0006365 0.0181750 0.0022266 0.0024611 0.0026013 0.0014150 0.0051076 0.0423378 0.8812355 0.0000000 0.0012012 0.0044777
 45 P  45 0.4527156 0.0015942 0.0010522 0.0013883 0.0109980 0.0008375 0.0016801 0.0021355 0.0010375 0.0069934 0.0121720 0.0000000 0.0008678 0.0015890 0.4211109 0.0360982 0.0158513 0.0000000 0.0020705 0.0298080
 46 L  46 0.0000000 0.0010848 0.0000000 0.0000000 0.0008016 0.0007948 0.0011093 0.0007174 0.0011582 0.0201677 0.9379209 0.0000000 0.0078606 0.0197744 0.0008226 0.0018805 0.0000000 0.0008844 0.0000000 0.0050228
 47 H  47 0.0020852 0.0171195 0.0140673 0.0046170 0.0070357 0.0290327 0.0072845 0.0016447 0.6642914 0.0937047 0.0223091 0.0027493 0.0326786 0.0217061 0.0010785 0.0144703 0.0051974 0.0026182 0.0533408 0.0029690
 48 L  48 0.0499562 0.0231178 0.0252992 0.0156509 0.0402122 0.0117691 0.0212489 0.0181061 0.0255541 0.1642865 0.1470295 0.0323043 0.0157177 0.0646872 0.0011621 0.0735556 0.0193528 0.0339161 0.1582134 0.0588604
 49 A  49 0.9168978 0.0000000 0.0006752 0.0017039 0.0025215 0.0009911 0.0020585 0.0068705 0.0000000 0.0037901 0.0012905 0.0006500 0.0014196 0.0010698 0.0013051 0.0296886 0.0179803 0.0000000 0.0005962 0.0104912
 50 A  50 0.5172075 0.0006319 0.0000000 0.0010203 0.0178116 0.0000000 0.0019417 0.0022819 0.0008014 0.0351585 0.0168466 0.0000000 0.0016110 0.0015369 0.0010390 0.2756188 0.0520181 0.0000000 0.0009947 0.0734802
 51 K  51 0.0320124 0.0911971 0.0264644 0.0297384 0.0172020 0.1503154 0.1204061 0.0209425 0.0337776 0.0460273 0.0719594 0.0925751 0.0207882 0.0641950 0.0013082 0.0755762 0.0142850 0.0257107 0.0543544 0.0111647
 52 N  52 0.0165889 0.0384274 0.3875422 0.0218704 0.0141336 0.0165223 0.0806307 0.0249386 0.0385702 0.0099064 0.0165102 0.1141304 0.0081193 0.0321996 0.0008875 0.0476708 0.0108004 0.0061904 0.1083277 0.0060334
 53 G  53 0.0037616 0.0077757 0.3081169 0.0504672 0.0086103 0.0038665 0.0048722 0.5505047 0.0050115 0.0029567 0.0008950 0.0212637 0.0009916 0.0030066 0.0009526 0.0136838 0.0028170 0.0009531 0.0072575 0.0022358
 54 H  54 0.0015972 0.0591649 0.1104125 0.0177256 0.0462618 0.0347456 0.0059427 0.0057232 0.4549184 0.0030813 0.0089051 0.0269314 0.0012995 0.0081735 0.0006112 0.1579994 0.0026714 0.0031146 0.0499441 0.0007766
 55 A  55 0.0141092 0.0166929 0.0090986 0.0110136 0.0038187 0.0148826 0.0321461 0.0016528 0.0293289 0.0633747 0.3823879 0.2831875 0.0066612 0.0156969 0.0167622 0.0092066 0.0399170 0.0007759 0.0122761 0.0370108
 56 E  56 0.0208524 0.0153390 0.0341101 0.2916221 0.0009145 0.0399885 0.4758926 0.0199673 0.0074178 0.0028485 0.0025929 0.0496868 0.0007343 0.0000000 0.0033797 0.0161177 0.0084913 0.0013776 0.0035322 0.0051348
 57 I  57 0.0316214 0.0014989 0.0023718 0.0029268 0.0019752 0.0009781 0.0018895 0.0010485 0.0005495 0.2573024 0.0377561 0.0018581 0.0402432 0.0065289 0.0010122 0.0065041 0.1702380 0.0000000 0.0018529 0.4318444
 58 V  58 0.2546923 0.0006649 0.0024713 0.0007097 0.0077086 0.0006300 0.0018722 0.0014709 0.0012236 0.0916608 0.0135659 0.0005369 0.0140255 0.0043493 0.0013912 0.0133308 0.1638426 0.0000000 0.0013485 0.4245050
 59 K  59 0.0067942 0.0373503 0.0157285 0.0187122 0.0016985 0.0903578 0.4218942 0.0066415 0.0056005 0.0050285 0.0033161 0.3541037 0.0021538 0.0041881 0.0007444 0.0087179 0.0120157 0.0007343 0.0005185 0.0037012
 60 L  60 0.0155685 0.0020433 0.0065850 0.0028706 0.0265455 0.0024020 0.0153978 0.0019346 0.0113571 0.0686450 0.2928187 0.0083546 0.0078138 0.1222300 0.0016567 0.0151244 0.0116005 0.0008002 0.3251182 0.0611336
 61 L  61 0.0000000 0.0000000 0.0000000 0.0000000 0.0012543 0.0011304 0.0000000 0.0009167 0.0014692 0.0110398 0.9568434 0.0000000 0.0018109 0.0189436 0.0018680 0.0009519 0.0000000 0.0000000 0.0015177 0.0022541
 62 L  62 0.0036315 0.0012437 0.0025140 0.0006837 0.0022041 0.0005689 0.0020859 0.0005569 0.0006349 0.6340197 0.2317380 0.0018748 0.0052643 0.0060579 0.0005025 0.0011171 0.0115129 0.0000000 0.0018685 0.0919206
 63 A  63 0.0178710 0.0120362 0.0409815 0.0416846 0.0035433 0.0183671 0.0685559 0.0513636 0.0025598 0.0067679 0.0363116 0.0406692 0.0043757 0.0042689 0.0019282 0.6243541 0.0184927 0.0009083 0.0023321 0.0026282
 64 K  64 0.0336226 0.0390794 0.0915280 0.0020735 0.0092061 0.2135166 0.0363215 0.0068489 0.3305245 0.0248259 0.0132814 0.0887460 0.0017370 0.0026344 0.0011072 0.0099137 0.0031908 0.0004945 0.0324879 0.0588602
 65 G  65 0.0037949 0.0150174 0.0138848 0.0311114 0.0050680 0.0035545 0.0154198 0.8695483 0.0041328 0.0005612 0.0037233 0.0204359 0.0000000 0.0006209 0.0000000 0.0076311 0.0011153 0.0007034 0.0008375 0.0028397
 66 A  66 0.8470593 0.0010494 0.0014607 0.0020325 0.0103216 0.0000000 0.0014215 0.0058178 0.0007375 0.0347217 0.0051695 0.0006200 0.0023614 0.0020302 0.0164412 0.0213942 0.0087223 0.0000000 0.0011202 0.0375193
 67 D  67 0.0074606 0.0064484 0.3466695 0.3601160 0.0010108 0.0229193 0.1432303 0.0074296 0.0060759 0.0037629 0.0099101 0.0444016 0.0008874 0.0020367 0.0047697 0.0175625 0.0028722 0.0000000 0.0082989 0.0041375
 68 V  68 0.0137964 0.0024874 0.0014898 0.0000000 0.0014489 0.0032709 0.0019955 0.0023777 0.0005885 0.3839173 0.0804334 0.0970533 0.0113954 0.0076736 0.0308667 0.0046913 0.0101705 0.0000000 0.0008700 0.3454735
 69 N  69 0.0036769 0.0012071 0.6657830 0.1094122 0.0016483 0.0031153 0.1232867 0.0083965 0.0107240 0.0016457 0.0015982 0.0307869 0.0019348 0.0019267 0.0005338 0.0187092 0.0086638 0.0008054 0.0047688 0.0013765
 70 A  70 0.2532159 0.0424754 0.0149126 0.0100601 0.0029743 0.0153333 0.2526762 0.0139186 0.0027802 0.0725893 0.0115877 0.1539896 0.0162581 0.0030019 0.0029837 0.0425421 0.0352266 0.0021297 0.0052714 0.0460735
 71 R  71 0.0523682 0.0680798 0.0085512 0.0114938 0.0137516 0.0715416 0.0332418 0.1264285 0.0029299 0.0161834 0.0111607 0.4676502 0.0055512 0.0023295 0.0107801 0.0219698 0.0370038 0.0008638 0.0022296 0.0358914
 72 S  72 0.0183771 0.0050703 0.1926021 0.5525383 0.0043670 0.0062859 0.0240898 0.0364308 0.0029226 0.0039101 0.0026326 0.0129883 0.0022112 0.0015471 0.0015644 0.0612782 0.0610302 0.0007307 0.0061104 0.0033128
 73 K  73 0.0141387 0.0270099 0.3673628 0.0678969 0.0043186 0.0188172 0.0710212 0.0162592 0.0098262 0.0495464 0.0105081 0.2407907 0.0030213 0.0054743 0.0065117 0.0328714 0.0168120 0.0010126 0.0249079 0.0118929
 74 D  74 0.0174981 0.0157663 0.1595359 0.3672359 0.0075743 0.0082232 0.0680650 0.0283452 0.0245799 0.0185220 0.0134348 0.0475840 0.0041701 0.0387963 0.0014492 0.0393297 0.0151586 0.0043733 0.1054811 0.0148771
 75 G  75 0.0039701 0.0205469 0.0116353 0.0217641 0.0030774 0.0068384 0.0321938 0.8432414 0.0045966 0.0024327 0.0062404 0.0167730 0.0020902 0.0010351 0.0000000 0.0104176 0.0009535 0.0015024 0.0065260 0.0041652
 76 N  76 0.0159603 0.1377585 0.0587996 0.0174704 0.0280644 0.0880152 0.0779988 0.0130549 0.0142876 0.0182273 0.0505257 0.1385313 0.0227454 0.0324664 0.0010446 0.0593980 0.0122167 0.1359596 0.0579913 0.0194843
 77 T  77 0.0113333 0.0030328 0.0140130 0.0009735 0.0031259 0.0006896 0.0000000 0.0012355 0.0007986 0.0169394 0.0085220 0.0027782 0.0027204 0.0013342 0.0074346 0.0420282 0.8789735 0.0000000 0.0010322 0.0030350
 78 P  78 0.4591545 0.0014125 0.0006378 0.0017814 0.0157278 0.0006197 0.0017544 0.0020206 0.0009761 0.0052024 0.0107092 0.0011545 0.0005893 0.0005868 0.4172062 0.0381164 0.0138517 0.0000000 0.0014910 0.0270075
 79 E  79 0.0007403 0.0011392 0.0000000 0.0000000 0.0000000 0.0007773 0.0013365 0.0007083 0.0012159 0.0257393 0.9294990 0.0000000 0.0048545 0.0224428 0.0011837 0.0023193 0.0000000 0.0000000 0.0006819 0.0073619
 80 H  80 0.0046357 0.0157331 0.0183546 0.0143640 0.0073014 0.0428679 0.0100529 0.0013651 0.6260243 0.0958360 0.0186542 0.0028081 0.0341956 0.0211278 0.0009309 0.0182294 0.0043651 0.0030025 0.0573912 0.0027601
 81 L  81 0.0573380 0.0192638 0.0215486 0.0148829 0.0416888 0.0121470 0.0220000 0.0134238 0.0244397 0.1685629 0.1448126 0.0312110 0.0142536 0.0626982 0.0013878 0.0667963 0.0190960 0.0343017 0.1703814 0.0597659
 82 A  82 0.9224602 0.0000000 0.0010353 0.0019082 0.0026472 0.0000000 0.0015166 0.0057626 0.0000000 0.0027118 0.0010136 0.0009346 0.0010288 0.0013053 0.0010171 0.0274884 0.0189007 0.0000000 0.0006234 0.0096462
 83 K  83 0.4867937 0.0043183 0.0007022 0.0014909 0.0118558 0.0005502 0.0051129 0.0017188 0.0006387 0.0431456 0.0183071 0.0088195 0.0030541 0.0010240 0.0011078 0.2774778 0.0589243 0.0000000 0.0017813 0.0731769
 84 K  84 0.0298661 0.0947380 0.0285459 0.0291367 0.0196436 0.1485663 0.1204033 0.0217246 0.0333416 0.0485935 0.0751519 0.0920123 0.0201927 0.0645064 0.0009414 0.0707399 0.0118434 0.0221995 0.0574698 0.0103831
 85 N  85 0.0136531 0.0417487 0.3923970 0.0185692 0.0153240 0.0173272 0.0731747 0.0233751 0.0408999 0.0078360 0.0195029 0.1153242 0.0063731 0.0321939 0.0008719 0.0520295 0.0100505 0.0056022 0.1088550 0.0048918
 86 G  86 0.0058282 0.0087231 0.3067082 0.0517227 0.0109928 0.0042445 0.0042201 0.5417072 0.0051060 0.0032095 0.0011570 0.0212495 0.0005613 0.0028294 0.0008457 0.0176350 0.0025234 0.0007147 0.0076950 0.0023267
 87 H  87 0.0021883 0.0635992 0.1067124 0.0177827 0.0458786 0.0292424 0.0055835 0.0058227 0.4481694 0.0020008 0.0082594 0.0346907 0.0012260 0.0094031 0.0006986 0.1566094 0.0028090 0.0023884 0.0557265 0.0012090
 88 H  88 0.0131229 0.0168429 0.0116072 0.0153153 0.0042233 0.0163247 0.0327529 0.0024537 0.0336798 0.0630431 0.3681077 0.2892256 0.0059810 0.0146928 0.0194412 0.0083312 0.0390738 0.0005374 0.0113699 0.0338739
 89 E  89 0.0239199 0.0115286 0.0290990 0.2883961 0.0011588 0.0400315 0.4829606 0.0200291 0.0071995 0.0022299 0.0026359 0.0510417 0.0007115 0.0010104 0.0050018 0.0171532 0.0055469 0.0008722 0.0024427 0.0070308
 90 I  90 0.0307182 0.0014056 0.0025265 0.0021952 0.0038419 0.0011553 0.0017672 0.0016928 0.0000000 0.2711170 0.0369532 0.0018209 0.0349651 0.0044781 0.0009455 0.0054884 0.1694426 0.0000000 0.0020070 0.4274796
 91 V  91 0.2506825 0.0027097 0.0016561 0.0013418 0.0058610 0.0012671 0.0037242 0.0024136 0.0008937 0.0911964 0.0129905 0.0013272 0.0106048 0.0061478 0.0024425 0.0118336 0.1597306 0.0000000 0.0006512 0.4325258
 92 K  92 0.0085667 0.0397810 0.0154715 0.0200781 0.0019021 0.0918188 0.4122536 0.0058075 0.0043973 0.0060928 0.0054928 0.3574387 0.0032188 0.0051897 0.0005449 0.0058183 0.0105766 0.0008986 0.0006388 0.0040136
 93 L  93 0.0172282 0.0018419 0.0037189 0.0036314 0.0256716 0.0035573 0.0131679 0.0018887 0.0112403 0.0647348 0.3043778 0.0085844 0.0074718 0.1213083 0.0023550 0.0130192 0.0112294 0.0009609 0.3233822 0.0606301
 94 L  94 0.0000000 0.0019182 0.0000000 0.0000000 0.0016178 0.0015847 0.0000000 0.0008687 0.0015743 0.0089092 0.9556343 0.0000000 0.0019073 0.0196706 0.0009207 0.0006752 0.0000000 0.0009487 0.0017660 0.0020042
 95 D  95 0.0032271 0.0039256 0.0023191 0.0022130 0.0010149 0.0005839 0.0026199 0.0009570 0.0009180 0.6351523 0.2237158 0.0047218 0.0058795 0.0066531 0.0005258 0.0035683 0.0147363 0.0000000 0.0014152 0.0858535
 96 A  96 0.0160661 0.0138978 0.0339487 0.0404609 0.0040434 0.0166564 0.0628707 0.0511494 0.0027992 0.0066336 0.0390567 0.0412098 0.0034971 0.0056224 0.0012387 0.6364367 0.0177182 0.0009268 0.0033906 0.0023766
 97 K  97 0.0339151 0.0335021 0.0914280 0.0029745 0.0074443 0.2119558 0.0381054 0.0060614 0.3337542 0.0234608 0.0135084 0.0879334 0.0007342 0.0029418 0.0010390 0.0081599 0.0029146 0.0006769 0.0379849 0.0615051
 98 G  98 0.0021561 0.0160708 0.0103722 0.0321975 0.0031607 0.0046829 0.0141636 0.8734865 0.0029996 0.0000000 0.0025701 0.0202775 0.0000000 0.0006366 0.0000000 0.0103156 0.0010384 0.0006849 0.0016210 0.0035660
 99 A  99 0.8608955 0.0009174 0.0011330 0.0021890 0.0063657 0.0000000 0.0031958 0.0054491 0.0012558 0.0294194 0.0048891 0.0018757 0.0019747 0.0010594 0.0161699 0.0199360 0.0086943 0.0000000 0.0009979 0.0335822
100 D 100 0.0074758 0.0047091 0.3426312 0.3485881 0.0010488 0.0230892 0.1522431 0.0077128 0.0082248 0.0046961 0.0096566 0.0489047 0.0009923 0.0012644 0.0058327 0.0188290 0.0031060 0.0000000 0.0071430 0.0038522
101 V 101 0.0135441 0.0021606 0.0027316 0.0000000 0.0000000 0.0042556 0.0017896 0.0021892 0.0006885 0.3685405 0.0858685 0.0959953 0.0139422 0.0101008 0.0371279 0.0048246 0.0090073 0.0000000 0.0008861 0.3463478
102 N 102 0.0011347 0.0020760 0.6626793 0.1123595 0.0017687 0.0030316 0.1190222 0.0078901 0.0106502 0.0023031 0.0019849 0.0310931 0.0012365 0.0013778 0.0006003 0.0226407 0.0099230 0.0005723 0.0063780 0.0012778
103 A 103 0.2424461 0.0486302 0.0151938 0.0098312 0.0025877 0.0175854 0.2535492 0.0117063 0.0024102 0.0715871 0.0125993 0.1529915 0.0148363 0.0038390 0.0046042 0.0450684 0.0336441 0.0020321 0.0050490 0.0498088
104 R 104 0.0415315 0.0719665 0.0143954 0.0122857 0.0139092 0.0736619 0.0379470 0.1236281 0.0029983 0.0171188 0.0102827 0.4679470 0.0032082 0.0019748 0.0090694 0.0226369 0.0352461 0.0005899 0.0012941 0.0383086
105 S 105 0.0180345 0.0038679 0.1970230 0.5562659 0.0037112 0.0060423 0.0250477 0.0334679 0.0036893 0.0043168 0.0015425 0.0121466 0.0026855 0.0013415 0.0011101 0.0615117 0.0585194 0.0007474 0.0057867 0.0031422
106 W 106 0.0147682 0.0230317 0.3889275 0.0672804 0.0049422 0.0151712 0.0625875 0.0194050 0.0083925 0.0474152 0.0103268 0.2369767 0.0025290 0.0066961 0.0040867 0.0278097 0.0178746 0.0039325 0.0268905 0.0109559
107 G 107 0.0164860 0.0166027 0.1622933 0.3651672 0.0073512 0.0102120 0.0683364 0.0487093 0.0236474 0.0165082 0.0131290 0.0463470 0.0029589 0.0314896 0.0012424 0.0357375 0.0197284 0.0028880 0.0929058 0.0182598
108 S 108 0.0038174 0.0282576 0.0126694 0.0219787 0.0027516 0.0065397 0.0343633 0.8300930 0.0030152 0.0021632 0.0040418 0.0147325 0.0028826 0.0023404 0.0009213 0.0145069 0.0011248 0.0026125 0.0053274 0.0058605
109 S 109 0.0147808 0.1305835 0.0547171 0.0175328 0.0276699 0.0809450 0.0728439 0.0096332 0.0153154 0.0149451 0.0560304 0.1475744 0.0239800 0.0291110 0.0024936 0.0629678 0.0252129 0.1318820 0.0590922 0.0226889
110 H 110 0.0200776 0.0014362 0.0157886 0.0010450 0.0028857 0.0000000 0.0000000 0.0000000 0.0032601 0.0185956 0.0117455 0.0027611 0.0016167 0.0016173 0.0122316 0.0443226 0.8592127 0.0000000 0.0007594 0.0026444
111 H 111 0.4512566 0.0010408 0.0006619 0.0008994 0.0158761 0.0000000 0.0008156 0.0011327 0.0022907 0.0073987 0.0304282 0.0000000 0.0009477 0.0007865 0.4057421 0.0366705 0.0133572 0.0000000 0.0022181 0.0284773
112 H 112 0.0021642 0.0013325 0.0000000 0.0000000 0.0000000 0.0011326 0.0000000 0.0000000 0.0132933 0.0204552 0.9301617 0.0000000 0.0060062 0.0137594 0.0009640 0.0014038 0.0000000 0.0000000 0.0009814 0.0083457
113 H 113 0.0015540 0.0040538 0.0034701 0.0068879 0.0021102 0.0173294 0.0010016 0.0000000 0.8058495 0.0236386 0.0020313 0.0010720 0.0107966 0.0270898 0.0000000 0.0079865 0.0011672 0.0000000 0.0826206 0.0013408
114 H 114 0.0000000 0.0000000 0.0000000 0.0000000 0.0000000 0.0423460 0.0000000 0.0000000 0.1474375 0.0000000 0.0000000 0.0000000 0.0000000 0.1909658 0.0000000 0.0000000 0.0000000 0.0000000 0.6192506 0.0000000
115 H 115 0.0000000 0.0000000 0.0000000 0.0000000 0.0000000 0.5768552 0.0000000 0.0000000 0.3072661 0.0000000 0.0000000 0.0000000 0.0000000 0.0000000 0.0000000 0.0000000 0.0000000 0.0000000 0.1158788 0.0000000
