   64         A         R         N         D         C         Q         E         G         H         I         L         K         M         F         P         S         T         W         Y         V         X    
  1 M   1 0.0000000 0.0000000 0.0000000 0.0000000 0.0000000 0.0000000 0.0000000 0.0000000 0.0000000 0.0161996 0.0698109 0.0000000 0.0658087 0.0000000 0.0000000 0.0000000 0.0464413 0.0000000 0.0000000 0.0303046 0.7714350
  2 K   2 0.0000000 0.0664025 0.0000000 0.0000000 0.0000000 0.0253641 0.0000000 0.0000000 0.0000000 0.0000000 0.0000000 0.7595102 0.0000000 0.0000000 0.0000000 0.0000000 0.0000000 0.0000000 0.0000000 0.0000000 0.1487231
  3 T   3 0.0079362 0.0334630 0.0378865 0.0244222 0.0000000 0.1199546 0.0179685 0.0000000 0.0000000 0.0000000 0.0210045 0.0519400 0.0157040 0.0029988 0.0000000 0.2407227 0.2793189 0.0000000 0.0081436 0.0307640 0.1077725
  4 E   4 0.0581228 0.0375319 0.0251705 0.0091395 0.0062617 0.0098502 0.1065105 0.0000000 0.0081490 0.0000000 0.0000000 0.0059387 0.0048608 0.0058228 0.0098627 0.5520935 0.0614823 0.0000000 0.0000000 0.0000000 0.0992031
  5 W   5 0.0000000 0.0000000 0.0000000 0.0000000 0.0000000 0.0000000 0.0000000 0.0000000 0.0000000 0.0000000 0.0000000 0.0000000 0.0000000 0.0163995 0.0000000 0.0000000 0.0000000 0.9426160 0.0000000 0.0000000 0.0409845
  6 P   6 0.0202194 0.0000000 0.0000000 0.0000000 0.0000000 0.0000000 0.0000000 0.0000000 0.0000000 0.0000000 0.0000000 0.0141744 0.0000000 0.0000000 0.9040208 0.0206010 0.0000000 0.0000000 0.0000000 0.0000000 0.0409845
  7 E   7 0.0000000 0.0000000 0.0087748 0.0415585 0.0000000 0.0174207 0.8766398 0.0090473 0.0055746 0.0000000 0.0000000 0.0000000 0.0000000 0.0000000 0.0000000 0.0000000 0.0000000 0.0000000 0.0000000 0.0000000 0.0409845
  8 L   8 0.0091958 0.0000000 0.0000000 0.0000000 0.0326802 0.0000000 0.0000000 0.0000000 0.0000000 0.0087748 0.6725282 0.0000000 0.0401517 0.0062617 0.0000000 0.0000000 0.0000000 0.0000000 0.0000000 0.1984040 0.0320036
  9 V   9 0.0228395 0.0044755 0.0091395 0.0000000 0.0047071 0.0081490 0.0037778 0.0000000 0.0000000 0.0639293 0.0899363 0.0371604 0.0000000 0.0000000 0.0000000 0.0000000 0.0181263 0.0000000 0.0000000 0.7057557 0.0320036
 10 G  10 0.0000000 0.0065959 0.0000000 0.0000000 0.0052461 0.0000000 0.0000000 0.9441962 0.0000000 0.0000000 0.0000000 0.0000000 0.0000000 0.0000000 0.0000000 0.0119582 0.0000000 0.0000000 0.0000000 0.0000000 0.0320036
 11 K  11 0.0564168 0.0269977 0.0047820 0.0000000 0.0177858 0.0000000 0.0473083 0.0000000 0.0000000 0.0266047 0.0961331 0.2108201 0.0605397 0.0087748 0.0000000 0.0305692 0.0796314 0.0755398 0.0000000 0.2260931 0.0320036
 12 S  12 0.0082558 0.0412134 0.1028149 0.0920027 0.0099983 0.0358374 0.0203969 0.0055746 0.0417753 0.0000000 0.0227877 0.0388832 0.0123715 0.0075869 0.1661494 0.1686124 0.1556242 0.0000000 0.0144814 0.0236305 0.0320036
 13 V  13 0.2740645 0.0111898 0.0000000 0.0000000 0.0149395 0.0124339 0.0169184 0.2816850 0.0000000 0.0736493 0.0092807 0.0035637 0.0509629 0.0164135 0.0000000 0.0079930 0.0441038 0.0000000 0.0380273 0.1127711 0.0320036
 14 E  14 0.0180519 0.0257430 0.0075471 0.0930230 0.0000000 0.0221345 0.3561187 0.0073002 0.0111898 0.0047785 0.0827202 0.1100399 0.0169228 0.0260565 0.0139231 0.0283928 0.0808377 0.0000000 0.0078855 0.0553313 0.0320036
 15 E  15 0.0850601 0.0000000 0.0236305 0.0696654 0.0033957 0.0537107 0.3457286 0.0000000 0.0277914 0.0097741 0.0872237 0.0399467 0.0044717 0.0114004 0.0200035 0.0070601 0.0220462 0.0000000 0.0588752 0.0982124 0.0320036
 16 A  16 0.9183946 0.0000000 0.0000000 0.0000000 0.0104875 0.0000000 0.0000000 0.0149395 0.0000000 0.0000000 0.0000000 0.0000000 0.0000000 0.0000000 0.0000000 0.0000000 0.0000000 0.0000000 0.0000000 0.0241748 0.0320036
 17 K  17 0.2020102 0.0660387 0.0000000 0.0000000 0.0000000 0.0000000 0.0823081 0.0111561 0.0000000 0.0270636 0.0000000 0.3560307 0.0476920 0.0000000 0.0000000 0.0109359 0.0237441 0.0000000 0.0124339 0.1285831 0.0320036
 18 K  18 0.2024845 0.0582956 0.0149395 0.0216285 0.0000000 0.0475775 0.1678031 0.0342072 0.0074303 0.0087748 0.0292571 0.1555213 0.0278880 0.0383184 0.0341809 0.0166337 0.0802133 0.0000000 0.0000000 0.0146820 0.0401643
 19 V  19 0.0368971 0.0209216 0.0000000 0.0000000 0.0000000 0.0533665 0.0000000 0.0000000 0.0056412 0.2608756 0.0233109 0.1623578 0.0141744 0.0000000 0.0000000 0.0279579 0.1675669 0.0104875 0.0163995 0.1680395 0.0320036
 20 I  20 0.0000000 0.0000000 0.0000000 0.0000000 0.0000000 0.0000000 0.0000000 0.0000000 0.0000000 0.9094132 0.0119582 0.0000000 0.0000000 0.0211148 0.0000000 0.0000000 0.0000000 0.0000000 0.0000000 0.0214545 0.0360592
 21 L  21 0.0284624 0.0109628 0.0341257 0.0156995 0.0000000 0.0593998 0.2738658 0.0093989 0.0135933 0.0121941 0.1882150 0.2105249 0.0379558 0.0000000 0.0000000 0.0185542 0.0371981 0.0111561 0.0000000 0.0066900 0.0320036
 22 Q  22 0.0777102 0.2071552 0.0121191 0.0329375 0.0029245 0.0525632 0.0930602 0.0383043 0.0603225 0.0065331 0.0163995 0.2198189 0.0000000 0.0111561 0.0000000 0.1006465 0.0363454 0.0000000 0.0000000 0.0000000 0.0320036
 23 D  23 0.0141744 0.0000000 0.0000000 0.4014689 0.0000000 0.0195206 0.4925820 0.0000000 0.0163995 0.0000000 0.0000000 0.0000000 0.0000000 0.0000000 0.0000000 0.0098627 0.0000000 0.0000000 0.0000000 0.0000000 0.0459920
 24 K  24 0.0000000 0.2642910 0.3617253 0.0196833 0.0193813 0.0000000 0.0000000 0.0049435 0.0000000 0.0035879 0.0067567 0.1102866 0.1022864 0.0000000 0.0000000 0.0000000 0.0000000 0.0000000 0.0491078 0.0000000 0.0579502
 25 P  25 0.0311708 0.0328034 0.0073414 0.0043319 0.0000000 0.0196465 0.0301434 0.0038134 0.0079324 0.0000000 0.0390724 0.0072963 0.0059468 0.0000000 0.6444040 0.0794513 0.0367050 0.0000000 0.0000000 0.0039490 0.0459920
 26 E  26 0.0091184 0.0397197 0.1070375 0.3300981 0.0025868 0.0288334 0.0802500 0.1107343 0.0158613 0.0136797 0.0685239 0.0605215 0.0000000 0.0038701 0.0000000 0.0493533 0.0082546 0.0000000 0.0255653 0.0000000 0.0459920
 27 A  27 0.1771130 0.0067567 0.0000000 0.0000000 0.0170494 0.0000000 0.0000000 0.0170042 0.0000000 0.0594172 0.1340608 0.0000000 0.0048249 0.0060623 0.0000000 0.0111898 0.0000000 0.0000000 0.0163995 0.5041301 0.0459920
 28 Q  28 0.0383899 0.0782776 0.1652922 0.1596331 0.0000000 0.0844422 0.0775693 0.0066347 0.0443134 0.0211656 0.0175652 0.0861271 0.0091958 0.0056471 0.0000000 0.0432573 0.1050578 0.0000000 0.0046545 0.0387889 0.0139884
 29 I  29 0.1845611 0.0000000 0.0124339 0.0000000 0.0000000 0.0000000 0.0000000 0.0059468 0.0000000 0.3206400 0.0136322 0.0000000 0.0000000 0.0102204 0.0070325 0.0078855 0.0345585 0.0000000 0.0000000 0.3891006 0.0139884
 30 I  30 0.0350640 0.0353611 0.0160707 0.0260126 0.0000000 0.1377088 0.1808698 0.0061881 0.0136206 0.1610843 0.0302629 0.0515495 0.0000000 0.0225042 0.0212979 0.0059057 0.0266402 0.0000000 0.0361402 0.1797309 0.0139884
 31 V  31 0.0050008 0.0000000 0.0000000 0.0000000 0.0000000 0.0000000 0.0000000 0.0000000 0.0098968 0.2328649 0.0727395 0.0141744 0.0125683 0.0901499 0.0033868 0.0067441 0.0520376 0.0000000 0.0319480 0.4545006 0.0139884
 32 L  32 0.0000000 0.0071527 0.0000000 0.0000000 0.0048970 0.0063562 0.0000000 0.0243611 0.0401600 0.1137898 0.4185430 0.0078855 0.0212300 0.0228826 0.0000000 0.0115359 0.0000000 0.0070325 0.0446600 0.2555253 0.0139884
 33 P  33 0.0154576 0.0348849 0.0000000 0.0000000 0.0000000 0.0139104 0.0149015 0.0195133 0.0138999 0.0000000 0.1653268 0.0703155 0.0076651 0.0241053 0.5021056 0.0427267 0.0354649 0.0000000 0.0000000 0.0158714 0.0238511
 34 V  34 0.0727947 0.0121892 0.0847724 0.0673128 0.0000000 0.0412298 0.2491025 0.0000000 0.0080286 0.0193794 0.0440921 0.0678193 0.0029658 0.0036584 0.1060024 0.0048608 0.0119945 0.0075550 0.0081436 0.1566742 0.0314243
 35 G  35 0.0063327 0.0173071 0.0361846 0.1385232 0.0000000 0.0062160 0.0082558 0.6870541 0.0063562 0.0000000 0.0120497 0.0000000 0.0000000 0.0000000 0.0000000 0.0247674 0.0273793 0.0000000 0.0000000 0.0000000 0.0295738
 36 T  36 0.0927215 0.0094216 0.0306601 0.0546747 0.0232889 0.0070325 0.0152038 0.0096630 0.0097971 0.0000000 0.0045781 0.0000000 0.0385678 0.0149395 0.0000000 0.4161303 0.1793753 0.0000000 0.0190871 0.0376304 0.0372283
 37 I  37 0.0969841 0.0193184 0.0052531 0.0092533 0.0039685 0.0076651 0.0000000 0.0199343 0.0000000 0.0676615 0.0170819 0.0296407 0.1048409 0.0640660 0.3124227 0.0502047 0.0349397 0.0059206 0.0313098 0.0743741 0.0451606
 38 V  38 0.0313120 0.0182579 0.0000000 0.0000000 0.0000000 0.0261633 0.0056471 0.0000000 0.0149395 0.0537095 0.0665861 0.0167218 0.0518390 0.0498123 0.0210188 0.0111898 0.0118631 0.0082558 0.0000000 0.5555985 0.0570855
 39 T  39 0.0256253 0.0000000 0.0000000 0.0000000 0.0000000 0.0000000 0.0000000 0.0124339 0.0038562 0.0566747 0.0272137 0.0000000 0.0000000 0.0000000 0.1829306 0.0456869 0.5895053 0.0000000 0.0062160 0.0067603 0.0430971
 40 M  40 0.1162904 0.0629368 0.0000000 0.0525753 0.0060623 0.0466718 0.0438436 0.0210869 0.0095768 0.0000000 0.0884869 0.0814828 0.1363696 0.0150780 0.1393163 0.0182402 0.1035482 0.0000000 0.0153370 0.0000000 0.0430971
 41 E  41 0.0082558 0.0000000 0.0476380 0.6551154 0.0000000 0.0000000 0.1010104 0.0876215 0.0000000 0.0201808 0.0000000 0.0075550 0.0000000 0.0000000 0.0000000 0.0000000 0.0000000 0.0000000 0.0000000 0.0295259 0.0430971
 42 Y  42 0.0040206 0.0000000 0.0244954 0.0000000 0.0059206 0.0000000 0.0047071 0.0000000 0.0281081 0.0321531 0.1115114 0.0000000 0.0141744 0.4834627 0.0000000 0.0000000 0.0094216 0.0061880 0.2179037 0.0170841 0.0408492
 43 R  43 0.0000000 0.4340933 0.1746541 0.1234841 0.0504001 0.0287839 0.0000000 0.0032650 0.0065331 0.0184929 0.0116467 0.0160296 0.0000000 0.0082558 0.0000000 0.0434383 0.0000000 0.0043319 0.0030791 0.0326630 0.0408492
 44 I  44 0.0579270 0.0076108 0.0100658 0.0347294 0.3177694 0.0048079 0.0521504 0.0106136 0.0000000 0.0326064 0.0187316 0.0149395 0.0167827 0.0469807 0.1863451 0.0590720 0.0607839 0.0000000 0.0231151 0.0041196 0.0408492
 45 D  45 0.0092533 0.0159253 0.2682889 0.3035058 0.0051960 0.0195576 0.0349903 0.0295426 0.0773525 0.0000000 0.0228286 0.0709881 0.0043999 0.0098968 0.0000000 0.0293441 0.0329990 0.0000000 0.0078708 0.0000000 0.0580605
 46 R  46 0.0000000 0.9419395 0.0000000 0.0000000 0.0000000 0.0000000 0.0000000 0.0000000 0.0000000 0.0000000 0.0000000 0.0000000 0.0000000 0.0000000 0.0000000 0.0000000 0.0000000 0.0000000 0.0000000 0.0000000 0.0580605
 47 V  47 0.0000000 0.0000000 0.0000000 0.0000000 0.0000000 0.0000000 0.0000000 0.0000000 0.0000000 0.0225680 0.0000000 0.0000000 0.0000000 0.0000000 0.0000000 0.0000000 0.0000000 0.0000000 0.0000000 0.9193715 0.0580605
 48 R  48 0.0191160 0.5913045 0.0000000 0.0000000 0.0350179 0.0000000 0.0000000 0.0000000 0.0000000 0.0606101 0.0205119 0.0000000 0.0000000 0.0587962 0.0000000 0.0000000 0.0000000 0.0873597 0.0296158 0.0330116 0.0646563
 49 I  49 0.0000000 0.0000000 0.0000000 0.0000000 0.0000000 0.0000000 0.0000000 0.0000000 0.0000000 0.2362424 0.2573882 0.0000000 0.0000000 0.0000000 0.0000000 0.0000000 0.0000000 0.0000000 0.0000000 0.4417131 0.0646563
 50 F  50 0.0152633 0.0108025 0.0000000 0.0149395 0.0000000 0.0000000 0.0000000 0.0000000 0.0125674 0.0401339 0.0439775 0.0000000 0.0059387 0.4648398 0.0158997 0.0075869 0.0000000 0.1418943 0.1152831 0.0528129 0.0580605
 51 V  51 0.0050294 0.0000000 0.0059206 0.0580289 0.0000000 0.0000000 0.0000000 0.0061192 0.0232285 0.0978973 0.0471713 0.0081490 0.0034670 0.0458643 0.0000000 0.0076651 0.0184100 0.0000000 0.0558919 0.5566629 0.0604945
 52 D  52 0.0000000 0.0000000 0.2668812 0.5769663 0.0085957 0.0000000 0.0219059 0.0205775 0.0091285 0.0000000 0.0000000 0.0000000 0.0000000 0.0000000 0.0000000 0.0000000 0.0222109 0.0000000 0.0000000 0.0000000 0.0737341
 53 K  53 0.0866063 0.0329453 0.0227761 0.0963892 0.0157528 0.0254976 0.1419163 0.0309833 0.0000000 0.0418179 0.0413032 0.1080329 0.0000000 0.0073002 0.0727361 0.0995505 0.0125559 0.0063795 0.0000000 0.0083916 0.1490652
 54 L  54 0.0308031 0.0195832 0.2221104 0.1112922 0.0077502 0.0225644 0.0517855 0.0731413 0.0179463 0.0122026 0.1190742 0.0265414 0.0000000 0.0078387 0.0057725 0.0951076 0.0078855 0.0000000 0.0096731 0.0098627 0.1490652
 55 D  55 0.0182698 0.0464857 0.1172172 0.1132367 0.0000000 0.0152357 0.0216607 0.3575883 0.0146447 0.0092533 0.0510970 0.0000000 0.0000000 0.0062686 0.0124339 0.0212417 0.0510981 0.0000000 0.0000000 0.0000000 0.1442688
 56 N  56 0.0147170 0.0319445 0.0624965 0.0111284 0.0000000 0.0081436 0.0000000 0.0053272 0.0000000 0.2945703 0.0467357 0.1286563 0.0000000 0.0157171 0.0407973 0.0040223 0.1288232 0.0000000 0.0121084 0.1270581 0.0677542
 57 I  57 0.0090473 0.0000000 0.0000000 0.0000000 0.0000000 0.0000000 0.0000000 0.0000000 0.0000000 0.0590636 0.0152738 0.0000000 0.0000000 0.0000000 0.0000000 0.0000000 0.0000000 0.0000000 0.0000000 0.8488612 0.0677542
 58 A  58 0.2169226 0.0036451 0.0221779 0.0000000 0.0000000 0.0199755 0.0048079 0.0065331 0.0000000 0.0429364 0.0223465 0.0211793 0.0054629 0.0115031 0.0000000 0.0636856 0.1374166 0.0000000 0.0156322 0.3298722 0.0759032
 59 Q  59 0.0270467 0.2752283 0.0412716 0.0334760 0.0000000 0.1747658 0.0930667 0.0123270 0.0322985 0.0098653 0.0048260 0.0950351 0.0054722 0.0112588 0.0000000 0.0713893 0.0095906 0.0000000 0.0169405 0.0145861 0.0715555
 60 V  60 0.0604177 0.0085957 0.0109865 0.0000000 0.0056412 0.0000000 0.0183424 0.0000000 0.0000000 0.1259411 0.0091958 0.0000000 0.0194622 0.0091395 0.0739589 0.0000000 0.3391913 0.0000000 0.0000000 0.2416295 0.0774982
 61 P  61 0.0081607 0.0000000 0.0000000 0.0000000 0.0000000 0.0000000 0.0000000 0.0000000 0.0000000 0.0000000 0.0000000 0.0000000 0.0000000 0.0000000 0.9052127 0.0091285 0.0000000 0.0000000 0.0000000 0.0000000 0.0774982
 62 R  62 0.0358687 0.1733108 0.0000000 0.0000000 0.0000000 0.0226974 0.0000000 0.0199940 0.0854578 0.0517006 0.0000000 0.1249845 0.0353677 0.0054629 0.0081607 0.0733817 0.1023230 0.0000000 0.0000000 0.1837921 0.0774982
 63 V  63 0.0242646 0.0268360 0.0000000 0.0000000 0.0098968 0.0000000 0.0000000 0.0000000 0.0000000 0.3888019 0.0000000 0.0000000 0.0136797 0.0000000 0.0000000 0.0082546 0.0049598 0.0000000 0.0000000 0.4395464 0.0837602
 64 G  64 0.0000000 0.0000000 0.0000000 0.0000000 0.0000000 0.0000000 0.0000000 0.8265929 0.0000000 0.0000000 0.0000000 0.0000000 0.0000000 0.0000000 0.0000000 0.0000000 0.0000000 0.0000000 0.0000000 0.0000000 0.1734071
