   64         A         R         N         D         C         Q         E         G         H         I         L         K         M         F         P         S         T         W         Y         V    
  1 M   1 0.0000000 0.0000000 0.0000000 0.0000000 0.0000000 0.0000000 0.0000000 0.0000000 0.0000000 0.0760111 0.2794339 0.0000000 0.2803680 0.0000000 0.0000000 0.0000000 0.2177907 0.0000000 0.0000000 0.1463963
  2 K   2 0.0000000 0.0840764 0.0000000 0.0000000 0.0000000 0.0335709 0.0000000 0.0000000 0.0000000 0.0000000 0.0000000 0.8823526 0.0000000 0.0000000 0.0000000 0.0000000 0.0000000 0.0000000 0.0000000 0.0000000
  3 T   3 0.0094086 0.0406007 0.0454875 0.0291076 0.0000000 0.1371017 0.0217428 0.0000000 0.0000000 0.0000000 0.0196667 0.0630149 0.0174908 0.0036125 0.0000000 0.2578317 0.3085356 0.0000000 0.0096386 0.0367603
  4 E   4 0.0652108 0.0446409 0.0296354 0.0109074 0.0074112 0.0112049 0.1113689 0.0000000 0.0083368 0.0000000 0.0000000 0.0072121 0.0053963 0.0063367 0.0104901 0.6078176 0.0740308 0.0000000 0.0000000 0.0000000
  5 W   5 0.0000000 0.0000000 0.0000000 0.0000000 0.0000000 0.0000000 0.0000000 0.0000000 0.0000000 0.0000000 0.0000000 0.0000000 0.0000000 0.0202806 0.0000000 0.0000000 0.0000000 0.9797194 0.0000000 0.0000000
  6 P   6 0.0158035 0.0000000 0.0000000 0.0000000 0.0000000 0.0000000 0.0000000 0.0000000 0.0000000 0.0000000 0.0000000 0.0168408 0.0000000 0.0000000 0.9444421 0.0229136 0.0000000 0.0000000 0.0000000 0.0000000
  7 E   7 0.0000000 0.0000000 0.0095643 0.0461629 0.0000000 0.0195560 0.9076777 0.0106556 0.0063835 0.0000000 0.0000000 0.0000000 0.0000000 0.0000000 0.0000000 0.0000000 0.0000000 0.0000000 0.0000000 0.0000000
  8 L   8 0.0101940 0.0000000 0.0000000 0.0000000 0.0370766 0.0000000 0.0000000 0.0000000 0.0000000 0.0095330 0.6936862 0.0000000 0.0340351 0.0069279 0.0000000 0.0000000 0.0000000 0.0000000 0.0000000 0.2085472
  9 V   9 0.0251412 0.0049950 0.0101961 0.0000000 0.0053195 0.0077932 0.0042566 0.0000000 0.0000000 0.0651776 0.0974557 0.0410030 0.0000000 0.0000000 0.0000000 0.0000000 0.0192540 0.0000000 0.0000000 0.7194081
 10 G  10 0.0000000 0.0061494 0.0000000 0.0000000 0.0062590 0.0000000 0.0000000 0.9732000 0.0000000 0.0000000 0.0000000 0.0000000 0.0000000 0.0000000 0.0000000 0.0143916 0.0000000 0.0000000 0.0000000 0.0000000
 11 K  11 0.0622428 0.0296525 0.0053021 0.0000000 0.0141640 0.0000000 0.0442808 0.0000000 0.0000000 0.0274189 0.0933751 0.2090553 0.0694418 0.0095330 0.0000000 0.0337007 0.0831368 0.0818726 0.0000000 0.2368237
 12 S  12 0.0091092 0.0325715 0.1148969 0.0995281 0.0106396 0.0377415 0.0231154 0.0063626 0.0351039 0.0000000 0.0180293 0.0431719 0.0143758 0.0075043 0.1636243 0.1754025 0.1683234 0.0000000 0.0144578 0.0260420
 13 V  13 0.2922057 0.0127819 0.0000000 0.0000000 0.0163349 0.0137348 0.0185184 0.2972878 0.0000000 0.0697572 0.0103099 0.0040623 0.0449021 0.0187982 0.0000000 0.0089617 0.0429196 0.0000000 0.0391698 0.1102558
 14 E  14 0.0203412 0.0277299 0.0080803 0.1051404 0.0000000 0.0250583 0.3687490 0.0080249 0.0127819 0.0052526 0.0796300 0.1044317 0.0176916 0.0281136 0.0088989 0.0245191 0.0853374 0.0000000 0.0083084 0.0619107
 15 E  15 0.0885893 0.0000000 0.0260420 0.0684364 0.0037943 0.0619190 0.3488787 0.0000000 0.0175213 0.0109375 0.0802463 0.0449799 0.0047189 0.0128104 0.0222997 0.0078856 0.0245869 0.0000000 0.0654112 0.1109427
 16 A  16 0.9456463 0.0000000 0.0000000 0.0000000 0.0116221 0.0000000 0.0000000 0.0163349 0.0000000 0.0000000 0.0000000 0.0000000 0.0000000 0.0000000 0.0000000 0.0000000 0.0000000 0.0000000 0.0000000 0.0263967
 17 K  17 0.1985796 0.0675831 0.0000000 0.0000000 0.0000000 0.0000000 0.0906353 0.0120771 0.0000000 0.0293654 0.0000000 0.3690206 0.0412986 0.0000000 0.0000000 0.0121025 0.0260769 0.0000000 0.0137348 0.1395263
 18 K  18 0.2138361 0.0655218 0.0164923 0.0240510 0.0000000 0.0530856 0.1827757 0.0382535 0.0083453 0.0096248 0.0294094 0.1445709 0.0297650 0.0423901 0.0264916 0.0182896 0.0806398 0.0000000 0.0000000 0.0164574
 19 V  19 0.0373533 0.0219628 0.0000000 0.0000000 0.0000000 0.0572941 0.0000000 0.0000000 0.0057558 0.2571484 0.0259382 0.1761304 0.0167857 0.0000000 0.0000000 0.0309093 0.1776240 0.0116221 0.0202142 0.1612618
 20 I  20 0.0000000 0.0000000 0.0000000 0.0000000 0.0000000 0.0000000 0.0000000 0.0000000 0.0000000 0.9356916 0.0144322 0.0000000 0.0000000 0.0257524 0.0000000 0.0000000 0.0000000 0.0000000 0.0000000 0.0241238
 21 L  21 0.0220752 0.0123182 0.0362688 0.0171521 0.0000000 0.0661513 0.2831852 0.0105327 0.0150319 0.0134125 0.1847611 0.2285355 0.0306495 0.0000000 0.0000000 0.0183149 0.0421226 0.0120771 0.0000000 0.0074112
 22 Q  22 0.0826970 0.2166791 0.0129574 0.0345964 0.0032079 0.0533501 0.1005914 0.0434908 0.0561785 0.0071463 0.0202142 0.2181426 0.0000000 0.0120771 0.0000000 0.0978546 0.0408167 0.0000000 0.0000000 0.0000000
 23 D  23 0.0168554 0.0000000 0.0000000 0.4046783 0.0000000 0.0216152 0.5267063 0.0000000 0.0202981 0.0000000 0.0000000 0.0000000 0.0000000 0.0000000 0.0000000 0.0098467 0.0000000 0.0000000 0.0000000 0.0000000
 24 K  24 0.0000000 0.2813789 0.3875508 0.0222280 0.0204215 0.0000000 0.0000000 0.0056131 0.0000000 0.0041576 0.0077909 0.1211229 0.0938390 0.0000000 0.0000000 0.0000000 0.0000000 0.0000000 0.0558973 0.0000000
 25 P  25 0.0346594 0.0281943 0.0086419 0.0047866 0.0000000 0.0221022 0.0269613 0.0042958 0.0082214 0.0000000 0.0423307 0.0083182 0.0066349 0.0000000 0.6770889 0.0809870 0.0423395 0.0000000 0.0000000 0.0044380
 26 E  26 0.0109240 0.0447226 0.1052635 0.3365984 0.0029055 0.0340899 0.0768682 0.1214463 0.0174961 0.0151325 0.0714414 0.0671528 0.0000000 0.0042923 0.0000000 0.0541295 0.0092620 0.0000000 0.0282747 0.0000000
 27 A  27 0.1749316 0.0076783 0.0000000 0.0000000 0.0189325 0.0000000 0.0000000 0.0195920 0.0000000 0.0601290 0.1446971 0.0000000 0.0053925 0.0066586 0.0000000 0.0128350 0.0000000 0.0000000 0.0202981 0.5288552
 28 Q  28 0.0410954 0.0868861 0.1454662 0.1597244 0.0000000 0.0846067 0.0786000 0.0069896 0.0474276 0.0236694 0.0187307 0.0909297 0.0102049 0.0059206 0.0000000 0.0405923 0.1149271 0.0000000 0.0051689 0.0390605
 29 I  29 0.2043457 0.0000000 0.0137493 0.0000000 0.0000000 0.0000000 0.0000000 0.0066145 0.0000000 0.3224997 0.0153287 0.0000000 0.0000000 0.0113820 0.0074114 0.0083172 0.0254897 0.0000000 0.0000000 0.3848617
 30 I  30 0.0324752 0.0385539 0.0179683 0.0212963 0.0000000 0.1432322 0.1678856 0.0068982 0.0148352 0.1715849 0.0339533 0.0507477 0.0000000 0.0239703 0.0227942 0.0062891 0.0239384 0.0000000 0.0420029 0.1815744
 31 V  31 0.0047694 0.0000000 0.0000000 0.0000000 0.0000000 0.0000000 0.0000000 0.0000000 0.0109209 0.2349729 0.0816577 0.0168035 0.0138521 0.1007079 0.0037303 0.0075355 0.0256214 0.0000000 0.0336572 0.4657710
 32 L  32 0.0000000 0.0079533 0.0000000 0.0000000 0.0053920 0.0071096 0.0000000 0.0261449 0.0443432 0.1274453 0.3758630 0.0083172 0.0234551 0.0249521 0.0000000 0.0119366 0.0000000 0.0074114 0.0494353 0.2802409
 33 P  33 0.0173100 0.0378089 0.0000000 0.0000000 0.0000000 0.0140769 0.0166966 0.0201828 0.0151716 0.0000000 0.1404195 0.0787926 0.0084885 0.0265250 0.5189123 0.0472417 0.0406377 0.0000000 0.0000000 0.0177357
 34 V  34 0.0692222 0.0133628 0.0572273 0.0750722 0.0000000 0.0466842 0.2675621 0.0000000 0.0088323 0.0216345 0.0470271 0.0767891 0.0032761 0.0041128 0.1147888 0.0051067 0.0127623 0.0085128 0.0090388 0.1589879
 35 G  35 0.0044304 0.0181755 0.0391752 0.1542138 0.0000000 0.0070215 0.0091519 0.6907559 0.0071353 0.0000000 0.0133937 0.0000000 0.0000000 0.0000000 0.0000000 0.0275248 0.0290220 0.0000000 0.0000000 0.0000000
 36 T  36 0.1052017 0.0098496 0.0341606 0.0617130 0.0257560 0.0074545 0.0169299 0.0100837 0.0108570 0.0000000 0.0051609 0.0000000 0.0406546 0.0164473 0.0000000 0.3990462 0.1932564 0.0000000 0.0212167 0.0422119
 37 I  37 0.0726240 0.0210072 0.0042463 0.0102765 0.0044950 0.0085243 0.0000000 0.0217230 0.0000000 0.0676199 0.0192682 0.0311113 0.1190528 0.0722034 0.3252506 0.0570758 0.0388933 0.0065697 0.0353568 0.0847018
 38 V  38 0.0341667 0.0204650 0.0000000 0.0000000 0.0000000 0.0304043 0.0060141 0.0000000 0.0166106 0.0533535 0.0733681 0.0181078 0.0581396 0.0224683 0.0222525 0.0129977 0.0129664 0.0092629 0.0000000 0.6094226
 39 T  39 0.0156031 0.0000000 0.0000000 0.0000000 0.0000000 0.0000000 0.0000000 0.0139081 0.0041716 0.0611115 0.0304480 0.0000000 0.0000000 0.0000000 0.2045464 0.0497229 0.6057956 0.0000000 0.0070770 0.0076159
 40 M  40 0.1304962 0.0688137 0.0000000 0.0256857 0.0067147 0.0479118 0.0487950 0.0239838 0.0107775 0.0000000 0.1023346 0.0826773 0.1472433 0.0169428 0.1410659 0.0203525 0.1156979 0.0000000 0.0105071 0.0000000
 41 E  41 0.0092241 0.0000000 0.0541700 0.6780490 0.0000000 0.0000000 0.1086023 0.0882586 0.0000000 0.0227813 0.0000000 0.0085152 0.0000000 0.0000000 0.0000000 0.0000000 0.0000000 0.0000000 0.0000000 0.0303995
 42 Y  42 0.0044831 0.0000000 0.0274798 0.0000000 0.0065081 0.0000000 0.0053500 0.0000000 0.0314796 0.0301889 0.0929786 0.0000000 0.0168818 0.5191864 0.0000000 0.0000000 0.0098383 0.0068594 0.2298639 0.0189021
 43 R  43 0.0000000 0.4432638 0.1891933 0.1226324 0.0563524 0.0307736 0.0000000 0.0034674 0.0071872 0.0200209 0.0118546 0.0167303 0.0000000 0.0091613 0.0000000 0.0446583 0.0000000 0.0047941 0.0034452 0.0364651
 44 I  44 0.0646058 0.0081124 0.0112861 0.0246418 0.3405685 0.0053748 0.0585785 0.0119000 0.0000000 0.0362289 0.0196237 0.0164284 0.0177997 0.0475125 0.2041075 0.0324005 0.0692231 0.0000000 0.0274067 0.0042012
 45 D  45 0.0102591 0.0163132 0.3016306 0.3314020 0.0058906 0.0212469 0.0387899 0.0333317 0.0435562 0.0000000 0.0239599 0.0779087 0.0049521 0.0110570 0.0000000 0.0335498 0.0373223 0.0000000 0.0088300 0.0000000
 46 R  46 0.0000000 1.0000000 0.0000000 0.0000000 0.0000000 0.0000000 0.0000000 0.0000000 0.0000000 0.0000000 0.0000000 0.0000000 0.0000000 0.0000000 0.0000000 0.0000000 0.0000000 0.0000000 0.0000000 0.0000000
 47 V  47 0.0000000 0.0000000 0.0000000 0.0000000 0.0000000 0.0000000 0.0000000 0.0000000 0.0000000 0.0277176 0.0000000 0.0000000 0.0000000 0.0000000 0.0000000 0.0000000 0.0000000 0.0000000 0.0000000 0.9722824
 48 R  48 0.0203245 0.6248060 0.0000000 0.0000000 0.0405392 0.0000000 0.0000000 0.0000000 0.0000000 0.0680119 0.0232604 0.0000000 0.0000000 0.0671863 0.0000000 0.0000000 0.0000000 0.0978748 0.0216946 0.0363023
 49 I  49 0.0000000 0.0000000 0.0000000 0.0000000 0.0000000 0.0000000 0.0000000 0.0000000 0.0000000 0.2679459 0.2419735 0.0000000 0.0000000 0.0000000 0.0000000 0.0000000 0.0000000 0.0000000 0.0000000 0.4900806
 50 F  50 0.0178478 0.0119251 0.0000000 0.0165560 0.0000000 0.0000000 0.0000000 0.0000000 0.0141513 0.0432353 0.0508817 0.0000000 0.0068331 0.4659761 0.0179570 0.0076059 0.0000000 0.1598829 0.1285878 0.0585600
 51 V  51 0.0056325 0.0000000 0.0065753 0.0308879 0.0000000 0.0000000 0.0000000 0.0068336 0.0259729 0.1097820 0.0414786 0.0079187 0.0039025 0.0514222 0.0000000 0.0085315 0.0206408 0.0000000 0.0628944 0.6175270
 52 D  52 0.0000000 0.0000000 0.2709453 0.6332733 0.0099298 0.0000000 0.0249615 0.0234269 0.0115173 0.0000000 0.0000000 0.0000000 0.0000000 0.0000000 0.0000000 0.0000000 0.0259459 0.0000000 0.0000000 0.0000000
 53 K  53 0.1060542 0.0323073 0.0284105 0.1172959 0.0194805 0.0319163 0.1601920 0.0384972 0.0000000 0.0510903 0.0153864 0.1388206 0.0000000 0.0090826 0.0948151 0.1231355 0.0149098 0.0079736 0.0000000 0.0106321
 54 L  54 0.0413472 0.0247979 0.2613513 0.1312196 0.0094308 0.0269274 0.0648401 0.0909511 0.0222426 0.0152555 0.1121318 0.0329822 0.0000000 0.0098490 0.0054511 0.1173502 0.0094035 0.0000000 0.0121602 0.0123085
 55 D  55 0.0222497 0.0579810 0.1427725 0.1068736 0.0000000 0.0184361 0.0262606 0.4271857 0.0170023 0.0113912 0.0519776 0.0000000 0.0000000 0.0075725 0.0154568 0.0264721 0.0683682 0.0000000 0.0000000 0.0000000
 56 N  56 0.0166309 0.0359139 0.0732857 0.0115609 0.0000000 0.0091360 0.0000000 0.0061854 0.0000000 0.2903780 0.0519571 0.1420505 0.0000000 0.0176087 0.0464498 0.0042868 0.1455398 0.0000000 0.0143752 0.1346411
 57 I  57 0.0108675 0.0000000 0.0000000 0.0000000 0.0000000 0.0000000 0.0000000 0.0000000 0.0000000 0.0671233 0.0171838 0.0000000 0.0000000 0.0000000 0.0000000 0.0000000 0.0000000 0.0000000 0.0000000 0.9048254
 58 A  58 0.2487501 0.0042568 0.0253146 0.0000000 0.0000000 0.0226263 0.0055123 0.0073711 0.0000000 0.0486455 0.0249249 0.0236990 0.0061775 0.0133031 0.0000000 0.0701172 0.1535505 0.0000000 0.0181902 0.3275611
 59 Q  59 0.0306567 0.3003854 0.0493578 0.0371101 0.0000000 0.1970242 0.0981731 0.0132049 0.0031923 0.0112544 0.0055052 0.1079374 0.0062739 0.0125396 0.0000000 0.0804589 0.0109391 0.0000000 0.0194058 0.0165813
 60 V  60 0.0699143 0.0099226 0.0126026 0.0000000 0.0059454 0.0000000 0.0214095 0.0000000 0.0000000 0.1402761 0.0105298 0.0000000 0.0223307 0.0105320 0.0869300 0.0000000 0.3339130 0.0000000 0.0000000 0.2756941
 61 P  61 0.0098601 0.0000000 0.0000000 0.0000000 0.0000000 0.0000000 0.0000000 0.0000000 0.0000000 0.0000000 0.0000000 0.0000000 0.0000000 0.0000000 0.9786310 0.0115088 0.0000000 0.0000000 0.0000000 0.0000000
 62 R  62 0.0409468 0.1908228 0.0000000 0.0000000 0.0000000 0.0260731 0.0000000 0.0211973 0.0987169 0.0582846 0.0000000 0.1090664 0.0400734 0.0061863 0.0098601 0.0839221 0.1175160 0.0000000 0.0000000 0.1973340
 63 V  63 0.0272639 0.0309547 0.0000000 0.0000000 0.0113469 0.0000000 0.0000000 0.0000000 0.0000000 0.4426327 0.0000000 0.0000000 0.0156743 0.0000000 0.0000000 0.0095936 0.0058763 0.0000000 0.0000000 0.4566576
 64 G  64 0.0000000 0.0000000 0.0000000 0.0000000 0.0000000 0.0000000 0.0000000 1.0000000 0.0000000 0.0000000 0.0000000 0.0000000 0.0000000 0.0000000 0.0000000 0.0000000 0.0000000 0.0000000 0.0000000 0.0000000
