  107         A         R         N         D         C         Q         E         G         H         I         L         K         M         F         P         S         T         W         Y         V    
  1 G   1 0.2281678 0.0000000 0.0000000 0.0000000 0.0000000 0.0000000 0.0000000 0.7718322 0.0000000 0.0000000 0.0000000 0.0000000 0.0000000 0.0000000 0.0000000 0.0000000 0.0000000 0.0000000 0.0000000 0.0000000
  2 A   2 0.3974785 0.0000000 0.0000000 0.0000000 0.0000000 0.0000000 0.0000000 0.1920299 0.0000000 0.0000000 0.0000000 0.0000000 0.0000000 0.0000000 0.0000000 0.2115850 0.1738753 0.0000000 0.0000000 0.0250313
  3 M   3 0.0974073 0.0000000 0.0265747 0.0000000 0.0000000 0.0000000 0.0000000 0.1988420 0.0000000 0.0087921 0.0093175 0.0129140 0.0131365 0.0000000 0.0211247 0.0204037 0.5766992 0.0000000 0.0000000 0.0147883
  4 D   4 0.0104658 0.0184374 0.1933549 0.0517557 0.0000000 0.0978937 0.2347307 0.0238381 0.0165545 0.0130989 0.0068482 0.0314243 0.0000000 0.0000000 0.0000000 0.1467079 0.1263102 0.0000000 0.0000000 0.0285797
  5 P   5 0.0399901 0.0286639 0.1777997 0.0096975 0.0000000 0.0336343 0.0000000 0.0000000 0.0000000 0.0109456 0.0153184 0.5224736 0.0000000 0.0055260 0.0119698 0.0922224 0.0452909 0.0000000 0.0000000 0.0064678
  6 E   6 0.0580069 0.0313530 0.0401523 0.0094463 0.0000000 0.0096964 0.0116597 0.0096947 0.0000000 0.0000000 0.0000000 0.7532065 0.0000000 0.0000000 0.0000000 0.0681777 0.0086067 0.0000000 0.0000000 0.0000000
  7 F   7 0.1377345 0.0536120 0.0090497 0.0000000 0.0000000 0.0098309 0.0000000 0.0335777 0.0179143 0.0297170 0.0101460 0.0404372 0.0069033 0.1775051 0.0282220 0.0633293 0.0278559 0.1002037 0.2160527 0.0379088
  8 A   8 0.2786875 0.0445763 0.0503268 0.0235853 0.0000000 0.0000000 0.0041809 0.1934265 0.0768454 0.0089786 0.0595726 0.0343358 0.0278735 0.0145692 0.0000000 0.1277237 0.0553180 0.0000000 0.0000000 0.0000000
  9 G   9 0.3468844 0.0000000 0.0000000 0.0000000 0.0000000 0.0266853 0.0268381 0.2338545 0.0051455 0.0079494 0.0000000 0.0438498 0.0000000 0.0000000 0.0165332 0.1456690 0.0788147 0.0000000 0.0000000 0.0677762
 10 G  10 0.1311959 0.0070403 0.1082729 0.0459258 0.0000000 0.0154300 0.0216974 0.5204068 0.0000000 0.0000000 0.0000000 0.0445726 0.0000000 0.0000000 0.0091001 0.0637068 0.0326514 0.0000000 0.0000000 0.0000000
 11 T  11 0.1272195 0.0098647 0.0239633 0.0000000 0.0000000 0.0970304 0.0055281 0.1491379 0.0000000 0.0000000 0.0338486 0.0141725 0.0095489 0.0000000 0.1622915 0.0985550 0.1837267 0.0000000 0.0165965 0.0685163
 12 E  12 0.0357585 0.0000000 0.3727874 0.1076254 0.0124238 0.0103795 0.2415342 0.0000000 0.0119416 0.0106676 0.0000000 0.0142863 0.0000000 0.0000000 0.0745660 0.0323992 0.0648748 0.0000000 0.0000000 0.0107559
 13 G  13 0.0649654 0.0517012 0.0000000 0.0000000 0.0000000 0.0157317 0.0133846 0.3301548 0.0797656 0.0282057 0.0000000 0.3115957 0.0000000 0.0000000 0.0061499 0.0470307 0.0269318 0.0000000 0.0000000 0.0243830
 14 Q  14 0.0901855 0.0632902 0.0106829 0.0000000 0.0000000 0.5182095 0.0294769 0.0043858 0.0184548 0.0219700 0.0663133 0.1116236 0.0118496 0.0000000 0.0085445 0.0226679 0.0073131 0.0000000 0.0000000 0.0150323
 15 R  15 0.0084286 0.2996913 0.2534270 0.0037977 0.0000000 0.0000000 0.0000000 0.0236581 0.2148311 0.0067303 0.0116753 0.0243761 0.0000000 0.0241634 0.0393659 0.0157658 0.0326563 0.0000000 0.0281581 0.0132751
 16 L  16 0.1665428 0.0523377 0.0034747 0.0000000 0.0000000 0.0102366 0.0073577 0.0000000 0.0064209 0.0852267 0.2520790 0.0137176 0.0961247 0.0105824 0.0056673 0.0368844 0.2251276 0.0000000 0.0000000 0.0282197
 17 T  17 0.3225607 0.1622163 0.0000000 0.0352891 0.0000000 0.0000000 0.0000000 0.0177323 0.0000000 0.0000000 0.0051347 0.1181418 0.0000000 0.0000000 0.0126300 0.0365688 0.2822894 0.0000000 0.0000000 0.0074370
 18 K  18 0.0083246 0.0749648 0.0152060 0.0090199 0.0000000 0.0000000 0.0158778 0.0045256 0.0000000 0.0000000 0.0090428 0.7556976 0.0979953 0.0000000 0.0000000 0.0045443 0.0000000 0.0000000 0.0000000 0.0048013
 19 V  19 0.0198441 0.0302786 0.0000000 0.0000000 0.0000000 0.0055468 0.0069946 0.0070710 0.0000000 0.1641287 0.5042767 0.0201595 0.0000000 0.0364312 0.0110588 0.0000000 0.0000000 0.0000000 0.0131385 0.1810715
 20 D  20 0.0284084 0.0000000 0.0000000 0.6657392 0.0000000 0.0000000 0.2057155 0.0080599 0.0000000 0.0000000 0.0078687 0.0102038 0.0064947 0.0000000 0.0135505 0.0168364 0.0194395 0.0000000 0.0000000 0.0176835
 21 R  21 0.0599582 0.3964741 0.0767595 0.0536566 0.0000000 0.0431362 0.2569402 0.0138335 0.0000000 0.0000000 0.0045872 0.0000000 0.0000000 0.0000000 0.0369481 0.0219243 0.0079000 0.0056530 0.0222292 0.0000000
 22 S  22 0.0484472 0.0026689 0.0110756 0.1587944 0.0000000 0.0141031 0.4062789 0.0206558 0.0000000 0.0000000 0.0116389 0.0169888 0.0661341 0.0072990 0.0000000 0.1371311 0.0635742 0.0051876 0.0084885 0.0215338
 23 D  23 0.0129239 0.0108938 0.1015778 0.3158091 0.0000000 0.0038955 0.0393160 0.0000000 0.0051361 0.0213828 0.0280542 0.0180011 0.0110200 0.0051105 0.0124554 0.0082715 0.3796116 0.0000000 0.0103870 0.0161535
 24 D  24 0.0361433 0.0187863 0.0183753 0.2326033 0.0000000 0.0059813 0.5426230 0.0646128 0.0078565 0.0168370 0.0085860 0.0097004 0.0000000 0.0122399 0.0000000 0.0035993 0.0130406 0.0000000 0.0000000 0.0090149
 25 I  25 0.0353426 0.0075825 0.0744503 0.0812688 0.0102231 0.0062834 0.2105959 0.0000000 0.0182018 0.2074500 0.0141981 0.0158035 0.0052539 0.0136439 0.0832540 0.0226168 0.0526255 0.0000000 0.0104722 0.1307338
 26 I  26 0.1394953 0.0063545 0.0000000 0.0071857 0.0000000 0.0056617 0.0202122 0.0215534 0.0039803 0.0777428 0.2696050 0.0523922 0.0000000 0.1023976 0.0174987 0.0219720 0.0133511 0.0000000 0.0660025 0.1745951
 27 K  27 0.1433019 0.0548455 0.0000000 0.0059814 0.0000000 0.0324383 0.0612295 0.0124674 0.1229847 0.0035650 0.0000000 0.3211435 0.0117368 0.0000000 0.1294220 0.0175987 0.0570885 0.0000000 0.0073539 0.0188430
 28 P  28 0.0151515 0.0444447 0.0168917 0.0045199 0.0000000 0.0074490 0.0278580 0.0052772 0.2650889 0.0690517 0.0845823 0.0109073 0.0396599 0.0119288 0.2438198 0.0054084 0.0364262 0.0000000 0.0090979 0.1024369
 29 K  29 0.0734415 0.0167053 0.0386170 0.1581756 0.0000000 0.0553329 0.2242411 0.0302331 0.0048413 0.0092221 0.0132336 0.2187220 0.0044756 0.0032144 0.0718116 0.0282786 0.0201488 0.0000000 0.0260162 0.0032893
 30 T  30 0.0201189 0.2065332 0.0097267 0.0188111 0.0000000 0.0238241 0.1651731 0.0225252 0.0162481 0.0246539 0.0040871 0.2298943 0.0021829 0.0000000 0.0153393 0.0570330 0.1647061 0.0000000 0.0000000 0.0191430
 31 V  31 0.0044340 0.0000000 0.0140895 0.0021681 0.0056790 0.0000000 0.0061551 0.0404064 0.0000000 0.1261358 0.2007569 0.0074999 0.0022984 0.0173954 0.0096401 0.0253524 0.0136852 0.0024046 0.0062833 0.5156159
 32 G  32 0.0852471 0.0097821 0.0681160 0.1407168 0.0029184 0.0131065 0.0250208 0.1333698 0.0038665 0.0257956 0.0112287 0.0471671 0.0055393 0.0015663 0.1300644 0.1554192 0.0559335 0.0000000 0.0035591 0.0815829
 33 K  33 0.0589682 0.0215266 0.0234091 0.0510584 0.0000000 0.0188868 0.0752853 0.0237966 0.0286800 0.0393817 0.1263436 0.0824871 0.1708802 0.0145044 0.1066538 0.0535396 0.0582988 0.0000000 0.0084268 0.0378729
 34 E  34 0.0371727 0.0088455 0.0727503 0.2230576 0.0000000 0.0322347 0.2902773 0.0151328 0.0387342 0.0069638 0.0053295 0.0394627 0.0000000 0.0042818 0.0058590 0.1533375 0.0412805 0.0000000 0.0080098 0.0172704
 35 V  35 0.0000000 0.0000000 0.0000000 0.0000000 0.0000000 0.0039996 0.0000000 0.0034792 0.0000000 0.1471625 0.2262427 0.0000000 0.0169635 0.1681709 0.0159870 0.0026428 0.0181721 0.0000000 0.0859100 0.3112698
 36 G  36 0.1132423 0.0782244 0.0282021 0.0329400 0.0105776 0.0074533 0.0141244 0.5575066 0.0047271 0.0000000 0.0000000 0.0595871 0.0027961 0.0000000 0.0141201 0.0723575 0.0000000 0.0000000 0.0041413 0.0000000
 37 K  37 0.0625603 0.0920434 0.0455296 0.0798835 0.0023578 0.1046440 0.1432881 0.0023577 0.0161781 0.0116706 0.0557556 0.2808543 0.0204618 0.0042165 0.0027611 0.0326854 0.0293488 0.0000000 0.0014000 0.0120035
 38 A  38 0.2190526 0.1614393 0.0499786 0.0054223 0.0000000 0.0417326 0.0085223 0.0086455 0.0038594 0.0417898 0.1251545 0.1124081 0.0202395 0.0408652 0.0000000 0.0205948 0.0491923 0.0000000 0.0191320 0.0719711
 39 I  39 0.0083085 0.0000000 0.0000000 0.0000000 0.0000000 0.0025169 0.0058754 0.0000000 0.0000000 0.6912088 0.1750264 0.0000000 0.0215816 0.0000000 0.0000000 0.0040142 0.0150427 0.0000000 0.0000000 0.0764255
 40 E  40 0.0725956 0.2013991 0.0034750 0.0000000 0.0053573 0.2442124 0.0223414 0.0084950 0.0026366 0.0195470 0.0319228 0.1993847 0.0758304 0.0037569 0.0000000 0.0561526 0.0140619 0.0000000 0.0179214 0.0209100
 41 Q  41 0.0407426 0.0593827 0.0363636 0.0359954 0.0000000 0.3005930 0.1101100 0.0126201 0.0151191 0.0130247 0.0284061 0.2225358 0.0042415 0.0066130 0.0065416 0.0416408 0.0448582 0.0000000 0.0116265 0.0095854
 42 G  42 0.3989027 0.0409824 0.0110855 0.0000000 0.0147250 0.0194664 0.0111759 0.1032807 0.0104141 0.0267582 0.2212152 0.0180119 0.0109446 0.0258951 0.0000000 0.0151755 0.0164887 0.0096174 0.0378348 0.0080260
 43 R  43 0.0000000 0.9595901 0.0020606 0.0000000 0.0000000 0.0000000 0.0035944 0.0000000 0.0000000 0.0000000 0.0143565 0.0080319 0.0000000 0.0000000 0.0000000 0.0064266 0.0037718 0.0021682 0.0000000 0.0000000
 44 Q  44 0.0277667 0.0483005 0.0801281 0.0210654 0.0108147 0.2205902 0.2500453 0.0069868 0.0104340 0.0298425 0.0449620 0.0844608 0.0136433 0.0025550 0.0000000 0.0284234 0.1012724 0.0035413 0.0079259 0.0072416
 45 K  45 0.1196785 0.2894006 0.0546616 0.0383394 0.0000000 0.0675586 0.0599157 0.0170455 0.0102772 0.0158046 0.0782480 0.1291833 0.0163891 0.0116404 0.0000000 0.0440051 0.0319960 0.0021558 0.0024629 0.0112376
 46 F  46 0.0866243 0.0377483 0.0243006 0.0022053 0.0000000 0.0193382 0.0579292 0.0079381 0.0243404 0.0356660 0.2327502 0.2910580 0.0844650 0.0203593 0.0000000 0.0161877 0.0132452 0.0000000 0.0082480 0.0375963
 47 E  47 0.2313584 0.0163904 0.0164837 0.1047858 0.0000000 0.0612770 0.3468001 0.0640455 0.0026576 0.0043483 0.0000000 0.0454603 0.0026780 0.0000000 0.0021098 0.0741883 0.0158877 0.0000000 0.0049220 0.0066070
 48 P  48 0.0324442 0.1036097 0.0297993 0.0026413 0.0031147 0.0405898 0.0119380 0.0050744 0.0075975 0.0041744 0.0263078 0.6746739 0.0000000 0.0018426 0.0280547 0.0051727 0.0055958 0.0000000 0.0173692 0.0000000
 49 T  49 0.0015012 0.0148542 0.0962853 0.0032399 0.0000000 0.0183460 0.0277573 0.5625739 0.0259933 0.0000000 0.0010202 0.2133562 0.0040531 0.0015227 0.0000000 0.0144121 0.0136276 0.0000000 0.0014569 0.0000000
 50 M  50 0.0015341 0.0000000 0.0000000 0.0000000 0.0025082 0.0024563 0.0000000 0.0000000 0.0000000 0.0348595 0.4443449 0.0000000 0.2944664 0.0237616 0.0000000 0.0000000 0.0000000 0.1647224 0.0265363 0.0048102
 51 T  51 0.0038682 0.0020242 0.0284295 0.0061008 0.0000000 0.0000000 0.0060089 0.0000000 0.0000000 0.0000000 0.0018566 0.0111114 0.0000000 0.0000000 0.0000000 0.3115391 0.6290613 0.0000000 0.0000000 0.0000000
 52 Q  52 0.0013049 0.0521056 0.0000000 0.0017880 0.0000000 0.8821361 0.0000000 0.0000000 0.0033283 0.0076671 0.0241091 0.0055810 0.0033684 0.0000000 0.0027418 0.0012261 0.0070896 0.0000000 0.0000000 0.0075541
 53 A  53 0.1438895 0.0301592 0.0089252 0.0365502 0.0000000 0.0556265 0.2529004 0.0096229 0.0013900 0.0033117 0.0223943 0.3647053 0.0017290 0.0000000 0.0000000 0.0247695 0.0310392 0.0000000 0.0053191 0.0076681
 54 E  54 0.0391566 0.0044065 0.0065847 0.2932216 0.0000000 0.2329595 0.3651631 0.0043475 0.0020754 0.0009980 0.0019824 0.0082677 0.0071354 0.0000000 0.0000000 0.0082788 0.0126350 0.0000000 0.0008300 0.0119579
 55 L  55 0.0000000 0.0000000 0.0000000 0.0000000 0.0000000 0.0000000 0.0000000 0.0000000 0.0000000 0.0117433 0.8962772 0.0000000 0.0109141 0.0409303 0.0000000 0.0000000 0.0000000 0.0000000 0.0000000 0.0401350
 56 G  56 0.9064164 0.0000000 0.0000000 0.0000000 0.0027117 0.0000000 0.0000000 0.0672185 0.0000000 0.0000000 0.0000000 0.0000000 0.0000000 0.0000000 0.0000000 0.0185894 0.0000000 0.0000000 0.0000000 0.0050640
 57 K  57 0.0503412 0.0472107 0.0296343 0.0807709 0.0019541 0.1533543 0.1907858 0.0180826 0.0210330 0.0203684 0.0209911 0.1173930 0.0187467 0.0070553 0.0000000 0.0416858 0.1544809 0.0000000 0.0011142 0.0249976
 58 E  58 0.0791131 0.1602040 0.0021779 0.0030755 0.0014552 0.0741114 0.0545507 0.0019774 0.0135048 0.0238575 0.0943489 0.4034844 0.0429085 0.0023141 0.0007766 0.0137455 0.0069444 0.0045714 0.0080916 0.0087870
 59 I  59 0.0438130 0.0000000 0.0000000 0.0000000 0.0760621 0.0000000 0.0000000 0.0000000 0.0000000 0.3743137 0.2804091 0.0000000 0.0398415 0.0055102 0.0000000 0.0298954 0.0214394 0.0000000 0.0000000 0.1287156
 60 G  60 0.0117984 0.0085248 0.4266651 0.0161969 0.0197114 0.0154959 0.0045071 0.3069902 0.0425061 0.0000000 0.0047476 0.0294189 0.0067830 0.0329435 0.0000000 0.0182773 0.0048134 0.0008191 0.0498013 0.0000000
 61 E  61 0.0071612 0.0013323 0.0038696 0.0000000 0.0067101 0.0049701 0.3210240 0.0000000 0.0000000 0.1446228 0.0437214 0.0162266 0.0178500 0.0019539 0.0000000 0.0092938 0.0624874 0.0000000 0.0000000 0.3587766
 62 T  62 0.0081544 0.0596639 0.0326605 0.0211056 0.0000000 0.0067472 0.0065006 0.0100785 0.0065815 0.0000000 0.0000000 0.2925033 0.0000000 0.0000000 0.0267904 0.3095547 0.2040542 0.0000000 0.0056474 0.0099578
 63 A  63 0.0915762 0.2147231 0.0265358 0.0677526 0.0000000 0.1092731 0.0724950 0.0011191 0.0049702 0.0163438 0.0117131 0.0275001 0.0015196 0.0134262 0.2454873 0.0124447 0.0237372 0.0008883 0.0032803 0.0552144
 64 A  64 0.0486869 0.0306578 0.0418741 0.0093154 0.0000000 0.3520443 0.0176839 0.0172843 0.0113792 0.0085731 0.0043645 0.0997933 0.0026067 0.0000000 0.0174663 0.2606823 0.0715840 0.0000000 0.0000000 0.0060039
 65 T  65 0.2096941 0.0164739 0.0093917 0.0159666 0.0000000 0.0196027 0.0026354 0.0000000 0.0111119 0.0747640 0.0684658 0.0000000 0.0154607 0.0118215 0.0000000 0.0536419 0.1874852 0.0000000 0.0253061 0.2781785
 66 V  66 0.0000000 0.0000000 0.0000000 0.0000000 0.0000000 0.0000000 0.0000000 0.0000000 0.0000000 0.5317824 0.0739221 0.0000000 0.0000000 0.0000000 0.0000000 0.0000000 0.0000000 0.0000000 0.0062496 0.3880459
 67 A  67 0.1277468 0.0424661 0.1182540 0.0022660 0.0064990 0.1332501 0.0053315 0.0494785 0.0030216 0.0052380 0.0007934 0.0590597 0.0015964 0.0000000 0.0000000 0.4191891 0.0175182 0.0017316 0.0039386 0.0026215
 68 S  68 0.0399750 0.1217035 0.0650992 0.1793210 0.0000000 0.0334030 0.1482085 0.0050427 0.0026325 0.0000000 0.0041977 0.3308766 0.0040119 0.0025292 0.0011174 0.0438140 0.0088802 0.0000000 0.0091874 0.0000000
 69 Y  69 0.0033244 0.0000000 0.0000000 0.0000000 0.0000000 0.0000000 0.0000000 0.0000000 0.0000000 0.1625026 0.0548198 0.0000000 0.0073290 0.0435011 0.0000000 0.0000000 0.0000000 0.3137109 0.3784630 0.0363492
 70 E  70 0.0000000 0.0000000 0.0000000 0.0000000 0.0000000 0.0000000 0.9826362 0.0000000 0.0000000 0.0091936 0.0000000 0.0000000 0.0000000 0.0000000 0.0000000 0.0000000 0.0000000 0.0000000 0.0000000 0.0081702
 71 R  71 0.0817709 0.1936488 0.1869747 0.0033099 0.0144094 0.0291044 0.0047719 0.0143187 0.0098826 0.0008043 0.0186753 0.0558150 0.0031689 0.0000000 0.0000000 0.2779856 0.1033119 0.0000000 0.0000000 0.0020479
 72 G  72 0.0291842 0.0000000 0.0367824 0.0262288 0.0023884 0.0000000 0.0221206 0.8616067 0.0027578 0.0000000 0.0000000 0.0022661 0.0000000 0.0000000 0.0000000 0.0166650 0.0000000 0.0000000 0.0000000 0.0000000
 73 T  73 0.0402425 0.1913010 0.0428457 0.0633125 0.0007722 0.0474483 0.0843946 0.0124999 0.0053095 0.0218419 0.0397630 0.3056545 0.0054485 0.0044236 0.0000000 0.0424267 0.0685774 0.0010001 0.0031111 0.0196272
 74 A  74 0.3401878 0.0718902 0.0526878 0.0036003 0.0111007 0.0062125 0.0060435 0.0893669 0.0048974 0.0397858 0.0585756 0.0090236 0.0092162 0.0008252 0.0021137 0.1546133 0.0837385 0.0000000 0.0238752 0.0322460
 75 T  75 0.0426714 0.0260583 0.0392691 0.0043252 0.0319243 0.0220651 0.0433633 0.0017847 0.0063782 0.2326263 0.0786689 0.0318101 0.0470491 0.0230042 0.0274137 0.0378662 0.0914198 0.0000000 0.0826970 0.1296052
 76 P  76 0.0140120 0.0000000 0.0000000 0.0000000 0.0000000 0.0018342 0.0000000 0.0019880 0.0000000 0.0329462 0.0040200 0.0032505 0.0000000 0.0020064 0.9234379 0.0025292 0.0015737 0.0000000 0.0024728 0.0099291
 77 D  77 0.0082300 0.0185695 0.2561897 0.3351015 0.0000000 0.0027924 0.0577159 0.0241984 0.0061831 0.0000000 0.0000000 0.0178919 0.0000000 0.0000000 0.0148059 0.1727096 0.0724887 0.0000000 0.0040377 0.0090858
 78 Q  78 0.0295532 0.0025402 0.0500864 0.0561883 0.0000000 0.1913808 0.0252051 0.0267243 0.0016018 0.1972820 0.1563279 0.0151411 0.0233852 0.0103862 0.0595048 0.0249443 0.0303123 0.0000000 0.0118003 0.0876359
 79 N  79 0.0994961 0.0308629 0.0394299 0.1387033 0.0009199 0.1770657 0.1160630 0.0275213 0.0067198 0.0151865 0.0210201 0.0956463 0.0097762 0.0030811 0.0183140 0.1379623 0.0363864 0.0022225 0.0076927 0.0159302
 80 I  80 0.0200174 0.0256518 0.0413625 0.0052215 0.0000000 0.0216070 0.0000000 0.0024302 0.0021976 0.2102532 0.1669185 0.0330833 0.0317855 0.0196777 0.0079573 0.0422025 0.1300145 0.0000000 0.0071549 0.2324645
 81 L  81 0.0839007 0.0278499 0.0000000 0.0000000 0.0020382 0.0105276 0.0000000 0.0000000 0.0009589 0.1458802 0.6243225 0.0016253 0.0343501 0.0046870 0.0000000 0.0013573 0.0010247 0.0050921 0.0048093 0.0515765
 82 S  82 0.0955005 0.0655722 0.0195586 0.0119060 0.0017213 0.0439001 0.0510911 0.1292318 0.0058354 0.0884306 0.0906169 0.1103350 0.0130210 0.0207676 0.0476906 0.1129157 0.0235141 0.0048562 0.0151060 0.0484293
 83 K  83 0.0811424 0.1161361 0.0246206 0.0270402 0.0027462 0.0281843 0.0666419 0.0084812 0.0044749 0.0085443 0.0451364 0.5039193 0.0051769 0.0000000 0.0359322 0.0235993 0.0132643 0.0000000 0.0010650 0.0038945
 84 M  84 0.0054013 0.0000000 0.0000000 0.0000000 0.0000000 0.0000000 0.0000000 0.0000000 0.0000000 0.2698476 0.5424554 0.0000000 0.1491833 0.0159650 0.0000000 0.0000000 0.0026147 0.0000000 0.0023457 0.0121869
 85 E  85 0.3173270 0.0055754 0.0184626 0.0043482 0.0578939 0.0026000 0.3785887 0.0082774 0.0000000 0.0000000 0.0020014 0.0091597 0.0027003 0.0067064 0.0000000 0.1703615 0.0071811 0.0000000 0.0008954 0.0079210
 86 R  86 0.0211208 0.4131478 0.0476485 0.1147219 0.0000000 0.0378282 0.1050255 0.0068439 0.0189642 0.0091372 0.0036967 0.1808278 0.0009700 0.0023826 0.0000000 0.0262149 0.0087532 0.0000000 0.0000000 0.0027167
 87 V  87 0.3580625 0.0038807 0.0035105 0.0000000 0.0120597 0.0083359 0.0242799 0.0198094 0.0142713 0.1400809 0.0891277 0.0096173 0.0038627 0.0250969 0.0000000 0.0059818 0.0285121 0.0000000 0.0187629 0.2347478
 88 L  88 0.0035335 0.0000000 0.0000000 0.0000000 0.0072530 0.0000000 0.0000000 0.0000000 0.0000000 0.0429257 0.7214604 0.0000000 0.0088046 0.1735829 0.0019098 0.0000000 0.0040467 0.0000000 0.0309473 0.0055359
 89 N  89 0.0080242 0.0063452 0.1577867 0.1279702 0.0060108 0.0114506 0.0818954 0.5288767 0.0154046 0.0000000 0.0012722 0.0184525 0.0000000 0.0000000 0.0000000 0.0285214 0.0036403 0.0000000 0.0000000 0.0043491
 90 V  90 0.0265421 0.0000000 0.0000000 0.0000000 0.0081551 0.0038475 0.0000000 0.0043211 0.0000000 0.2757836 0.0501180 0.0169477 0.0275182 0.0000000 0.0000000 0.0039645 0.0466120 0.0000000 0.0000000 0.5361902
 91 K  91 0.0000000 0.0626817 0.0311504 0.0786752 0.0000000 0.0178095 0.0280989 0.0022637 0.0113147 0.0041458 0.0025277 0.3421542 0.0000000 0.0097210 0.0413365 0.2726198 0.0917720 0.0000000 0.0000000 0.0037288
 92 L  92 0.0041698 0.0036128 0.0000000 0.0000000 0.0000000 0.0000000 0.0000000 0.0000000 0.0000000 0.1280477 0.7834226 0.0000000 0.0044764 0.0055280 0.0000000 0.0024608 0.0045504 0.0000000 0.0027115 0.0610200
 93 R  93 0.0220496 0.5105184 0.0518979 0.1022994 0.0000000 0.0070661 0.0422334 0.0180585 0.0036672 0.0142198 0.0600112 0.0277728 0.0118042 0.0073065 0.0097254 0.0303942 0.0656451 0.0000000 0.0080587 0.0072717
 94 G  94 0.0196382 0.0000000 0.0063217 0.0292970 0.0000000 0.0167800 0.2209422 0.5612315 0.0071381 0.0035087 0.0050921 0.0426091 0.0034379 0.0128145 0.0015327 0.0156675 0.0179092 0.0094606 0.0072135 0.0194056
 95 A  95 0.0441768 0.0299099 0.0328920 0.0292218 0.0000000 0.0184129 0.0419221 0.0022793 0.0034659 0.0458578 0.2122402 0.3489685 0.0153456 0.0331241 0.0108608 0.0815987 0.0176212 0.0000000 0.0000000 0.0321024
 96 N  96 0.0205806 0.0059035 0.0898746 0.2607540 0.0000000 0.0118300 0.0645006 0.0332719 0.0000000 0.0695027 0.1885079 0.1277848 0.0137637 0.0066982 0.0040572 0.0130236 0.0207826 0.0000000 0.0086415 0.0605225
 97 I  97 0.0702331 0.0553970 0.0218826 0.0320668 0.0042340 0.0096113 0.0252575 0.0051759 0.0000000 0.3291975 0.0604964 0.1558512 0.0160613 0.0423618 0.0075884 0.0613471 0.0134749 0.0000000 0.0145362 0.0752271
 98 G  98 0.0120831 0.0117216 0.0201658 0.0350159 0.0024339 0.0000000 0.0389685 0.8090846 0.0093384 0.0074751 0.0061744 0.0041861 0.0041576 0.0038714 0.0040665 0.0177976 0.0087269 0.0000000 0.0027397 0.0019927
 99 A  99 0.0967759 0.0262597 0.0055718 0.1272969 0.0000000 0.1209649 0.2435368 0.0161192 0.0067859 0.0115742 0.0232884 0.1772947 0.0113358 0.0000000 0.0030734 0.0497421 0.0640407 0.0000000 0.0121130 0.0042266
100 P 100 0.0314207 0.0101515 0.0032801 0.0081600 0.0000000 0.0095746 0.1763695 0.0048442 0.0000000 0.0046732 0.0348678 0.0515707 0.0000000 0.0000000 0.6266315 0.0250193 0.0000000 0.0000000 0.0036505 0.0097864
101 R 101 0.0236448 0.0638042 0.0084086 0.0133944 0.0037967 0.0311320 0.0957112 0.0055621 0.0044101 0.0365690 0.3560501 0.1605039 0.0428226 0.0540249 0.0181831 0.0226378 0.0171424 0.0000000 0.0035815 0.0386204
102 L 102 0.0975832 0.0000000 0.0141052 0.0140621 0.0000000 0.0508151 0.1044082 0.1666544 0.0081506 0.0171323 0.0580624 0.0496064 0.0127556 0.1401640 0.0499883 0.0598175 0.0954193 0.0000000 0.0072738 0.0540016
103 G 103 0.1160074 0.0000000 0.0382279 0.0151512 0.0000000 0.0207053 0.0413235 0.2032892 0.0070777 0.0295229 0.0165571 0.0758613 0.0428099 0.0073152 0.2664510 0.0514523 0.0410705 0.0000000 0.0000000 0.0271777
104 P 104 0.0363230 0.0364337 0.0560509 0.0127086 0.0044448 0.0098136 0.0166019 0.0568873 0.0000000 0.0147840 0.0000000 0.2463996 0.0124894 0.0000000 0.3698939 0.0586220 0.0593511 0.0000000 0.0000000 0.0091963
105 K 105 0.0140396 0.0765932 0.0413407 0.0058264 0.0000000 0.0488033 0.0279315 0.0877440 0.0000000 0.0113903 0.0000000 0.4580785 0.0181749 0.0276040 0.0988716 0.0266431 0.0143775 0.0000000 0.0231192 0.0194623
106 K 106 0.0368026 0.0392469 0.0051508 0.0092211 0.0000000 0.0232266 0.0288591 0.0189637 0.0076608 0.0000000 0.0000000 0.6984686 0.0212979 0.0050995 0.0223858 0.0676612 0.0159553 0.0000000 0.0000000 0.0000000
107 K 107 0.0000000 0.0494871 0.0000000 0.0000000 0.0000000 0.0519199 0.0000000 0.0000000 0.0000000 0.0000000 0.0000000 0.8985930 0.0000000 0.0000000 0.0000000 0.0000000 0.0000000 0.0000000 0.0000000 0.0000000
