  107         A         R         N         D         C         Q         E         G         H         I         L         K         M         F         P         S         T         W         Y         V         X    
  1 G   1 0.0164354 0.0000000 0.0000000 0.0000000 0.0000000 0.0000000 0.0000000 0.0582356 0.0000000 0.0000000 0.0000000 0.0000000 0.0000000 0.0000000 0.0000000 0.0000000 0.0000000 0.0000000 0.0000000 0.0000000 0.9253290
  2 A   2 0.0671138 0.0000000 0.0000000 0.0000000 0.0000000 0.0000000 0.0000000 0.0315027 0.0000000 0.0000000 0.0000000 0.0000000 0.0000000 0.0000000 0.0000000 0.0367362 0.0284736 0.0000000 0.0000000 0.0043744 0.8317993
  3 M   3 0.0255697 0.0000000 0.0072338 0.0000000 0.0000000 0.0000000 0.0000000 0.0536654 0.0000000 0.0023646 0.0024805 0.0034089 0.0034358 0.0000000 0.0056544 0.0054049 0.1723166 0.0000000 0.0000000 0.0039545 0.7145109
  4 D   4 0.0029840 0.0053709 0.0529899 0.0145071 0.0000000 0.0270084 0.0681346 0.0074840 0.0045301 0.0037424 0.0019253 0.0088135 0.0000000 0.0000000 0.0000000 0.0462082 0.0454181 0.0000000 0.0000000 0.0112105 0.6996730
  5 P   5 0.0117485 0.0115880 0.0527329 0.0028287 0.0000000 0.0100382 0.0000000 0.0000000 0.0000000 0.0026364 0.0060528 0.1676779 0.0000000 0.0016229 0.0034358 0.0266785 0.0130072 0.0000000 0.0000000 0.0019136 0.6880386
  6 E   6 0.0176559 0.0094051 0.0137738 0.0028287 0.0000000 0.0029412 0.0034358 0.0028594 0.0000000 0.0000000 0.0000000 0.2458427 0.0000000 0.0000000 0.0000000 0.0200162 0.0025448 0.0000000 0.0000000 0.0000000 0.6786964
  7 F   7 0.0403993 0.0151567 0.0026515 0.0000000 0.0000000 0.0028932 0.0000000 0.0096312 0.0050982 0.0087992 0.0029840 0.0117229 0.0103823 0.0569048 0.0082192 0.0212305 0.0080950 0.0286963 0.0647380 0.0109402 0.6914575
  8 A   8 0.0850862 0.0131397 0.0148850 0.0069957 0.0000000 0.0000000 0.0012504 0.0579999 0.0228062 0.0026515 0.0175241 0.0098633 0.0166084 0.0041323 0.0000000 0.0366494 0.0212648 0.0000000 0.0000000 0.0000000 0.6891431
  9 G   9 0.1272661 0.0000000 0.0000000 0.0000000 0.0000000 0.0088992 0.0079783 0.0728169 0.0016195 0.0024888 0.0000000 0.0139920 0.0000000 0.0000000 0.0051133 0.0460482 0.0248131 0.0000000 0.0000000 0.0214119 0.6675527
 10 G  10 0.0466288 0.0022528 0.0343684 0.0145795 0.0000000 0.0067020 0.0070078 0.1792117 0.0000000 0.0000000 0.0000000 0.0144141 0.0000000 0.0000000 0.0028662 0.0201908 0.0102821 0.0000000 0.0000000 0.0000000 0.6614958
 11 T  11 0.0409906 0.0032597 0.0076025 0.0000000 0.0000000 0.0311024 0.0018076 0.0550225 0.0000000 0.0000000 0.0109636 0.0046730 0.0061645 0.0000000 0.0526263 0.0336909 0.0665876 0.0000000 0.0054580 0.0220760 0.6579748
 12 E  12 0.0115248 0.0000000 0.1393323 0.0355908 0.0040816 0.0033771 0.0779373 0.0000000 0.0038937 0.0034089 0.0000000 0.0046954 0.0000000 0.0000000 0.0241553 0.0100892 0.0211349 0.0000000 0.0000000 0.0033418 0.6574369
 13 G  13 0.0216491 0.0260023 0.0000000 0.0000000 0.0000000 0.0052511 0.0045296 0.1100107 0.0272518 0.0094631 0.0000000 0.1146131 0.0000000 0.0000000 0.0020844 0.0161341 0.0090030 0.0000000 0.0000000 0.0079458 0.6460621
 14 Q  14 0.0305399 0.0219249 0.0036562 0.0000000 0.0000000 0.1892454 0.0100889 0.0015249 0.0108988 0.0074950 0.0228369 0.0383488 0.0040816 0.0000000 0.0029760 0.0077989 0.0023438 0.0000000 0.0000000 0.0050647 0.6411755
 15 R  15 0.0029840 0.1053263 0.0906709 0.0013557 0.0000000 0.0000000 0.0000000 0.0081992 0.0884485 0.0023774 0.0041307 0.0085286 0.0000000 0.0079783 0.0134029 0.0085867 0.0115203 0.0000000 0.0099497 0.0046954 0.6318454
 16 L  16 0.0611896 0.0196903 0.0013175 0.0000000 0.0000000 0.0037451 0.0027752 0.0000000 0.0023999 0.0317681 0.0915711 0.0050074 0.0439686 0.0038937 0.0021109 0.0136431 0.0918758 0.0000000 0.0000000 0.0104814 0.6145623
 17 T  17 0.1393230 0.0638802 0.0000000 0.0140669 0.0000000 0.0000000 0.0000000 0.0068634 0.0000000 0.0000000 0.0019755 0.0439675 0.0000000 0.0000000 0.0048594 0.0139593 0.1108091 0.0000000 0.0000000 0.0028848 0.5974109
 18 K  18 0.0033987 0.0371052 0.0063405 0.0034829 0.0000000 0.0000000 0.0064589 0.0018623 0.0000000 0.0000000 0.0036927 0.3156951 0.0401394 0.0000000 0.0000000 0.0018218 0.0000000 0.0000000 0.0000000 0.0019284 0.5780740
 19 V  19 0.0081534 0.0122409 0.0000000 0.0000000 0.0000000 0.0022956 0.0028596 0.0028848 0.0000000 0.0666278 0.2222668 0.0081620 0.0000000 0.0153123 0.0045901 0.0000000 0.0000000 0.0000000 0.0053756 0.0722859 0.5769451
 20 D  20 0.0119372 0.0000000 0.0000000 0.2974415 0.0000000 0.0000000 0.0869261 0.0033771 0.0000000 0.0000000 0.0033452 0.0043240 0.0027403 0.0000000 0.0056544 0.0070912 0.0081620 0.0000000 0.0000000 0.0072790 0.5617220
 21 R  21 0.0273800 0.1751313 0.0335063 0.0218364 0.0000000 0.0187098 0.1237915 0.0061704 0.0000000 0.0000000 0.0019755 0.0000000 0.0000000 0.0000000 0.0161430 0.0095542 0.0034609 0.0023879 0.0094676 0.0000000 0.5504853
 22 S  22 0.0218613 0.0012550 0.0050772 0.0704090 0.0000000 0.0064984 0.1990343 0.0093893 0.0000000 0.0000000 0.0054920 0.0095366 0.0303554 0.0033026 0.0000000 0.0613787 0.0317917 0.0023889 0.0038961 0.0096587 0.5286747
 23 D  23 0.0075615 0.0048594 0.0463194 0.1411401 0.0000000 0.0017295 0.0178084 0.0000000 0.0023173 0.0111620 0.0127084 0.0079324 0.0049742 0.0023369 0.0055999 0.0037442 0.1835179 0.0000000 0.0045182 0.0071768 0.5345933
 24 D  24 0.0168497 0.0088769 0.0086185 0.1071228 0.0000000 0.0028581 0.2715949 0.0302525 0.0036927 0.0079119 0.0040221 0.0046970 0.0000000 0.0056544 0.0000000 0.0018780 0.0062977 0.0000000 0.0000000 0.0042718 0.5154010
 25 I  25 0.0163636 0.0035622 0.0340567 0.0372896 0.0046954 0.0028848 0.1110614 0.0000000 0.0082313 0.0940920 0.0068573 0.0070028 0.0025219 0.0063386 0.0406074 0.0105203 0.0242370 0.0000000 0.0047690 0.0602254 0.5246833
 26 I  26 0.0659118 0.0029944 0.0000000 0.0033987 0.0000000 0.0026634 0.0095183 0.0103917 0.0019221 0.0367272 0.1413956 0.0246395 0.0000000 0.0480597 0.0081697 0.0106375 0.0093374 0.0000000 0.0311909 0.0810682 0.5119740
 27 K  27 0.0726427 0.0285838 0.0000000 0.0030579 0.0000000 0.0159785 0.0303509 0.0059066 0.0731992 0.0017606 0.0000000 0.1552764 0.0056544 0.0000000 0.0632554 0.0086170 0.0283196 0.0000000 0.0035553 0.0092277 0.4946141
 28 P  28 0.0074654 0.0215452 0.0082365 0.0022236 0.0000000 0.0036396 0.0134548 0.0025604 0.1419557 0.0329951 0.0402316 0.0053426 0.0191798 0.0055723 0.1169220 0.0027408 0.0176493 0.0000000 0.0043318 0.0520400 0.5019135
 29 K  29 0.0382442 0.0086097 0.0197759 0.0814547 0.0000000 0.0283846 0.1329207 0.0154774 0.0025779 0.0047693 0.0069102 0.1114005 0.0023369 0.0016658 0.0370206 0.0145890 0.0104909 0.0000000 0.0134154 0.0016919 0.4682644
 30 T  30 0.0109828 0.1281026 0.0054571 0.0103702 0.0000000 0.0133086 0.0921823 0.0124035 0.0088923 0.0133026 0.0022139 0.1263441 0.0012260 0.0000000 0.0087379 0.0314188 0.0887106 0.0000000 0.0000000 0.0105654 0.4357812
 31 V  31 0.0025577 0.0000000 0.0081379 0.0012802 0.0033255 0.0000000 0.0036771 0.0226173 0.0000000 0.0775185 0.1169176 0.0042684 0.0013549 0.0102720 0.0056229 0.0145776 0.0078357 0.0014118 0.0035553 0.3088411 0.4062287
 32 G  32 0.0569675 0.0060780 0.0428359 0.0855508 0.0018149 0.0081444 0.0153851 0.0812381 0.0023889 0.0164406 0.0068058 0.0289430 0.0035815 0.0010183 0.0792467 0.1115259 0.0346192 0.0000000 0.0022236 0.0514106 0.3637811
 33 K  33 0.0437538 0.0162847 0.0177404 0.0393118 0.0000000 0.0144876 0.0582288 0.0174859 0.0217546 0.0299928 0.1091434 0.0616461 0.1349546 0.0109586 0.0793522 0.0406552 0.0438923 0.0000000 0.0064819 0.0313228 0.2225525
 34 E  34 0.0291090 0.0070470 0.0592577 0.1808154 0.0000000 0.0257781 0.2314403 0.0118157 0.0306501 0.0054409 0.0041211 0.0319185 0.0000000 0.0034487 0.0046163 0.1298721 0.0323521 0.0000000 0.0064993 0.0135633 0.1922542
 35 V  35 0.0000000 0.0000000 0.0000000 0.0000000 0.0000000 0.0033854 0.0000000 0.0029944 0.0000000 0.1341501 0.2087231 0.0000000 0.0152919 0.1512729 0.0143762 0.0022625 0.0165736 0.0000000 0.0764061 0.2784964 0.0960676
 36 G  36 0.1032736 0.0722928 0.0261919 0.0299089 0.0094374 0.0066040 0.0127300 0.5252703 0.0044695 0.0000000 0.0000000 0.0535805 0.0025320 0.0000000 0.0127782 0.0662736 0.0000000 0.0000000 0.0037416 0.0000000 0.0709159
 37 K  37 0.0594679 0.0887661 0.0442535 0.0730883 0.0022367 0.0958713 0.1338328 0.0022613 0.0147240 0.0106874 0.0497101 0.2621429 0.0177134 0.0037702 0.0027540 0.0307407 0.0272460 0.0000000 0.0013024 0.0110934 0.0683380
 38 A  38 0.1972123 0.1498787 0.0457293 0.0047624 0.0000000 0.0394326 0.0078307 0.0079583 0.0036438 0.0380535 0.1194328 0.1065181 0.0183382 0.0385377 0.0000000 0.0203386 0.0448548 0.0000000 0.0170240 0.0741818 0.0662725
 39 I  39 0.0074097 0.0000000 0.0000000 0.0000000 0.0000000 0.0021978 0.0052146 0.0000000 0.0000000 0.6476594 0.1616593 0.0000000 0.0192180 0.0000000 0.0000000 0.0035513 0.0133647 0.0000000 0.0000000 0.0750969 0.0646283
 40 E  40 0.0671139 0.1854386 0.0031271 0.0000000 0.0050793 0.2341887 0.0193890 0.0073238 0.0023459 0.0179566 0.0295247 0.1848344 0.0665871 0.0034141 0.0000000 0.0497294 0.0132132 0.0000000 0.0161369 0.0194600 0.0751375
 41 Q  41 0.0374828 0.0520728 0.0329120 0.0323741 0.0000000 0.2757095 0.1013662 0.0113990 0.0139333 0.0116168 0.0253402 0.2064385 0.0040132 0.0059812 0.0056189 0.0377789 0.0399959 0.0000000 0.0104250 0.0086427 0.0868989
 42 G  42 0.3688694 0.0377453 0.0093045 0.0000000 0.0140765 0.0180215 0.0105569 0.0968550 0.0096406 0.0245767 0.2062756 0.0173450 0.0100225 0.0240363 0.0000000 0.0135504 0.0147697 0.0092805 0.0361693 0.0072264 0.0716779
 43 R  43 0.0000000 0.9250426 0.0018754 0.0000000 0.0000000 0.0000000 0.0032812 0.0000000 0.0000000 0.0000000 0.0130217 0.0074168 0.0000000 0.0000000 0.0000000 0.0058178 0.0033854 0.0019174 0.0000000 0.0000000 0.0382417
 44 Q  44 0.0182332 0.0331155 0.0524855 0.0139107 0.0072868 0.1579251 0.1687965 0.0046022 0.0071928 0.0205383 0.0307410 0.0593720 0.0103986 0.0019240 0.0000000 0.0182608 0.0673899 0.0024519 0.0055371 0.0047642 0.3150741
 45 K  45 0.0580370 0.1452507 0.0314021 0.0177877 0.0000000 0.0317222 0.0295824 0.0079997 0.0050344 0.0074495 0.0371825 0.0622683 0.0079558 0.0058153 0.0000000 0.0212040 0.0236815 0.0010551 0.0011842 0.0053999 0.4999876
 46 F  46 0.0604189 0.0267876 0.0172205 0.0014786 0.0000000 0.0134703 0.0400285 0.0054671 0.0175893 0.0252906 0.1614522 0.2108291 0.0597215 0.0142376 0.0000000 0.0117082 0.0091049 0.0000000 0.0056177 0.0285268 0.2910504
 47 E  47 0.1747224 0.0127420 0.0126372 0.0780763 0.0000000 0.0478146 0.2608727 0.0471715 0.0019889 0.0033223 0.0000000 0.0354127 0.0018093 0.0000000 0.0015641 0.0567175 0.0117662 0.0000000 0.0035513 0.0049892 0.2448419
 48 P  48 0.0247551 0.0803023 0.0239581 0.0019889 0.0025729 0.0315395 0.0088545 0.0037897 0.0059073 0.0032215 0.0188127 0.5243963 0.0000000 0.0015200 0.0201780 0.0041155 0.0041041 0.0000000 0.0131723 0.0000000 0.2268114
 49 T  49 0.0013224 0.0137879 0.0925459 0.0030668 0.0000000 0.0167711 0.0378076 0.5216905 0.0239145 0.0000000 0.0009714 0.1904540 0.0035513 0.0013825 0.0000000 0.0131077 0.0118626 0.0000000 0.0013247 0.0000000 0.0664393
 50 M  50 0.0014525 0.0000000 0.0000000 0.0000000 0.0023706 0.0022787 0.0000000 0.0000000 0.0000000 0.0333617 0.4317973 0.0000000 0.2864687 0.0230746 0.0000000 0.0000000 0.0000000 0.1690997 0.0276246 0.0048895 0.0175822
 51 T  51 0.0037464 0.0021205 0.0265973 0.0059994 0.0000000 0.0000000 0.0056189 0.0000000 0.0000000 0.0000000 0.0017983 0.0105881 0.0000000 0.0000000 0.0000000 0.3124848 0.6310462 0.0000000 0.0000000 0.0000000 0.0000000
 52 Q  52 0.0013128 0.0497493 0.0000000 0.0017585 0.0000000 0.8858062 0.0000000 0.0000000 0.0033527 0.0075150 0.0236085 0.0054090 0.0035272 0.0000000 0.0026304 0.0012498 0.0066834 0.0000000 0.0000000 0.0073973 0.0000000
 53 A  53 0.1405529 0.0301262 0.0089668 0.0370742 0.0000000 0.0562278 0.2559726 0.0112334 0.0014440 0.0035058 0.0209797 0.3647113 0.0017550 0.0000000 0.0000000 0.0244883 0.0300437 0.0000000 0.0052464 0.0076721 0.0000000
 54 E  54 0.0395238 0.0044657 0.0064805 0.2925715 0.0000000 0.2298377 0.3678877 0.0044585 0.0022641 0.0010219 0.0019774 0.0084331 0.0071710 0.0000000 0.0000000 0.0082289 0.0126176 0.0000000 0.0008691 0.0121915 0.0000000
 55 L  55 0.0000000 0.0000000 0.0000000 0.0000000 0.0000000 0.0000000 0.0000000 0.0000000 0.0000000 0.0118302 0.8989550 0.0000000 0.0111959 0.0383924 0.0000000 0.0000000 0.0000000 0.0000000 0.0000000 0.0396264 0.0000000
 56 G  56 0.9071545 0.0000000 0.0000000 0.0000000 0.0027016 0.0000000 0.0000000 0.0669996 0.0000000 0.0000000 0.0000000 0.0000000 0.0000000 0.0000000 0.0000000 0.0181750 0.0000000 0.0000000 0.0000000 0.0049693 0.0000000
 57 K  57 0.0497568 0.0458895 0.0297249 0.0815186 0.0020123 0.1498962 0.1938962 0.0177754 0.0201855 0.0205362 0.0207710 0.1168870 0.0182410 0.0068694 0.0000000 0.0407489 0.1594119 0.0000000 0.0012422 0.0246372 0.0000000
 58 E  58 0.0776457 0.1594463 0.0021162 0.0029796 0.0014250 0.0737844 0.0525638 0.0020496 0.0131726 0.0236306 0.0938639 0.4029556 0.0407097 0.0022674 0.0007838 0.0136868 0.0066772 0.0043240 0.0080802 0.0086284 0.0092093
 59 I  59 0.0431256 0.0000000 0.0000000 0.0000000 0.0719981 0.0000000 0.0000000 0.0000000 0.0000000 0.3635397 0.2860270 0.0000000 0.0402960 0.0054833 0.0000000 0.0291702 0.0207169 0.0000000 0.0000000 0.1304339 0.0092093
 60 G  60 0.0114789 0.0084606 0.4190619 0.0163832 0.0203007 0.0154107 0.0044854 0.3039961 0.0433820 0.0000000 0.0047199 0.0285466 0.0067793 0.0343745 0.0000000 0.0177342 0.0047115 0.0008264 0.0501387 0.0000000 0.0092093
 61 E  61 0.0068366 0.0013135 0.0037405 0.0000000 0.0064997 0.0046954 0.3133594 0.0000000 0.0000000 0.1424754 0.0434999 0.0159097 0.0176175 0.0018676 0.0000000 0.0089949 0.0599135 0.0000000 0.0000000 0.3640671 0.0092093
 62 T  62 0.0081687 0.0590178 0.0314741 0.0202733 0.0000000 0.0065089 0.0063168 0.0097058 0.0064816 0.0000000 0.0000000 0.2848746 0.0000000 0.0000000 0.0257367 0.3121623 0.2036274 0.0000000 0.0054212 0.0110214 0.0092093
 63 A  63 0.0912896 0.2184416 0.0266455 0.0683070 0.0000000 0.1049441 0.0697686 0.0011277 0.0050798 0.0155125 0.0113894 0.0272634 0.0015472 0.0138472 0.2362591 0.0125492 0.0232023 0.0009519 0.0033173 0.0549726 0.0135837
 64 A  64 0.0466118 0.0300653 0.0410831 0.0087238 0.0000000 0.3511479 0.0168940 0.0164677 0.0109602 0.0080624 0.0042315 0.0994112 0.0026596 0.0000000 0.0180140 0.2506372 0.0699539 0.0000000 0.0000000 0.0060153 0.0190611
 65 T  65 0.2136345 0.0152524 0.0089745 0.0143958 0.0000000 0.0195019 0.0024933 0.0000000 0.0106240 0.0707434 0.0667111 0.0000000 0.0152802 0.0115814 0.0000000 0.0548967 0.1885617 0.0000000 0.0251398 0.2675227 0.0146868
 66 V  66 0.0000000 0.0000000 0.0000000 0.0000000 0.0000000 0.0000000 0.0000000 0.0000000 0.0000000 0.5219676 0.0713813 0.0000000 0.0000000 0.0000000 0.0000000 0.0000000 0.0000000 0.0000000 0.0059318 0.3860325 0.0146868
 67 A  67 0.1207574 0.0422327 0.1121174 0.0021814 0.0064863 0.1296613 0.0051853 0.0489997 0.0031870 0.0050831 0.0007975 0.0572171 0.0015008 0.0000000 0.0000000 0.4249626 0.0168226 0.0017257 0.0039403 0.0024550 0.0146868
 68 S  68 0.0395264 0.1207776 0.0655292 0.1706437 0.0000000 0.0326891 0.1419249 0.0052863 0.0026165 0.0000000 0.0041662 0.3346605 0.0040296 0.0024348 0.0011015 0.0424879 0.0083920 0.0000000 0.0090471 0.0000000 0.0146868
 69 Y  69 0.0033727 0.0000000 0.0000000 0.0000000 0.0000000 0.0000000 0.0000000 0.0000000 0.0000000 0.1576509 0.0529294 0.0000000 0.0072301 0.0407737 0.0000000 0.0000000 0.0000000 0.3213647 0.3619435 0.0354063 0.0193288
 70 E  70 0.0000000 0.0000000 0.0000000 0.0000000 0.0000000 0.0000000 0.9649155 0.0000000 0.0000000 0.0085187 0.0000000 0.0000000 0.0000000 0.0000000 0.0000000 0.0000000 0.0000000 0.0000000 0.0000000 0.0072371 0.0193288
 71 R  71 0.0767750 0.1904578 0.1858533 0.0031810 0.0138861 0.0288953 0.0046739 0.0136911 0.0098937 0.0008215 0.0184594 0.0547920 0.0035647 0.0000000 0.0000000 0.2704750 0.1031709 0.0000000 0.0000000 0.0020435 0.0193660
 72 G  72 0.0294691 0.0000000 0.0364794 0.0260682 0.0021984 0.0000000 0.0216863 0.8393329 0.0026304 0.0000000 0.0000000 0.0022279 0.0000000 0.0000000 0.0000000 0.0159005 0.0000000 0.0000000 0.0000000 0.0000000 0.0240069
 73 T  73 0.0392681 0.1833457 0.0420029 0.0618722 0.0008159 0.0481677 0.0827572 0.0123579 0.0053589 0.0217846 0.0414966 0.2931743 0.0054627 0.0042929 0.0000000 0.0423704 0.0664937 0.0009683 0.0031383 0.0194874 0.0253844
 74 A  74 0.3199804 0.0719037 0.0528435 0.0034721 0.0111216 0.0061255 0.0056189 0.0878342 0.0049921 0.0387980 0.0569365 0.0088504 0.0094497 0.0008392 0.0019823 0.1558705 0.0836971 0.0000000 0.0237689 0.0308775 0.0250379
 75 T  75 0.0400281 0.0252922 0.0385353 0.0044890 0.0323772 0.0221644 0.0419207 0.0016665 0.0061134 0.2182421 0.0780791 0.0319858 0.0472047 0.0227660 0.0251791 0.0366775 0.0882376 0.0000000 0.0834995 0.1257930 0.0297488
 76 P  76 0.0133235 0.0000000 0.0000000 0.0000000 0.0000000 0.0017237 0.0000000 0.0018888 0.0000000 0.0308272 0.0040172 0.0031475 0.0000000 0.0019096 0.9008886 0.0025248 0.0014654 0.0000000 0.0023459 0.0097642 0.0261735
 77 D  77 0.0076458 0.0191560 0.2405821 0.3362439 0.0000000 0.0027468 0.0564367 0.0238298 0.0056682 0.0000000 0.0000000 0.0175328 0.0000000 0.0000000 0.0144199 0.1694812 0.0691094 0.0000000 0.0038460 0.0082635 0.0250379
 78 Q  78 0.0290057 0.0024348 0.0470546 0.0541994 0.0000000 0.1750311 0.0243993 0.0257949 0.0016118 0.1994139 0.1537550 0.0145980 0.0230843 0.0103199 0.0576155 0.0259218 0.0308967 0.0000000 0.0118074 0.0880181 0.0250379
 79 N  79 0.0951437 0.0303013 0.0394580 0.1372267 0.0009137 0.1652269 0.1173978 0.0268422 0.0069124 0.0150127 0.0202563 0.0908472 0.0093098 0.0031564 0.0177469 0.1368271 0.0371379 0.0021912 0.0075960 0.0154578 0.0250379
 80 I  80 0.0195475 0.0257026 0.0418484 0.0051704 0.0000000 0.0201835 0.0000000 0.0022787 0.0022147 0.1973697 0.1660330 0.0334402 0.0320872 0.0192006 0.0077612 0.0427375 0.1286985 0.0000000 0.0070197 0.2207157 0.0279907
 81 L  81 0.0814755 0.0266359 0.0000000 0.0000000 0.0021151 0.0103546 0.0000000 0.0000000 0.0009988 0.1402988 0.6091140 0.0015560 0.0332445 0.0046052 0.0000000 0.0013477 0.0010057 0.0051583 0.0048770 0.0501556 0.0270571
 82 S  82 0.0898183 0.0631924 0.0185483 0.0117003 0.0019274 0.0427778 0.0512502 0.1193137 0.0056451 0.0903750 0.0890939 0.1088873 0.0131744 0.0203384 0.0479708 0.1055282 0.0230191 0.0047745 0.0146657 0.0484175 0.0295819
 83 K  83 0.0790382 0.1129696 0.0239993 0.0266331 0.0028694 0.0287238 0.0673094 0.0084183 0.0046699 0.0083905 0.0445661 0.4804527 0.0052520 0.0000000 0.0372536 0.0239725 0.0133089 0.0000000 0.0010612 0.0040545 0.0270571
 84 M  84 0.0051132 0.0000000 0.0000000 0.0000000 0.0000000 0.0000000 0.0000000 0.0000000 0.0000000 0.2628838 0.5335775 0.0000000 0.1393527 0.0153027 0.0000000 0.0000000 0.0023879 0.0000000 0.0023192 0.0120059 0.0270571
 85 E  85 0.3172690 0.0054834 0.0173153 0.0040816 0.0562743 0.0024134 0.3528464 0.0079302 0.0000000 0.0000000 0.0020050 0.0086674 0.0025577 0.0063629 0.0000000 0.1735426 0.0069924 0.0000000 0.0008896 0.0083118 0.0270571
 86 R  86 0.0211590 0.3900448 0.0469798 0.1148035 0.0000000 0.0380933 0.1063592 0.0070325 0.0182054 0.0088020 0.0040483 0.1763009 0.0009559 0.0023345 0.0000000 0.0261073 0.0089244 0.0000000 0.0000000 0.0027921 0.0270571
 87 V  87 0.3438249 0.0038587 0.0034773 0.0000000 0.0115549 0.0079537 0.0244051 0.0180848 0.0135950 0.1392936 0.0901356 0.0091737 0.0037569 0.0252851 0.0000000 0.0061295 0.0280747 0.0000000 0.0183869 0.2259526 0.0270571
 88 L  88 0.0033184 0.0000000 0.0000000 0.0000000 0.0069919 0.0000000 0.0000000 0.0000000 0.0000000 0.0401712 0.6958293 0.0000000 0.0083196 0.1752721 0.0018005 0.0000000 0.0038460 0.0000000 0.0307178 0.0051969 0.0285362
 89 N  89 0.0076456 0.0061151 0.1519563 0.1272490 0.0057240 0.0114597 0.0803058 0.5063112 0.0152626 0.0000000 0.0012250 0.0182847 0.0000000 0.0000000 0.0000000 0.0277328 0.0034947 0.0000000 0.0000000 0.0040232 0.0332103
 90 V  90 0.0244795 0.0000000 0.0000000 0.0000000 0.0077693 0.0035112 0.0000000 0.0038937 0.0000000 0.2589719 0.0469348 0.0156542 0.0245408 0.0000000 0.0000000 0.0036453 0.0429337 0.0000000 0.0000000 0.5060858 0.0615797
 91 K  91 0.0000000 0.0559399 0.0285558 0.0720263 0.0000000 0.0159060 0.0258447 0.0020637 0.0098712 0.0036605 0.0022754 0.2990786 0.0000000 0.0079783 0.0377312 0.2564667 0.0860815 0.0000000 0.0000000 0.0033455 0.0931746
 92 L  92 0.0035388 0.0029642 0.0000000 0.0000000 0.0000000 0.0000000 0.0000000 0.0000000 0.0000000 0.1089747 0.6434384 0.0000000 0.0037779 0.0044381 0.0000000 0.0020096 0.0037139 0.0000000 0.0021758 0.0517924 0.1731762
 93 R  93 0.0133235 0.2873713 0.0314410 0.0621229 0.0000000 0.0043164 0.0253155 0.0106225 0.0021655 0.0082105 0.0371277 0.0162839 0.0067929 0.0046401 0.0056713 0.0180234 0.0387402 0.0000000 0.0048049 0.0043071 0.4187196
 94 G  94 0.0109537 0.0000000 0.0036482 0.0163542 0.0000000 0.0096705 0.1245843 0.3039332 0.0040913 0.0019430 0.0028194 0.0241290 0.0019009 0.0070871 0.0008801 0.0091371 0.0101437 0.0052047 0.0042337 0.0108861 0.4483995
 95 A  95 0.0238025 0.0167434 0.0178525 0.0162752 0.0000000 0.0084453 0.0236233 0.0012686 0.0019071 0.0254699 0.1216324 0.1872269 0.0086631 0.0186042 0.0059689 0.0443569 0.0099635 0.0000000 0.0000000 0.0169886 0.4512076
 96 N  96 0.0101415 0.0031078 0.0443145 0.1297053 0.0000000 0.0060516 0.0312918 0.0165220 0.0000000 0.0364680 0.0994007 0.0636876 0.0070584 0.0036479 0.0021484 0.0068285 0.0106972 0.0000000 0.0043240 0.0319691 0.4926358
 97 I  97 0.0341974 0.0269168 0.0111132 0.0159227 0.0021081 0.0048938 0.0125181 0.0024928 0.0000000 0.1536641 0.0295378 0.0756621 0.0077226 0.0201637 0.0034088 0.0307620 0.0067632 0.0000000 0.0071419 0.0355439 0.5194668
 98 G  98 0.0058181 0.0054714 0.0097554 0.0166525 0.0011730 0.0000000 0.0182435 0.3763131 0.0045409 0.0036957 0.0029975 0.0020965 0.0020367 0.0017993 0.0019009 0.0088557 0.0042692 0.0000000 0.0013088 0.0010159 0.5320559
 99 A  99 0.0434339 0.0122263 0.0026300 0.0603180 0.0000000 0.0546914 0.1131009 0.0076062 0.0030952 0.0053323 0.0104101 0.0797521 0.0051702 0.0000000 0.0014225 0.0230541 0.0296632 0.0000000 0.0055318 0.0020535 0.5405084
100 P 100 0.0131863 0.0043718 0.0013671 0.0034106 0.0000000 0.0040859 0.0739012 0.0020398 0.0000000 0.0019430 0.0151447 0.0214222 0.0000000 0.0000000 0.2551558 0.0106330 0.0000000 0.0000000 0.0015229 0.0041191 0.5876965
101 R 101 0.0087667 0.0247148 0.0033210 0.0052777 0.0014728 0.0122754 0.0374836 0.0021916 0.0017052 0.0140714 0.1348854 0.0614623 0.0167617 0.0205481 0.0070598 0.0089466 0.0066605 0.0000000 0.0013690 0.0154208 0.6156055
102 L 102 0.0358713 0.0000000 0.0052177 0.0050228 0.0000000 0.0187556 0.0380784 0.0601758 0.0028662 0.0062953 0.0212540 0.0184065 0.0047963 0.0507632 0.0181754 0.0224645 0.0353884 0.0000000 0.0027015 0.0187229 0.6350441
103 G 103 0.0393784 0.0000000 0.0138600 0.0052819 0.0000000 0.0073961 0.0148367 0.0695818 0.0025268 0.0105607 0.0058774 0.0259239 0.0150397 0.0024805 0.0923149 0.0180103 0.0144187 0.0000000 0.0000000 0.0095574 0.6529548
104 P 104 0.0116674 0.0120378 0.0187951 0.0042226 0.0014415 0.0032385 0.0056162 0.0186469 0.0000000 0.0048874 0.0000000 0.0804774 0.0040858 0.0000000 0.1199047 0.0191105 0.0188378 0.0000000 0.0000000 0.0030183 0.6740122
105 K 105 0.0043249 0.0242598 0.0131419 0.0018381 0.0000000 0.0154354 0.0089503 0.0265123 0.0000000 0.0036204 0.0000000 0.1409548 0.0058535 0.0079783 0.0307222 0.0080708 0.0042545 0.0000000 0.0071220 0.0060345 0.6909262
106 K 106 0.0098663 0.0105707 0.0013651 0.0025638 0.0000000 0.0060243 0.0078466 0.0051273 0.0020935 0.0000000 0.0000000 0.1841245 0.0056189 0.0013856 0.0058320 0.0181939 0.0042736 0.0000000 0.0000000 0.0000000 0.7351137
107 K 107 0.0000000 0.0079783 0.0000000 0.0000000 0.0000000 0.0084925 0.0000000 0.0000000 0.0000000 0.0000000 0.0000000 0.1547532 0.0000000 0.0000000 0.0000000 0.0000000 0.0000000 0.0000000 0.0000000 0.0000000 0.8287760
