   61         A         R         N         D         C         Q         E         G         H         I         L         K         M         F         P         S         T         W         Y         V         X    
  1 G   1 0.0228400 0.0000000 0.0000000 0.0000000 0.0000000 0.0000000 0.0000000 0.0663161 0.0000000 0.0000000 0.0000000 0.0000000 0.0000000 0.0000000 0.0000000 0.0000000 0.0000000 0.0000000 0.0000000 0.0000000 0.9108439
  2 P   2 0.1534754 0.0000000 0.0000000 0.0000000 0.0000000 0.0000000 0.0000000 0.0154294 0.0000000 0.0000000 0.0000000 0.0059378 0.0193971 0.0000000 0.0049541 0.0296743 0.0050801 0.0000000 0.0000000 0.0000000 0.7660518
  3 L   3 0.0000000 0.0000000 0.0000000 0.0149997 0.0000000 0.0000000 0.0000000 0.0055810 0.0000000 0.0000000 0.0368646 0.0000000 0.0000000 0.1179612 0.0345383 0.0040121 0.0073107 0.0107447 0.0069019 0.0046330 0.7564527
  4 G   4 0.0183388 0.0000000 0.1794619 0.0474047 0.0000000 0.0000000 0.0000000 0.0404851 0.0000000 0.0000000 0.0000000 0.0000000 0.0000000 0.0000000 0.0000000 0.0567257 0.0000000 0.0000000 0.0000000 0.0000000 0.6575839
  5 S   5 0.0000000 0.1040121 0.0095484 0.0647251 0.0000000 0.0040868 0.0431810 0.0095931 0.0000000 0.0000000 0.0000000 0.0925026 0.0072457 0.0000000 0.0201264 0.0436283 0.0115163 0.0000000 0.0000000 0.0000000 0.5898342
  6 E   6 0.0107447 0.0344221 0.0286304 0.0141623 0.0000000 0.0181154 0.1458149 0.0100610 0.0072457 0.0000000 0.0040192 0.1235855 0.0000000 0.0000000 0.0077541 0.0234713 0.0000000 0.0000000 0.0039843 0.0000000 0.5679890
  7 Q   7 0.0039907 0.0159807 0.0165495 0.0000000 0.0000000 0.1890152 0.0320417 0.0563949 0.0069019 0.0047045 0.0063617 0.0791478 0.0128249 0.0000000 0.0522264 0.0312309 0.0182843 0.0000000 0.0000000 0.0062688 0.4680761
  8 R   8 0.0528788 0.1116576 0.0663770 0.0000000 0.0000000 0.0000000 0.0056207 0.0098179 0.0000000 0.0092536 0.0000000 0.1433070 0.0047045 0.0000000 0.0367183 0.1183244 0.0645925 0.0000000 0.0000000 0.0086861 0.3680616
  9 M   9 0.0396887 0.1405507 0.0059085 0.0000000 0.0000000 0.0027819 0.0000000 0.0932688 0.0000000 0.0065795 0.0329323 0.2410524 0.1061745 0.0070529 0.0000000 0.0303840 0.0179879 0.0000000 0.0228188 0.0411637 0.2116553
 10 F  10 0.0000000 0.1831024 0.0096365 0.0000000 0.0065795 0.0259110 0.0127175 0.0000000 0.0223828 0.0067331 0.0143924 0.2454691 0.0280509 0.1102679 0.0465457 0.0181993 0.0251019 0.0000000 0.0219879 0.0304221 0.1924998
 11 K  11 0.0000000 0.2945598 0.0270408 0.0000000 0.0000000 0.0408885 0.0051641 0.0000000 0.0000000 0.0000000 0.0000000 0.4544062 0.0000000 0.0000000 0.0057831 0.0581163 0.0044695 0.0000000 0.0000000 0.0000000 0.1095716
 12 R  12 0.0215479 0.5175642 0.0690032 0.0000000 0.0000000 0.0044275 0.0000000 0.0032391 0.0000000 0.0077541 0.0000000 0.0576191 0.0241180 0.0000000 0.0000000 0.1411438 0.0252897 0.0127578 0.0000000 0.0151913 0.1003442
 13 V  13 0.0397883 0.2821926 0.0023383 0.0113967 0.0000000 0.0482291 0.0000000 0.0289585 0.0092625 0.0071834 0.0057831 0.2532377 0.0029736 0.0090524 0.0100610 0.0175096 0.0525911 0.0000000 0.0000000 0.1356150 0.0838271
 14 G  14 0.0423751 0.5740391 0.0000000 0.0000000 0.0000000 0.0100610 0.0000000 0.2037057 0.0000000 0.0000000 0.0000000 0.0506462 0.0300414 0.0000000 0.0176461 0.0073529 0.0000000 0.0000000 0.0000000 0.0000000 0.0641324
 15 C  15 0.0000000 0.0000000 0.0000000 0.0000000 0.9662961 0.0000000 0.0000000 0.0000000 0.0000000 0.0000000 0.0000000 0.0000000 0.0000000 0.0000000 0.0000000 0.0000000 0.0000000 0.0000000 0.0000000 0.0000000 0.0337039
 16 G  16 0.0000000 0.0150557 0.0179620 0.0000000 0.0000000 0.0091695 0.0120953 0.8501694 0.0100610 0.0000000 0.0000000 0.0447303 0.0070529 0.0000000 0.0000000 0.0000000 0.0000000 0.0000000 0.0000000 0.0000000 0.0337039
 17 E  17 0.0485632 0.0312929 0.0263231 0.0334461 0.0000000 0.0746513 0.2182676 0.0000000 0.0378328 0.0166577 0.0260461 0.0809538 0.0166767 0.0068244 0.0000000 0.0069706 0.0767780 0.0047729 0.0000000 0.2688068 0.0251360
 18 C  18 0.0000000 0.0000000 0.0000000 0.0000000 1.0000000 0.0000000 0.0000000 0.0000000 0.0000000 0.0000000 0.0000000 0.0000000 0.0000000 0.0000000 0.0000000 0.0000000 0.0000000 0.0000000 0.0000000 0.0000000 0.0000000
 19 A  19 0.1324564 0.0871952 0.0000000 0.0440633 0.0000000 0.0055085 0.3377684 0.0389106 0.0056207 0.0357046 0.0000000 0.0541092 0.0000000 0.0000000 0.0577395 0.0632502 0.0443666 0.0127578 0.0000000 0.0805490 0.0000000
 20 A  20 0.3363448 0.0046376 0.0465333 0.0132116 0.0000000 0.0000000 0.0000000 0.3626571 0.0044145 0.0134864 0.0000000 0.0000000 0.0000000 0.0000000 0.1472559 0.0063276 0.0221164 0.0000000 0.0000000 0.0430149 0.0000000
 21 C  21 0.0000000 0.0000000 0.0000000 0.0000000 0.9816465 0.0000000 0.0000000 0.0000000 0.0000000 0.0000000 0.0000000 0.0000000 0.0000000 0.0000000 0.0000000 0.0000000 0.0000000 0.0000000 0.0000000 0.0000000 0.0183535
 22 Q  22 0.0078139 0.0888327 0.0206558 0.0000000 0.0000000 0.3834452 0.0000000 0.0000000 0.0031480 0.0000000 0.2804245 0.0632612 0.0029747 0.0035807 0.0000000 0.0396745 0.0358582 0.0000000 0.0183535 0.0212487 0.0307284
 23 V  23 0.0515704 0.3982623 0.0223848 0.0000000 0.0169671 0.0668919 0.0108410 0.0100610 0.0049141 0.0086063 0.0346373 0.0323575 0.0000000 0.0000000 0.0000000 0.0000000 0.0860831 0.0000000 0.0000000 0.1786884 0.0777346
 24 T  24 0.0486379 0.0831977 0.0000000 0.0220286 0.0000000 0.1064417 0.0162487 0.0049760 0.0000000 0.0000000 0.0614518 0.2088674 0.0120953 0.0000000 0.0670886 0.0453804 0.2307047 0.0000000 0.0000000 0.0276597 0.0652214
 25 E  25 0.0465794 0.0000000 0.0139808 0.1183908 0.0000000 0.0338340 0.4197777 0.0028964 0.0113967 0.0425816 0.0000000 0.0000000 0.0215257 0.0000000 0.1317713 0.0000000 0.0455055 0.0000000 0.0111346 0.0494520 0.0511735
 26 D  26 0.0000000 0.0000000 0.2669189 0.6124461 0.0000000 0.0000000 0.0183535 0.0046107 0.0000000 0.0000000 0.0000000 0.0000000 0.0000000 0.0000000 0.0059085 0.0000000 0.0000000 0.0000000 0.0000000 0.0000000 0.0917624
 27 C  27 0.0000000 0.0000000 0.0000000 0.0000000 1.0000000 0.0000000 0.0000000 0.0000000 0.0000000 0.0000000 0.0000000 0.0000000 0.0000000 0.0000000 0.0000000 0.0000000 0.0000000 0.0000000 0.0000000 0.0000000 0.0000000
 28 G  28 0.0123666 0.0305078 0.0068244 0.0107298 0.0000000 0.0000000 0.0272858 0.8633997 0.0000000 0.0000000 0.0037752 0.0063617 0.0387490 0.0000000 0.0000000 0.0000000 0.0000000 0.0000000 0.0000000 0.0000000 0.0000000
 29 A  29 0.0917067 0.0652703 0.0034988 0.0460327 0.0076200 0.0762352 0.1546503 0.0000000 0.0878938 0.0126936 0.0202791 0.2066710 0.0000000 0.0000000 0.0000000 0.0627475 0.0827393 0.0000000 0.0000000 0.0819615 0.0000000
 30 C  30 0.0000000 0.0000000 0.0000000 0.0000000 1.0000000 0.0000000 0.0000000 0.0000000 0.0000000 0.0000000 0.0000000 0.0000000 0.0000000 0.0000000 0.0000000 0.0000000 0.0000000 0.0000000 0.0000000 0.0000000 0.0000000
 31 S  31 0.0816663 0.0840198 0.0313968 0.1279094 0.0048101 0.0055085 0.0238873 0.0339169 0.0300237 0.0197372 0.0041677 0.0676974 0.0058280 0.0000000 0.0566488 0.1401345 0.1528206 0.0093816 0.0086644 0.1117811 0.0000000
 32 T  32 0.1384502 0.0000000 0.1108274 0.0000000 0.0041222 0.0000000 0.0000000 0.0176098 0.0329959 0.0576307 0.0000000 0.0000000 0.0000000 0.2045967 0.0908526 0.0870596 0.0574821 0.0000000 0.1189678 0.0794050 0.0000000
 33 C  33 0.0000000 0.0000000 0.0000000 0.0000000 1.0000000 0.0000000 0.0000000 0.0000000 0.0000000 0.0000000 0.0000000 0.0000000 0.0000000 0.0000000 0.0000000 0.0000000 0.0000000 0.0000000 0.0000000 0.0000000 0.0000000
 34 L  34 0.0061369 0.2317071 0.0000000 0.0000000 0.0376389 0.0691421 0.0113967 0.0000000 0.0037806 0.0151397 0.3362695 0.1854644 0.0227670 0.0000000 0.0000000 0.0000000 0.0177351 0.0000000 0.0000000 0.0537695 0.0090524
 35 L  35 0.0186552 0.0055085 0.1981960 0.5412437 0.0082282 0.0114269 0.0000000 0.0050664 0.0326467 0.0000000 0.1046344 0.0085497 0.0000000 0.0000000 0.0000000 0.0107365 0.0000000 0.0000000 0.0000000 0.0000000 0.0551079
 36 Q  36 0.0000000 0.2123934 0.0065795 0.0651672 0.0000000 0.0759841 0.0090524 0.0000000 0.0000000 0.0000000 0.0192459 0.2181347 0.3122897 0.0000000 0.0092056 0.0207264 0.0000000 0.0000000 0.0000000 0.0051655 0.0460556
 37 L  37 0.0044435 0.1334629 0.0092056 0.0000000 0.0000000 0.0082282 0.0000000 0.0000000 0.0000000 0.0734624 0.1064170 0.2870669 0.0114269 0.0000000 0.2146490 0.0000000 0.0213438 0.0000000 0.0113967 0.0720363 0.0468608
 38 P  38 0.0106075 0.0253478 0.0000000 0.0000000 0.0000000 0.0263026 0.0208085 0.0000000 0.0087218 0.0000000 0.0000000 0.5543359 0.0000000 0.0132116 0.1042838 0.1114470 0.0812319 0.0000000 0.0000000 0.0000000 0.0437017
 39 H  39 0.0000000 0.0051641 0.0351030 0.0000000 0.0000000 0.0268608 0.0000000 0.0090524 0.1692630 0.0000000 0.0000000 0.0000000 0.0000000 0.4670853 0.0460556 0.0071471 0.0206324 0.0000000 0.1009291 0.0000000 0.1127071
 40 D  40 0.0000000 0.0678657 0.0249657 0.0839117 0.0000000 0.0788622 0.0000000 0.6089285 0.0034299 0.0000000 0.0000000 0.0000000 0.0000000 0.0000000 0.0193292 0.0000000 0.0000000 0.0000000 0.0000000 0.0000000 0.1127071
 41 V  41 0.0000000 0.0000000 0.0000000 0.0000000 0.0000000 0.0000000 0.0114269 0.5926224 0.0000000 0.0916200 0.0000000 0.0000000 0.0000000 0.0000000 0.1127366 0.0000000 0.0000000 0.0000000 0.0000000 0.0664682 0.1251259
 42 A  42 0.0692015 0.0631603 0.0297502 0.0115340 0.0000000 0.0000000 0.0328743 0.0872434 0.0340172 0.0120953 0.0037806 0.0056051 0.0000000 0.0000000 0.2783328 0.1343288 0.0331618 0.0000000 0.0000000 0.0000000 0.2049148
 43 S  43 0.0080781 0.0000000 0.2088225 0.0000000 0.0000000 0.0000000 0.0000000 0.3511210 0.0000000 0.0000000 0.0606164 0.0065900 0.0000000 0.0460859 0.0000000 0.1085118 0.0000000 0.0000000 0.0000000 0.0192459 0.1909283
 44 G  44 0.0000000 0.2537429 0.0261967 0.0000000 0.0000000 0.0526868 0.0000000 0.0839117 0.0000000 0.0667397 0.0576071 0.1464992 0.0114269 0.0000000 0.0000000 0.0299253 0.0681506 0.0000000 0.0000000 0.0419001 0.1612131
 45 L  45 0.0437791 0.1136044 0.0000000 0.0000000 0.0000000 0.0085787 0.0000000 0.0779651 0.0000000 0.0437688 0.1753612 0.2012901 0.0625166 0.0000000 0.0132116 0.1412102 0.0137856 0.0000000 0.0047091 0.0000000 0.1002194
 46 F  46 0.0000000 0.1944499 0.0093816 0.0000000 0.0000000 0.0515641 0.0000000 0.0132116 0.0878686 0.0000000 0.0000000 0.4240269 0.0000000 0.0508879 0.0106075 0.0328743 0.0000000 0.0000000 0.0121504 0.0127578 0.1002194
 47 C  47 0.0132116 0.0087598 0.0000000 0.0000000 0.0630383 0.6211036 0.0031301 0.0000000 0.0000000 0.0000000 0.0306426 0.0237978 0.0000000 0.0000000 0.0000000 0.0312399 0.0000000 0.0934907 0.0000000 0.0205716 0.0910139
 48 K  48 0.1309796 0.0397947 0.0000000 0.0000000 0.1024238 0.0188356 0.0000000 0.0000000 0.0000000 0.1003741 0.0132116 0.2824406 0.0000000 0.0000000 0.0211558 0.1260284 0.0571299 0.0000000 0.0000000 0.0092056 0.0984202
 49 C  49 0.0000000 0.0000000 0.0000000 0.0000000 0.9704048 0.0000000 0.0000000 0.0000000 0.0000000 0.0000000 0.0000000 0.0000000 0.0000000 0.0000000 0.0000000 0.0000000 0.0000000 0.0000000 0.0000000 0.0000000 0.0295952
 50 E  50 0.0201822 0.1348005 0.0203472 0.0000000 0.0000000 0.0116539 0.0700857 0.0000000 0.0000000 0.1997501 0.0445754 0.2688826 0.0272708 0.0035589 0.0000000 0.0000000 0.0041446 0.0000000 0.0000000 0.1573480 0.0374002
 51 R  51 0.0047091 0.0964113 0.0518669 0.0226172 0.0000000 0.1611238 0.0735178 0.0000000 0.0194269 0.0000000 0.0806816 0.0987678 0.1366954 0.0742514 0.0000000 0.0024076 0.0356897 0.0390253 0.0563184 0.0027913 0.0436987
 52 R  52 0.0000000 0.8881931 0.0000000 0.0000000 0.0000000 0.0000000 0.0062971 0.0000000 0.0000000 0.0000000 0.0000000 0.0541911 0.0000000 0.0000000 0.0000000 0.0000000 0.0000000 0.0000000 0.0000000 0.0000000 0.0513187
 53 R  53 0.0041446 0.3628111 0.0000000 0.0000000 0.0000000 0.1936950 0.0000000 0.0110615 0.0000000 0.0000000 0.0194445 0.3172889 0.0000000 0.0069706 0.0000000 0.0000000 0.0238835 0.0093816 0.0000000 0.0000000 0.0513187
 54 C  54 0.0000000 0.0000000 0.0000000 0.0000000 0.9486813 0.0000000 0.0000000 0.0000000 0.0000000 0.0000000 0.0000000 0.0000000 0.0000000 0.0000000 0.0000000 0.0000000 0.0000000 0.0000000 0.0000000 0.0000000 0.0513187
 55 L  55 0.0053105 0.0293022 0.0000000 0.0489783 0.0000000 0.0714726 0.1661863 0.0000000 0.0247151 0.0323368 0.2849541 0.0118258 0.0000000 0.0000000 0.1179011 0.0132116 0.0094210 0.0000000 0.0000000 0.0328703 0.1515143
 56 R  56 0.0153016 0.1571275 0.2183281 0.0000000 0.0000000 0.0780261 0.0760662 0.0000000 0.0127578 0.0048295 0.0263904 0.1319886 0.0053105 0.0069019 0.0000000 0.0000000 0.0000000 0.0000000 0.0162311 0.0527948 0.1979459
 57 I  57 0.0000000 0.0342827 0.0120009 0.0000000 0.0000000 0.0000000 0.0073529 0.0000000 0.0000000 0.1253212 0.3161933 0.0089211 0.0890758 0.0390253 0.0127578 0.0204491 0.0000000 0.0000000 0.0000000 0.0342193 0.3004008
 58 V  58 0.1876413 0.0169465 0.0000000 0.0000000 0.0000000 0.0146730 0.0328442 0.0000000 0.0078139 0.0000000 0.0478680 0.1219840 0.0100499 0.0000000 0.0000000 0.0322700 0.0795369 0.0000000 0.0000000 0.0889239 0.3594483
 59 E  59 0.0276988 0.0864789 0.0106075 0.0090754 0.0000000 0.0092056 0.1660485 0.0000000 0.0000000 0.0000000 0.0000000 0.1455858 0.0608788 0.0000000 0.0000000 0.0183535 0.0051655 0.0000000 0.0000000 0.0523000 0.4086019
 60 R  60 0.0000000 0.1120008 0.0000000 0.0078139 0.0000000 0.0239761 0.0195479 0.0000000 0.0000000 0.0000000 0.0000000 0.3250370 0.0000000 0.0000000 0.0000000 0.0000000 0.0297502 0.0000000 0.0000000 0.0000000 0.4818742
 61 S  61 0.0083476 0.0000000 0.0055528 0.0000000 0.0000000 0.0000000 0.0000000 0.0000000 0.0000000 0.0000000 0.0000000 0.0000000 0.0000000 0.0000000 0.0000000 0.1054623 0.0167443 0.0000000 0.0000000 0.0000000 0.8638931
