   61         A         R         N         D         C         Q         E         G         H         I         L         K         M         F         P         S         T         W         Y         V    
  1 G   1 0.2708676 0.0000000 0.0000000 0.0000000 0.0000000 0.0000000 0.0000000 0.7291324 0.0000000 0.0000000 0.0000000 0.0000000 0.0000000 0.0000000 0.0000000 0.0000000 0.0000000 0.0000000 0.0000000 0.0000000
  2 P   2 0.6276417 0.0000000 0.0000000 0.0000000 0.0000000 0.0000000 0.0000000 0.0703957 0.0000000 0.0000000 0.0000000 0.0274384 0.0931358 0.0000000 0.0239916 0.1339492 0.0234475 0.0000000 0.0000000 0.0000000
  3 L   3 0.0000000 0.0000000 0.0000000 0.0653739 0.0000000 0.0000000 0.0000000 0.0248312 0.0000000 0.0000000 0.1627594 0.0000000 0.0000000 0.4426983 0.1547258 0.0168633 0.0312286 0.0512986 0.0299697 0.0202512
  4 G   4 0.0565867 0.0000000 0.4969265 0.1495210 0.0000000 0.0000000 0.0000000 0.1249262 0.0000000 0.0000000 0.0000000 0.0000000 0.0000000 0.0000000 0.0000000 0.1720397 0.0000000 0.0000000 0.0000000 0.0000000
  5 S   5 0.0000000 0.2553613 0.0243003 0.1583472 0.0000000 0.0102099 0.1083341 0.0244707 0.0000000 0.0000000 0.0000000 0.2026699 0.0185661 0.0000000 0.0534092 0.1151727 0.0291587 0.0000000 0.0000000 0.0000000
  6 E   6 0.0286336 0.0826496 0.0684263 0.0240647 0.0000000 0.0441922 0.3234455 0.0239615 0.0176572 0.0000000 0.0092768 0.2919809 0.0000000 0.0000000 0.0188329 0.0577567 0.0000000 0.0000000 0.0091222 0.0000000
  7 Q   7 0.0078570 0.0232760 0.0318111 0.0000000 0.0000000 0.3426048 0.0614292 0.1102180 0.0136787 0.0090448 0.0122422 0.1510967 0.0247573 0.0000000 0.0993783 0.0621829 0.0382489 0.0000000 0.0000000 0.0121742
  8 R   8 0.0827436 0.1789176 0.1079625 0.0000000 0.0000000 0.0000000 0.0090818 0.0160899 0.0000000 0.0154429 0.0000000 0.2105493 0.0075740 0.0000000 0.0613163 0.1893243 0.1071143 0.0000000 0.0000000 0.0138835
  9 M   9 0.0522779 0.1837742 0.0077535 0.0000000 0.0000000 0.0037066 0.0000000 0.1045607 0.0000000 0.0086352 0.0380483 0.3172402 0.1370745 0.0095542 0.0000000 0.0412958 0.0241669 0.0000000 0.0305621 0.0413499
 10 F  10 0.0000000 0.2223876 0.0121646 0.0000000 0.0084234 0.0333928 0.0156202 0.0000000 0.0235985 0.0086069 0.0184381 0.3126944 0.0362255 0.1391455 0.0605862 0.0230317 0.0328062 0.0000000 0.0135841 0.0392944
 11 K  11 0.0000000 0.3291048 0.0336081 0.0000000 0.0000000 0.0486545 0.0060923 0.0000000 0.0000000 0.0000000 0.0000000 0.4996625 0.0000000 0.0000000 0.0068155 0.0707968 0.0052655 0.0000000 0.0000000 0.0000000
 12 R  12 0.0254434 0.5840322 0.0667888 0.0000000 0.0000000 0.0049259 0.0000000 0.0036521 0.0000000 0.0091873 0.0000000 0.0680553 0.0282064 0.0000000 0.0000000 0.1494877 0.0278480 0.0151474 0.0000000 0.0172254
 13 V  13 0.0319039 0.3110442 0.0024944 0.0132933 0.0000000 0.0498802 0.0000000 0.0335132 0.0105268 0.0078252 0.0066194 0.2759830 0.0032531 0.0088988 0.0114787 0.0202747 0.0581451 0.0000000 0.0000000 0.1548659
 14 G  14 0.0460634 0.6191509 0.0000000 0.0000000 0.0000000 0.0112420 0.0000000 0.2047888 0.0000000 0.0000000 0.0000000 0.0569316 0.0339048 0.0000000 0.0195862 0.0083323 0.0000000 0.0000000 0.0000000 0.0000000
 15 C  15 0.0000000 0.0000000 0.0000000 0.0000000 1.0000000 0.0000000 0.0000000 0.0000000 0.0000000 0.0000000 0.0000000 0.0000000 0.0000000 0.0000000 0.0000000 0.0000000 0.0000000 0.0000000 0.0000000 0.0000000
 16 G  16 0.0000000 0.0162005 0.0194591 0.0000000 0.0000000 0.0098883 0.0145795 0.8780207 0.0109277 0.0000000 0.0000000 0.0430811 0.0078431 0.0000000 0.0000000 0.0000000 0.0000000 0.0000000 0.0000000 0.0000000
 17 E  17 0.0484419 0.0339917 0.0267601 0.0370850 0.0000000 0.0766986 0.2377186 0.0000000 0.0399972 0.0171154 0.0261670 0.0835455 0.0232699 0.0069778 0.0000000 0.0074537 0.0604626 0.0050967 0.0000000 0.2692183
 18 C  18 0.0000000 0.0000000 0.0000000 0.0000000 1.0000000 0.0000000 0.0000000 0.0000000 0.0000000 0.0000000 0.0000000 0.0000000 0.0000000 0.0000000 0.0000000 0.0000000 0.0000000 0.0000000 0.0000000 0.0000000
 19 A  19 0.1503467 0.0838166 0.0000000 0.0339669 0.0000000 0.0055487 0.3202464 0.0398448 0.0059359 0.0363286 0.0000000 0.0542043 0.0000000 0.0000000 0.0568262 0.0673804 0.0482487 0.0138963 0.0000000 0.0834097
 20 A  20 0.3254447 0.0047856 0.0422502 0.0141448 0.0000000 0.0000000 0.0000000 0.3668286 0.0043555 0.0138512 0.0000000 0.0000000 0.0000000 0.0000000 0.1530364 0.0066072 0.0234297 0.0000000 0.0000000 0.0452661
 21 C  21 0.0000000 0.0000000 0.0000000 0.0000000 1.0000000 0.0000000 0.0000000 0.0000000 0.0000000 0.0000000 0.0000000 0.0000000 0.0000000 0.0000000 0.0000000 0.0000000 0.0000000 0.0000000 0.0000000 0.0000000
 22 Q  22 0.0087919 0.1036135 0.0185280 0.0000000 0.0000000 0.3926906 0.0000000 0.0000000 0.0031389 0.0000000 0.2950414 0.0550930 0.0030580 0.0029739 0.0000000 0.0443421 0.0373816 0.0000000 0.0118130 0.0235340
 23 V  23 0.0592200 0.4381606 0.0274110 0.0000000 0.0191748 0.0735157 0.0078333 0.0116859 0.0035498 0.0097963 0.0396356 0.0365455 0.0000000 0.0000000 0.0000000 0.0000000 0.0878666 0.0000000 0.0000000 0.1856049
 24 T  24 0.0460016 0.0986425 0.0000000 0.0257340 0.0000000 0.1124709 0.0139823 0.0054737 0.0000000 0.0000000 0.0670535 0.2281717 0.0153343 0.0000000 0.0728361 0.0496530 0.2338608 0.0000000 0.0000000 0.0307857
 25 E  25 0.0494691 0.0000000 0.0150583 0.1296161 0.0000000 0.0370755 0.4241706 0.0032824 0.0130790 0.0511674 0.0000000 0.0000000 0.0244455 0.0000000 0.1440794 0.0000000 0.0490167 0.0000000 0.0123646 0.0471755
 26 D  26 0.0000000 0.0000000 0.2899395 0.6850649 0.0000000 0.0000000 0.0124563 0.0057437 0.0000000 0.0000000 0.0000000 0.0000000 0.0000000 0.0000000 0.0067956 0.0000000 0.0000000 0.0000000 0.0000000 0.0000000
 27 C  27 0.0000000 0.0000000 0.0000000 0.0000000 1.0000000 0.0000000 0.0000000 0.0000000 0.0000000 0.0000000 0.0000000 0.0000000 0.0000000 0.0000000 0.0000000 0.0000000 0.0000000 0.0000000 0.0000000 0.0000000
 28 G  28 0.0128664 0.0328992 0.0069005 0.0112132 0.0000000 0.0000000 0.0337754 0.8505501 0.0000000 0.0000000 0.0034531 0.0067003 0.0416418 0.0000000 0.0000000 0.0000000 0.0000000 0.0000000 0.0000000 0.0000000
 29 A  29 0.1005106 0.0670966 0.0037344 0.0480082 0.0046680 0.0845775 0.1360255 0.0000000 0.0804824 0.0132152 0.0209241 0.2191465 0.0000000 0.0000000 0.0000000 0.0607390 0.0775652 0.0000000 0.0000000 0.0833068
 30 C  30 0.0000000 0.0000000 0.0000000 0.0000000 1.0000000 0.0000000 0.0000000 0.0000000 0.0000000 0.0000000 0.0000000 0.0000000 0.0000000 0.0000000 0.0000000 0.0000000 0.0000000 0.0000000 0.0000000 0.0000000
 31 S  31 0.0836888 0.0826828 0.0327809 0.1390195 0.0046499 0.0055487 0.0252577 0.0368012 0.0158084 0.0171434 0.0040062 0.0626289 0.0055156 0.0000000 0.0538555 0.1536284 0.1409315 0.0099180 0.0090375 0.1170974
 32 T  32 0.1482221 0.0000000 0.1084954 0.0000000 0.0041063 0.0000000 0.0000000 0.0184893 0.0344307 0.0499292 0.0000000 0.0000000 0.0000000 0.2007509 0.0896794 0.0947008 0.0642977 0.0000000 0.1118015 0.0750968
 33 C  33 0.0000000 0.0000000 0.0000000 0.0000000 1.0000000 0.0000000 0.0000000 0.0000000 0.0000000 0.0000000 0.0000000 0.0000000 0.0000000 0.0000000 0.0000000 0.0000000 0.0000000 0.0000000 0.0000000 0.0000000
 34 L  34 0.0069141 0.2514374 0.0000000 0.0000000 0.0418977 0.0722244 0.0125230 0.0000000 0.0037618 0.0155221 0.3233488 0.1766245 0.0237864 0.0000000 0.0000000 0.0000000 0.0185121 0.0000000 0.0000000 0.0534477
 35 L  35 0.0213979 0.0058387 0.2167494 0.5661290 0.0090193 0.0132017 0.0000000 0.0055682 0.0379116 0.0000000 0.1034911 0.0090761 0.0000000 0.0000000 0.0000000 0.0116170 0.0000000 0.0000000 0.0000000 0.0000000
 36 Q  36 0.0000000 0.2151357 0.0072564 0.0695527 0.0000000 0.0889631 0.0086722 0.0000000 0.0000000 0.0000000 0.0229061 0.2255602 0.3237916 0.0000000 0.0101903 0.0223631 0.0000000 0.0000000 0.0000000 0.0056086
 37 L  37 0.0048364 0.1385549 0.0101368 0.0000000 0.0000000 0.0088941 0.0000000 0.0000000 0.0000000 0.0799908 0.1178045 0.2967915 0.0130185 0.0000000 0.2198759 0.0000000 0.0237102 0.0000000 0.0128867 0.0734996
 38 P  38 0.0123749 0.0269855 0.0000000 0.0000000 0.0000000 0.0285301 0.0234384 0.0000000 0.0052412 0.0000000 0.0000000 0.5772667 0.0000000 0.0147584 0.1124801 0.1069799 0.0919448 0.0000000 0.0000000 0.0000000
 39 H  39 0.0000000 0.0062594 0.0383598 0.0000000 0.0000000 0.0340696 0.0000000 0.0094139 0.1881317 0.0000000 0.0000000 0.0000000 0.0000000 0.5204214 0.0468349 0.0089638 0.0252684 0.0000000 0.1222772 0.0000000
 40 D  40 0.0000000 0.0719844 0.0298418 0.0912509 0.0000000 0.0913160 0.0000000 0.6924174 0.0040710 0.0000000 0.0000000 0.0000000 0.0000000 0.0000000 0.0191184 0.0000000 0.0000000 0.0000000 0.0000000 0.0000000
 41 V  41 0.0000000 0.0000000 0.0000000 0.0000000 0.0000000 0.0000000 0.0143568 0.6782256 0.0000000 0.1081841 0.0000000 0.0000000 0.0000000 0.0000000 0.1137651 0.0000000 0.0000000 0.0000000 0.0000000 0.0854685
 42 A  42 0.0969077 0.0886965 0.0298569 0.0148884 0.0000000 0.0000000 0.0278134 0.1056161 0.0456786 0.0178974 0.0046667 0.0074713 0.0000000 0.0000000 0.3394475 0.1780107 0.0430487 0.0000000 0.0000000 0.0000000
 43 S  43 0.0096111 0.0000000 0.2656965 0.0000000 0.0000000 0.0000000 0.0000000 0.4193774 0.0000000 0.0000000 0.0678851 0.0173611 0.0000000 0.0447208 0.0000000 0.1483542 0.0000000 0.0000000 0.0000000 0.0269939
 44 G  44 0.0000000 0.2893219 0.0284721 0.0000000 0.0000000 0.0681654 0.0000000 0.0958216 0.0000000 0.0806980 0.0721441 0.1820554 0.0149181 0.0000000 0.0000000 0.0365901 0.0890048 0.0000000 0.0000000 0.0428084
 45 L  45 0.0462344 0.1222383 0.0000000 0.0000000 0.0000000 0.0100022 0.0000000 0.0934938 0.0000000 0.0524502 0.2058402 0.2304941 0.0552691 0.0000000 0.0156995 0.1468919 0.0161138 0.0000000 0.0052724 0.0000000
 46 F  46 0.0000000 0.2185525 0.0110081 0.0000000 0.0000000 0.0520649 0.0000000 0.0156995 0.1022282 0.0000000 0.0000000 0.4682741 0.0000000 0.0639082 0.0131640 0.0246781 0.0000000 0.0000000 0.0149988 0.0154237
 47 C  47 0.0155311 0.0097634 0.0000000 0.0000000 0.0780606 0.6809550 0.0035451 0.0000000 0.0000000 0.0000000 0.0377469 0.0272110 0.0000000 0.0000000 0.0000000 0.0375246 0.0000000 0.0850481 0.0000000 0.0246143
 48 K  48 0.1510039 0.0404587 0.0000000 0.0000000 0.1135388 0.0225236 0.0000000 0.0000000 0.0000000 0.1151354 0.0155930 0.3257778 0.0000000 0.0000000 0.0240771 0.1197021 0.0614206 0.0000000 0.0000000 0.0107690
 49 C  49 0.0000000 0.0000000 0.0000000 0.0000000 1.0000000 0.0000000 0.0000000 0.0000000 0.0000000 0.0000000 0.0000000 0.0000000 0.0000000 0.0000000 0.0000000 0.0000000 0.0000000 0.0000000 0.0000000 0.0000000
 50 E  50 0.0219304 0.1477802 0.0230763 0.0000000 0.0000000 0.0123670 0.0796794 0.0000000 0.0000000 0.1865456 0.0440949 0.2846237 0.0278405 0.0038225 0.0000000 0.0000000 0.0043978 0.0000000 0.0000000 0.1638416
 51 R  51 0.0048578 0.1069269 0.0480301 0.0243276 0.0000000 0.1668028 0.0793418 0.0000000 0.0196612 0.0000000 0.0868871 0.1024528 0.1276447 0.0842669 0.0000000 0.0022234 0.0408465 0.0431086 0.0596161 0.0030056
 52 R  52 0.0000000 0.9408819 0.0000000 0.0000000 0.0000000 0.0000000 0.0080132 0.0000000 0.0000000 0.0000000 0.0000000 0.0511049 0.0000000 0.0000000 0.0000000 0.0000000 0.0000000 0.0000000 0.0000000 0.0000000
 53 R  53 0.0044335 0.3898852 0.0000000 0.0000000 0.0000000 0.1929095 0.0000000 0.0119358 0.0000000 0.0000000 0.0214688 0.3341215 0.0000000 0.0075740 0.0000000 0.0000000 0.0274806 0.0101910 0.0000000 0.0000000
 54 C  54 0.0000000 0.0000000 0.0000000 0.0000000 1.0000000 0.0000000 0.0000000 0.0000000 0.0000000 0.0000000 0.0000000 0.0000000 0.0000000 0.0000000 0.0000000 0.0000000 0.0000000 0.0000000 0.0000000 0.0000000
 55 L  55 0.0064490 0.0379237 0.0000000 0.0574578 0.0000000 0.0859238 0.1946392 0.0000000 0.0204851 0.0399547 0.3367984 0.0143761 0.0000000 0.0000000 0.1388422 0.0159653 0.0110050 0.0000000 0.0000000 0.0401796
 56 R  56 0.0186969 0.1977470 0.2647855 0.0000000 0.0000000 0.0968175 0.0957966 0.0000000 0.0165656 0.0061884 0.0340316 0.1657666 0.0068112 0.0089246 0.0000000 0.0000000 0.0000000 0.0000000 0.0205292 0.0673394
 57 I  57 0.0000000 0.0507451 0.0173364 0.0000000 0.0000000 0.0000000 0.0108136 0.0000000 0.0000000 0.1863566 0.4513546 0.0144528 0.1160030 0.0573520 0.0189061 0.0282066 0.0000000 0.0000000 0.0000000 0.0484732
 58 V  58 0.2847461 0.0260153 0.0000000 0.0000000 0.0000000 0.0212042 0.0511325 0.0000000 0.0126799 0.0000000 0.0738509 0.1914603 0.0164135 0.0000000 0.0000000 0.0532475 0.1219822 0.0000000 0.0000000 0.1472676
 59 E  59 0.0463036 0.1514805 0.0190960 0.0147025 0.0000000 0.0157285 0.2851966 0.0000000 0.0000000 0.0000000 0.0000000 0.2480579 0.1030099 0.0000000 0.0000000 0.0184335 0.0086567 0.0000000 0.0000000 0.0893343
 60 R  60 0.0000000 0.2258603 0.0000000 0.0156957 0.0000000 0.0470001 0.0380599 0.0000000 0.0000000 0.0000000 0.0000000 0.6294190 0.0000000 0.0000000 0.0000000 0.0000000 0.0439649 0.0000000 0.0000000 0.0000000
 61 S  61 0.0590583 0.0000000 0.0464260 0.0000000 0.0000000 0.0000000 0.0000000 0.0000000 0.0000000 0.0000000 0.0000000 0.0000000 0.0000000 0.0000000 0.0000000 0.7627290 0.1317867 0.0000000 0.0000000 0.0000000
