   61         A         R         N         D         C         Q         E         G         H         I         L         K         M         F         P         S         T         W         Y         V         X    
  1 Q   1 0.0000000 0.0000000 0.0000000 0.0000000 0.0000000 0.8260004 0.0000000 0.0000000 0.0000000 0.0000000 0.0000000 0.0000000 0.0000000 0.0000000 0.0000000 0.0000000 0.0000000 0.0000000 0.0000000 0.0000000 0.1739996
  2 G   2 0.0000000 0.0000000 0.0000000 0.0000000 0.0000000 0.0000000 0.0000000 0.8260004 0.0000000 0.0000000 0.0000000 0.0000000 0.0000000 0.0000000 0.0000000 0.0000000 0.0000000 0.0000000 0.0000000 0.0000000 0.1739996
  3 Q   3 0.0000000 0.0000000 0.0000000 0.0000000 0.0000000 0.7565453 0.0000000 0.0000000 0.0000000 0.0000000 0.0241738 0.0452813 0.0000000 0.0000000 0.0000000 0.0000000 0.0000000 0.0000000 0.0000000 0.0000000 0.1739996
  4 E   4 0.0000000 0.0000000 0.0000000 0.5669842 0.0000000 0.0000000 0.2822499 0.0000000 0.0000000 0.0000000 0.0000000 0.0452813 0.0000000 0.0000000 0.0000000 0.0000000 0.0000000 0.0000000 0.0000000 0.0000000 0.1054846
  5 T   5 0.0937465 0.0000000 0.0000000 0.0000000 0.0000000 0.0000000 0.0000000 0.0000000 0.0000000 0.0000000 0.0305551 0.0000000 0.0262432 0.0000000 0.0000000 0.0253907 0.3986500 0.0000000 0.0000000 0.3199300 0.1054846
  6 A   6 0.6167011 0.0000000 0.0000000 0.0000000 0.0000000 0.0000000 0.0000000 0.0000000 0.0000000 0.0000000 0.0000000 0.0000000 0.0594377 0.0000000 0.0000000 0.0000000 0.1007565 0.0000000 0.0000000 0.0870310 0.1360737
  7 V   7 0.0000000 0.0000000 0.0000000 0.0000000 0.0000000 0.0000000 0.0000000 0.0000000 0.0000000 0.0305892 0.0000000 0.0000000 0.0334111 0.0000000 0.6940505 0.0000000 0.0000000 0.0000000 0.0484641 0.0880005 0.1054846
  8 A   8 0.2584744 0.0000000 0.0000000 0.0000000 0.0000000 0.0000000 0.0000000 0.0000000 0.0000000 0.0000000 0.0000000 0.0000000 0.0533084 0.0000000 0.2853275 0.0715516 0.1231623 0.0000000 0.0000000 0.1026911 0.1054846
  9 P   9 0.0000000 0.0000000 0.0000000 0.0000000 0.0000000 0.0000000 0.0000000 0.0484641 0.0000000 0.0000000 0.0000000 0.0000000 0.0000000 0.0000000 0.8460513 0.0000000 0.0000000 0.0000000 0.0000000 0.0000000 0.1054846
 10 S  10 0.0000000 0.0484641 0.6263559 0.0000000 0.0000000 0.0000000 0.0000000 0.0000000 0.0000000 0.0000000 0.0000000 0.0000000 0.0000000 0.0000000 0.0494138 0.0761303 0.0000000 0.0000000 0.0000000 0.0488700 0.1507659
 11 L  11 0.0484641 0.0000000 0.0000000 0.0000000 0.0000000 0.0000000 0.0000000 0.0000000 0.0000000 0.0000000 0.2008708 0.0000000 0.0494138 0.0000000 0.5571998 0.0385669 0.0000000 0.0000000 0.0000000 0.0000000 0.1054846
 12 V  12 0.0945590 0.0000000 0.0000000 0.0000000 0.0000000 0.0000000 0.0000000 0.5462262 0.0000000 0.0000000 0.0000000 0.0000000 0.0000000 0.0452813 0.0000000 0.0234793 0.0000000 0.0000000 0.0000000 0.1849696 0.1054846
 13 A  13 0.2267729 0.0000000 0.0000000 0.3538585 0.0000000 0.0000000 0.0474480 0.0000000 0.0000000 0.0000000 0.0000000 0.0000000 0.0674032 0.0000000 0.0452813 0.0000000 0.0611906 0.0000000 0.0000000 0.0494138 0.1486317
 14 P  14 0.0000000 0.0000000 0.0000000 0.0000000 0.0000000 0.2324965 0.0000000 0.0484641 0.1645091 0.0000000 0.0000000 0.0000000 0.0000000 0.0000000 0.2791209 0.0691683 0.0000000 0.0000000 0.0000000 0.1007565 0.1054846
 15 A  15 0.3064129 0.0000000 0.0000000 0.0000000 0.0000000 0.0000000 0.0000000 0.1052624 0.0000000 0.2082080 0.0000000 0.0000000 0.0000000 0.1289629 0.0000000 0.0567511 0.0000000 0.0000000 0.0000000 0.1226064 0.0717964
 16 L  16 0.0533084 0.0000000 0.0000000 0.0000000 0.0000000 0.0000000 0.0000000 0.0000000 0.0000000 0.0815149 0.4735436 0.0000000 0.0000000 0.2461004 0.0000000 0.0000000 0.0000000 0.0000000 0.0000000 0.0737364 0.0717964
 17 N  17 0.0385669 0.0000000 0.6049903 0.0000000 0.0000000 0.0000000 0.0000000 0.0000000 0.1289629 0.0262432 0.0000000 0.0000000 0.0000000 0.0000000 0.0431472 0.0862932 0.0000000 0.0000000 0.0000000 0.0000000 0.0717964
 18 K  18 0.0000000 0.0000000 0.0000000 0.0000000 0.0000000 0.0000000 0.0484641 0.0000000 0.0000000 0.0000000 0.0000000 0.8797396 0.0000000 0.0000000 0.0000000 0.0000000 0.0000000 0.0000000 0.0000000 0.0000000 0.0717964
 19 P  19 0.0000000 0.0452813 0.0000000 0.0000000 0.0000000 0.0000000 0.0000000 0.0000000 0.0000000 0.0000000 0.1046066 0.0000000 0.0000000 0.0000000 0.5949956 0.1042669 0.0790533 0.0000000 0.0000000 0.0000000 0.0717964
 20 K  20 0.0000000 0.1270448 0.0000000 0.0000000 0.0000000 0.0000000 0.0000000 0.0000000 0.0000000 0.0000000 0.0000000 0.8011588 0.0000000 0.0000000 0.0000000 0.0000000 0.0000000 0.0000000 0.0000000 0.0000000 0.0717964
 21 K  21 0.0000000 0.0815149 0.0000000 0.0000000 0.0000000 0.0000000 0.0000000 0.0000000 0.0000000 0.0000000 0.0000000 0.7992407 0.0000000 0.0000000 0.0000000 0.0474480 0.0000000 0.0000000 0.0000000 0.0000000 0.0717964
 22 P  22 0.0306014 0.0000000 0.0899760 0.0000000 0.0000000 0.0000000 0.0000000 0.0000000 0.0000000 0.0697889 0.1825606 0.0000000 0.0000000 0.0000000 0.4713791 0.0305892 0.0000000 0.0000000 0.0000000 0.0000000 0.1251048
 23 L  23 0.0000000 0.0000000 0.0000000 0.0000000 0.0000000 0.0405623 0.0000000 0.0000000 0.0000000 0.2723436 0.3434105 0.0000000 0.0000000 0.0000000 0.0000000 0.0409526 0.0000000 0.0000000 0.0000000 0.0000000 0.3027310
 24 T  24 0.0494138 0.0000000 0.0000000 0.0000000 0.0000000 0.0000000 0.0000000 0.5270631 0.0000000 0.0000000 0.0000000 0.0000000 0.0000000 0.0000000 0.0000000 0.0912731 0.0185454 0.0000000 0.0000000 0.0000000 0.3137046
 25 S  25 0.0000000 0.0000000 0.0000000 0.0000000 0.0000000 0.0000000 0.0000000 0.0000000 0.0000000 0.0000000 0.0000000 0.0000000 0.0000000 0.0000000 0.1694955 0.2998820 0.3029328 0.0000000 0.0000000 0.0000000 0.2276897
 26 S  26 0.0372027 0.0474480 0.0000000 0.0000000 0.0000000 0.0815149 0.0000000 0.1116320 0.0000000 0.0241738 0.0000000 0.0000000 0.0000000 0.0000000 0.0000000 0.2288039 0.0385669 0.0000000 0.0000000 0.0533084 0.3773493
 27 S  27 0.0000000 0.1136877 0.1083077 0.0000000 0.0000000 0.0385669 0.0000000 0.0866165 0.0000000 0.0000000 0.0000000 0.0000000 0.0000000 0.0000000 0.0000000 0.3327755 0.0452813 0.0000000 0.0000000 0.0000000 0.2747644
 28 A  28 0.6084936 0.0000000 0.0372027 0.0000000 0.0000000 0.0306014 0.0000000 0.0000000 0.0000000 0.0000000 0.0000000 0.0000000 0.0000000 0.0000000 0.0000000 0.1007565 0.2229458 0.0000000 0.0000000 0.0000000 0.0000000
 29 A  29 0.6308663 0.0000000 0.0000000 0.0000000 0.0000000 0.0000000 0.0000000 0.0474480 0.0000000 0.0000000 0.0000000 0.0000000 0.0000000 0.0000000 0.0000000 0.0815149 0.0000000 0.0000000 0.0000000 0.2401708 0.0000000
 30 P  30 0.0000000 0.0717964 0.0000000 0.0000000 0.0000000 0.0000000 0.0000000 0.0000000 0.0000000 0.0000000 0.0000000 0.0321728 0.0000000 0.0000000 0.8960308 0.0000000 0.0000000 0.0000000 0.0000000 0.0000000 0.0000000
 31 Q  31 0.0000000 0.0000000 0.0000000 0.0000000 0.0000000 0.6968462 0.0372027 0.0000000 0.0000000 0.0000000 0.0533084 0.0000000 0.0431472 0.0000000 0.0000000 0.0000000 0.1309286 0.0000000 0.0000000 0.0000000 0.0385669
 32 R  32 0.0000000 0.7077136 0.0000000 0.0000000 0.0000000 0.0000000 0.0000000 0.0717964 0.0000000 0.0000000 0.0000000 0.0533084 0.0000000 0.0000000 0.0000000 0.0484641 0.0000000 0.0000000 0.0000000 0.0815149 0.0372027
 33 P  33 0.0610091 0.0000000 0.0000000 0.0000000 0.0000000 0.0717964 0.0000000 0.0000000 0.0000000 0.0000000 0.0452813 0.0000000 0.0000000 0.0000000 0.3889688 0.0533084 0.2992861 0.0000000 0.0000000 0.0000000 0.0803499
 34 I  34 0.0288363 0.0000000 0.0000000 0.0000000 0.0000000 0.0000000 0.0717964 0.0000000 0.0000000 0.1888718 0.0000000 0.0815149 0.0494138 0.0000000 0.1013411 0.3468717 0.0452813 0.0000000 0.0000000 0.0488700 0.0372027
 35 S  35 0.0937454 0.0000000 0.0815149 0.0000000 0.0000000 0.0533084 0.0000000 0.0000000 0.0000000 0.0000000 0.0000000 0.0000000 0.0000000 0.0000000 0.2992861 0.0764074 0.1483546 0.0000000 0.0000000 0.1780076 0.0693755
 36 T  36 0.2498039 0.0000000 0.0000000 0.0000000 0.0000000 0.0000000 0.0000000 0.0000000 0.0000000 0.0000000 0.0000000 0.0000000 0.0815149 0.0000000 0.0000000 0.0000000 0.5504357 0.0000000 0.0000000 0.0488700 0.0693755
 37 Q  37 0.0964556 0.0000000 0.0000000 0.0000000 0.0000000 0.4017039 0.0000000 0.0305551 0.1271565 0.0000000 0.0000000 0.0980046 0.0000000 0.0000000 0.1552061 0.0000000 0.0000000 0.0000000 0.0000000 0.0000000 0.0909182
 38 R  38 0.0533084 0.4042333 0.0329847 0.0000000 0.0000000 0.0000000 0.0000000 0.0000000 0.0245782 0.0000000 0.0000000 0.0736912 0.0000000 0.0000000 0.0305551 0.0000000 0.1485790 0.0000000 0.0000000 0.0431472 0.1889228
 39 T  39 0.0533084 0.0000000 0.0000000 0.0000000 0.0000000 0.0329847 0.0000000 0.0000000 0.0000000 0.0000000 0.0000000 0.0305551 0.0000000 0.0000000 0.1060931 0.0670642 0.5210717 0.0000000 0.0000000 0.0000000 0.1889228
 40 A  40 0.1782868 0.0000000 0.0000000 0.0000000 0.0000000 0.0815149 0.0000000 0.0670642 0.0000000 0.0262432 0.0000000 0.0431472 0.0474480 0.0000000 0.0305892 0.0000000 0.3367838 0.0000000 0.0000000 0.0000000 0.1889228
 41 A  41 0.1762911 0.2061420 0.0000000 0.0000000 0.0000000 0.0262432 0.0000000 0.0000000 0.0000000 0.0000000 0.0000000 0.0533084 0.0305551 0.0000000 0.0905952 0.0000000 0.0000000 0.0000000 0.0000000 0.3259467 0.0909182
 42 A  42 0.2455154 0.0000000 0.0000000 0.0000000 0.0000000 0.0305551 0.0000000 0.0305892 0.0000000 0.0452813 0.0916424 0.0000000 0.0329847 0.0000000 0.0431472 0.0488700 0.2589816 0.0000000 0.0000000 0.0815149 0.0909182
 43 P  43 0.0000000 0.0241738 0.2030648 0.0000000 0.0000000 0.0815149 0.0000000 0.0245782 0.0000000 0.0000000 0.0000000 0.0000000 0.0000000 0.0000000 0.5086859 0.0670642 0.0000000 0.0000000 0.0000000 0.0000000 0.0909182
 44 K  44 0.0000000 0.0000000 0.1178856 0.0000000 0.0000000 0.0474480 0.0000000 0.0000000 0.0815149 0.0329847 0.0000000 0.5453850 0.0000000 0.0000000 0.0000000 0.0000000 0.0000000 0.0000000 0.0000000 0.0000000 0.1747817
 45 A  45 0.2218565 0.0000000 0.0815149 0.0000000 0.0000000 0.0000000 0.0000000 0.0000000 0.0000000 0.0000000 0.0000000 0.0000000 0.0288363 0.0000000 0.1681144 0.0431472 0.0756570 0.0000000 0.0000000 0.1608107 0.2200631
 46 G  46 0.3371361 0.0000000 0.0000000 0.0000000 0.0000000 0.0000000 0.0000000 0.2341531 0.0000000 0.0000000 0.0000000 0.0000000 0.0000000 0.0000000 0.0575629 0.0860149 0.1103512 0.0000000 0.0000000 0.0000000 0.1747817
 47 P  47 0.0000000 0.0000000 0.0385669 0.0000000 0.0000000 0.0488700 0.0000000 0.0431472 0.0000000 0.0000000 0.0000000 0.0000000 0.0000000 0.0000000 0.5896232 0.0329847 0.0720263 0.0000000 0.0000000 0.0000000 0.1747817
 48 G  48 0.0815149 0.0000000 0.0329847 0.0000000 0.0000000 0.0000000 0.0000000 0.4762595 0.0000000 0.0000000 0.0000000 0.0000000 0.0000000 0.0000000 0.0933074 0.0719835 0.0000000 0.0000000 0.0000000 0.0691683 0.1747817
 49 V  49 0.0431472 0.0000000 0.0000000 0.0000000 0.0000000 0.0000000 0.0000000 0.0000000 0.0000000 0.2256773 0.1076264 0.0000000 0.1471988 0.0000000 0.0000000 0.0980046 0.0000000 0.0000000 0.0000000 0.2035639 0.1747817
 50 V  50 0.1309893 0.2222703 0.0717964 0.0000000 0.0000000 0.0000000 0.0000000 0.0540685 0.0000000 0.0000000 0.0677254 0.0000000 0.0000000 0.0000000 0.0000000 0.0253907 0.0000000 0.0000000 0.0000000 0.2529777 0.1747817
 51 R  51 0.0000000 0.3885855 0.0000000 0.0000000 0.0000000 0.0000000 0.0000000 0.0000000 0.0000000 0.0000000 0.0000000 0.4446599 0.0000000 0.0000000 0.0000000 0.0000000 0.0000000 0.0452813 0.0000000 0.0000000 0.1214733
 52 K  52 0.0000000 0.1252919 0.2222703 0.0000000 0.0000000 0.0000000 0.0000000 0.0000000 0.0000000 0.0000000 0.0000000 0.5309645 0.0000000 0.0000000 0.0000000 0.0000000 0.0000000 0.0000000 0.0000000 0.0000000 0.1214733
 53 N  53 0.0800152 0.0000000 0.2611269 0.0000000 0.0000000 0.0000000 0.0000000 0.0000000 0.0000000 0.0000000 0.0000000 0.0000000 0.0000000 0.0000000 0.4593474 0.0000000 0.0474480 0.0000000 0.0000000 0.0000000 0.1520625
 54 P  54 0.1592333 0.0000000 0.0000000 0.0000000 0.0000000 0.0000000 0.0000000 0.1558933 0.0000000 0.0000000 0.0000000 0.0000000 0.0000000 0.0000000 0.4512961 0.0409526 0.0405623 0.0000000 0.0000000 0.0000000 0.1520625
 55 G  55 0.1459755 0.0000000 0.0000000 0.0000000 0.0000000 0.0000000 0.0000000 0.1457019 0.0000000 0.0736912 0.0815149 0.0000000 0.0000000 0.0000000 0.0000000 0.1885001 0.2431431 0.0000000 0.0000000 0.0000000 0.1214733
 56 V  56 0.1102113 0.0000000 0.0000000 0.0000000 0.0000000 0.0000000 0.0000000 0.0900269 0.0000000 0.0262432 0.0329847 0.0000000 0.0000000 0.0000000 0.0000000 0.1289629 0.0245782 0.0000000 0.0000000 0.4161056 0.1708871
 57 G  57 0.0862932 0.2468485 0.0000000 0.0000000 0.0000000 0.0000000 0.0000000 0.5453850 0.0000000 0.0000000 0.0000000 0.0000000 0.0000000 0.0000000 0.0000000 0.0000000 0.0000000 0.0000000 0.0000000 0.0000000 0.1214733
 58 N  58 0.0000000 0.0000000 0.6346649 0.1411396 0.0000000 0.0000000 0.0000000 0.0533084 0.0000000 0.0494138 0.0000000 0.0000000 0.0000000 0.0000000 0.0000000 0.0000000 0.0000000 0.0000000 0.0000000 0.0000000 0.1214733
 59 G  59 0.0000000 0.0336882 0.0000000 0.1819022 0.0000000 0.0000000 0.0000000 0.5713250 0.0000000 0.0000000 0.0000000 0.0000000 0.0431472 0.0000000 0.0000000 0.0000000 0.0000000 0.0000000 0.0000000 0.0484641 0.1214733
 60 D  60 0.0000000 0.0000000 0.0000000 0.2940365 0.0000000 0.0000000 0.3046569 0.0474480 0.0000000 0.0000000 0.0000000 0.0000000 0.0000000 0.0000000 0.0000000 0.0000000 0.0000000 0.0000000 0.0000000 0.0000000 0.3538585
 61 D  61 0.0000000 0.0000000 0.0452813 0.2703262 0.0000000 0.0000000 0.1557062 0.0000000 0.0000000 0.0000000 0.0000000 0.0000000 0.0000000 0.0000000 0.0000000 0.0000000 0.0000000 0.0000000 0.0000000 0.0000000 0.5286863
