   61         A         R         N         D         C         Q         E         G         H         I         L         K         M         F         P         S         T         W         Y         V    
  1 Q   1 0.0000000 0.0000000 0.0000000 0.0000000 0.0000000 1.0000000 0.0000000 0.0000000 0.0000000 0.0000000 0.0000000 0.0000000 0.0000000 0.0000000 0.0000000 0.0000000 0.0000000 0.0000000 0.0000000 0.0000000
  2 G   2 0.0000000 0.0000000 0.0000000 0.0000000 0.0000000 0.0000000 0.0000000 1.0000000 0.0000000 0.0000000 0.0000000 0.0000000 0.0000000 0.0000000 0.0000000 0.0000000 0.0000000 0.0000000 0.0000000 0.0000000
  3 Q   3 0.0000000 0.0000000 0.0000000 0.0000000 0.0000000 0.8983357 0.0000000 0.0000000 0.0000000 0.0000000 0.0336957 0.0679686 0.0000000 0.0000000 0.0000000 0.0000000 0.0000000 0.0000000 0.0000000 0.0000000
  4 E   4 0.0000000 0.0000000 0.0000000 0.6062505 0.0000000 0.0000000 0.3308205 0.0000000 0.0000000 0.0000000 0.0000000 0.0629291 0.0000000 0.0000000 0.0000000 0.0000000 0.0000000 0.0000000 0.0000000 0.0000000
  5 T   5 0.1066808 0.0000000 0.0000000 0.0000000 0.0000000 0.0000000 0.0000000 0.0000000 0.0000000 0.0000000 0.0244162 0.0000000 0.0315146 0.0000000 0.0000000 0.0319317 0.4868024 0.0000000 0.0000000 0.3186543
  6 A   6 0.7050936 0.0000000 0.0000000 0.0000000 0.0000000 0.0000000 0.0000000 0.0000000 0.0000000 0.0000000 0.0000000 0.0000000 0.0705727 0.0000000 0.0000000 0.0000000 0.1219377 0.0000000 0.0000000 0.1023960
  7 V   7 0.0000000 0.0000000 0.0000000 0.0000000 0.0000000 0.0000000 0.0000000 0.0000000 0.0000000 0.0356204 0.0000000 0.0000000 0.0430582 0.0000000 0.7465690 0.0000000 0.0000000 0.0000000 0.0566792 0.1180731
  8 A   8 0.3059228 0.0000000 0.0000000 0.0000000 0.0000000 0.0000000 0.0000000 0.0000000 0.0000000 0.0000000 0.0000000 0.0000000 0.0594910 0.0000000 0.2846004 0.0821590 0.1461977 0.0000000 0.0000000 0.1216291
  9 P   9 0.0000000 0.0000000 0.0000000 0.0000000 0.0000000 0.0000000 0.0000000 0.0566792 0.0000000 0.0000000 0.0000000 0.0000000 0.0000000 0.0000000 0.9433208 0.0000000 0.0000000 0.0000000 0.0000000 0.0000000
 10 S  10 0.0000000 0.0604855 0.7026045 0.0000000 0.0000000 0.0000000 0.0000000 0.0000000 0.0000000 0.0000000 0.0000000 0.0000000 0.0000000 0.0000000 0.0663368 0.1047971 0.0000000 0.0000000 0.0000000 0.0657761
 11 L  11 0.0566792 0.0000000 0.0000000 0.0000000 0.0000000 0.0000000 0.0000000 0.0000000 0.0000000 0.0000000 0.2583887 0.0000000 0.0621623 0.0000000 0.5807004 0.0420694 0.0000000 0.0000000 0.0000000 0.0000000
 12 V  12 0.1090418 0.0000000 0.0000000 0.0000000 0.0000000 0.0000000 0.0000000 0.5693208 0.0000000 0.0000000 0.0000000 0.0000000 0.0000000 0.0629291 0.0000000 0.0297052 0.0000000 0.0000000 0.0000000 0.2290032
 13 A  13 0.2902291 0.0000000 0.0000000 0.3638808 0.0000000 0.0000000 0.0610966 0.0000000 0.0000000 0.0000000 0.0000000 0.0000000 0.0789560 0.0000000 0.0661711 0.0000000 0.0743015 0.0000000 0.0000000 0.0653648
 14 P  14 0.0000000 0.0000000 0.0000000 0.0000000 0.0000000 0.2150789 0.0000000 0.0566792 0.1799684 0.0000000 0.0000000 0.0000000 0.0000000 0.0000000 0.3535691 0.0771101 0.0000000 0.0000000 0.0000000 0.1175942
 15 A  15 0.3416839 0.0000000 0.0000000 0.0000000 0.0000000 0.0000000 0.0000000 0.1107704 0.0000000 0.2005004 0.0000000 0.0000000 0.0000000 0.1560147 0.0000000 0.0471678 0.0000000 0.0000000 0.0000000 0.1438628
 16 L  16 0.0585191 0.0000000 0.0000000 0.0000000 0.0000000 0.0000000 0.0000000 0.0000000 0.0000000 0.0988607 0.5488485 0.0000000 0.0000000 0.2105388 0.0000000 0.0000000 0.0000000 0.0000000 0.0000000 0.0832328
 17 N  17 0.0413821 0.0000000 0.6254553 0.0000000 0.0000000 0.0000000 0.0000000 0.0000000 0.1560147 0.0309998 0.0000000 0.0000000 0.0000000 0.0000000 0.0481943 0.0979538 0.0000000 0.0000000 0.0000000 0.0000000
 18 K  18 0.0000000 0.0000000 0.0000000 0.0000000 0.0000000 0.0000000 0.0557533 0.0000000 0.0000000 0.0000000 0.0000000 0.9442467 0.0000000 0.0000000 0.0000000 0.0000000 0.0000000 0.0000000 0.0000000 0.0000000
 19 P  19 0.0000000 0.0619010 0.0000000 0.0000000 0.0000000 0.0000000 0.0000000 0.0000000 0.0000000 0.0000000 0.1272762 0.0000000 0.0000000 0.0000000 0.6291994 0.0908315 0.0907918 0.0000000 0.0000000 0.0000000
 20 K  20 0.0000000 0.1417520 0.0000000 0.0000000 0.0000000 0.0000000 0.0000000 0.0000000 0.0000000 0.0000000 0.0000000 0.8582480 0.0000000 0.0000000 0.0000000 0.0000000 0.0000000 0.0000000 0.0000000 0.0000000
 21 K  21 0.0000000 0.0988607 0.0000000 0.0000000 0.0000000 0.0000000 0.0000000 0.0000000 0.0000000 0.0000000 0.0000000 0.8439853 0.0000000 0.0000000 0.0000000 0.0571540 0.0000000 0.0000000 0.0000000 0.0000000
 22 P  22 0.0366107 0.0000000 0.1172032 0.0000000 0.0000000 0.0000000 0.0000000 0.0000000 0.0000000 0.0872472 0.1562293 0.0000000 0.0000000 0.0000000 0.5654932 0.0372164 0.0000000 0.0000000 0.0000000 0.0000000
 23 L  23 0.0000000 0.0000000 0.0000000 0.0000000 0.0000000 0.0665738 0.0000000 0.0000000 0.0000000 0.3268464 0.5393768 0.0000000 0.0000000 0.0000000 0.0000000 0.0672030 0.0000000 0.0000000 0.0000000 0.0000000
 24 T  24 0.0840155 0.0000000 0.0000000 0.0000000 0.0000000 0.0000000 0.0000000 0.7608126 0.0000000 0.0000000 0.0000000 0.0000000 0.0000000 0.0000000 0.0000000 0.1228066 0.0323653 0.0000000 0.0000000 0.0000000
 25 S  25 0.0000000 0.0000000 0.0000000 0.0000000 0.0000000 0.0000000 0.0000000 0.0000000 0.0000000 0.0000000 0.0000000 0.0000000 0.0000000 0.0000000 0.2437128 0.4215857 0.3347015 0.0000000 0.0000000 0.0000000
 26 S  26 0.0263168 0.0841395 0.0000000 0.0000000 0.0000000 0.1455382 0.0000000 0.1674556 0.0000000 0.0451769 0.0000000 0.0000000 0.0000000 0.0000000 0.0000000 0.3843030 0.0609209 0.0000000 0.0000000 0.0861492
 27 S  27 0.0000000 0.1472033 0.1605917 0.0000000 0.0000000 0.0520911 0.0000000 0.0994730 0.0000000 0.0000000 0.0000000 0.0000000 0.0000000 0.0000000 0.0000000 0.4627210 0.0779199 0.0000000 0.0000000 0.0000000
 28 A  28 0.5745933 0.0000000 0.0174081 0.0000000 0.0000000 0.0335654 0.0000000 0.0000000 0.0000000 0.0000000 0.0000000 0.0000000 0.0000000 0.0000000 0.0000000 0.1126432 0.2617900 0.0000000 0.0000000 0.0000000
 29 A  29 0.6304668 0.0000000 0.0000000 0.0000000 0.0000000 0.0000000 0.0000000 0.0556569 0.0000000 0.0000000 0.0000000 0.0000000 0.0000000 0.0000000 0.0000000 0.0962711 0.0000000 0.0000000 0.0000000 0.2176051
 30 P  30 0.0000000 0.0261938 0.0000000 0.0000000 0.0000000 0.0000000 0.0000000 0.0000000 0.0000000 0.0000000 0.0000000 0.0176067 0.0000000 0.0000000 0.9561995 0.0000000 0.0000000 0.0000000 0.0000000 0.0000000
 31 Q  31 0.0000000 0.0000000 0.0000000 0.0000000 0.0000000 0.7112201 0.0181391 0.0000000 0.0000000 0.0000000 0.0593792 0.0000000 0.0489026 0.0000000 0.0000000 0.0000000 0.1623590 0.0000000 0.0000000 0.0000000
 32 R  32 0.0000000 0.7621147 0.0000000 0.0000000 0.0000000 0.0000000 0.0000000 0.0266579 0.0000000 0.0000000 0.0000000 0.0579959 0.0000000 0.0000000 0.0000000 0.0552548 0.0000000 0.0000000 0.0000000 0.0979767
 33 P  33 0.0526202 0.0000000 0.0000000 0.0000000 0.0000000 0.0279950 0.0000000 0.0000000 0.0000000 0.0000000 0.0644247 0.0000000 0.0000000 0.0000000 0.4575059 0.0609049 0.3365493 0.0000000 0.0000000 0.0000000
 34 I  34 0.0321883 0.0000000 0.0000000 0.0000000 0.0000000 0.0000000 0.0266579 0.0000000 0.0000000 0.2019049 0.0000000 0.0979767 0.0606000 0.0000000 0.0930908 0.3661460 0.0613475 0.0000000 0.0000000 0.0600878
 35 S  35 0.1187298 0.0000000 0.0997644 0.0000000 0.0000000 0.0590541 0.0000000 0.0000000 0.0000000 0.0000000 0.0000000 0.0000000 0.0000000 0.0000000 0.3263218 0.0712250 0.1185211 0.0000000 0.0000000 0.2063839
 36 T  36 0.2335281 0.0000000 0.0000000 0.0000000 0.0000000 0.0000000 0.0000000 0.0000000 0.0000000 0.0000000 0.0000000 0.0000000 0.0997644 0.0000000 0.0000000 0.0000000 0.6055233 0.0000000 0.0000000 0.0611842
 37 Q  37 0.1086856 0.0000000 0.0000000 0.0000000 0.0000000 0.4030851 0.0000000 0.0244612 0.1629662 0.0000000 0.0000000 0.1103312 0.0000000 0.0000000 0.1904707 0.0000000 0.0000000 0.0000000 0.0000000 0.0000000
 38 R  38 0.0669919 0.4742881 0.0451442 0.0000000 0.0000000 0.0000000 0.0000000 0.0000000 0.0332991 0.0000000 0.0000000 0.1009173 0.0000000 0.0000000 0.0274947 0.0000000 0.1966925 0.0000000 0.0000000 0.0551722
 39 T  39 0.0669919 0.0000000 0.0000000 0.0000000 0.0000000 0.0451442 0.0000000 0.0000000 0.0000000 0.0000000 0.0000000 0.0274947 0.0000000 0.0000000 0.1464735 0.0835181 0.6303776 0.0000000 0.0000000 0.0000000
 40 A  40 0.2418097 0.0000000 0.0000000 0.0000000 0.0000000 0.1131744 0.0000000 0.0835181 0.0000000 0.0354881 0.0000000 0.0551722 0.0654292 0.0000000 0.0401116 0.0000000 0.3652967 0.0000000 0.0000000 0.0000000
 41 A  41 0.2226432 0.2447798 0.0000000 0.0000000 0.0000000 0.0315727 0.0000000 0.0000000 0.0000000 0.0000000 0.0000000 0.0596006 0.0244612 0.0000000 0.1072953 0.0000000 0.0000000 0.0000000 0.0000000 0.3096472
 42 A  42 0.2877722 0.0000000 0.0000000 0.0000000 0.0000000 0.0244612 0.0000000 0.0356861 0.0000000 0.0630450 0.1039286 0.0000000 0.0401634 0.0000000 0.0490850 0.0617504 0.2334203 0.0000000 0.0000000 0.1006877
 43 P  43 0.0000000 0.0312548 0.1915862 0.0000000 0.0000000 0.1006877 0.0000000 0.0296252 0.0000000 0.0000000 0.0000000 0.0000000 0.0000000 0.0000000 0.5725427 0.0743034 0.0000000 0.0000000 0.0000000 0.0000000
 44 K  44 0.0000000 0.0000000 0.1479371 0.0000000 0.0000000 0.0635526 0.0000000 0.0000000 0.1099285 0.0438495 0.0000000 0.6347322 0.0000000 0.0000000 0.0000000 0.0000000 0.0000000 0.0000000 0.0000000 0.0000000
 45 A  45 0.2903705 0.0000000 0.1180543 0.0000000 0.0000000 0.0000000 0.0000000 0.0000000 0.0000000 0.0000000 0.0000000 0.0000000 0.0387844 0.0000000 0.1727722 0.0575512 0.1100366 0.0000000 0.0000000 0.2124308
 46 G  46 0.3728299 0.0000000 0.0000000 0.0000000 0.0000000 0.0000000 0.0000000 0.2953655 0.0000000 0.0000000 0.0000000 0.0000000 0.0000000 0.0000000 0.0761936 0.1095676 0.1460434 0.0000000 0.0000000 0.0000000
 47 P  47 0.0000000 0.0000000 0.0460150 0.0000000 0.0000000 0.0674177 0.0000000 0.0535899 0.0000000 0.0000000 0.0000000 0.0000000 0.0000000 0.0000000 0.6932312 0.0438495 0.0958967 0.0000000 0.0000000 0.0000000
 48 G  48 0.1099285 0.0000000 0.0438495 0.0000000 0.0000000 0.0000000 0.0000000 0.5565821 0.0000000 0.0000000 0.0000000 0.0000000 0.0000000 0.0000000 0.1155931 0.0897047 0.0000000 0.0000000 0.0000000 0.0843421
 49 V  49 0.0535899 0.0000000 0.0000000 0.0000000 0.0000000 0.0000000 0.0000000 0.0000000 0.0000000 0.2370736 0.1358285 0.0000000 0.1966467 0.0000000 0.0000000 0.1204570 0.0000000 0.0000000 0.0000000 0.2564043
 50 V  50 0.1643065 0.2890742 0.0299098 0.0000000 0.0000000 0.0000000 0.0000000 0.0714524 0.0000000 0.0000000 0.0859339 0.0000000 0.0000000 0.0000000 0.0000000 0.0349265 0.0000000 0.0000000 0.0000000 0.3243967
 51 R  51 0.0000000 0.4526411 0.0000000 0.0000000 0.0000000 0.0000000 0.0000000 0.0000000 0.0000000 0.0000000 0.0000000 0.4827331 0.0000000 0.0000000 0.0000000 0.0000000 0.0000000 0.0646258 0.0000000 0.0000000
 52 K  52 0.0000000 0.1453193 0.2714132 0.0000000 0.0000000 0.0000000 0.0000000 0.0000000 0.0000000 0.0000000 0.0000000 0.5832675 0.0000000 0.0000000 0.0000000 0.0000000 0.0000000 0.0000000 0.0000000 0.0000000
 53 N  53 0.1036142 0.0000000 0.3241349 0.0000000 0.0000000 0.0000000 0.0000000 0.0000000 0.0000000 0.0000000 0.0000000 0.0000000 0.0000000 0.0000000 0.5103154 0.0000000 0.0619355 0.0000000 0.0000000 0.0000000
 54 P  54 0.1396951 0.0000000 0.0000000 0.0000000 0.0000000 0.0000000 0.0000000 0.1881889 0.0000000 0.0000000 0.0000000 0.0000000 0.0000000 0.0000000 0.5649846 0.0538177 0.0533137 0.0000000 0.0000000 0.0000000
 55 G  55 0.1784306 0.0000000 0.0000000 0.0000000 0.0000000 0.0000000 0.0000000 0.1916450 0.0000000 0.0920342 0.1032124 0.0000000 0.0000000 0.0000000 0.0000000 0.2030122 0.2316655 0.0000000 0.0000000 0.0000000
 56 V  56 0.1351074 0.0000000 0.0000000 0.0000000 0.0000000 0.0000000 0.0000000 0.1137355 0.0000000 0.0345713 0.0439780 0.0000000 0.0000000 0.0000000 0.0000000 0.1739895 0.0324388 0.0000000 0.0000000 0.4661794
 57 G  57 0.1022656 0.3017812 0.0000000 0.0000000 0.0000000 0.0000000 0.0000000 0.5959532 0.0000000 0.0000000 0.0000000 0.0000000 0.0000000 0.0000000 0.0000000 0.0000000 0.0000000 0.0000000 0.0000000 0.0000000
 58 N  58 0.0000000 0.0000000 0.7110577 0.1640088 0.0000000 0.0000000 0.0000000 0.0610951 0.0000000 0.0638384 0.0000000 0.0000000 0.0000000 0.0000000 0.0000000 0.0000000 0.0000000 0.0000000 0.0000000 0.0000000
 59 G  59 0.0000000 0.0170558 0.0000000 0.2107736 0.0000000 0.0000000 0.0000000 0.6636473 0.0000000 0.0000000 0.0000000 0.0000000 0.0503158 0.0000000 0.0000000 0.0000000 0.0000000 0.0000000 0.0000000 0.0582075
 60 D  60 0.0000000 0.0000000 0.0000000 0.3909378 0.0000000 0.0000000 0.5258079 0.0832543 0.0000000 0.0000000 0.0000000 0.0000000 0.0000000 0.0000000 0.0000000 0.0000000 0.0000000 0.0000000 0.0000000 0.0000000
 61 D  61 0.0000000 0.0000000 0.1206485 0.6456873 0.0000000 0.0000000 0.2336641 0.0000000 0.0000000 0.0000000 0.0000000 0.0000000 0.0000000 0.0000000 0.0000000 0.0000000 0.0000000 0.0000000 0.0000000 0.0000000
