  126         A         R         N         D         C         Q         E         G         H         I         L         K         M         F         P         S         T         W         Y         V    
  1 C   1 0.0000000 0.0000000 0.0000000 0.0000000 1.0000000 0.0000000 0.0000000 0.0000000 0.0000000 0.0000000 0.0000000 0.0000000 0.0000000 0.0000000 0.0000000 0.0000000 0.0000000 0.0000000 0.0000000 0.0000000
  2 T   2 0.0000000 0.0107611 0.0000000 0.0147303 0.0000000 0.0149856 0.0000000 0.0000000 0.0000000 0.0255458 0.0127594 0.0833444 0.0864465 0.0000000 0.0000000 0.5800424 0.1255877 0.0000000 0.0000000 0.0457969
  3 C   3 0.0000000 0.0000000 0.0000000 0.0000000 1.0000000 0.0000000 0.0000000 0.0000000 0.0000000 0.0000000 0.0000000 0.0000000 0.0000000 0.0000000 0.0000000 0.0000000 0.0000000 0.0000000 0.0000000 0.0000000
  4 V   4 0.1701500 0.0158381 0.0000000 0.0275208 0.0000000 0.0600465 0.0182761 0.0443166 0.0000000 0.0141323 0.0959471 0.0837801 0.2318724 0.0425216 0.0117961 0.0920527 0.0226722 0.0000000 0.0000000 0.0690774
  5 P   5 0.0178356 0.0221695 0.0301729 0.0000000 0.0000000 0.0347697 0.0214217 0.0276168 0.0000000 0.0523128 0.0394808 0.0000000 0.0052051 0.0554506 0.5717836 0.0474791 0.0000000 0.0143773 0.0258312 0.0340931
  6 P   6 0.1655299 0.0494313 0.0049125 0.0078016 0.0080970 0.0967104 0.0333596 0.0240996 0.0000000 0.0181295 0.0557349 0.0560433 0.0128782 0.0189984 0.1300766 0.1442341 0.0878326 0.0070105 0.0065493 0.0725706
  7 H   7 0.0000000 0.0000000 0.0083745 0.0348427 0.0000000 0.0000000 0.0295195 0.0000000 0.6524727 0.0000000 0.0000000 0.0000000 0.0000000 0.0000000 0.0590781 0.0661687 0.1495437 0.0000000 0.0000000 0.0000000
  8 P   8 0.0210274 0.0677110 0.0000000 0.0000000 0.0000000 0.0087014 0.0379946 0.0000000 0.0000000 0.0123202 0.0394661 0.0000000 0.0000000 0.0162895 0.7377874 0.0000000 0.0136446 0.0000000 0.0112492 0.0338085
  9 Q   9 0.0200178 0.0493426 0.0000000 0.0000000 0.0000000 0.6521401 0.0557611 0.0122484 0.0161947 0.0000000 0.0550102 0.0984909 0.0000000 0.0000000 0.0338531 0.0000000 0.0069412 0.0000000 0.0000000 0.0000000
 10 T  10 0.0000000 0.0083261 0.0193426 0.1356183 0.0000000 0.1882274 0.2005216 0.0120620 0.0146528 0.0202188 0.0580891 0.0245089 0.0051170 0.0000000 0.0000000 0.0665925 0.2467229 0.0000000 0.0000000 0.0000000
 11 A  11 0.2889811 0.0114517 0.0231672 0.0000000 0.0000000 0.0577148 0.0192442 0.0361626 0.2341849 0.0230658 0.0925876 0.0604832 0.0000000 0.0141433 0.0000000 0.0435025 0.0275718 0.0000000 0.0275229 0.0402164
 12 F  12 0.0000000 0.0000000 0.0000000 0.0000000 0.0106783 0.0000000 0.0000000 0.0000000 0.0000000 0.0193642 0.0637264 0.0000000 0.0324160 0.5416136 0.0000000 0.0000000 0.0000000 0.0000000 0.2948211 0.0373804
 13 C  13 0.0224387 0.0185027 0.0101271 0.0111352 0.8232890 0.0124642 0.0478947 0.0000000 0.0000000 0.0000000 0.0000000 0.0075601 0.0000000 0.0000000 0.0000000 0.0247388 0.0218495 0.0000000 0.0000000 0.0000000
 14 N  14 0.0504182 0.1339913 0.2276913 0.0488650 0.0000000 0.1160122 0.0402086 0.0482951 0.0189882 0.0000000 0.0430921 0.0851935 0.0172248 0.0108582 0.0000000 0.1140798 0.0350248 0.0000000 0.0054125 0.0046445
 15 S  15 0.3867503 0.0000000 0.0324602 0.0108609 0.0046445 0.0081345 0.0108310 0.0000000 0.0000000 0.0000000 0.0000000 0.0000000 0.0226585 0.0000000 0.0117240 0.4586703 0.0532657 0.0000000 0.0000000 0.0000000
 16 D  16 0.0529686 0.0000000 0.0640640 0.6688161 0.0000000 0.0322975 0.0931220 0.0000000 0.0119654 0.0000000 0.0036456 0.0000000 0.0000000 0.0045063 0.0000000 0.0465678 0.0220467 0.0000000 0.0000000 0.0000000
 17 L  17 0.0747255 0.0000000 0.0000000 0.0000000 0.0000000 0.0097897 0.0108040 0.0000000 0.0000000 0.0847239 0.0619528 0.0000000 0.0000000 0.3840836 0.0000000 0.0000000 0.0000000 0.0883998 0.1623873 0.1231334
 18 V  18 0.0789319 0.0000000 0.0000000 0.0000000 0.0000000 0.0000000 0.0000000 0.0113120 0.0000000 0.0476852 0.0116752 0.0000000 0.0039554 0.0000000 0.0000000 0.0000000 0.0112236 0.0000000 0.0000000 0.8352166
 19 I  19 0.0337152 0.0000000 0.0000000 0.0000000 0.0000000 0.0000000 0.0000000 0.0000000 0.0000000 0.4598014 0.1109067 0.0000000 0.0109923 0.1825439 0.0000000 0.0646271 0.0223804 0.0000000 0.0097930 0.1052400
 20 R  20 0.0183757 0.3694692 0.0000000 0.0000000 0.0000000 0.0777111 0.0292741 0.0024701 0.0627912 0.0100441 0.0547533 0.1836680 0.0000000 0.0000000 0.0000000 0.0393243 0.0372943 0.0000000 0.0000000 0.1148247
 21 A  21 0.4716454 0.0000000 0.0000000 0.0000000 0.0131900 0.0000000 0.0000000 0.2301876 0.0000000 0.0230507 0.0612029 0.0000000 0.0000000 0.0000000 0.0101015 0.0000000 0.0056513 0.0000000 0.0000000 0.1849707
 22 K  22 0.0000000 0.3319149 0.0000000 0.0260412 0.0000000 0.0452583 0.0000000 0.0000000 0.0103635 0.0157963 0.0074102 0.4687525 0.0000000 0.0000000 0.0000000 0.0000000 0.0944630 0.0000000 0.0000000 0.0000000
 23 F  23 0.0353632 0.0042002 0.0000000 0.0000000 0.0000000 0.0000000 0.0000000 0.0000000 0.0000000 0.2358201 0.0150978 0.0000000 0.0000000 0.0683924 0.0254203 0.0000000 0.0000000 0.0000000 0.0000000 0.6157060
 24 V  24 0.0051146 0.0053203 0.0000000 0.0000000 0.0000000 0.0204955 0.0148733 0.0000000 0.0000000 0.1015844 0.3445065 0.0407598 0.0696653 0.0118552 0.0053060 0.0419984 0.0817114 0.0000000 0.0000000 0.2568093
 25 G  25 0.0526348 0.1101402 0.0551654 0.0363326 0.0000000 0.0208900 0.0515636 0.2694056 0.0000000 0.0000000 0.0138250 0.0755110 0.0000000 0.0000000 0.0105169 0.2523739 0.0297169 0.0097727 0.0000000 0.0121513
 26 T  26 0.0627153 0.1133022 0.0173576 0.0104029 0.0000000 0.0385757 0.0874953 0.0221133 0.0049025 0.0803541 0.0000000 0.2350931 0.0577525 0.0000000 0.0456203 0.0448939 0.0547312 0.0101283 0.0260162 0.0885454
 27 P  27 0.0338295 0.0571316 0.0499444 0.0429390 0.0000000 0.1109384 0.1118901 0.0103742 0.0693617 0.0328170 0.0317935 0.2178205 0.0000000 0.0000000 0.0714547 0.0958188 0.0394428 0.0000000 0.0104361 0.0140076
 28 E  28 0.0207094 0.0301259 0.0300821 0.1536135 0.0000000 0.0614370 0.2389637 0.0495408 0.0155217 0.0456456 0.0577527 0.0336940 0.0498499 0.0251976 0.0385764 0.0500830 0.0200154 0.0000000 0.0026114 0.0765798
 29 V  29 0.0217900 0.0236348 0.0337151 0.0546511 0.0000000 0.0515834 0.0150404 0.0250808 0.0000000 0.1396365 0.0500654 0.1148987 0.0840735 0.0109852 0.0414016 0.0183217 0.0526046 0.0000000 0.0172214 0.2452958
 30 N  30 0.0848122 0.0573492 0.1595251 0.1347534 0.0000000 0.0000000 0.0708144 0.1214897 0.0000000 0.0713849 0.0168856 0.0816803 0.0000000 0.0000000 0.0921069 0.0286830 0.0504938 0.0000000 0.0162754 0.0137461
 31 Q  31 0.0494848 0.0512653 0.0825169 0.1071102 0.0000000 0.1190426 0.1684025 0.1252736 0.0160855 0.0000000 0.0125189 0.0179085 0.0118029 0.0000000 0.0464370 0.1179571 0.0146553 0.0000000 0.0325329 0.0270061
 32 T  32 0.0000000 0.0063561 0.1404752 0.0287524 0.0000000 0.0169979 0.1235763 0.1405259 0.0000000 0.0481360 0.0775372 0.0668079 0.0000000 0.0547767 0.0287632 0.0268963 0.1793949 0.0090454 0.0445374 0.0074211
 33 T  33 0.0225239 0.0562174 0.0779654 0.0604566 0.0000000 0.0469361 0.0507465 0.0657362 0.0209197 0.1458814 0.0117572 0.0000000 0.0000000 0.0199729 0.1972618 0.0579580 0.1340420 0.0000000 0.0000000 0.0316249
 34 L  34 0.0505076 0.0115933 0.0272920 0.0118891 0.0000000 0.0467277 0.0444825 0.1043513 0.0420817 0.0655418 0.1599572 0.1182414 0.0124198 0.0722463 0.0000000 0.0883027 0.0233872 0.0000000 0.0836891 0.0372892
 35 Y  35 0.0000000 0.1841186 0.0512147 0.0550007 0.0000000 0.0219213 0.0198265 0.0091100 0.1187720 0.0235010 0.0341725 0.0800200 0.1463436 0.0219867 0.0298162 0.0000000 0.0578021 0.0234296 0.0957353 0.0272294
 36 Q  36 0.0352048 0.1106021 0.0088407 0.0187962 0.0000000 0.0763238 0.0000000 0.0214433 0.0000000 0.1678627 0.1145991 0.0730031 0.0680880 0.0131606 0.0424323 0.0735684 0.1130585 0.0000000 0.0000000 0.0630165
 37 R  37 0.0637106 0.2998999 0.0410604 0.0136554 0.0000000 0.1226812 0.0858381 0.0202961 0.0052220 0.0179874 0.0223918 0.0277367 0.0000000 0.0000000 0.0000000 0.0884557 0.0969700 0.0069968 0.0000000 0.0870979
 38 Y  38 0.0148507 0.0000000 0.0000000 0.0000000 0.0000000 0.0069408 0.0000000 0.0117556 0.0383160 0.0107444 0.0211536 0.0000000 0.0000000 0.0863739 0.0000000 0.0099410 0.0107472 0.0157038 0.7420265 0.0314464
 39 E  39 0.0315355 0.0600366 0.0367724 0.0754080 0.0096093 0.0135074 0.2593108 0.0314631 0.0077528 0.0192952 0.0113323 0.1900585 0.0000000 0.0128932 0.0000000 0.0489195 0.1545163 0.0000000 0.0000000 0.0375891
 40 I  40 0.0302695 0.0000000 0.0000000 0.0098313 0.0000000 0.0000000 0.0000000 0.0097231 0.0000000 0.2987869 0.0747655 0.0000000 0.0000000 0.0317011 0.0106286 0.0000000 0.0116259 0.0000000 0.0000000 0.5226681
 41 K  41 0.0306380 0.0836640 0.0473473 0.0000000 0.0000000 0.1090418 0.0988949 0.0000000 0.0775945 0.0000000 0.0326688 0.3903348 0.0143136 0.0000000 0.0261215 0.0220277 0.0161794 0.0194246 0.0114090 0.0203402
 42 M  42 0.0080017 0.0000000 0.0077325 0.0000000 0.0000000 0.1510694 0.0000000 0.0000000 0.0879101 0.2943796 0.0134384 0.0075025 0.0553107 0.0085335 0.0000000 0.0000000 0.0363204 0.0000000 0.0116454 0.3181558
 43 T  43 0.0098554 0.0293635 0.0830006 0.0278229 0.0000000 0.0829948 0.0268298 0.0000000 0.0306711 0.1477520 0.1090876 0.1448569 0.0598000 0.0000000 0.0000000 0.0393074 0.1169020 0.0000000 0.0114435 0.0803126
 44 K  44 0.0244259 0.1296562 0.0249223 0.0254042 0.0000000 0.0622262 0.1027955 0.0000000 0.0373398 0.0000000 0.0387240 0.4421818 0.0097954 0.0000000 0.0028817 0.0328724 0.0225617 0.0115234 0.0056226 0.0270669
 45 M  45 0.0079751 0.0000000 0.0189079 0.0000000 0.0000000 0.0000000 0.0203905 0.0073736 0.0000000 0.1820595 0.0108161 0.0069975 0.2123294 0.0303778 0.0220871 0.0475540 0.1020101 0.0000000 0.0000000 0.3311214
 46 Y  46 0.0000000 0.0000000 0.0000000 0.0000000 0.0000000 0.0000000 0.0105433 0.0000000 0.0000000 0.0200969 0.1233367 0.0000000 0.0000000 0.4337075 0.0000000 0.0000000 0.0000000 0.0442345 0.3680810 0.0000000
 47 K  47 0.0000000 0.0745882 0.0180487 0.0000000 0.0000000 0.0096157 0.0419486 0.0000000 0.0169702 0.0000000 0.0000000 0.7740197 0.0000000 0.0132889 0.0000000 0.0188626 0.0000000 0.0071337 0.0107313 0.0147922
 48 G  48 0.1427690 0.0000000 0.1196858 0.0458806 0.0000000 0.0602528 0.0201107 0.4085546 0.0000000 0.0271137 0.0000000 0.0293992 0.0288903 0.0000000 0.0079570 0.0481991 0.0163902 0.0000000 0.0000000 0.0447970
 49 F  49 0.0132030 0.0548324 0.0950813 0.0353146 0.0000000 0.0153351 0.0318977 0.0584203 0.0035689 0.0192913 0.0152523 0.0368340 0.0000000 0.1697867 0.2049487 0.1222860 0.1082934 0.0000000 0.0057977 0.0098565
 50 Q  50 0.0249913 0.0445233 0.0574107 0.1540342 0.0000000 0.0592975 0.1471647 0.0049173 0.0000000 0.0000000 0.0082558 0.0811896 0.0000000 0.0000000 0.1461295 0.1651877 0.0537722 0.0000000 0.0000000 0.0531260
 51 A  51 0.0821788 0.0475798 0.0450380 0.0442665 0.0000000 0.1216445 0.1036843 0.0465773 0.0201270 0.0423446 0.0335078 0.2004294 0.0000000 0.0296643 0.0428046 0.0823906 0.0146251 0.0124381 0.0186025 0.0120967
 52 L  52 0.1991594 0.0370903 0.0089381 0.0000000 0.0000000 0.0000000 0.0110395 0.0624802 0.0000000 0.0420421 0.2159347 0.0642554 0.1367640 0.0428463 0.0299071 0.0530098 0.0075987 0.0317335 0.0000000 0.0572009
 53 G  53 0.0979394 0.1464118 0.0085365 0.0520208 0.0000000 0.0209266 0.0000000 0.1661184 0.0000000 0.0453355 0.0240802 0.1859236 0.0131554 0.1116791 0.0139624 0.0000000 0.0301948 0.0222061 0.0193387 0.0421704
 54 D  54 0.0473891 0.0882514 0.1182140 0.0772753 0.0054141 0.0365646 0.0407579 0.0729907 0.0313112 0.0643318 0.0327609 0.1179626 0.0138584 0.0100209 0.0937687 0.0122354 0.0640970 0.0064418 0.0000000 0.0663543
 55 A  55 0.1151040 0.0173989 0.0272397 0.0491298 0.0000000 0.0643568 0.0516341 0.0242954 0.0000000 0.0593125 0.1265040 0.0557513 0.1156656 0.0133568 0.0298547 0.0758775 0.0692883 0.0000000 0.0088672 0.0963634
 56 A  56 0.0511573 0.0456194 0.0421077 0.0000000 0.0000000 0.1154205 0.0608618 0.0805174 0.0000000 0.0067159 0.1910377 0.0293303 0.0082130 0.0000000 0.0925663 0.0829571 0.1419959 0.0161909 0.0000000 0.0353087
 57 D  57 0.0256714 0.0955929 0.0677184 0.2885504 0.0000000 0.0808653 0.0781171 0.0624993 0.0611498 0.0000000 0.0502194 0.0552787 0.0183601 0.0000000 0.0135291 0.0253737 0.0387861 0.0000000 0.0238069 0.0144814
 58 I  58 0.0080106 0.0990392 0.0348665 0.0545727 0.0000000 0.0601108 0.0328823 0.0000000 0.0228758 0.2445338 0.0528233 0.0562213 0.0134571 0.0135511 0.0493376 0.0418503 0.0949735 0.0000000 0.0124540 0.1084402
 59 R  59 0.0258680 0.0778044 0.0614941 0.0510382 0.0000000 0.1270438 0.1890041 0.0967058 0.0331790 0.0846660 0.0450067 0.0000000 0.0113184 0.0000000 0.0401002 0.0386270 0.0605214 0.0051691 0.0000000 0.0524538
 60 F  60 0.0397314 0.0946598 0.0194894 0.0000000 0.0105634 0.0167774 0.1148063 0.0000000 0.0357517 0.0520096 0.0391391 0.0287335 0.0000000 0.1330413 0.0000000 0.0539076 0.0659485 0.0000000 0.1907487 0.1046922
 61 V  61 0.0259837 0.0123580 0.0000000 0.0000000 0.0000000 0.0000000 0.0144117 0.0000000 0.0000000 0.3225336 0.3010579 0.0137617 0.0155324 0.0353655 0.0000000 0.0000000 0.0000000 0.0000000 0.0000000 0.2589954
 62 Y  62 0.0339792 0.0113642 0.0284625 0.0123381 0.0000000 0.0061306 0.0119389 0.0147073 0.0347463 0.0210992 0.0700492 0.0165499 0.0179394 0.0579957 0.0000000 0.0643401 0.0638358 0.1386120 0.3855912 0.0103205
 63 T  63 0.0778549 0.0000000 0.0153138 0.0000000 0.0000000 0.0146231 0.0000000 0.0037246 0.0000000 0.0096577 0.0000000 0.0138876 0.0000000 0.0000000 0.0000000 0.1219335 0.6969073 0.0000000 0.0200576 0.0260400
 64 P  64 0.2091327 0.0000000 0.0184395 0.0093367 0.0000000 0.0000000 0.0472153 0.0335539 0.0043745 0.0000000 0.0068630 0.0136013 0.0103467 0.0000000 0.5274337 0.0808851 0.0000000 0.0244959 0.0000000 0.0143216
 65 A  65 0.1576164 0.0904045 0.0135953 0.0193629 0.0000000 0.0000000 0.0641352 0.0663734 0.0048828 0.0273147 0.0326279 0.0516852 0.0255252 0.0340175 0.1307806 0.1501193 0.0615607 0.0000000 0.0159709 0.0540274
 66 M  66 0.0495081 0.0104817 0.0591689 0.1215111 0.0000000 0.0434436 0.0738552 0.0246840 0.0464333 0.0196814 0.0120045 0.0194131 0.0665234 0.0078970 0.0000000 0.2858533 0.0536366 0.0000000 0.0283202 0.0775846
 67 E  67 0.0346994 0.0000000 0.0000000 0.1975523 0.0000000 0.0313031 0.2194589 0.0191932 0.0160005 0.0000000 0.0149669 0.0088538 0.0000000 0.0000000 0.0180052 0.3279618 0.0597496 0.0522554 0.0000000 0.0000000
 68 S  68 0.2971113 0.0000000 0.0532898 0.0147884 0.0143373 0.0000000 0.0241404 0.1033026 0.0000000 0.0000000 0.0232673 0.0000000 0.0000000 0.0000000 0.0123872 0.3940261 0.0343305 0.0221992 0.0000000 0.0068200
 69 V  69 0.1830409 0.0260992 0.0459387 0.0248898 0.0075981 0.0253227 0.0070533 0.0000000 0.0000000 0.0154059 0.2604148 0.0080917 0.1298671 0.0116382 0.0068361 0.0744732 0.0369190 0.0000000 0.0106021 0.1258093
 70 C  70 0.0138321 0.0139997 0.0000000 0.0000000 0.9402274 0.0065134 0.0000000 0.0000000 0.0109419 0.0000000 0.0000000 0.0144855 0.0000000 0.0000000 0.0000000 0.0000000 0.0000000 0.0000000 0.0000000 0.0000000
 71 G  71 0.0314967 0.0113353 0.0000000 0.0173844 0.0000000 0.0000000 0.0000000 0.8092198 0.0000000 0.0153376 0.0000000 0.0000000 0.0000000 0.0000000 0.0786791 0.0365471 0.0000000 0.0000000 0.0000000 0.0000000
 72 Y  72 0.0278462 0.0197970 0.0000000 0.0000000 0.1575730 0.0106030 0.0000000 0.0053849 0.0000000 0.1355895 0.0252254 0.0266149 0.0255781 0.0330972 0.0000000 0.0000000 0.0000000 0.0000000 0.1995951 0.3330958
 73 F  73 0.0399799 0.0862043 0.0060648 0.0144726 0.0000000 0.0000000 0.0779494 0.0142427 0.0414640 0.0179892 0.0363290 0.1633701 0.0000000 0.0604394 0.1572738 0.0963956 0.1631418 0.0000000 0.0000000 0.0246835
 74 H  74 0.0434009 0.0118991 0.0049142 0.0233881 0.0507869 0.0699894 0.0297130 0.0000000 0.1353072 0.0660578 0.3142636 0.0121389 0.0254886 0.1118360 0.0591781 0.0000000 0.0000000 0.0000000 0.0000000 0.0416381
 75 R  75 0.0965276 0.0827694 0.0000000 0.1486043 0.0000000 0.0157776 0.1806673 0.0083118 0.0000000 0.0195737 0.1331770 0.0551838 0.0000000 0.0000000 0.1541435 0.0140712 0.0494474 0.0000000 0.0000000 0.0417455
 76 S  76 0.1083782 0.0140007 0.0776330 0.0898670 0.0000000 0.0682153 0.0148815 0.0437272 0.0177211 0.0584789 0.0170285 0.0462843 0.0059708 0.0000000 0.0000000 0.1865310 0.1567977 0.0116093 0.0232622 0.0596132
 77 H  77 0.0030925 0.0000000 0.1068826 0.0049401 0.0000000 0.0379244 0.0052068 0.0192908 0.0187402 0.0000000 0.5055764 0.0000000 0.0195985 0.1345169 0.0859307 0.0385508 0.0118403 0.0000000 0.0000000 0.0079091
 78 N  78 0.0292884 0.0739926 0.1801377 0.0559092 0.0000000 0.1057347 0.1743025 0.0761795 0.0691061 0.0297071 0.0224552 0.0741041 0.0190448 0.0000000 0.0000000 0.0389553 0.0446958 0.0000000 0.0000000 0.0063870
 79 R  79 0.0729426 0.0859350 0.0116754 0.0111089 0.0000000 0.0543390 0.0875821 0.0311156 0.0050126 0.0975286 0.1288971 0.0967472 0.0335698 0.0000000 0.1025820 0.0118639 0.0383125 0.0000000 0.0000000 0.1307878
 80 S  80 0.0151909 0.0303014 0.0886662 0.0404636 0.0000000 0.0162530 0.0096836 0.4924597 0.0000000 0.0000000 0.0000000 0.1767612 0.0191203 0.0000000 0.0000000 0.1038100 0.0000000 0.0000000 0.0072901 0.0000000
 81 E  81 0.0000000 0.0933245 0.0000000 0.0261766 0.0000000 0.1051963 0.1758605 0.0236465 0.0354341 0.0096133 0.0157850 0.2820187 0.0000000 0.0041324 0.0000000 0.0631837 0.0896220 0.0079309 0.0379168 0.0301588
 82 E  82 0.0273240 0.0532777 0.0083396 0.0748716 0.0000000 0.0650200 0.4097564 0.0029610 0.0257263 0.0058739 0.0542382 0.0199033 0.0000000 0.0000000 0.0345689 0.0220679 0.0885957 0.0000000 0.0350660 0.0724095
 83 F  83 0.0000000 0.0000000 0.0000000 0.0000000 0.0000000 0.0122075 0.0000000 0.0000000 0.0000000 0.0153738 0.0596937 0.0000000 0.0059251 0.0747718 0.0000000 0.0000000 0.0000000 0.0079916 0.8240365 0.0000000
 84 L  84 0.0258256 0.0000000 0.0000000 0.0000000 0.0000000 0.0115564 0.0000000 0.0000000 0.0000000 0.0996774 0.6490764 0.0000000 0.0000000 0.0412230 0.0000000 0.0000000 0.0000000 0.0000000 0.0000000 0.1726411
 85 I  85 0.0000000 0.0000000 0.0000000 0.0000000 0.0000000 0.0000000 0.0000000 0.0000000 0.0000000 0.4757756 0.2293773 0.0000000 0.0045548 0.0539987 0.0000000 0.0073572 0.0269917 0.0000000 0.0000000 0.2019447
 86 A  86 0.3486765 0.0000000 0.0110001 0.0000000 0.0000000 0.0000000 0.0000000 0.0958766 0.0000000 0.0097964 0.0073575 0.0000000 0.0705162 0.0734872 0.0091598 0.1312123 0.2124004 0.0000000 0.0305171 0.0000000
 87 G  87 0.1204573 0.0000000 0.0000000 0.0000000 0.0000000 0.0247529 0.0000000 0.8193504 0.0000000 0.0000000 0.0000000 0.0000000 0.0000000 0.0000000 0.0059460 0.0186965 0.0000000 0.0000000 0.0000000 0.0107969
 88 K  88 0.0101677 0.2232816 0.0538439 0.0270597 0.0000000 0.0647568 0.0125653 0.0100852 0.0572661 0.0159238 0.0258274 0.1530009 0.0280533 0.0347035 0.0000000 0.1381882 0.0432864 0.0000000 0.0730981 0.0288924
 89 L  89 0.0581881 0.0641218 0.0000000 0.0000000 0.0000000 0.0117189 0.0238831 0.0541099 0.0000000 0.0802150 0.1812507 0.0200845 0.0351962 0.0845893 0.0000000 0.0534064 0.0456045 0.0248566 0.0457073 0.2170677
 90 Q  90 0.0082839 0.1413037 0.0675076 0.0841561 0.0000000 0.0213777 0.1284771 0.0170143 0.0275169 0.0238243 0.0048725 0.0798658 0.0052528 0.0101370 0.0423614 0.1247209 0.0631444 0.0133551 0.0547114 0.0821171
 91 D  91 0.0145358 0.0916635 0.1812019 0.2825382 0.0000000 0.0499145 0.0421174 0.1260431 0.0283476 0.0000000 0.0032673 0.0257958 0.0188953 0.0000000 0.0000000 0.0633849 0.0477291 0.0018961 0.0065305 0.0161389
 92 G  92 0.0450859 0.0000000 0.0920730 0.1305763 0.0000000 0.0000000 0.0457070 0.5985345 0.0000000 0.0000000 0.0128185 0.0139108 0.0000000 0.0000000 0.0036020 0.0365137 0.0211782 0.0000000 0.0000000 0.0000000
 93 L  93 0.0120273 0.2347046 0.0344944 0.0391407 0.0000000 0.0708848 0.1021013 0.0207966 0.0185088 0.0101464 0.0190158 0.2265753 0.0161070 0.0000000 0.0084973 0.0763758 0.0715138 0.0000000 0.0073731 0.0317369
 94 L  94 0.0440301 0.0000000 0.0104330 0.0000000 0.0000000 0.0000000 0.0000000 0.0000000 0.0000000 0.0508994 0.5729325 0.0147397 0.0969262 0.0238041 0.0323402 0.0000000 0.0000000 0.0000000 0.0384113 0.1154837
 95 H  95 0.0000000 0.0458295 0.0647148 0.0000000 0.0000000 0.0909012 0.0349625 0.0000000 0.2396716 0.0449826 0.1359047 0.0120420 0.0069837 0.0675368 0.0000000 0.0457383 0.0631561 0.0289979 0.0781509 0.0404272
 96 I  96 0.0322362 0.0000000 0.0000000 0.0000000 0.0000000 0.0000000 0.0000000 0.0000000 0.0000000 0.3253929 0.1594476 0.0000000 0.0387249 0.0359415 0.0000000 0.0082043 0.1642538 0.0000000 0.0000000 0.2357988
 97 T  97 0.0098542 0.0000000 0.1654265 0.1062105 0.0000000 0.0122495 0.0156137 0.1535397 0.0349678 0.0138061 0.0000000 0.0000000 0.0000000 0.0123979 0.0461492 0.1831411 0.2135625 0.0000000 0.0134565 0.0196248
 98 T  98 0.0645585 0.0603573 0.0284231 0.0000000 0.0000000 0.0178111 0.0000000 0.0092684 0.0462481 0.0411879 0.3925124 0.0131117 0.0139734 0.0386820 0.0057267 0.1555059 0.0564975 0.0000000 0.0235083 0.0326276
 99 C  99 0.0360128 0.0000000 0.0131117 0.0252733 0.8525026 0.0000000 0.0000000 0.0000000 0.0074723 0.0000000 0.0000000 0.0371226 0.0000000 0.0000000 0.0000000 0.0243857 0.0041189 0.0000000 0.0000000 0.0000000
100 S 100 0.0000000 0.0000000 0.1391680 0.2487002 0.0000000 0.0272031 0.0138878 0.2248301 0.0562394 0.0000000 0.0000000 0.0000000 0.0000000 0.0000000 0.0000000 0.2583006 0.0131912 0.0000000 0.0000000 0.0184796
101 F 101 0.0000000 0.0177229 0.0000000 0.0122953 0.0000000 0.0223597 0.0000000 0.0496886 0.0000000 0.0398870 0.1439473 0.0000000 0.0088756 0.2492578 0.0098197 0.0000000 0.0000000 0.1749176 0.2292532 0.0419755
102 V 102 0.1121456 0.0219295 0.0729654 0.0000000 0.0000000 0.0000000 0.0000000 0.0000000 0.0357318 0.2265520 0.0256460 0.0459648 0.0245952 0.0104687 0.0000000 0.0117925 0.0605063 0.0000000 0.0588698 0.2928324
103 A 103 0.1014473 0.1373740 0.0068868 0.0093007 0.0000000 0.0841117 0.1072205 0.0000000 0.0103613 0.0564332 0.1033803 0.1237441 0.0779057 0.0000000 0.0171737 0.0329752 0.0118733 0.0000000 0.0271706 0.0926417
104 P 104 0.0232615 0.1068411 0.0085169 0.0113753 0.0000000 0.0054436 0.1736343 0.0062062 0.0000000 0.0034460 0.0187777 0.0864060 0.0000000 0.0274021 0.4534772 0.0343573 0.0161893 0.0000000 0.0000000 0.0246655
105 W 105 0.0121045 0.0000000 0.0000000 0.0000000 0.0000000 0.0000000 0.0000000 0.0000000 0.0093983 0.0077106 0.0129701 0.0000000 0.0000000 0.0158691 0.0000000 0.0089313 0.0000000 0.7883380 0.1340982 0.0105799
106 N 106 0.0433554 0.0849282 0.1129258 0.1601525 0.0000000 0.0489228 0.0899519 0.0142421 0.0548890 0.0067127 0.0186897 0.0766466 0.0000000 0.0000000 0.0000000 0.1570422 0.1058648 0.0000000 0.0256764 0.0000000
107 S 107 0.0194143 0.0848867 0.1110633 0.1634540 0.0000000 0.0631350 0.1202540 0.0220965 0.0194232 0.0000000 0.0168438 0.0827728 0.0122730 0.0079455 0.0000000 0.1734466 0.0835450 0.0194461 0.0000000 0.0000000
108 L 108 0.0311124 0.0000000 0.0000000 0.0000000 0.0000000 0.0233511 0.0000000 0.0000000 0.0000000 0.0461069 0.5255315 0.0166686 0.1058000 0.0000000 0.0000000 0.0000000 0.0428669 0.0000000 0.0000000 0.2085626
109 S 109 0.0000000 0.0000000 0.0397573 0.0000000 0.0000000 0.0000000 0.0253104 0.0000000 0.0000000 0.0000000 0.0000000 0.0284344 0.0000000 0.0000000 0.0836534 0.3490644 0.4737801 0.0000000 0.0000000 0.0000000
110 L 110 0.0536464 0.1055206 0.0366366 0.0623297 0.0000000 0.0574667 0.0306366 0.0102724 0.0000000 0.0954739 0.1226286 0.0684497 0.0071648 0.0151786 0.1374143 0.0793762 0.0622276 0.0000000 0.0000000 0.0555774
111 A 111 0.1373195 0.1016851 0.0000000 0.0762284 0.0000000 0.0417518 0.0856081 0.0000000 0.0678704 0.0127834 0.0307518 0.0865131 0.0000000 0.0120001 0.0200614 0.1355586 0.1354156 0.0000000 0.0000000 0.0564527
112 Q 112 0.0000000 0.0167696 0.0000000 0.0000000 0.0000000 0.6350537 0.2044628 0.0000000 0.0000000 0.0223965 0.0859256 0.0236511 0.0117406 0.0000000 0.0000000 0.0000000 0.0000000 0.0000000 0.0000000 0.0000000
113 R 113 0.0000000 0.4233043 0.0000000 0.0000000 0.0000000 0.0644367 0.0162863 0.0145205 0.0000000 0.0228805 0.0486053 0.3770688 0.0000000 0.0000000 0.0057264 0.0000000 0.0098554 0.0000000 0.0000000 0.0173158
114 R 114 0.0277515 0.2805916 0.0152227 0.0228805 0.0000000 0.0483320 0.0444658 0.0192104 0.0533675 0.0164836 0.0707615 0.3465543 0.0138003 0.0183559 0.0000000 0.0172444 0.0049780 0.0000000 0.0000000 0.0000000
115 G 115 0.0885815 0.0481926 0.0302830 0.0136343 0.0074988 0.0156530 0.0000000 0.5610820 0.0298464 0.0000000 0.0000000 0.0700852 0.0000000 0.0000000 0.0000000 0.1121443 0.0097564 0.0132425 0.0000000 0.0000000
116 F 116 0.0000000 0.0000000 0.0000000 0.0000000 0.0000000 0.0000000 0.0000000 0.0000000 0.0000000 0.1272595 0.5239353 0.0000000 0.0181744 0.2552747 0.0000000 0.0000000 0.0000000 0.0000000 0.0000000 0.0753560
117 T 117 0.0538299 0.2202291 0.1501100 0.0000000 0.0000000 0.0580603 0.0320572 0.0134299 0.0000000 0.0070362 0.0150281 0.2135859 0.0000000 0.0000000 0.0000000 0.1266309 0.0983478 0.0000000 0.0000000 0.0116547
118 K 118 0.0228035 0.0716102 0.0372657 0.0143785 0.0000000 0.1241297 0.0273899 0.1600242 0.2127767 0.0000000 0.0094027 0.1211332 0.0000000 0.0166089 0.0060239 0.0883570 0.0226399 0.0000000 0.0654560 0.0000000
119 T 119 0.0463179 0.2345865 0.0144868 0.0333119 0.0000000 0.0000000 0.0254966 0.1133295 0.0303668 0.0491665 0.0969388 0.0418380 0.0611529 0.0515653 0.0000000 0.0000000 0.0614172 0.0142925 0.0364890 0.0892437
120 Y 120 0.0000000 0.0000000 0.0149438 0.0000000 0.0000000 0.0000000 0.0197505 0.0000000 0.0078220 0.0278552 0.0165621 0.0000000 0.0150880 0.0338683 0.0287141 0.0000000 0.0000000 0.0000000 0.8353962 0.0000000
121 T 121 0.1170843 0.0981960 0.0575875 0.0691352 0.0000000 0.1987821 0.0915753 0.0957276 0.0590227 0.0000000 0.0000000 0.1020467 0.0000000 0.0000000 0.0120874 0.0768663 0.0218887 0.0000000 0.0000000 0.0000000
122 V 122 0.1554079 0.0458224 0.0000000 0.0348131 0.0251933 0.0908750 0.0501411 0.0268900 0.0000000 0.0109385 0.1445073 0.1945887 0.1029217 0.0000000 0.0085683 0.0351960 0.0527459 0.0000000 0.0151447 0.0062460
123 G 123 0.0726918 0.0157039 0.0919430 0.0000000 0.0000000 0.0371304 0.0000000 0.4731296 0.0485640 0.0000000 0.0000000 0.0170519 0.0000000 0.0190661 0.0000000 0.1699947 0.0228575 0.0000000 0.0318671 0.0000000
124 C 124 0.0000000 0.0000000 0.0000000 0.0000000 1.0000000 0.0000000 0.0000000 0.0000000 0.0000000 0.0000000 0.0000000 0.0000000 0.0000000 0.0000000 0.0000000 0.0000000 0.0000000 0.0000000 0.0000000 0.0000000
125 E 125 0.0356038 0.0587094 0.1427219 0.1595470 0.0000000 0.0586019 0.1728075 0.2862664 0.0000000 0.0000000 0.0000000 0.0467855 0.0000000 0.0000000 0.0191008 0.0198558 0.0000000 0.0000000 0.0000000 0.0000000
126 E 126 0.0000000 0.0727038 0.0000000 0.1333068 0.0000000 0.0681927 0.3897786 0.0000000 0.0000000 0.0000000 0.0000000 0.3360182 0.0000000 0.0000000 0.0000000 0.0000000 0.0000000 0.0000000 0.0000000 0.0000000
