  126         A         R         N         D         C         Q         E         G         H         I         L         K         M         F         P         S         T         W         Y         V         X    
  1 C   1 0.0000000 0.0000000 0.0000000 0.0000000 0.6849200 0.0000000 0.0000000 0.0000000 0.0000000 0.0000000 0.0000000 0.0000000 0.0000000 0.0000000 0.0000000 0.0000000 0.0000000 0.0000000 0.0000000 0.0000000 0.3150800
  2 T   2 0.0000000 0.0076034 0.0000000 0.0105525 0.0000000 0.0104290 0.0000000 0.0000000 0.0000000 0.0178785 0.0089750 0.0596362 0.0599435 0.0000000 0.0000000 0.4277105 0.0923988 0.0000000 0.0000000 0.0330213 0.2718512
  3 C   3 0.0000000 0.0000000 0.0000000 0.0000000 0.7529167 0.0000000 0.0000000 0.0000000 0.0000000 0.0000000 0.0000000 0.0000000 0.0000000 0.0000000 0.0000000 0.0000000 0.0000000 0.0000000 0.0000000 0.0000000 0.2470833
  4 V   4 0.1259690 0.0121333 0.0000000 0.0206120 0.0000000 0.0470326 0.0173096 0.0341645 0.0000000 0.0105525 0.0706503 0.0635245 0.1724876 0.0322506 0.0087602 0.0767835 0.0166109 0.0000000 0.0000000 0.0517083 0.2394505
  5 P   5 0.0129204 0.0170893 0.0224052 0.0000000 0.0000000 0.0257663 0.0170693 0.0237566 0.0000000 0.0388767 0.0290655 0.0000000 0.0037727 0.0417543 0.4388267 0.0347499 0.0000000 0.0104290 0.0187815 0.0252862 0.2394505
  6 P   6 0.1370330 0.0376058 0.0036948 0.0059612 0.0065781 0.0745655 0.0298418 0.0190536 0.0000000 0.0134657 0.0423838 0.0439900 0.0098974 0.0150090 0.1007457 0.1164637 0.0661002 0.0052672 0.0049554 0.0571172 0.2102709
  7 H   7 0.0000000 0.0000000 0.0076328 0.0265082 0.0000000 0.0000000 0.0235426 0.0000000 0.5179334 0.0000000 0.0000000 0.0000000 0.0000000 0.0000000 0.0457898 0.0515031 0.1168193 0.0000000 0.0000000 0.0000000 0.2102709
  8 P   8 0.0161344 0.0595908 0.0000000 0.0000000 0.0000000 0.0067291 0.0301506 0.0000000 0.0000000 0.0096416 0.0300296 0.0000000 0.0000000 0.0119898 0.5735855 0.0000000 0.0109945 0.0000000 0.0083078 0.0265007 0.2163458
  9 Q   9 0.0155176 0.0372210 0.0000000 0.0000000 0.0000000 0.5112009 0.0437650 0.0096416 0.0119898 0.0000000 0.0480273 0.0798739 0.0000000 0.0000000 0.0264843 0.0000000 0.0055697 0.0000000 0.0000000 0.0000000 0.2107090
 10 T  10 0.0000000 0.0076328 0.0145372 0.1072531 0.0000000 0.1499271 0.1605530 0.0091403 0.0152569 0.0155894 0.0520478 0.0194547 0.0037801 0.0000000 0.0000000 0.0505345 0.1896591 0.0000000 0.0000000 0.0000000 0.2046341
 11 A  11 0.2340597 0.0091973 0.0180490 0.0000000 0.0000000 0.0496795 0.0160350 0.0302621 0.2021298 0.0180444 0.0766728 0.0476281 0.0000000 0.0124316 0.0000000 0.0352889 0.0227013 0.0000000 0.0214844 0.0314572 0.1748789
 12 F  12 0.0000000 0.0000000 0.0000000 0.0000000 0.0090238 0.0000000 0.0000000 0.0000000 0.0000000 0.0157140 0.0545856 0.0000000 0.0279916 0.4735281 0.0000000 0.0000000 0.0000000 0.0000000 0.2558787 0.0318716 0.1314065
 13 C  13 0.0196523 0.0157529 0.0084378 0.0096416 0.7199216 0.0105525 0.0416313 0.0000000 0.0000000 0.0000000 0.0000000 0.0064344 0.0000000 0.0000000 0.0000000 0.0215004 0.0185523 0.0000000 0.0000000 0.0000000 0.1279229
 14 N  14 0.0445980 0.1214215 0.1957095 0.0410570 0.0000000 0.1011207 0.0337270 0.0480498 0.0166267 0.0000000 0.0361455 0.0761179 0.0143981 0.0090003 0.0000000 0.0949839 0.0307071 0.0000000 0.0044007 0.0040132 0.1279229
 15 S  15 0.3313578 0.0000000 0.0271634 0.0091973 0.0040132 0.0074821 0.0089041 0.0000000 0.0000000 0.0000000 0.0000000 0.0000000 0.0212601 0.0000000 0.0098974 0.4072307 0.0455711 0.0000000 0.0000000 0.0000000 0.1279229
 16 D  16 0.0509260 0.0000000 0.0562255 0.5989444 0.0000000 0.0279606 0.0804501 0.0000000 0.0109945 0.0000000 0.0034836 0.0000000 0.0000000 0.0040132 0.0000000 0.0468578 0.0190879 0.0000000 0.0000000 0.0000000 0.1010563
 17 L  17 0.0669439 0.0000000 0.0000000 0.0000000 0.0000000 0.0088012 0.0096416 0.0000000 0.0000000 0.0746730 0.0537682 0.0000000 0.0000000 0.3435131 0.0000000 0.0000000 0.0000000 0.0781312 0.1550151 0.1084566 0.1010563
 18 V  18 0.0700862 0.0000000 0.0000000 0.0000000 0.0000000 0.0000000 0.0000000 0.0098974 0.0000000 0.0426193 0.0126284 0.0000000 0.0033367 0.0000000 0.0000000 0.0000000 0.0104258 0.0000000 0.0000000 0.7562902 0.0947161
 19 I  19 0.0295153 0.0000000 0.0000000 0.0000000 0.0000000 0.0000000 0.0000000 0.0000000 0.0000000 0.4299895 0.1013646 0.0000000 0.0099476 0.1757628 0.0000000 0.0605336 0.0203357 0.0000000 0.0087602 0.0980114 0.0657793
 20 R  20 0.0170887 0.3542803 0.0000000 0.0000000 0.0000000 0.0751638 0.0267349 0.0060022 0.0594380 0.0089750 0.0493026 0.1730794 0.0000000 0.0000000 0.0000000 0.0361660 0.0342030 0.0000000 0.0000000 0.1050047 0.0545616
 21 A  21 0.4533990 0.0000000 0.0000000 0.0000000 0.0118787 0.0000000 0.0000000 0.2120938 0.0000000 0.0224542 0.0562056 0.0000000 0.0000000 0.0000000 0.0090003 0.0000000 0.0049978 0.0000000 0.0000000 0.1754089 0.0545616
 22 K  22 0.0000000 0.3210007 0.0000000 0.0233731 0.0000000 0.0427310 0.0000000 0.0000000 0.0090005 0.0138810 0.0112946 0.4387151 0.0000000 0.0000000 0.0000000 0.0000000 0.0864456 0.0000000 0.0000000 0.0000000 0.0535584
 23 F  23 0.0379913 0.0036650 0.0000000 0.0000000 0.0000000 0.0000000 0.0000000 0.0000000 0.0000000 0.2223592 0.0133847 0.0000000 0.0000000 0.0611184 0.0226412 0.0000000 0.0000000 0.0000000 0.0000000 0.5878363 0.0510040
 24 V  24 0.0044007 0.0047497 0.0000000 0.0000000 0.0000000 0.0179044 0.0127990 0.0000000 0.0000000 0.0909444 0.3260770 0.0356579 0.0662395 0.0112177 0.0055540 0.0373083 0.0802020 0.0000000 0.0000000 0.2394259 0.0675194
 25 G  25 0.0507984 0.0965051 0.0475329 0.0326087 0.0000000 0.0181635 0.0450129 0.2436130 0.0000000 0.0000000 0.0125706 0.0699562 0.0000000 0.0000000 0.0090003 0.2349350 0.0302556 0.0088012 0.0000000 0.0112177 0.0890288
 26 T  26 0.0565912 0.1089699 0.0155099 0.0088501 0.0000000 0.0335154 0.0795933 0.0203593 0.0047756 0.0706399 0.0000000 0.2186974 0.0491560 0.0000000 0.0397276 0.0417421 0.0466302 0.0087602 0.0230964 0.0787225 0.0946629
 27 P  27 0.0300052 0.0523889 0.0428645 0.0381296 0.0000000 0.0969799 0.1108909 0.0089750 0.0678242 0.0297898 0.0307714 0.2057204 0.0000000 0.0000000 0.0614907 0.0851432 0.0347151 0.0000000 0.0091973 0.0131008 0.0820130
 28 E  28 0.0174194 0.0310990 0.0258746 0.1381695 0.0000000 0.0538883 0.2105933 0.0440554 0.0155626 0.0383184 0.0569660 0.0298437 0.0421811 0.0212777 0.0321199 0.0455093 0.0182877 0.0000000 0.0060022 0.0685659 0.1042659
 29 V  29 0.0199280 0.0213592 0.0298532 0.0512793 0.0000000 0.0520745 0.0127990 0.0222894 0.0000000 0.1290065 0.0445753 0.1042751 0.0749918 0.0095061 0.0382263 0.0157557 0.0479488 0.0000000 0.0157890 0.2317417 0.0786010
 30 N  30 0.0843854 0.0520231 0.1483341 0.1283523 0.0000000 0.0000000 0.0666577 0.1152844 0.0000000 0.0679050 0.0152436 0.0767595 0.0000000 0.0000000 0.0871874 0.0254129 0.0457655 0.0000000 0.0189156 0.0119898 0.0557835
 31 Q  31 0.0472444 0.0476994 0.0755897 0.0997776 0.0000000 0.1169289 0.1576986 0.1179212 0.0143740 0.0000000 0.0110837 0.0199010 0.0106085 0.0000000 0.0457305 0.1157590 0.0132601 0.0000000 0.0290871 0.0239211 0.0534152
 32 T  32 0.0000000 0.0065342 0.1245545 0.0242725 0.0000000 0.0155844 0.1170089 0.1284137 0.0000000 0.0393776 0.0668311 0.0582715 0.0000000 0.0457593 0.0236164 0.0234018 0.1513897 0.0084294 0.0373288 0.0060834 0.1231427
 33 T  33 0.0190816 0.0476804 0.0667749 0.0530704 0.0000000 0.0406029 0.0427931 0.0565565 0.0180118 0.1280960 0.0100089 0.0000000 0.0000000 0.0166921 0.1767151 0.0486228 0.1208768 0.0000000 0.0000000 0.0265774 0.1278394
 34 L  34 0.0403617 0.0090003 0.0212551 0.0096416 0.0000000 0.0415978 0.0361070 0.0837223 0.0328114 0.0525135 0.1254032 0.0993263 0.0104258 0.0599727 0.0000000 0.0700337 0.0188109 0.0000000 0.0673499 0.0324977 0.1891691
 35 Y  35 0.0000000 0.1535183 0.0415605 0.0441816 0.0000000 0.0172775 0.0158215 0.0076616 0.0979881 0.0189683 0.0267571 0.0667335 0.1210347 0.0175051 0.0237170 0.0000000 0.0498382 0.0200527 0.0792224 0.0223014 0.1758604
 36 Q  36 0.0311073 0.0930444 0.0073474 0.0154443 0.0000000 0.0617985 0.0000000 0.0195427 0.0000000 0.1442965 0.0984533 0.0601995 0.0573227 0.0109180 0.0352248 0.0600406 0.0925268 0.0000000 0.0000000 0.0512972 0.1614361
 37 R  37 0.0573935 0.2879562 0.0366096 0.0119898 0.0000000 0.1210289 0.0815167 0.0185213 0.0047497 0.0171576 0.0205002 0.0251134 0.0000000 0.0000000 0.0000000 0.0837575 0.0883668 0.0062255 0.0000000 0.0795393 0.0595741
 38 Y  38 0.0145228 0.0000000 0.0000000 0.0000000 0.0000000 0.0062255 0.0000000 0.0109180 0.0369923 0.0099476 0.0201884 0.0000000 0.0000000 0.0781734 0.0000000 0.0094120 0.0100089 0.0141173 0.7063426 0.0311073 0.0520438
 39 E  39 0.0317634 0.0573202 0.0352223 0.0753352 0.0090238 0.0123088 0.2607537 0.0304082 0.0073474 0.0178128 0.0112177 0.1787455 0.0000000 0.0125706 0.0000000 0.0460258 0.1490891 0.0000000 0.0000000 0.0337893 0.0312661
 40 I  40 0.0279218 0.0000000 0.0000000 0.0094120 0.0000000 0.0000000 0.0000000 0.0088501 0.0000000 0.2905886 0.0708849 0.0000000 0.0000000 0.0305230 0.0100089 0.0000000 0.0109180 0.0000000 0.0000000 0.5025468 0.0383459
 41 K  41 0.0296998 0.0845348 0.0451055 0.0000000 0.0000000 0.1036917 0.0947424 0.0000000 0.0725712 0.0000000 0.0302162 0.3756959 0.0127990 0.0000000 0.0266915 0.0220801 0.0159405 0.0182654 0.0112177 0.0188590 0.0378890
 42 M  42 0.0076616 0.0000000 0.0069171 0.0000000 0.0000000 0.1520603 0.0000000 0.0000000 0.0825799 0.2742213 0.0145608 0.0086664 0.0499475 0.0076200 0.0000000 0.0000000 0.0339951 0.0000000 0.0104290 0.3062256 0.0451154
 43 T  43 0.0094120 0.0267500 0.0765471 0.0256859 0.0000000 0.0837053 0.0273536 0.0000000 0.0279737 0.1476296 0.1082708 0.1352559 0.0584985 0.0000000 0.0000000 0.0382202 0.1095075 0.0000000 0.0112177 0.0754797 0.0384924
 44 K  44 0.0240486 0.1231853 0.0231592 0.0242112 0.0000000 0.0595218 0.0970806 0.0000000 0.0376654 0.0000000 0.0429342 0.4298375 0.0091973 0.0000000 0.0042368 0.0317202 0.0222253 0.0109180 0.0059853 0.0261333 0.0279399
 45 M  45 0.0078746 0.0000000 0.0178015 0.0000000 0.0000000 0.0000000 0.0191830 0.0086664 0.0000000 0.1778771 0.0113987 0.0064361 0.2069496 0.0281307 0.0218579 0.0459918 0.0989169 0.0000000 0.0000000 0.3171379 0.0317777
 46 Y  46 0.0000000 0.0000000 0.0000000 0.0000000 0.0000000 0.0000000 0.0100089 0.0000000 0.0000000 0.0214322 0.1175252 0.0000000 0.0000000 0.4193413 0.0000000 0.0000000 0.0000000 0.0423451 0.3575698 0.0000000 0.0317777
 47 K  47 0.0000000 0.0719424 0.0166109 0.0000000 0.0000000 0.0107524 0.0420391 0.0000000 0.0163786 0.0000000 0.0000000 0.7466996 0.0000000 0.0119898 0.0000000 0.0186619 0.0000000 0.0074262 0.0099890 0.0157326 0.0317777
 48 G  48 0.1347300 0.0000000 0.1193705 0.0434909 0.0000000 0.0580343 0.0181977 0.3889054 0.0000000 0.0243100 0.0000000 0.0296085 0.0276124 0.0000000 0.0075303 0.0468019 0.0152644 0.0000000 0.0000000 0.0421496 0.0439941
 49 F  49 0.0129263 0.0543942 0.0828753 0.0329488 0.0000000 0.0143970 0.0277287 0.0522031 0.0036838 0.0172940 0.0136685 0.0320908 0.0000000 0.1490540 0.1846485 0.1056045 0.0960329 0.0000000 0.0049164 0.0088012 0.1067322
 50 Q  50 0.0216249 0.0358507 0.0467068 0.1291182 0.0000000 0.0486242 0.1239753 0.0057237 0.0000000 0.0000000 0.0074262 0.0648509 0.0000000 0.0000000 0.1197496 0.1378429 0.0476208 0.0000000 0.0000000 0.0426718 0.1682139
 51 A  51 0.0639661 0.0376432 0.0361465 0.0355004 0.0000000 0.0979416 0.0824039 0.0379621 0.0167851 0.0331070 0.0271547 0.1719093 0.0000000 0.0230783 0.0399930 0.0661717 0.0114685 0.0100089 0.0143092 0.0116866 0.1827637
 52 L  52 0.1566379 0.0293239 0.0086664 0.0000000 0.0000000 0.0000000 0.0088012 0.0479695 0.0000000 0.0324002 0.1752607 0.0501084 0.1063352 0.0339127 0.0249635 0.0409251 0.0057764 0.0261822 0.0000000 0.0444528 0.2082839
 53 G  53 0.0754365 0.1183452 0.0064361 0.0399942 0.0000000 0.0161344 0.0000000 0.1278888 0.0000000 0.0353813 0.0208591 0.1462440 0.0126657 0.0897366 0.0104290 0.0000000 0.0248382 0.0180709 0.0156531 0.0324008 0.2094861
 54 D  54 0.0374538 0.0658169 0.0852586 0.0564677 0.0057237 0.0273665 0.0300163 0.0540700 0.0233004 0.0508110 0.0262229 0.0882829 0.0101176 0.0076616 0.0735736 0.0090238 0.0514073 0.0061315 0.0000000 0.0499493 0.2413447
 55 A  55 0.0873404 0.0139633 0.0200706 0.0358619 0.0000000 0.0500023 0.0375352 0.0178016 0.0000000 0.0446241 0.1016051 0.0420769 0.0865672 0.0099476 0.0238048 0.0566410 0.0538911 0.0000000 0.0064361 0.0715597 0.2402710
 56 A  56 0.0396936 0.0397737 0.0347138 0.0000000 0.0000000 0.0890044 0.0527582 0.0644585 0.0000000 0.0059853 0.1527904 0.0232131 0.0076328 0.0000000 0.0722348 0.0665169 0.1127537 0.0123453 0.0000000 0.0285641 0.1975613
 57 D  57 0.0239077 0.0821071 0.0569347 0.2493115 0.0000000 0.0658371 0.0639535 0.0553960 0.0529629 0.0000000 0.0423159 0.0457306 0.0150443 0.0000000 0.0122164 0.0226185 0.0322162 0.0000000 0.0213280 0.0125706 0.1455489
 58 I  58 0.0074430 0.0958018 0.0316660 0.0483709 0.0000000 0.0511593 0.0303241 0.0000000 0.0195226 0.2127080 0.0445871 0.0478424 0.0125871 0.0111174 0.0418699 0.0358246 0.0823295 0.0000000 0.0112177 0.0931545 0.1224740
 59 R  59 0.0264983 0.0675920 0.0528692 0.0459312 0.0000000 0.1134872 0.1798428 0.0856074 0.0281451 0.0740535 0.0385166 0.0000000 0.0104258 0.0000000 0.0359844 0.0334567 0.0517363 0.0043112 0.0000000 0.0480905 0.1034519
 60 F  60 0.0337026 0.0854339 0.0173236 0.0000000 0.0090238 0.0151585 0.0978250 0.0000000 0.0296663 0.0451392 0.0365074 0.0257173 0.0000000 0.1159636 0.0000000 0.0444720 0.0586576 0.0000000 0.1770624 0.0887377 0.1196091
 61 V  61 0.0234375 0.0110837 0.0000000 0.0000000 0.0000000 0.0000000 0.0127990 0.0000000 0.0000000 0.3058370 0.2862294 0.0123453 0.0150923 0.0324811 0.0000000 0.0000000 0.0000000 0.0000000 0.0000000 0.2520834 0.0486113
 62 Y  62 0.0326420 0.0101279 0.0261760 0.0118015 0.0000000 0.0060749 0.0109180 0.0127990 0.0310896 0.0193415 0.0618681 0.0145372 0.0171807 0.0537342 0.0000000 0.0610035 0.0583229 0.1400587 0.3566426 0.0091403 0.0665412
 63 T  63 0.0749241 0.0000000 0.0127990 0.0000000 0.0000000 0.0123453 0.0000000 0.0041846 0.0000000 0.0080837 0.0000000 0.0125706 0.0000000 0.0000000 0.0000000 0.1058727 0.6191182 0.0000000 0.0186607 0.0253353 0.1061057
 64 P  64 0.1959856 0.0000000 0.0166855 0.0080151 0.0000000 0.0000000 0.0418517 0.0314962 0.0037727 0.0000000 0.0060763 0.0125706 0.0090003 0.0000000 0.4824940 0.0720791 0.0000000 0.0214113 0.0000000 0.0123453 0.0862161
 65 A  65 0.1375833 0.0802079 0.0118731 0.0181794 0.0000000 0.0000000 0.0573337 0.0617737 0.0041959 0.0236956 0.0281130 0.0463273 0.0226068 0.0324319 0.1204804 0.1306207 0.0550519 0.0000000 0.0147736 0.0484161 0.1063357
 66 M  66 0.0454035 0.0089750 0.0535810 0.1096305 0.0000000 0.0385597 0.0641926 0.0215711 0.0433036 0.0180269 0.0104035 0.0166109 0.0567822 0.0065977 0.0000000 0.2572761 0.0470456 0.0000000 0.0256802 0.0673842 0.1089757
 67 E  67 0.0283568 0.0000000 0.0000000 0.1665090 0.0000000 0.0255859 0.1832954 0.0159694 0.0127990 0.0000000 0.0119898 0.0075303 0.0000000 0.0000000 0.0145372 0.2854292 0.0498589 0.0455055 0.0000000 0.0000000 0.1526337
 68 S  68 0.2580977 0.0000000 0.0450746 0.0119898 0.0125706 0.0000000 0.0201703 0.0938292 0.0000000 0.0000000 0.0198274 0.0000000 0.0000000 0.0000000 0.0109945 0.3354608 0.0311073 0.0212102 0.0000000 0.0056921 0.1339755
 69 V  69 0.1604370 0.0250966 0.0419398 0.0208537 0.0076328 0.0222122 0.0064812 0.0000000 0.0000000 0.0128815 0.2219736 0.0067948 0.1097931 0.0099476 0.0069878 0.0639388 0.0330464 0.0000000 0.0090238 0.1124777 0.1284815
 70 C  70 0.0123453 0.0146371 0.0000000 0.0000000 0.8908658 0.0064812 0.0000000 0.0000000 0.0099890 0.0000000 0.0000000 0.0127990 0.0000000 0.0000000 0.0000000 0.0000000 0.0000000 0.0000000 0.0000000 0.0000000 0.0528825
 71 G  71 0.0269825 0.0104258 0.0000000 0.0168545 0.0000000 0.0000000 0.0000000 0.7187554 0.0000000 0.0127990 0.0000000 0.0000000 0.0000000 0.0000000 0.0775115 0.0307713 0.0000000 0.0000000 0.0000000 0.0000000 0.1059000
 72 Y  72 0.0210314 0.0158023 0.0000000 0.0000000 0.1343502 0.0082097 0.0000000 0.0042025 0.0000000 0.1034288 0.0199730 0.0207747 0.0230600 0.0259275 0.0000000 0.0000000 0.0000000 0.0000000 0.1508064 0.2634463 0.2089873
 73 F  73 0.0244031 0.0543726 0.0037599 0.0090003 0.0000000 0.0000000 0.0489772 0.0088501 0.0267592 0.0110837 0.0225614 0.1054194 0.0000000 0.0386538 0.1107812 0.0644646 0.1093647 0.0000000 0.0000000 0.0153199 0.3462289
 74 H  74 0.0242241 0.0078458 0.0027081 0.0127990 0.0311073 0.0408072 0.0166109 0.0000000 0.0759489 0.0379523 0.1874878 0.0086664 0.0152504 0.0633979 0.0379090 0.0000000 0.0000000 0.0000000 0.0000000 0.0233731 0.4139118
 75 R  75 0.0623700 0.0527382 0.0000000 0.1004169 0.0000000 0.0099975 0.1197762 0.0052672 0.0000000 0.0123453 0.0953719 0.0347623 0.0000000 0.0000000 0.1030437 0.0094120 0.0336553 0.0000000 0.0000000 0.0286240 0.3322194
 76 S  76 0.0960068 0.0131189 0.0629493 0.0756208 0.0000000 0.0550899 0.0125706 0.0366848 0.0138810 0.0496837 0.0139603 0.0417753 0.0047204 0.0000000 0.0000000 0.1511984 0.1346731 0.0096416 0.0184764 0.0498975 0.1600513
 77 H  77 0.0025840 0.0000000 0.0933358 0.0041959 0.0000000 0.0313094 0.0043112 0.0194083 0.0169786 0.0000000 0.4491157 0.0000000 0.0166109 0.1230500 0.0791407 0.0325464 0.0099158 0.0000000 0.0000000 0.0074430 0.1100542
 78 N  78 0.0249633 0.0632879 0.1511428 0.0470098 0.0000000 0.0878386 0.1469451 0.0680222 0.0648355 0.0245604 0.0195638 0.0622746 0.0162763 0.0000000 0.0000000 0.0334341 0.0404981 0.0000000 0.0000000 0.0059853 0.1433623
 79 R  79 0.0577578 0.0656497 0.0088501 0.0083078 0.0000000 0.0431814 0.0721475 0.0280484 0.0037285 0.0745844 0.1034611 0.0754003 0.0259037 0.0000000 0.0834832 0.0090003 0.0320197 0.0000000 0.0000000 0.1045454 0.2039307
 80 S  80 0.0130338 0.0280739 0.0833778 0.0364058 0.0000000 0.0138810 0.0084378 0.4452843 0.0000000 0.0000000 0.0000000 0.1643370 0.0166109 0.0000000 0.0000000 0.0902061 0.0000000 0.0000000 0.0076328 0.0000000 0.0927190
 81 E  81 0.0000000 0.0941645 0.0000000 0.0240071 0.0000000 0.0998167 0.1589309 0.0219667 0.0336399 0.0087602 0.0150129 0.2667836 0.0000000 0.0036948 0.0000000 0.0594221 0.0852982 0.0073474 0.0345600 0.0308334 0.0557616
 82 E  82 0.0262428 0.0512510 0.0084294 0.0715713 0.0000000 0.0599265 0.3950292 0.0026390 0.0231931 0.0053463 0.0491259 0.0177607 0.0000000 0.0000000 0.0315094 0.0208880 0.0800046 0.0000000 0.0345802 0.0686755 0.0538273
 83 F  83 0.0000000 0.0000000 0.0000000 0.0000000 0.0000000 0.0110837 0.0000000 0.0000000 0.0000000 0.0138810 0.0579533 0.0000000 0.0059061 0.0685482 0.0000000 0.0000000 0.0000000 0.0078746 0.7997342 0.0000000 0.0350189
 84 L  84 0.0241385 0.0000000 0.0000000 0.0000000 0.0000000 0.0109180 0.0000000 0.0000000 0.0000000 0.0944759 0.6332829 0.0000000 0.0000000 0.0378393 0.0000000 0.0000000 0.0000000 0.0000000 0.0000000 0.1643267 0.0350189
 85 I  85 0.0000000 0.0000000 0.0000000 0.0000000 0.0000000 0.0000000 0.0000000 0.0000000 0.0000000 0.4528130 0.2214802 0.0000000 0.0047756 0.0520814 0.0000000 0.0065977 0.0279825 0.0000000 0.0000000 0.1992508 0.0350189
 86 A  86 0.3436008 0.0000000 0.0101279 0.0000000 0.0000000 0.0000000 0.0000000 0.0916508 0.0000000 0.0089041 0.0074821 0.0000000 0.0695597 0.0693472 0.0084378 0.1250186 0.2009796 0.0000000 0.0298725 0.0000000 0.0350189
 87 G  87 0.1212067 0.0000000 0.0000000 0.0000000 0.0000000 0.0247300 0.0000000 0.7780398 0.0000000 0.0000000 0.0000000 0.0000000 0.0000000 0.0000000 0.0059061 0.0171502 0.0000000 0.0000000 0.0000000 0.0117634 0.0412039
 88 K  88 0.0096416 0.2128066 0.0504766 0.0250953 0.0000000 0.0624737 0.0126185 0.0091403 0.0579685 0.0167669 0.0240167 0.1447920 0.0263298 0.0312828 0.0000000 0.1322490 0.0409652 0.0000000 0.0676055 0.0284925 0.0472788
 89 L  89 0.0608860 0.0691048 0.0000000 0.0000000 0.0000000 0.0109180 0.0223902 0.0503350 0.0000000 0.0741549 0.1702936 0.0202034 0.0324895 0.0787186 0.0000000 0.0505930 0.0420004 0.0230678 0.0438261 0.2001147 0.0509039
 90 Q  90 0.0084294 0.1322412 0.0643483 0.0778165 0.0000000 0.0229930 0.1230749 0.0155792 0.0296550 0.0236401 0.0043112 0.0742394 0.0047204 0.0090692 0.0400284 0.1158023 0.0643997 0.0118527 0.0509423 0.0759528 0.0509039
 91 D  91 0.0128815 0.0847791 0.1685136 0.2571970 0.0000000 0.0503547 0.0418038 0.1178552 0.0248772 0.0000000 0.0037274 0.0227694 0.0182507 0.0000000 0.0000000 0.0582175 0.0459128 0.0031891 0.0057764 0.0164010 0.0674935
 92 G  92 0.0423054 0.0000000 0.0853771 0.1210192 0.0000000 0.0000000 0.0390467 0.5283530 0.0000000 0.0000000 0.0109166 0.0118787 0.0000000 0.0000000 0.0038173 0.0319836 0.0181206 0.0000000 0.0000000 0.0000000 0.1071818
 93 L  93 0.0109945 0.2174550 0.0294582 0.0342246 0.0000000 0.0633464 0.0929443 0.0178739 0.0168523 0.0087602 0.0161792 0.2057169 0.0136867 0.0000000 0.0076616 0.0672665 0.0601982 0.0000000 0.0064344 0.0278286 0.1031187
 94 L  94 0.0374294 0.0000000 0.0090238 0.0000000 0.0000000 0.0000000 0.0000000 0.0000000 0.0000000 0.0446216 0.5114685 0.0123453 0.0911489 0.0206120 0.0302665 0.0000000 0.0000000 0.0000000 0.0331312 0.0998277 0.1101250
 95 H  95 0.0000000 0.0424081 0.0581430 0.0000000 0.0000000 0.0816692 0.0312778 0.0000000 0.2174434 0.0422370 0.1337957 0.0109180 0.0060834 0.0630947 0.0000000 0.0416260 0.0566519 0.0286788 0.0736295 0.0379714 0.0743722
 96 I  96 0.0299715 0.0000000 0.0000000 0.0000000 0.0000000 0.0000000 0.0000000 0.0000000 0.0000000 0.3083405 0.1552421 0.0000000 0.0355179 0.0322232 0.0000000 0.0078746 0.1529721 0.0000000 0.0000000 0.2171643 0.0606936
 97 T  97 0.0087768 0.0000000 0.1566987 0.1001811 0.0000000 0.0122164 0.0138810 0.1407936 0.0337298 0.0123453 0.0000000 0.0000000 0.0000000 0.0110837 0.0508462 0.1731173 0.2034609 0.0000000 0.0126993 0.0194238 0.0507460
 98 T  98 0.0596314 0.0589114 0.0256011 0.0000000 0.0000000 0.0158663 0.0000000 0.0088012 0.0493498 0.0382295 0.3736791 0.0125706 0.0146371 0.0363059 0.0059853 0.1436979 0.0515508 0.0000000 0.0239543 0.0304822 0.0507460
 99 C  99 0.0407111 0.0000000 0.0125706 0.0240951 0.8005564 0.0000000 0.0000000 0.0000000 0.0074821 0.0000000 0.0000000 0.0370926 0.0000000 0.0000000 0.0000000 0.0225170 0.0042290 0.0000000 0.0000000 0.0000000 0.0507460
100 S 100 0.0000000 0.0000000 0.1310331 0.2352481 0.0000000 0.0244345 0.0156969 0.2158311 0.0503424 0.0000000 0.0000000 0.0000000 0.0000000 0.0000000 0.0000000 0.2414115 0.0125706 0.0000000 0.0000000 0.0166109 0.0568209
101 F 101 0.0000000 0.0155270 0.0000000 0.0104290 0.0000000 0.0197713 0.0000000 0.0441327 0.0000000 0.0341097 0.1264919 0.0000000 0.0075651 0.2266541 0.0084378 0.0000000 0.0000000 0.1579620 0.2105765 0.0373455 0.1009973
102 V 102 0.1070277 0.0202532 0.0655791 0.0000000 0.0000000 0.0000000 0.0000000 0.0000000 0.0330432 0.2054253 0.0219439 0.0426709 0.0213002 0.0089750 0.0000000 0.0101279 0.0529213 0.0000000 0.0511546 0.2585803 0.1009973
103 A 103 0.0884297 0.1312560 0.0059612 0.0078825 0.0000000 0.0740901 0.0950628 0.0000000 0.0088501 0.0492773 0.0898381 0.1131587 0.0675917 0.0000000 0.0145372 0.0278827 0.0120291 0.0000000 0.0233731 0.0897824 0.1009973
104 P 104 0.0195731 0.0923629 0.0075303 0.0104258 0.0000000 0.0045687 0.1542692 0.0065342 0.0000000 0.0036168 0.0179069 0.0748820 0.0000000 0.0233731 0.4122852 0.0288743 0.0141195 0.0000000 0.0000000 0.0210190 0.1086590
105 W 105 0.0104258 0.0000000 0.0000000 0.0000000 0.0000000 0.0000000 0.0000000 0.0000000 0.0084294 0.0060834 0.0105525 0.0000000 0.0000000 0.0158703 0.0000000 0.0073474 0.0000000 0.6600100 0.1097226 0.0083078 0.1632509
106 N 106 0.0341649 0.0685114 0.0912717 0.1407870 0.0000000 0.0394263 0.0708843 0.0110837 0.0435422 0.0053463 0.0145372 0.0635778 0.0000000 0.0000000 0.0000000 0.1358987 0.0852867 0.0000000 0.0202145 0.0000000 0.1754673
107 S 107 0.0140993 0.0645983 0.0825197 0.1215666 0.0000000 0.0459424 0.0892107 0.0167665 0.0158690 0.0000000 0.0119898 0.0631334 0.0087768 0.0057764 0.0000000 0.1289635 0.0684737 0.0138810 0.0000000 0.0000000 0.2484328
108 L 108 0.0224312 0.0000000 0.0000000 0.0000000 0.0000000 0.0166109 0.0000000 0.0000000 0.0000000 0.0340441 0.3932506 0.0125706 0.0762408 0.0000000 0.0000000 0.0000000 0.0312865 0.0000000 0.0000000 0.1492999 0.2642653
109 S 109 0.0000000 0.0000000 0.0284896 0.0000000 0.0000000 0.0000000 0.0181725 0.0000000 0.0000000 0.0000000 0.0000000 0.0240160 0.0000000 0.0000000 0.0597030 0.2611924 0.3475764 0.0000000 0.0000000 0.0000000 0.2608501
110 L 110 0.0381993 0.0774018 0.0262009 0.0441366 0.0000000 0.0421776 0.0244502 0.0075303 0.0000000 0.0688385 0.0881838 0.0510372 0.0049978 0.0114664 0.0987275 0.0556094 0.0469720 0.0000000 0.0000000 0.0433232 0.2707475
111 A 111 0.0958794 0.0749059 0.0000000 0.0540989 0.0000000 0.0301658 0.0607025 0.0000000 0.0480726 0.0089041 0.0256516 0.0621636 0.0000000 0.0083078 0.0138810 0.0997896 0.1055570 0.0000000 0.0000000 0.0406092 0.2713110
112 Q 112 0.0000000 0.0118787 0.0000000 0.0000000 0.0000000 0.4659591 0.1480736 0.0000000 0.0000000 0.0156404 0.0604244 0.0166109 0.0080837 0.0000000 0.0000000 0.0000000 0.0000000 0.0000000 0.0000000 0.0000000 0.2733291
113 R 113 0.0000000 0.2950583 0.0000000 0.0000000 0.0000000 0.0432492 0.0122164 0.0099890 0.0000000 0.0152863 0.0357030 0.2688072 0.0000000 0.0000000 0.0040456 0.0000000 0.0074430 0.0000000 0.0000000 0.0118787 0.2963233
114 R 114 0.0190879 0.1962809 0.0105525 0.0152863 0.0000000 0.0349918 0.0307132 0.0151008 0.0370903 0.0110837 0.0480509 0.2486085 0.0094513 0.0123453 0.0000000 0.0116704 0.0033628 0.0000000 0.0000000 0.0000000 0.2963233
115 G 115 0.0602560 0.0324888 0.0200705 0.0091403 0.0049978 0.0104290 0.0000000 0.3869197 0.0216435 0.0000000 0.0000000 0.0475484 0.0000000 0.0000000 0.0000000 0.0864493 0.0074262 0.0087768 0.0000000 0.0000000 0.3038536
116 F 116 0.0000000 0.0000000 0.0000000 0.0000000 0.0000000 0.0000000 0.0000000 0.0000000 0.0000000 0.0889249 0.3690055 0.0000000 0.0119898 0.1739237 0.0000000 0.0000000 0.0000000 0.0000000 0.0000000 0.0523024 0.3038536
117 T 117 0.0357939 0.1494973 0.1095295 0.0000000 0.0000000 0.0400689 0.0209284 0.0087577 0.0000000 0.0045687 0.0099890 0.1448310 0.0000000 0.0000000 0.0000000 0.0841377 0.0639964 0.0000000 0.0000000 0.0074812 0.3204201
118 K 118 0.0143981 0.0493302 0.0228815 0.0091973 0.0000000 0.0852081 0.0170095 0.1019008 0.1389838 0.0000000 0.0059612 0.0765174 0.0000000 0.0112177 0.0037599 0.0553366 0.0158724 0.0000000 0.0410466 0.0000000 0.3513789
119 T 119 0.0287103 0.1567165 0.0089041 0.0206556 0.0000000 0.0000000 0.0156962 0.0713894 0.0185029 0.0316632 0.0620000 0.0265040 0.0408785 0.0316417 0.0000000 0.0000000 0.0385791 0.0088501 0.0253041 0.0559430 0.3580613
120 Y 120 0.0000000 0.0000000 0.0087768 0.0000000 0.0000000 0.0000000 0.0118787 0.0000000 0.0055540 0.0166109 0.0099890 0.0000000 0.0089041 0.0208548 0.0168402 0.0000000 0.0000000 0.0000000 0.5177350 0.0000000 0.3828565
121 T 121 0.0721988 0.0612715 0.0352013 0.0423262 0.0000000 0.1352500 0.0613846 0.0599214 0.0372877 0.0000000 0.0000000 0.0652139 0.0000000 0.0000000 0.0074003 0.0466428 0.0141751 0.0000000 0.0000000 0.0000000 0.3617264
122 V 122 0.0956378 0.0319946 0.0000000 0.0213457 0.0152863 0.0592323 0.0308464 0.0166109 0.0000000 0.0065977 0.0907982 0.1230228 0.0738800 0.0000000 0.0052658 0.0217696 0.0328496 0.0000000 0.0093869 0.0037493 0.3617264
123 G 123 0.0459688 0.0099476 0.0579230 0.0000000 0.0000000 0.0244917 0.0000000 0.3082521 0.0298495 0.0000000 0.0000000 0.0104290 0.0000000 0.0118787 0.0000000 0.1054339 0.0138810 0.0000000 0.0202182 0.0000000 0.3617264
124 C 124 0.0000000 0.0000000 0.0000000 0.0000000 0.6264959 0.0000000 0.0000000 0.0000000 0.0000000 0.0000000 0.0000000 0.0000000 0.0000000 0.0000000 0.0000000 0.0000000 0.0000000 0.0000000 0.0000000 0.0000000 0.3735041
125 E 125 0.0166109 0.0293563 0.0718098 0.0753487 0.0000000 0.0271650 0.0888615 0.1381690 0.0000000 0.0000000 0.0000000 0.0219609 0.0000000 0.0000000 0.0087768 0.0090005 0.0000000 0.0000000 0.0000000 0.0000000 0.5129406
126 E 126 0.0000000 0.0099890 0.0000000 0.0187336 0.0000000 0.0090005 0.0524418 0.0000000 0.0000000 0.0000000 0.0000000 0.0489456 0.0000000 0.0000000 0.0000000 0.0000000 0.0000000 0.0000000 0.0000000 0.0000000 0.8608896
