  113         A         R         N         D         C         Q         E         G         H         I         L         K         M         F         P         S         T         W         Y         V         X    
  1 H   1 0.0000000 0.0000000 0.0000000 0.0000000 0.0000000 0.0000000 0.0000000 0.0000000 0.0095836 0.0000000 0.0000000 0.0000000 0.0000000 0.0000000 0.0000000 0.0000000 0.0000000 0.0000000 0.0163875 0.0000000 0.9740289
  2 H   2 0.0000000 0.0000000 0.0000000 0.0000000 0.0000000 0.0117429 0.0000000 0.0000000 0.0176488 0.0000000 0.0000000 0.0000000 0.0000000 0.0000000 0.0000000 0.0000000 0.0000000 0.0000000 0.0163875 0.0000000 0.9542208
  3 H   3 0.0000000 0.0000000 0.0000000 0.0000000 0.0000000 0.0151939 0.0000000 0.0000000 0.0199496 0.0163875 0.0000000 0.0000000 0.0000000 0.0071001 0.0000000 0.0000000 0.0000000 0.0000000 0.0080652 0.0000000 0.9333037
  4 H   4 0.0000000 0.0000000 0.0431446 0.0117429 0.0000000 0.0000000 0.0000000 0.0000000 0.0208185 0.0000000 0.0000000 0.0000000 0.0000000 0.0000000 0.0071001 0.0000000 0.0000000 0.0000000 0.0000000 0.0000000 0.9171939
  5 H   5 0.0163875 0.0122051 0.0201329 0.0000000 0.0000000 0.0051398 0.0000000 0.0000000 0.0095836 0.0071001 0.0000000 0.0062390 0.0000000 0.0000000 0.0092564 0.0052609 0.0000000 0.0000000 0.0000000 0.0000000 0.9086947
  6 H   6 0.0000000 0.0000000 0.0000000 0.0000000 0.0000000 0.0041399 0.0000000 0.0000000 0.0095836 0.0168480 0.0000000 0.0000000 0.1708656 0.0000000 0.0132050 0.0000000 0.0000000 0.0000000 0.0000000 0.0156512 0.7697067
  7 A   7 0.0158137 0.0000000 0.0341241 0.0041513 0.0000000 0.0000000 0.0000000 0.0000000 0.0000000 0.0058330 0.0054772 0.0202268 0.0000000 0.0000000 0.0117429 0.0074163 0.1174428 0.0000000 0.0000000 0.0080652 0.7697067
  8 Q   8 0.0153359 0.0000000 0.0028721 0.0167729 0.0000000 0.1117574 0.0027502 0.0054772 0.0031850 0.0035679 0.0044935 0.0109394 0.0000000 0.0000000 0.0195841 0.0164749 0.0075104 0.0000000 0.0080652 0.0082160 0.7629981
  9 Q   9 0.0051051 0.0226625 0.0382497 0.0035576 0.0000000 0.0181895 0.0186585 0.0096170 0.0483209 0.0000000 0.0162858 0.0152274 0.0000000 0.0000000 0.0236008 0.0161651 0.0056415 0.0000000 0.0054517 0.0000000 0.7532671
 10 S  10 0.0073759 0.0071001 0.0196954 0.0000000 0.0000000 0.0085680 0.0084931 0.0000000 0.0150026 0.0000000 0.0122165 0.0035679 0.0000000 0.0054517 0.0084328 0.1031826 0.0080578 0.0000000 0.0114581 0.0117429 0.7696546
 11 P  11 0.0195473 0.0000000 0.0000000 0.0000000 0.0000000 0.0034629 0.0000000 0.0000000 0.0000000 0.0034029 0.0464091 0.0000000 0.0040994 0.0054517 0.0762587 0.0189517 0.0379746 0.0000000 0.0000000 0.0194266 0.7650152
 12 Y  12 0.0000000 0.0062390 0.0179402 0.0000000 0.0054772 0.0000000 0.0084931 0.0000000 0.0108330 0.0141456 0.0040994 0.0085978 0.0155822 0.0000000 0.0422936 0.0167731 0.0336036 0.0030311 0.0710441 0.0046394 0.7372075
 13 S  13 0.0112669 0.0000000 0.0046394 0.0991491 0.0000000 0.0000000 0.0000000 0.0057803 0.0028309 0.0000000 0.0000000 0.0084931 0.0054772 0.0000000 0.0056415 0.0875171 0.0350937 0.0000000 0.0000000 0.0084657 0.7256451
 14 A  14 0.0420905 0.0000000 0.0000000 0.0000000 0.0000000 0.0000000 0.0142734 0.0056415 0.0000000 0.0000000 0.0000000 0.0100783 0.0000000 0.0000000 0.1686615 0.0407817 0.0338383 0.0000000 0.0000000 0.0000000 0.6846348
 15 A  15 0.1739619 0.0112669 0.0210492 0.0039584 0.0057803 0.0050300 0.0354508 0.0044935 0.0048264 0.0062390 0.0049714 0.0046394 0.0348283 0.0000000 0.0000000 0.0000000 0.0205081 0.0000000 0.0000000 0.0110368 0.6519595
 16 M  16 0.0065724 0.0000000 0.0054772 0.0000000 0.0000000 0.0128680 0.0136749 0.0056415 0.0000000 0.0325570 0.1084549 0.0268878 0.0580768 0.0073702 0.0174979 0.0397446 0.0372611 0.0000000 0.0000000 0.0199202 0.6079956
 17 A  17 0.1046023 0.0088037 0.0110633 0.0261013 0.0000000 0.0274408 0.0252539 0.0037383 0.0000000 0.0036831 0.0000000 0.0313653 0.0000000 0.0050300 0.0028124 0.1109895 0.0362893 0.0000000 0.0000000 0.0118595 0.5909672
 18 E  18 0.0301547 0.0148831 0.0154166 0.0087047 0.0000000 0.0708426 0.1417265 0.0000000 0.0033518 0.0000000 0.0000000 0.0321039 0.0000000 0.0000000 0.0628811 0.0238226 0.0493511 0.0000000 0.0000000 0.0035088 0.5432525
 19 Q  19 0.0368669 0.0437529 0.0059397 0.0321517 0.0000000 0.1077097 0.0548281 0.0000000 0.0000000 0.0062390 0.0378217 0.0000000 0.0020472 0.0000000 0.1090641 0.0310431 0.0000000 0.0021782 0.0000000 0.0084931 0.5218646
 20 R  20 0.0143365 0.0915963 0.0266489 0.1090217 0.0000000 0.0200709 0.0906883 0.0138030 0.0080234 0.0103791 0.0133538 0.0371152 0.0029269 0.0048264 0.0148957 0.0326055 0.0088037 0.0000000 0.0071013 0.0339959 0.4598076
 21 H  21 0.0261504 0.0085321 0.1674889 0.0940082 0.0000000 0.0067569 0.0670242 0.0053370 0.0257759 0.0149820 0.0091166 0.0053383 0.0000000 0.0308851 0.0255494 0.0181763 0.0115769 0.0000000 0.0479046 0.0038393 0.4315579
 22 Q  22 0.0449862 0.0128400 0.0155442 0.0870257 0.0000000 0.1401490 0.1421330 0.0000000 0.0000000 0.0000000 0.0000000 0.0804686 0.0034419 0.0000000 0.0130506 0.0512869 0.0508573 0.0000000 0.0000000 0.0096401 0.3485763
 23 E  23 0.0361674 0.0094368 0.0673585 0.1360431 0.0000000 0.0505809 0.1808811 0.0457515 0.0794563 0.0000000 0.0121000 0.0000000 0.0000000 0.0000000 0.0000000 0.0329958 0.0201592 0.0000000 0.0071042 0.0000000 0.3219651
 24 W  24 0.0042822 0.0000000 0.0000000 0.0000000 0.0000000 0.0035151 0.0106019 0.0033779 0.0000000 0.0213625 0.1385796 0.0000000 0.0072892 0.0152768 0.0000000 0.0000000 0.0244644 0.3892983 0.0452427 0.0391109 0.2975986
 25 L  25 0.0109928 0.0356673 0.0425031 0.2441751 0.0000000 0.1918015 0.0210461 0.0151039 0.0123355 0.0000000 0.1316794 0.0660591 0.0034129 0.0077124 0.0000000 0.0339528 0.0165685 0.0000000 0.0000000 0.0040994 0.1628901
 26 R  26 0.0949557 0.1652051 0.0211241 0.0450317 0.0115765 0.2106604 0.1194267 0.0151429 0.0046892 0.0000000 0.0410407 0.0242489 0.0195954 0.0048377 0.0000000 0.0648916 0.0216719 0.0000000 0.0118385 0.0088913 0.1151718
 27 F  27 0.0077124 0.0000000 0.0000000 0.0000000 0.0000000 0.0000000 0.0000000 0.0000000 0.0000000 0.0393351 0.4851128 0.0000000 0.0081002 0.3133245 0.0000000 0.0000000 0.0000000 0.0000000 0.0000000 0.0937028 0.0527122
 28 V  28 0.0655971 0.0000000 0.0000000 0.0000000 0.0691798 0.0000000 0.0000000 0.0000000 0.0054949 0.0881453 0.1628754 0.0046087 0.0209818 0.2179874 0.0000000 0.0234316 0.0056695 0.0000000 0.0314484 0.2539530 0.0506272
 29 D  29 0.0728515 0.0934914 0.0407637 0.2076079 0.0051542 0.0506546 0.2872437 0.0119909 0.0181396 0.0000000 0.0086822 0.0693466 0.0052644 0.0042936 0.0000000 0.0191205 0.0514162 0.0000000 0.0000000 0.0033518 0.0506272
 30 L  30 0.3347013 0.0025643 0.0000000 0.0000000 0.0000000 0.0000000 0.0000000 0.0205370 0.0300088 0.0487913 0.3650371 0.0309683 0.0145682 0.0154611 0.0000000 0.0173628 0.0222406 0.0000000 0.0064674 0.0406646 0.0506272
 31 L  31 0.0053383 0.0000000 0.0000000 0.0000000 0.0221494 0.0000000 0.0000000 0.0000000 0.0000000 0.2820926 0.4419236 0.0000000 0.0319915 0.0498592 0.0000000 0.0000000 0.0018111 0.0000000 0.0000000 0.1112968 0.0535375
 32 K  32 0.0971420 0.1119522 0.0000000 0.0072857 0.0134912 0.1337316 0.0172281 0.0118394 0.0121816 0.0000000 0.3383396 0.0776452 0.0150301 0.0000000 0.0000000 0.0702295 0.0103314 0.0000000 0.0038065 0.0262283 0.0535375
 33 N  33 0.0533838 0.0173802 0.0664990 0.0176645 0.0312215 0.2178943 0.0415495 0.0089128 0.0280303 0.0061462 0.0629678 0.0681341 0.0196795 0.0000000 0.0000000 0.1780265 0.1240943 0.0000000 0.0000000 0.0048783 0.0535375
 34 A  34 0.2951520 0.0042822 0.0046089 0.0000000 0.0100929 0.0060285 0.0047925 0.0042902 0.0275042 0.0584287 0.3682585 0.0000000 0.0171110 0.0057799 0.0051465 0.0642659 0.0404791 0.0000000 0.0000000 0.0256023 0.0581768
 35 Y  35 0.0243908 0.0205510 0.0367342 0.0678630 0.0085037 0.0583662 0.1404599 0.0347736 0.0048331 0.0318675 0.0000000 0.1828160 0.0106699 0.0966482 0.0038888 0.0674752 0.0407312 0.0000000 0.0722968 0.0417583 0.0553727
 36 Q  36 0.1593847 0.0060784 0.1161136 0.2528548 0.0037691 0.0444881 0.0915506 0.0245511 0.0000000 0.0054517 0.0033346 0.0107566 0.0000000 0.0000000 0.0000000 0.0914306 0.1345217 0.0000000 0.0000000 0.0042822 0.0514322
 37 N  37 0.0372816 0.0732833 0.0194732 0.0404477 0.0000000 0.1171906 0.2010949 0.0091909 0.0208840 0.0412308 0.0503737 0.0454427 0.0204311 0.0000000 0.1141873 0.0573287 0.0292330 0.0000000 0.0090869 0.0670467 0.0467928
 38 D  38 0.0178493 0.0000000 0.0644686 0.2742931 0.0000000 0.0561192 0.3901429 0.0909269 0.0040537 0.0000000 0.0000000 0.0409727 0.0000000 0.0035615 0.0000000 0.0060774 0.0069679 0.0000000 0.0000000 0.0058180 0.0387488
 39 L  39 0.0468983 0.0266977 0.0049546 0.0886794 0.0042822 0.0824057 0.3752666 0.0000000 0.0104972 0.0065391 0.1743694 0.0571221 0.0122693 0.0214521 0.0000000 0.0163124 0.0077022 0.0037257 0.0000000 0.0220772 0.0387488
 40 H  40 0.0790395 0.0000000 0.0000000 0.0231451 0.2508547 0.0421061 0.0337737 0.0031320 0.1757370 0.0898075 0.0984668 0.0000000 0.0627190 0.0166349 0.0000000 0.0000000 0.0103887 0.0000000 0.0071044 0.0710518 0.0360387
 41 L  41 0.0658353 0.0374067 0.0149415 0.0760278 0.0000000 0.0793972 0.1100904 0.0112702 0.0200355 0.0112418 0.1408254 0.0328528 0.0069724 0.0334227 0.0000000 0.0138847 0.0096848 0.0000000 0.2911521 0.0089199 0.0360387
 42 P  42 0.1317774 0.1232190 0.0214633 0.0789522 0.0024198 0.0493689 0.0863530 0.0018932 0.0013367 0.0106528 0.0503133 0.0337364 0.0618694 0.0000000 0.1892897 0.0483731 0.0429281 0.0000000 0.0000000 0.0257332 0.0403208
 43 L  43 0.0160744 0.0077678 0.0000000 0.0000000 0.0000000 0.0000000 0.0000000 0.0000000 0.0000000 0.0450129 0.3535429 0.0059236 0.0184995 0.4939202 0.0000000 0.0000000 0.0000000 0.0000000 0.0000000 0.0281584 0.0311004
 44 L  44 0.0000000 0.0000000 0.0000000 0.0000000 0.0130160 0.0000000 0.0000000 0.0000000 0.0000000 0.0063589 0.5275746 0.0000000 0.0203263 0.3959543 0.0000000 0.0000000 0.0000000 0.0000000 0.0000000 0.0056695 0.0311004
 45 N  45 0.0335337 0.0516134 0.0188839 0.1055749 0.0000000 0.2165844 0.2780356 0.0316419 0.0219549 0.0051542 0.0078178 0.0253327 0.0042902 0.0000000 0.0102781 0.0367289 0.1179198 0.0000000 0.0035549 0.0000000 0.0311004
 46 L  46 0.0283066 0.0000000 0.0000000 0.4439928 0.0371118 0.0024943 0.0344253 0.0029524 0.0000000 0.0000000 0.3004890 0.0000000 0.0676181 0.0130160 0.0000000 0.0198566 0.0000000 0.0000000 0.0000000 0.0186368 0.0311004
 47 M  47 0.0044939 0.0000000 0.0000000 0.0000000 0.0000000 0.0000000 0.0000000 0.0000000 0.0000000 0.1186365 0.5874642 0.0000000 0.1302987 0.0433748 0.0000000 0.0000000 0.0000000 0.0000000 0.0000000 0.0846315 0.0311004
 48 L  48 0.0490914 0.0000000 0.0000000 0.0000000 0.3615622 0.0000000 0.0000000 0.0000000 0.0000000 0.0000000 0.4149380 0.0000000 0.0647544 0.0676733 0.0000000 0.0000000 0.0108803 0.0000000 0.0000000 0.0000000 0.0311004
 49 T  49 0.0000000 0.0000000 0.0000000 0.0000000 0.0000000 0.0000000 0.0000000 0.0000000 0.0000000 0.0000000 0.0000000 0.0000000 0.0000000 0.0000000 0.0000000 0.0361222 0.9327775 0.0000000 0.0000000 0.0000000 0.0311004
 50 P  50 0.0468151 0.0101466 0.0000000 0.0111640 0.0000000 0.0050352 0.0411899 0.0000000 0.0168895 0.1434110 0.0082081 0.0230729 0.0158295 0.0106321 0.4573711 0.0128905 0.0097578 0.0000000 0.0146960 0.1417904 0.0311004
 51 D  51 0.1431632 0.0385457 0.1320194 0.3398399 0.0000000 0.0102165 0.0596245 0.0694991 0.0041003 0.0049383 0.0000000 0.0638518 0.0000000 0.0000000 0.0135486 0.0750836 0.0086889 0.0000000 0.0000000 0.0057799 0.0311004
 52 E  52 0.0000000 0.0000000 0.0000000 0.0057799 0.0000000 0.0000000 0.9631197 0.0000000 0.0000000 0.0000000 0.0000000 0.0000000 0.0000000 0.0000000 0.0000000 0.0000000 0.0000000 0.0000000 0.0000000 0.0000000 0.0311004
 53 R  53 0.0060763 0.3832753 0.0000000 0.0000000 0.0000000 0.0236354 0.0000000 0.0000000 0.0000000 0.1895262 0.2552650 0.0283482 0.0218578 0.0000000 0.0000000 0.0000000 0.0087684 0.0000000 0.0130002 0.0391467 0.0311004
 54 E  54 0.0373912 0.0605476 0.0321815 0.0713647 0.0124191 0.0968964 0.2628536 0.0085729 0.0078930 0.0000000 0.0475042 0.1686626 0.0068227 0.0087650 0.0000000 0.0642296 0.0772012 0.0000000 0.0000000 0.0055942 0.0311004
 55 A  55 0.5401462 0.0041258 0.0000000 0.1066196 0.0000000 0.0187963 0.0728867 0.0035549 0.0000000 0.0000000 0.0000000 0.0032065 0.0047925 0.0000000 0.0000000 0.1846072 0.0201276 0.0000000 0.0000000 0.0100363 0.0311004
 56 L  56 0.0000000 0.0000000 0.0000000 0.0000000 0.0000000 0.0000000 0.0000000 0.0000000 0.0000000 0.1520775 0.4913076 0.0000000 0.1912395 0.0814080 0.0000000 0.0000000 0.0115863 0.0000000 0.0000000 0.0514651 0.0209159
 57 G  57 0.3870682 0.0000000 0.0143789 0.0000000 0.0060589 0.0126682 0.0241328 0.2110947 0.0000000 0.0424312 0.0178910 0.0116838 0.0027328 0.0042324 0.0000000 0.1749536 0.0227373 0.0000000 0.0000000 0.0470203 0.0209159
 58 T  58 0.1060090 0.0035615 0.0459220 0.0587938 0.0000000 0.3212064 0.0401742 0.0422164 0.0054458 0.0000000 0.0824376 0.0452957 0.0039333 0.0000000 0.0000000 0.0248156 0.1975483 0.0000000 0.0000000 0.0017244 0.0209159
 59 R  59 0.0000000 0.9790841 0.0000000 0.0000000 0.0000000 0.0000000 0.0000000 0.0000000 0.0000000 0.0000000 0.0000000 0.0000000 0.0000000 0.0000000 0.0000000 0.0000000 0.0000000 0.0000000 0.0000000 0.0000000 0.0209159
 60 V  60 0.0026978 0.0000000 0.0000000 0.0000000 0.0000000 0.0000000 0.0000000 0.0000000 0.0000000 0.0409029 0.3812153 0.0000000 0.0024079 0.0754614 0.0000000 0.0000000 0.0075229 0.1671351 0.0380769 0.2636638 0.0209159
 61 R  61 0.0415289 0.2806764 0.1020014 0.0094641 0.0034276 0.1570061 0.2089180 0.0000000 0.0215241 0.0000000 0.0620074 0.0646323 0.0053912 0.0000000 0.0000000 0.0123308 0.0027227 0.0000000 0.0019764 0.0035161 0.0228765
 62 I  62 0.0110633 0.0000000 0.0000000 0.0000000 0.0000000 0.0000000 0.0000000 0.0000000 0.0000000 0.3966339 0.0810354 0.0000000 0.0302532 0.0000000 0.0000000 0.0000000 0.0000000 0.0000000 0.0000000 0.4366087 0.0444055
 63 V  63 0.3514821 0.0000000 0.0000000 0.0000000 0.0350304 0.0000000 0.0000000 0.0000000 0.0000000 0.1435783 0.0358649 0.0000000 0.0145278 0.0976194 0.0000000 0.0022770 0.0130160 0.0000000 0.0151723 0.2638131 0.0276187
 64 E  64 0.0492804 0.2051976 0.0215451 0.0000000 0.0137445 0.1363519 0.1168515 0.0037383 0.0442475 0.0000000 0.0000000 0.2433456 0.0000000 0.0013160 0.0503447 0.0148242 0.0088998 0.0020851 0.0000000 0.0000000 0.0882279
 65 E  65 0.0732266 0.0084723 0.0000000 0.0329588 0.0000000 0.0356164 0.2946359 0.0075864 0.0048748 0.0000000 0.1017144 0.0083411 0.1323520 0.0062297 0.0000000 0.0112561 0.0200258 0.0000000 0.0072649 0.0064924 0.2489524
 66 L  66 0.0000000 0.0000000 0.0000000 0.0000000 0.0000000 0.0000000 0.0000000 0.0000000 0.0000000 0.0104825 0.8281156 0.0000000 0.1072364 0.0000000 0.0000000 0.0000000 0.0000000 0.0000000 0.0000000 0.0000000 0.0541655
 67 L  67 0.0097799 0.0319776 0.0015660 0.0818330 0.0000000 0.0050212 0.0081647 0.0025321 0.0185114 0.0293323 0.5464949 0.0134337 0.1173772 0.0089493 0.0000000 0.0068434 0.0032009 0.0000000 0.0260383 0.0319952 0.0569490
 68 R  68 0.0768544 0.2367120 0.0744406 0.0951854 0.0000000 0.0714901 0.1172436 0.0037786 0.0125149 0.0023506 0.0147562 0.1957465 0.0000000 0.0000000 0.0000000 0.0279135 0.0044354 0.0000000 0.0039801 0.0049335 0.0576648
 69 G  69 0.0208345 0.0094234 0.0223066 0.0192229 0.0017600 0.0537443 0.1185286 0.5575469 0.0071551 0.0133815 0.0025622 0.1045653 0.0022108 0.0000000 0.0000000 0.0042208 0.0079672 0.0000000 0.0000000 0.0000000 0.0545700
 70 E  70 0.0237909 0.0209773 0.0771543 0.0774236 0.0033646 0.0479481 0.2754074 0.1658783 0.0312648 0.0000000 0.0000000 0.0666210 0.0000000 0.0000000 0.0000000 0.0192222 0.0314527 0.0000000 0.0024295 0.0000000 0.1570654
 71 M  71 0.0160925 0.0427432 0.0091683 0.0029821 0.0092307 0.0051465 0.0000000 0.0000000 0.0100351 0.0571962 0.1560230 0.1803079 0.2126884 0.0107265 0.0000000 0.0072045 0.0112536 0.0020317 0.0328167 0.0970461 0.1373071
 72 S  72 0.0034019 0.0000000 0.0000000 0.0000000 0.0000000 0.0000000 0.0000000 0.0017941 0.0000000 0.0053051 0.0000000 0.0039040 0.0000000 0.0000000 0.1843335 0.4076590 0.3166771 0.0000000 0.0060166 0.0068989 0.0640099
 73 Q  73 0.0000000 0.0000000 0.0000000 0.0000000 0.0000000 0.5153485 0.0000000 0.0000000 0.0105059 0.0000000 0.0000000 0.0000000 0.0000000 0.0134362 0.0000000 0.0000000 0.0000000 0.0000000 0.4304562 0.0000000 0.0302532
 74 R  74 0.0106074 0.5985082 0.0388498 0.0310693 0.0000000 0.0055910 0.0352585 0.0118042 0.0311433 0.0161236 0.0425160 0.0000000 0.0039490 0.0000000 0.0200440 0.0378826 0.0422348 0.0000000 0.0257084 0.0169651 0.0317447
 75 E  75 0.0285585 0.0016322 0.0000000 0.1034157 0.0000000 0.1698030 0.5203765 0.0098179 0.0088401 0.0000000 0.0000000 0.0694997 0.0000000 0.0000000 0.0000000 0.0206344 0.0214855 0.0000000 0.0000000 0.0111584 0.0347783
 76 L  76 0.0000000 0.0000000 0.0000000 0.0000000 0.0000000 0.0000000 0.0000000 0.0000000 0.0000000 0.7521868 0.1631333 0.0000000 0.0069774 0.0000000 0.0000000 0.0000000 0.0000000 0.0000000 0.0000000 0.0474493 0.0302532
 77 K  77 0.3242081 0.0052609 0.0063921 0.0000000 0.0014712 0.0670548 0.1028197 0.0000000 0.0637376 0.0049196 0.0053051 0.1625136 0.0111799 0.0000000 0.0000000 0.1427282 0.0036318 0.0000000 0.0025714 0.0659528 0.0302532
 78 N  78 0.1132800 0.0211760 0.1419983 0.0410971 0.0027009 0.1618530 0.2245253 0.0093452 0.0073928 0.0044082 0.0024278 0.1477809 0.0000000 0.0000000 0.0000000 0.0607419 0.0310195 0.0000000 0.0000000 0.0000000 0.0302532
 79 E  79 0.0493477 0.0612237 0.0523672 0.0286887 0.0020635 0.1159527 0.3016147 0.0000000 0.0154787 0.0168103 0.0772738 0.1247090 0.0579526 0.0000000 0.0000000 0.0342640 0.0217339 0.0000000 0.0000000 0.0102662 0.0302532
 80 F  80 0.0131379 0.0000000 0.0000000 0.0000000 0.0000000 0.0000000 0.0000000 0.0000000 0.0166450 0.0172563 0.3971580 0.0000000 0.0000000 0.0359504 0.0000000 0.0070820 0.4102846 0.0000000 0.0570684 0.0151641 0.0302532
 81 G  81 0.0062297 0.0027722 0.0840550 0.0000000 0.0000000 0.0540952 0.0247194 0.7473135 0.0139510 0.0000000 0.0000000 0.0125368 0.0000000 0.0000000 0.0032347 0.0208392 0.0000000 0.0000000 0.0000000 0.0000000 0.0302532
 82 A  82 0.4575396 0.0000000 0.0000000 0.0000000 0.0057397 0.0000000 0.0000000 0.0000000 0.0000000 0.0919462 0.0230352 0.0049196 0.0229923 0.0000000 0.0000000 0.0000000 0.0559464 0.0000000 0.0000000 0.3076278 0.0302532
 83 G  83 0.0000000 0.0000000 0.0000000 0.0000000 0.0000000 0.0000000 0.0000000 0.2975243 0.0000000 0.0000000 0.0000000 0.0000000 0.0000000 0.0000000 0.0000000 0.6722225 0.0000000 0.0000000 0.0000000 0.0000000 0.0302532
 84 I  84 0.0507055 0.0000000 0.0000000 0.0000000 0.0000000 0.0000000 0.0000000 0.0000000 0.0000000 0.3606763 0.1005867 0.0000000 0.0057397 0.0000000 0.0181521 0.0594667 0.2886551 0.0000000 0.0000000 0.0857647 0.0302532
 85 A  85 0.7330606 0.0000000 0.0000000 0.0000000 0.1078228 0.0000000 0.0000000 0.0057397 0.0000000 0.0000000 0.0000000 0.0000000 0.0000000 0.0000000 0.0000000 0.0000000 0.1231237 0.0000000 0.0000000 0.0000000 0.0302532
 86 T  86 0.0000000 0.0000000 0.0052644 0.0000000 0.0000000 0.0122742 0.0000000 0.0000000 0.0000000 0.0184270 0.0000000 0.0786033 0.0000000 0.0000000 0.0000000 0.0257084 0.8294695 0.0000000 0.0000000 0.0000000 0.0302532
 87 I  87 0.0000000 0.0000000 0.0000000 0.0000000 0.0000000 0.0000000 0.0000000 0.0000000 0.0000000 0.8446618 0.0000000 0.0000000 0.0000000 0.0000000 0.0000000 0.0000000 0.0039405 0.0000000 0.0000000 0.1211445 0.0302532
 88 T  88 0.0115863 0.0000000 0.0000000 0.0000000 0.0051542 0.0000000 0.0000000 0.0493260 0.0000000 0.0000000 0.0000000 0.0000000 0.0000000 0.0049196 0.0000000 0.3598598 0.5222081 0.0000000 0.0000000 0.0166929 0.0302532
 89 R  89 0.0000000 0.9697468 0.0000000 0.0000000 0.0000000 0.0000000 0.0000000 0.0000000 0.0000000 0.0000000 0.0000000 0.0000000 0.0000000 0.0000000 0.0000000 0.0000000 0.0000000 0.0000000 0.0000000 0.0000000 0.0302532
 90 G  90 0.0051465 0.0000000 0.0000000 0.0000000 0.0465486 0.0000000 0.0000000 0.4681427 0.0000000 0.0368512 0.0000000 0.0000000 0.0000000 0.0000000 0.0000000 0.0000000 0.0026765 0.0000000 0.0000000 0.4051163 0.0355182
 91 S  91 0.1652693 0.0134730 0.1423726 0.0000000 0.0000000 0.0000000 0.0000000 0.0000000 0.0000000 0.0000000 0.0000000 0.1472710 0.0000000 0.0000000 0.0000000 0.4960959 0.0000000 0.0000000 0.0000000 0.0000000 0.0355182
 92 N  92 0.0085454 0.4497462 0.3743065 0.0000000 0.0000000 0.0000000 0.0000000 0.0000000 0.0000000 0.0000000 0.0000000 0.1318836 0.0000000 0.0000000 0.0000000 0.0000000 0.0000000 0.0000000 0.0000000 0.0000000 0.0355182
 93 S  93 0.1158505 0.0000000 0.0203188 0.0000000 0.1624117 0.0000000 0.1496884 0.0069604 0.0000000 0.0254002 0.0042902 0.0000000 0.0391192 0.0643066 0.0000000 0.2589686 0.0414439 0.0000000 0.0510836 0.0177401 0.0424178
 94 L  94 0.0000000 0.0000000 0.0000000 0.0000000 0.0000000 0.0000000 0.0000000 0.0000000 0.0000000 0.0370334 0.8795152 0.0000000 0.0120331 0.0112732 0.0000000 0.0000000 0.0000000 0.0000000 0.0082692 0.0071116 0.0447643
 95 K  95 0.0100626 0.0128811 0.1963937 0.0172482 0.0000000 0.0498516 0.0343964 0.0087954 0.0165514 0.0035679 0.0034268 0.5069870 0.0000000 0.0000000 0.0000000 0.0143282 0.0094296 0.0000000 0.0047445 0.0019831 0.1093523
 96 A  96 0.0581248 0.0116740 0.0378460 0.0405603 0.0000000 0.0347868 0.0362137 0.0213985 0.0800652 0.0158123 0.0078246 0.0824161 0.0113575 0.0097262 0.0000000 0.1203550 0.0788872 0.0070820 0.1735558 0.0000000 0.1723138
 97 A  97 0.1615313 0.0237473 0.0097593 0.0110056 0.0130160 0.0466949 0.0385994 0.2483740 0.0205862 0.0145413 0.0388979 0.0521143 0.0958176 0.0000000 0.0075677 0.0118940 0.0057803 0.0000000 0.0000000 0.0051481 0.1949249
 98 P  98 0.1262428 0.0049196 0.0917874 0.1336186 0.0051542 0.0044082 0.0261786 0.0185789 0.0050225 0.0000000 0.0000000 0.0079356 0.0000000 0.0035549 0.1775737 0.1641672 0.0334786 0.0000000 0.0040890 0.0000000 0.1932902
 99 V  99 0.0466398 0.0000000 0.0157971 0.2151494 0.0000000 0.0159896 0.0634547 0.0628255 0.0294635 0.0089727 0.0079367 0.0108310 0.0000000 0.0000000 0.1465340 0.1163597 0.0071829 0.0000000 0.0000000 0.0319094 0.2209539
100 E 100 0.1336118 0.0203861 0.0124640 0.0720945 0.0000000 0.0580085 0.1339011 0.2173009 0.0051062 0.0114708 0.0000000 0.0281240 0.0000000 0.0000000 0.0115708 0.0117477 0.0148834 0.0000000 0.0104020 0.0287381 0.2301901
101 L 101 0.0103293 0.0000000 0.0000000 0.0100770 0.0063018 0.0192072 0.0759209 0.0215808 0.0090869 0.0130446 0.1723220 0.0000000 0.0000000 0.1073950 0.0000000 0.0041003 0.0289455 0.0000000 0.2429007 0.0435605 0.2352275
102 R 102 0.0551419 0.1954429 0.0119485 0.0193171 0.0000000 0.0213409 0.0187588 0.0000000 0.0000000 0.0130011 0.0226382 0.3342708 0.0152827 0.0053383 0.0000000 0.0000000 0.0150460 0.0041258 0.0215808 0.0090642 0.2377021
103 Q 103 0.1193723 0.0815654 0.0284870 0.0401801 0.0000000 0.0908549 0.0679624 0.0022108 0.0073234 0.0265645 0.0950647 0.0687568 0.0306972 0.0045251 0.0000000 0.0361926 0.0175107 0.0000000 0.0000000 0.0420337 0.2406985
104 W 104 0.0882190 0.0064545 0.0050542 0.0000000 0.0000000 0.0097000 0.0041002 0.0000000 0.0000000 0.1345572 0.0830430 0.0262972 0.0205714 0.0297056 0.0000000 0.0023189 0.0124164 0.2296178 0.0000000 0.1102425 0.2377021
105 L 105 0.0054949 0.0000000 0.0000000 0.0000000 0.0000000 0.0000000 0.0000000 0.0000000 0.0000000 0.0672594 0.5686275 0.0049383 0.0158268 0.0273276 0.0000000 0.0000000 0.0000000 0.0000000 0.0000000 0.0728233 0.2377021
106 E 106 0.0566465 0.0382386 0.0227889 0.1024287 0.0000000 0.0460254 0.2673150 0.0090548 0.0000000 0.0150103 0.0191873 0.0822282 0.0049374 0.0000000 0.0022770 0.0521664 0.0125477 0.0000000 0.0000000 0.0091126 0.2600353
107 E 107 0.0973685 0.1946364 0.0287357 0.0513747 0.0000000 0.0715205 0.0830311 0.0107550 0.0120766 0.0000000 0.0107941 0.1017848 0.0022329 0.0084931 0.0000000 0.0223134 0.0228692 0.0000000 0.0000000 0.0060503 0.2759635
108 V 108 0.0106297 0.0299040 0.0262607 0.0000000 0.0000000 0.1578712 0.0095921 0.0085988 0.0193053 0.0059822 0.2535550 0.0319902 0.0080064 0.0117429 0.0000000 0.0040949 0.0024935 0.0000000 0.0344148 0.0266651 0.3588932
109 L 109 0.0071272 0.0000000 0.0062686 0.0024198 0.0000000 0.0104824 0.0073189 0.0042788 0.0000000 0.0808763 0.3571651 0.0031320 0.0019830 0.0039801 0.0000000 0.0088037 0.0032785 0.0000000 0.0018328 0.0104586 0.4905944
110 L 110 0.0171599 0.0039604 0.0081720 0.0108711 0.0000000 0.0000000 0.0305422 0.0095170 0.0000000 0.0244995 0.1821213 0.0720308 0.0357907 0.0000000 0.0000000 0.0150027 0.0073566 0.0000000 0.0000000 0.0180065 0.5649693
111 K 111 0.0311910 0.0312836 0.0457723 0.0019893 0.0000000 0.0369153 0.0059337 0.0051872 0.0188865 0.0000000 0.0044034 0.1078906 0.0000000 0.0000000 0.0393780 0.0074515 0.0208261 0.0000000 0.0000000 0.0000000 0.6428916
112 S 112 0.0205103 0.0000000 0.0868199 0.0020630 0.0000000 0.0058094 0.0082193 0.0034156 0.0070085 0.0000000 0.0000000 0.0381233 0.0000000 0.0024993 0.0150245 0.0379470 0.0105851 0.0000000 0.0000000 0.0154169 0.7465579
113 D 113 0.0000000 0.0000000 0.0341246 0.0599274 0.0000000 0.0000000 0.0242326 0.0000000 0.0000000 0.0000000 0.0000000 0.0000000 0.0000000 0.0000000 0.0000000 0.0000000 0.0000000 0.0000000 0.0000000 0.0000000 0.8817154
