  113         A         R         N         D         C         Q         E         G         H         I         L         K         M         F         P         S         T         W         Y         V    
  1 H   1 0.0000000 0.0000000 0.0000000 0.0000000 0.0000000 0.0000000 0.0000000 0.0000000 0.3815274 0.0000000 0.0000000 0.0000000 0.0000000 0.0000000 0.0000000 0.0000000 0.0000000 0.0000000 0.6184726 0.0000000
  2 H   2 0.0000000 0.0000000 0.0000000 0.0000000 0.0000000 0.2488665 0.0000000 0.0000000 0.3912390 0.0000000 0.0000000 0.0000000 0.0000000 0.0000000 0.0000000 0.0000000 0.0000000 0.0000000 0.3598944 0.0000000
  3 H   3 0.0000000 0.0000000 0.0000000 0.0000000 0.0000000 0.2240778 0.0000000 0.0000000 0.3023220 0.2514647 0.0000000 0.0000000 0.0000000 0.1038950 0.0000000 0.0000000 0.0000000 0.0000000 0.1182406 0.0000000
  4 H   4 0.0000000 0.0000000 0.5163328 0.1414938 0.0000000 0.0000000 0.0000000 0.0000000 0.2576331 0.0000000 0.0000000 0.0000000 0.0000000 0.0000000 0.0845403 0.0000000 0.0000000 0.0000000 0.0000000 0.0000000
  5 H   5 0.1867290 0.1317092 0.2182822 0.0000000 0.0000000 0.0540414 0.0000000 0.0000000 0.1151906 0.0771489 0.0000000 0.0640979 0.0000000 0.0000000 0.0975885 0.0552123 0.0000000 0.0000000 0.0000000 0.0000000
  6 H   6 0.0000000 0.0000000 0.0000000 0.0000000 0.0000000 0.0204224 0.0000000 0.0000000 0.0535774 0.0852164 0.0000000 0.0000000 0.6990847 0.0000000 0.0659739 0.0000000 0.0000000 0.0000000 0.0000000 0.0757251
  7 A   7 0.0832980 0.0000000 0.1646181 0.0202315 0.0000000 0.0000000 0.0000000 0.0000000 0.0000000 0.0278739 0.0258491 0.1046551 0.0000000 0.0000000 0.0600576 0.0360545 0.4365239 0.0000000 0.0000000 0.0408382
  8 Q   8 0.0716530 0.0000000 0.0133151 0.0812015 0.0000000 0.4105078 0.0126539 0.0250518 0.0147518 0.0161879 0.0208623 0.0520312 0.0000000 0.0000000 0.0915295 0.0769075 0.0352731 0.0000000 0.0395785 0.0384953
  9 Q   9 0.0233378 0.1083586 0.1698166 0.0157645 0.0000000 0.0880908 0.0857549 0.0429224 0.0978460 0.0000000 0.0744167 0.0670786 0.0000000 0.0000000 0.1050701 0.0722026 0.0250662 0.0000000 0.0242743 0.0000000
 10 S  10 0.0359716 0.0362029 0.0947244 0.0000000 0.0000000 0.0420299 0.0409088 0.0000000 0.0722574 0.0000000 0.0616134 0.0168518 0.0000000 0.0264013 0.0403072 0.3787027 0.0385500 0.0000000 0.0548864 0.0605923
 11 P  11 0.0936619 0.0000000 0.0000000 0.0000000 0.0000000 0.0163023 0.0000000 0.0000000 0.0000000 0.0160287 0.2209002 0.0000000 0.0192056 0.0258544 0.2412892 0.0894445 0.1852347 0.0000000 0.0000000 0.0920786
 12 Y  12 0.0000000 0.0259941 0.0750846 0.0000000 0.0225378 0.0000000 0.0353535 0.0000000 0.0450555 0.0591266 0.0169486 0.0352520 0.0678871 0.0000000 0.1800520 0.0716557 0.1417634 0.0125428 0.1924669 0.0182793
 13 S  13 0.0481075 0.0000000 0.0174663 0.3978182 0.0000000 0.0000000 0.0000000 0.0228552 0.0114133 0.0000000 0.0000000 0.0337811 0.0215354 0.0000000 0.0225125 0.2473652 0.1440812 0.0000000 0.0000000 0.0330641
 14 A  14 0.1500522 0.0000000 0.0000000 0.0000000 0.0000000 0.0000000 0.0490198 0.0194850 0.0000000 0.0000000 0.0000000 0.0343356 0.0000000 0.0000000 0.5868813 0.0487682 0.1114577 0.0000000 0.0000000 0.0000000
 15 A  15 0.4649419 0.0375127 0.0662048 0.0121944 0.0178217 0.0154148 0.1008544 0.0139843 0.0146145 0.0193678 0.0153064 0.0136197 0.1081940 0.0000000 0.0000000 0.0000000 0.0660464 0.0000000 0.0000000 0.0339222
 16 M  16 0.0173698 0.0000000 0.0148226 0.0000000 0.0000000 0.0351839 0.0393486 0.0154951 0.0000000 0.0154506 0.2992813 0.0641077 0.1641144 0.0201702 0.0472889 0.1102229 0.1011117 0.0000000 0.0000000 0.0560324
 17 A  17 0.2076388 0.0254240 0.0218730 0.0701367 0.0000000 0.0725865 0.0658715 0.0095210 0.0000000 0.0094645 0.0000000 0.0794967 0.0000000 0.0130101 0.0072928 0.2919994 0.0951191 0.0000000 0.0000000 0.0305660
 18 E  18 0.0699741 0.0331425 0.0358819 0.0197190 0.0000000 0.1657312 0.2737045 0.0000000 0.0077542 0.0000000 0.0000000 0.0720802 0.0000000 0.0000000 0.1459446 0.0510381 0.1171145 0.0000000 0.0000000 0.0079150
 19 Q  19 0.0812400 0.0902421 0.0125574 0.0725967 0.0000000 0.1837256 0.1228293 0.0000000 0.0000000 0.0138625 0.0817872 0.0000000 0.0042553 0.0000000 0.2430069 0.0702566 0.0000000 0.0047866 0.0000000 0.0188538
 20 R  20 0.0278615 0.1292519 0.0530567 0.2147294 0.0000000 0.0390856 0.1755087 0.0267788 0.0160499 0.0199456 0.0252391 0.0649260 0.0056064 0.0092101 0.0289981 0.0639616 0.0189836 0.0000000 0.0138938 0.0669131
 21 H  21 0.0494865 0.0153590 0.2556708 0.1728130 0.0000000 0.0125330 0.1251829 0.0097792 0.0509125 0.0268411 0.0165240 0.0098910 0.0000000 0.0595632 0.0467738 0.0325545 0.0203621 0.0000000 0.0888437 0.0069095
 22 Q  22 0.0746827 0.0204280 0.0247550 0.1374821 0.0000000 0.1871446 0.2219024 0.0000000 0.0000000 0.0000000 0.0000000 0.1260745 0.0054572 0.0000000 0.0202748 0.0830256 0.0829845 0.0000000 0.0000000 0.0157887
 23 E  23 0.0544285 0.0146842 0.1036819 0.2100676 0.0000000 0.0772893 0.2384027 0.0702412 0.1223376 0.0000000 0.0185809 0.0000000 0.0000000 0.0000000 0.0000000 0.0531051 0.0263209 0.0000000 0.0108600 0.0000000
 24 W  24 0.0060166 0.0000000 0.0000000 0.0000000 0.0000000 0.0052002 0.0156023 0.0047275 0.0000000 0.0314253 0.2048041 0.0000000 0.0104949 0.0224657 0.0000000 0.0000000 0.0353928 0.5455779 0.0651994 0.0530933
 25 L  25 0.0133245 0.0435781 0.0524192 0.2877290 0.0000000 0.2416252 0.0262598 0.0186034 0.0156042 0.0000000 0.1354412 0.0824457 0.0042479 0.0091082 0.0000000 0.0427748 0.0217257 0.0000000 0.0000000 0.0051132
 26 R  26 0.1070506 0.1662609 0.0266039 0.0513832 0.0136749 0.2427935 0.1394553 0.0178940 0.0052755 0.0000000 0.0467072 0.0276397 0.0243622 0.0051532 0.0000000 0.0761373 0.0259914 0.0000000 0.0134557 0.0101616
 27 F  27 0.0080624 0.0000000 0.0000000 0.0000000 0.0000000 0.0000000 0.0000000 0.0000000 0.0000000 0.0435291 0.5158556 0.0000000 0.0091197 0.3184286 0.0000000 0.0000000 0.0000000 0.0000000 0.0000000 0.1050046
 28 V  28 0.0718552 0.0000000 0.0000000 0.0000000 0.0743246 0.0000000 0.0000000 0.0000000 0.0061912 0.0957690 0.1796103 0.0051575 0.0226823 0.2243748 0.0000000 0.0265506 0.0064082 0.0000000 0.0346559 0.2524205
 29 D  29 0.0804791 0.0999000 0.0442971 0.2267082 0.0056840 0.0531433 0.2824422 0.0133004 0.0196659 0.0000000 0.0090545 0.0738152 0.0059257 0.0049252 0.0000000 0.0210563 0.0559094 0.0000000 0.0000000 0.0036935
 30 L  30 0.3523738 0.0027792 0.0000000 0.0000000 0.0000000 0.0000000 0.0000000 0.0210593 0.0321630 0.0535842 0.3788601 0.0335799 0.0159338 0.0166353 0.0000000 0.0180658 0.0239866 0.0000000 0.0070073 0.0439716
 31 L  31 0.0059475 0.0000000 0.0000000 0.0000000 0.0245164 0.0000000 0.0000000 0.0000000 0.0000000 0.2955070 0.4609515 0.0000000 0.0350765 0.0550407 0.0000000 0.0000000 0.0019035 0.0000000 0.0000000 0.1210569
 32 K  32 0.1072889 0.0954416 0.0000000 0.0081993 0.0149866 0.1497255 0.0186770 0.0132298 0.0130981 0.0000000 0.3526309 0.0893347 0.0162639 0.0000000 0.0000000 0.0775122 0.0111707 0.0000000 0.0041937 0.0282470
 33 N  33 0.0571806 0.0192019 0.0755803 0.0201609 0.0355944 0.2112813 0.0447227 0.0099138 0.0317073 0.0067045 0.0667032 0.0747181 0.0215745 0.0000000 0.0000000 0.1868398 0.1329597 0.0000000 0.0000000 0.0051569
 34 A  34 0.3032990 0.0045107 0.0051613 0.0000000 0.0109392 0.0066024 0.0052614 0.0047092 0.0300931 0.0640512 0.3879839 0.0000000 0.0186644 0.0073572 0.0058998 0.0721401 0.0450918 0.0000000 0.0000000 0.0282352
 35 Y  35 0.0271313 0.0223924 0.0398942 0.0737357 0.0094731 0.0638314 0.1489351 0.0377040 0.0052735 0.0366357 0.0000000 0.1910609 0.0120785 0.1072493 0.0038146 0.0760284 0.0448351 0.0000000 0.0529485 0.0469784
 36 Q  36 0.1512197 0.0066966 0.1223461 0.2715431 0.0040604 0.0518232 0.1002889 0.0271071 0.0000000 0.0060978 0.0036816 0.0118292 0.0000000 0.0000000 0.0000000 0.0956152 0.1432089 0.0000000 0.0000000 0.0044821
 37 N  37 0.0408778 0.0755910 0.0231107 0.0443797 0.0000000 0.1306687 0.1900214 0.0099324 0.0228917 0.0422603 0.0526905 0.0469335 0.0211172 0.0000000 0.1244085 0.0630841 0.0310434 0.0000000 0.0098224 0.0711668
 38 D  38 0.0192668 0.0000000 0.0706704 0.2667210 0.0000000 0.0607323 0.4086712 0.1011016 0.0043353 0.0000000 0.0000000 0.0441629 0.0000000 0.0039629 0.0000000 0.0064438 0.0077254 0.0000000 0.0000000 0.0062062
 39 L  39 0.0523743 0.0300839 0.0053360 0.0960181 0.0044272 0.0902908 0.3855197 0.0000000 0.0115660 0.0071547 0.1651786 0.0618068 0.0132215 0.0234564 0.0000000 0.0172869 0.0082617 0.0041219 0.0000000 0.0238955
 40 H  40 0.0847277 0.0000000 0.0000000 0.0264066 0.2526755 0.0463149 0.0366668 0.0034035 0.1665190 0.0967744 0.1061873 0.0000000 0.0677523 0.0183964 0.0000000 0.0000000 0.0114728 0.0000000 0.0072858 0.0754169
 41 L  41 0.0726199 0.0403300 0.0160631 0.0810901 0.0000000 0.0863206 0.1207077 0.0122122 0.0219123 0.0121008 0.1259973 0.0360902 0.0071314 0.0355668 0.0000000 0.0150487 0.0106832 0.0000000 0.2963976 0.0097279
 42 P  42 0.1382974 0.1300549 0.0218672 0.0851570 0.0025661 0.0514123 0.0914492 0.0020758 0.0013943 0.0115834 0.0557216 0.0339768 0.0687830 0.0000000 0.1821912 0.0515675 0.0442513 0.0000000 0.0000000 0.0276510
 43 L  43 0.0170432 0.0081104 0.0000000 0.0000000 0.0000000 0.0000000 0.0000000 0.0000000 0.0000000 0.0489512 0.3587203 0.0062198 0.0202405 0.5103831 0.0000000 0.0000000 0.0000000 0.0000000 0.0000000 0.0303315
 44 L  44 0.0000000 0.0000000 0.0000000 0.0000000 0.0142544 0.0000000 0.0000000 0.0000000 0.0000000 0.0069407 0.5427834 0.0000000 0.0226765 0.4070314 0.0000000 0.0000000 0.0000000 0.0000000 0.0000000 0.0063135
 45 N  45 0.0361159 0.0561062 0.0222667 0.1096457 0.0000000 0.2082124 0.2833431 0.0348536 0.0237035 0.0056001 0.0084881 0.0257638 0.0045971 0.0000000 0.0113949 0.0393483 0.1267646 0.0000000 0.0037961 0.0000000
 46 L  46 0.0299820 0.0000000 0.0000000 0.4545178 0.0407938 0.0025970 0.0370505 0.0030979 0.0000000 0.0000000 0.3011729 0.0000000 0.0741416 0.0142544 0.0000000 0.0211912 0.0000000 0.0000000 0.0000000 0.0212009
 47 M  47 0.0046579 0.0000000 0.0000000 0.0000000 0.0000000 0.0000000 0.0000000 0.0000000 0.0000000 0.1202404 0.6260738 0.0000000 0.1157171 0.0470620 0.0000000 0.0000000 0.0000000 0.0000000 0.0000000 0.0862488
 48 L  48 0.0505086 0.0000000 0.0000000 0.0000000 0.3688793 0.0000000 0.0000000 0.0000000 0.0000000 0.0000000 0.4242988 0.0000000 0.0712659 0.0731039 0.0000000 0.0000000 0.0119435 0.0000000 0.0000000 0.0000000
 49 T  49 0.0000000 0.0000000 0.0000000 0.0000000 0.0000000 0.0000000 0.0000000 0.0000000 0.0000000 0.0000000 0.0000000 0.0000000 0.0000000 0.0000000 0.0000000 0.0395417 0.9604583 0.0000000 0.0000000 0.0000000
 50 P  50 0.0511373 0.0112256 0.0000000 0.0118175 0.0000000 0.0053877 0.0441086 0.0000000 0.0195084 0.1441296 0.0088596 0.0252288 0.0165266 0.0116298 0.4688258 0.0122506 0.0103241 0.0000000 0.0153213 0.1437189
 51 D  51 0.1502239 0.0409862 0.1318023 0.3461221 0.0000000 0.0100479 0.0647491 0.0736615 0.0044193 0.0036715 0.0000000 0.0648075 0.0000000 0.0000000 0.0140192 0.0793389 0.0089687 0.0000000 0.0000000 0.0071821
 52 E  52 0.0000000 0.0000000 0.0000000 0.0071821 0.0000000 0.0000000 0.9928179 0.0000000 0.0000000 0.0000000 0.0000000 0.0000000 0.0000000 0.0000000 0.0000000 0.0000000 0.0000000 0.0000000 0.0000000 0.0000000
 53 R  53 0.0065110 0.3919052 0.0000000 0.0000000 0.0000000 0.0251375 0.0000000 0.0000000 0.0000000 0.1939014 0.2647535 0.0309447 0.0226375 0.0000000 0.0000000 0.0000000 0.0093992 0.0000000 0.0137656 0.0410443
 54 E  54 0.0406136 0.0630553 0.0342685 0.0768366 0.0131785 0.1024345 0.2587209 0.0091861 0.0082312 0.0000000 0.0459544 0.1732977 0.0081830 0.0091218 0.0000000 0.0656133 0.0852633 0.0000000 0.0000000 0.0060414
 55 A  55 0.5528286 0.0044211 0.0000000 0.1113221 0.0000000 0.0205347 0.0776155 0.0037961 0.0000000 0.0000000 0.0000000 0.0034442 0.0051362 0.0000000 0.0000000 0.1892291 0.0209808 0.0000000 0.0000000 0.0106916
 56 L  56 0.0000000 0.0000000 0.0000000 0.0000000 0.0000000 0.0000000 0.0000000 0.0000000 0.0000000 0.1611083 0.4955176 0.0000000 0.1899153 0.0857261 0.0000000 0.0000000 0.0122605 0.0000000 0.0000000 0.0554722
 57 G  57 0.4032941 0.0000000 0.0158763 0.0000000 0.0064155 0.0127907 0.0247266 0.2034959 0.0000000 0.0469910 0.0192164 0.0024907 0.0029340 0.0044209 0.0000000 0.1815398 0.0244042 0.0000000 0.0000000 0.0514041
 58 T  58 0.1166895 0.0039376 0.0489200 0.0622466 0.0000000 0.3238853 0.0325719 0.0455747 0.0057264 0.0000000 0.0887616 0.0491397 0.0042231 0.0000000 0.0000000 0.0267117 0.1897948 0.0000000 0.0000000 0.0018172
 59 R  59 0.0000000 1.0000000 0.0000000 0.0000000 0.0000000 0.0000000 0.0000000 0.0000000 0.0000000 0.0000000 0.0000000 0.0000000 0.0000000 0.0000000 0.0000000 0.0000000 0.0000000 0.0000000 0.0000000 0.0000000
 60 V  60 0.0029379 0.0000000 0.0000000 0.0000000 0.0000000 0.0000000 0.0000000 0.0000000 0.0000000 0.0445491 0.3951022 0.0000000 0.0024874 0.0754902 0.0000000 0.0000000 0.0082083 0.1695257 0.0389318 0.2627674
 61 R  61 0.0440033 0.2812939 0.1122704 0.0098038 0.0036049 0.1658063 0.2091044 0.0000000 0.0209849 0.0000000 0.0574216 0.0688498 0.0056475 0.0000000 0.0000000 0.0130129 0.0026127 0.0000000 0.0019913 0.0035923
 62 I  62 0.0093355 0.0000000 0.0000000 0.0000000 0.0000000 0.0000000 0.0000000 0.0000000 0.0000000 0.4440076 0.0901893 0.0000000 0.0037188 0.0000000 0.0000000 0.0000000 0.0000000 0.0000000 0.0000000 0.4527488
 63 V  63 0.3509560 0.0000000 0.0000000 0.0000000 0.0088410 0.0000000 0.0000000 0.0000000 0.0000000 0.1594334 0.0392851 0.0000000 0.0157034 0.1049442 0.0000000 0.0024350 0.0143361 0.0000000 0.0169132 0.2871526
 64 E  64 0.0517451 0.2238262 0.0245080 0.0000000 0.0159276 0.1428941 0.1359662 0.0041491 0.0516320 0.0000000 0.0000000 0.2637369 0.0000000 0.0013395 0.0554120 0.0165438 0.0102035 0.0021160 0.0000000 0.0000000
 65 E  65 0.0986860 0.0108626 0.0000000 0.0443417 0.0000000 0.0481241 0.4116571 0.0097418 0.0060728 0.0000000 0.1209887 0.0112205 0.1702259 0.0082760 0.0000000 0.0152202 0.0263046 0.0000000 0.0095353 0.0087427
 66 L  66 0.0000000 0.0000000 0.0000000 0.0000000 0.0000000 0.0000000 0.0000000 0.0000000 0.0000000 0.0119415 0.8802833 0.0000000 0.1077752 0.0000000 0.0000000 0.0000000 0.0000000 0.0000000 0.0000000 0.0000000
 67 L  67 0.0105151 0.0329677 0.0015058 0.0887742 0.0000000 0.0054160 0.0077803 0.0026562 0.0097105 0.0328132 0.5802256 0.0137318 0.1294557 0.0095503 0.0000000 0.0071416 0.0031287 0.0000000 0.0278855 0.0367418
 68 R  68 0.0803062 0.2536890 0.0820401 0.0902237 0.0000000 0.0749649 0.1227850 0.0037697 0.0135613 0.0024515 0.0162834 0.2160814 0.0000000 0.0000000 0.0000000 0.0297812 0.0046382 0.0000000 0.0041166 0.0053078
 69 G  69 0.0215738 0.0097751 0.0237130 0.0190219 0.0018770 0.0573620 0.1194761 0.5944130 0.0074426 0.0145201 0.0027825 0.1126751 0.0023648 0.0000000 0.0000000 0.0044062 0.0085969 0.0000000 0.0000000 0.0000000
 70 E  70 0.0289858 0.0244252 0.0909063 0.0933849 0.0037866 0.0575310 0.3423743 0.1927734 0.0335124 0.0000000 0.0000000 0.0668714 0.0000000 0.0000000 0.0000000 0.0234420 0.0393741 0.0000000 0.0026324 0.0000000
 71 M  71 0.0194258 0.0482230 0.0105847 0.0035920 0.0078637 0.0064933 0.0000000 0.0000000 0.0115570 0.0668709 0.1811069 0.2118519 0.2383149 0.0127901 0.0000000 0.0087174 0.0125786 0.0022220 0.0398630 0.1179449
 72 S  72 0.0038918 0.0000000 0.0000000 0.0000000 0.0000000 0.0000000 0.0000000 0.0019657 0.0000000 0.0054938 0.0000000 0.0043459 0.0000000 0.0000000 0.1843656 0.4512858 0.3373199 0.0000000 0.0057776 0.0055539
 73 Q  73 0.0000000 0.0000000 0.0000000 0.0000000 0.0000000 0.5432669 0.0000000 0.0000000 0.0111721 0.0000000 0.0000000 0.0000000 0.0000000 0.0139542 0.0000000 0.0000000 0.0000000 0.0000000 0.4316069 0.0000000
 74 R  74 0.0121566 0.6432099 0.0394061 0.0293226 0.0000000 0.0056483 0.0364585 0.0121848 0.0323045 0.0163102 0.0407293 0.0000000 0.0040429 0.0000000 0.0206949 0.0388257 0.0437211 0.0000000 0.0074819 0.0175028
 75 E  75 0.0301552 0.0017289 0.0000000 0.1043923 0.0000000 0.1714962 0.5435193 0.0099099 0.0095248 0.0000000 0.0000000 0.0750069 0.0000000 0.0000000 0.0000000 0.0205937 0.0225618 0.0000000 0.0000000 0.0111110
 76 L  76 0.0000000 0.0000000 0.0000000 0.0000000 0.0000000 0.0000000 0.0000000 0.0000000 0.0000000 0.7607571 0.1816430 0.0000000 0.0078123 0.0000000 0.0000000 0.0000000 0.0000000 0.0000000 0.0000000 0.0497876
 77 K  77 0.3215388 0.0058808 0.0061699 0.0000000 0.0014698 0.0716321 0.1076323 0.0000000 0.0586269 0.0054122 0.0053065 0.1807889 0.0117350 0.0000000 0.0000000 0.1546424 0.0036026 0.0000000 0.0026653 0.0628966
 78 N  78 0.1212878 0.0223035 0.1581011 0.0326531 0.0028857 0.1742020 0.2330563 0.0099529 0.0079718 0.0048047 0.0025801 0.1347001 0.0000000 0.0000000 0.0000000 0.0647947 0.0307063 0.0000000 0.0000000 0.0000000
 79 E  79 0.0503535 0.0638998 0.0563034 0.0306273 0.0021654 0.1237725 0.3125582 0.0000000 0.0151095 0.0180625 0.0868338 0.1273367 0.0639053 0.0000000 0.0000000 0.0164842 0.0229598 0.0000000 0.0000000 0.0096280
 80 F  80 0.0144224 0.0000000 0.0000000 0.0000000 0.0000000 0.0000000 0.0000000 0.0000000 0.0182348 0.0186806 0.4137126 0.0000000 0.0000000 0.0408863 0.0000000 0.0084590 0.4102044 0.0000000 0.0617659 0.0136340
 81 G  81 0.0065795 0.0030262 0.0700481 0.0000000 0.0000000 0.0603799 0.0238952 0.7808583 0.0153974 0.0000000 0.0000000 0.0133980 0.0000000 0.0000000 0.0035162 0.0229011 0.0000000 0.0000000 0.0000000 0.0000000
 82 A  82 0.4579469 0.0000000 0.0000000 0.0000000 0.0065429 0.0000000 0.0000000 0.0000000 0.0000000 0.0947700 0.0249134 0.0054122 0.0252334 0.0000000 0.0000000 0.0000000 0.0604120 0.0000000 0.0000000 0.3247692
 83 G  83 0.0000000 0.0000000 0.0000000 0.0000000 0.0000000 0.0000000 0.0000000 0.3282162 0.0000000 0.0000000 0.0000000 0.0000000 0.0000000 0.0000000 0.0000000 0.6717838 0.0000000 0.0000000 0.0000000 0.0000000
 84 I  84 0.0544253 0.0000000 0.0000000 0.0000000 0.0000000 0.0000000 0.0000000 0.0000000 0.0000000 0.3852894 0.0897584 0.0000000 0.0065429 0.0000000 0.0196894 0.0623655 0.2889752 0.0000000 0.0000000 0.0929539
 85 A  85 0.7656227 0.0000000 0.0000000 0.0000000 0.0968329 0.0000000 0.0000000 0.0065429 0.0000000 0.0000000 0.0000000 0.0000000 0.0000000 0.0000000 0.0000000 0.0000000 0.1310015 0.0000000 0.0000000 0.0000000
 86 T  86 0.0000000 0.0000000 0.0058400 0.0000000 0.0000000 0.0132255 0.0000000 0.0000000 0.0000000 0.0196401 0.0000000 0.0855177 0.0000000 0.0000000 0.0000000 0.0074723 0.8683044 0.0000000 0.0000000 0.0000000
 87 I  87 0.0000000 0.0000000 0.0000000 0.0000000 0.0000000 0.0000000 0.0000000 0.0000000 0.0000000 0.8679507 0.0000000 0.0000000 0.0000000 0.0000000 0.0000000 0.0000000 0.0040119 0.0000000 0.0000000 0.1280374
 88 T  88 0.0122765 0.0000000 0.0000000 0.0000000 0.0056018 0.0000000 0.0000000 0.0520447 0.0000000 0.0000000 0.0000000 0.0000000 0.0000000 0.0054122 0.0000000 0.3654274 0.5410178 0.0000000 0.0000000 0.0182197
 89 R  89 0.0000000 1.0000000 0.0000000 0.0000000 0.0000000 0.0000000 0.0000000 0.0000000 0.0000000 0.0000000 0.0000000 0.0000000 0.0000000 0.0000000 0.0000000 0.0000000 0.0000000 0.0000000 0.0000000 0.0000000
 90 G  90 0.0057771 0.0000000 0.0000000 0.0000000 0.0502307 0.0000000 0.0000000 0.4943713 0.0000000 0.0386410 0.0000000 0.0000000 0.0000000 0.0000000 0.0000000 0.0000000 0.0028737 0.0000000 0.0000000 0.4081062
 91 S  91 0.1469226 0.0144342 0.1412373 0.0000000 0.0000000 0.0000000 0.0000000 0.0000000 0.0000000 0.0000000 0.0000000 0.1525832 0.0000000 0.0000000 0.0000000 0.5448227 0.0000000 0.0000000 0.0000000 0.0000000
 92 N  92 0.0095846 0.4366774 0.4133493 0.0000000 0.0000000 0.0000000 0.0000000 0.0000000 0.0000000 0.0000000 0.0000000 0.1403886 0.0000000 0.0000000 0.0000000 0.0000000 0.0000000 0.0000000 0.0000000 0.0000000
 93 S  93 0.1233551 0.0000000 0.0227764 0.0000000 0.1685543 0.0000000 0.1457330 0.0076720 0.0000000 0.0276276 0.0046379 0.0000000 0.0425096 0.0577179 0.0000000 0.2790173 0.0466238 0.0000000 0.0548558 0.0189194
 94 L  94 0.0000000 0.0000000 0.0000000 0.0000000 0.0000000 0.0000000 0.0000000 0.0000000 0.0000000 0.0393616 0.9181188 0.0000000 0.0131026 0.0125695 0.0000000 0.0000000 0.0000000 0.0000000 0.0089293 0.0079183
 95 K  95 0.0116392 0.0149078 0.2124834 0.0210246 0.0000000 0.0578854 0.0393674 0.0098845 0.0184540 0.0040966 0.0037973 0.5714831 0.0000000 0.0000000 0.0000000 0.0163190 0.0109509 0.0000000 0.0054425 0.0022643
 96 A  96 0.0749986 0.0143529 0.0463094 0.0478514 0.0000000 0.0426116 0.0449192 0.0266998 0.1001461 0.0190977 0.0097252 0.0794770 0.0142804 0.0118001 0.0000000 0.1516827 0.0988839 0.0096931 0.2074710 0.0000000
 97 A  97 0.2120195 0.0312787 0.0123181 0.0138635 0.0167856 0.0366482 0.0484233 0.3079828 0.0257722 0.0183685 0.0493814 0.0664602 0.1219865 0.0000000 0.0095562 0.0152404 0.0073955 0.0000000 0.0000000 0.0065193
 98 P  98 0.1596443 0.0063572 0.1118934 0.1465129 0.0065799 0.0056436 0.0329279 0.0233942 0.0062838 0.0000000 0.0000000 0.0098268 0.0000000 0.0044604 0.2313688 0.2092387 0.0407611 0.0000000 0.0051069 0.0000000
 99 V  99 0.0614852 0.0000000 0.0205045 0.2763267 0.0000000 0.0209325 0.0838144 0.0840536 0.0386828 0.0118230 0.0105346 0.0140762 0.0000000 0.0000000 0.1949283 0.1281993 0.0095372 0.0000000 0.0000000 0.0451016
100 E 100 0.1545211 0.0274397 0.0163894 0.0964527 0.0000000 0.0780555 0.1838846 0.2829050 0.0067905 0.0152975 0.0000000 0.0379240 0.0000000 0.0000000 0.0154445 0.0154456 0.0200884 0.0000000 0.0137682 0.0355933
101 L 101 0.0136302 0.0000000 0.0000000 0.0137399 0.0083849 0.0254335 0.1033066 0.0291490 0.0120039 0.0176164 0.2113711 0.0000000 0.0000000 0.1422493 0.0000000 0.0054706 0.0399064 0.0000000 0.3188692 0.0588690
102 R 102 0.0497780 0.2642187 0.0155676 0.0226302 0.0000000 0.0284873 0.0248493 0.0000000 0.0000000 0.0171800 0.0301595 0.4517061 0.0204796 0.0072459 0.0000000 0.0000000 0.0207620 0.0054906 0.0292435 0.0122018
103 Q 103 0.1646182 0.1083685 0.0392078 0.0544687 0.0000000 0.1256740 0.0918929 0.0029358 0.0099832 0.0348052 0.1260553 0.0935126 0.0388081 0.0053563 0.0000000 0.0503922 0.0230264 0.0000000 0.0000000 0.0308948
104 W 104 0.1209394 0.0085900 0.0067095 0.0000000 0.0000000 0.0130472 0.0055922 0.0000000 0.0000000 0.1544361 0.1102087 0.0350390 0.0271466 0.0401415 0.0000000 0.0030941 0.0161123 0.3159388 0.0000000 0.1430046
105 L 105 0.0075753 0.0000000 0.0000000 0.0000000 0.0000000 0.0000000 0.0000000 0.0000000 0.0000000 0.0896867 0.7676520 0.0045596 0.0211963 0.0369165 0.0000000 0.0000000 0.0000000 0.0000000 0.0000000 0.0724137
106 E 106 0.0806554 0.0557521 0.0312491 0.1137404 0.0000000 0.0622972 0.3699749 0.0124587 0.0000000 0.0208215 0.0268320 0.1132587 0.0067894 0.0000000 0.0030985 0.0727078 0.0176977 0.0000000 0.0000000 0.0126666
107 E 107 0.1385523 0.2691206 0.0421260 0.0733467 0.0000000 0.1028041 0.1233809 0.0152057 0.0171941 0.0000000 0.0152542 0.1142500 0.0031412 0.0121517 0.0000000 0.0319635 0.0326958 0.0000000 0.0000000 0.0088133
108 V 108 0.0171872 0.0482213 0.0394886 0.0000000 0.0000000 0.2577745 0.0156412 0.0135186 0.0311818 0.0095996 0.4010713 0.0514382 0.0124386 0.0203497 0.0000000 0.0067326 0.0040958 0.0000000 0.0250248 0.0462362
109 L 109 0.0117217 0.0000000 0.0144039 0.0047381 0.0000000 0.0213168 0.0145016 0.0083284 0.0000000 0.1628376 0.6934593 0.0063124 0.0038362 0.0076135 0.0000000 0.0197601 0.0065264 0.0000000 0.0036039 0.0210400
110 L 110 0.0409176 0.0095910 0.0195178 0.0251260 0.0000000 0.0000000 0.0727644 0.0225217 0.0000000 0.0604853 0.4386636 0.1707403 0.0390604 0.0000000 0.0000000 0.0379665 0.0178333 0.0000000 0.0000000 0.0448122
111 K 111 0.0920850 0.0948836 0.0787619 0.0058320 0.0000000 0.1101670 0.0198174 0.0153185 0.0556981 0.0000000 0.0124620 0.3159590 0.0000000 0.0000000 0.1137972 0.0224893 0.0627290 0.0000000 0.0000000 0.0000000
112 S 112 0.0853825 0.0000000 0.2896734 0.0087023 0.0000000 0.0243493 0.0345504 0.0144747 0.0289224 0.0000000 0.0000000 0.1580251 0.0000000 0.0103900 0.0669715 0.1655159 0.0481557 0.0000000 0.0000000 0.0648868
113 D 113 0.0000000 0.0000000 0.2893311 0.5118304 0.0000000 0.0000000 0.1988385 0.0000000 0.0000000 0.0000000 0.0000000 0.0000000 0.0000000 0.0000000 0.0000000 0.0000000 0.0000000 0.0000000 0.0000000 0.0000000
