  194         A         R         N         D         C         Q         E         G         H         I         L         K         M         F         P         S         T         W         Y         V         X    
  1 M   1 0.0149236 0.0000000 0.0000000 0.0000000 0.0000000 0.0000000 0.0000000 0.0000000 0.0000000 0.0211944 0.0192716 0.0000000 0.0019350 0.0000000 0.0000000 0.0000000 0.0000000 0.0000000 0.0000000 0.0358878 0.9067878
  2 E   2 0.0027521 0.0040048 0.0084073 0.0503906 0.0000000 0.0048284 0.0534337 0.0014847 0.0009169 0.0000000 0.0000000 0.0234425 0.0000000 0.0000000 0.0008108 0.0011934 0.0657125 0.0000000 0.0000000 0.0013249 0.7812974
  3 P   3 0.0000000 0.0204650 0.0014957 0.0059652 0.0000000 0.0000000 0.0084673 0.0000000 0.0013366 0.0000000 0.0000000 0.0000000 0.0000000 0.0000000 0.3030440 0.0116489 0.0171425 0.0000000 0.0000000 0.0000000 0.6304348
  4 A   4 0.0183551 0.0070149 0.0956997 0.1810252 0.0008910 0.0104045 0.0789001 0.0019937 0.0150685 0.0000000 0.0025086 0.0156103 0.0000000 0.0000000 0.0039213 0.0164538 0.0161373 0.0000000 0.0037066 0.0031181 0.5291914
  5 L   5 0.0704642 0.0878825 0.0077362 0.0020306 0.0000000 0.0095837 0.0061634 0.0000000 0.0074825 0.0712805 0.0890487 0.0446427 0.0072007 0.0041490 0.0408588 0.0052309 0.0225751 0.0000000 0.0133145 0.0270430 0.4833131
  6 C   6 0.0000000 0.0000000 0.0000000 0.0000000 0.5207588 0.0000000 0.0014511 0.0029194 0.0000000 0.0021595 0.0000000 0.0000000 0.0000000 0.0000000 0.0051652 0.0018183 0.0000000 0.0000000 0.0000000 0.0000000 0.4657278
  7 D   7 0.0169472 0.0071801 0.0522015 0.1599323 0.0000000 0.0202744 0.0201437 0.0059453 0.0045774 0.0000000 0.0077492 0.0320715 0.0077053 0.0000000 0.0114344 0.1480776 0.0278216 0.0000000 0.0029938 0.0026219 0.4723228
  8 P   8 0.0167115 0.0023181 0.0043704 0.0322895 0.0284761 0.0066439 0.0177389 0.1556970 0.0014698 0.0053301 0.0298660 0.0053816 0.0050404 0.0012091 0.1158561 0.0357588 0.0244369 0.0000000 0.0000000 0.0309323 0.4804736
  9 N   9 0.0192557 0.0412916 0.1040469 0.0620081 0.0000000 0.0188591 0.0376263 0.0362424 0.0521095 0.0050717 0.0045847 0.0669436 0.0039338 0.0000000 0.0238010 0.0408606 0.0226472 0.0000000 0.0009616 0.0074038 0.4523522
 10 L  10 0.0204005 0.0143409 0.0113200 0.0012999 0.0022703 0.0023037 0.0127614 0.0109564 0.0038972 0.0555038 0.1306325 0.0375209 0.0100902 0.0086111 0.0232190 0.0303725 0.0436269 0.0185004 0.0000000 0.0474902 0.5148823
 11 S  11 0.0122457 0.0048040 0.0048266 0.0256110 0.0000000 0.0049252 0.0303896 0.0261472 0.0171932 0.0403237 0.0053797 0.0270193 0.0033619 0.0080860 0.0519086 0.1367460 0.0648773 0.0000000 0.0134968 0.0562660 0.4663921
 12 F  12 0.0215438 0.0000000 0.0042944 0.0550079 0.0000000 0.0000000 0.0000000 0.0000000 0.0000000 0.0866184 0.0710133 0.0000000 0.0107181 0.3268589 0.0028287 0.0035261 0.0087986 0.0031341 0.0270716 0.0367149 0.3418712
 13 D  13 0.0464910 0.0000000 0.0280793 0.5268351 0.0000000 0.0027986 0.0062382 0.0124437 0.0000000 0.0018293 0.0000000 0.0015290 0.0017306 0.0000000 0.0000000 0.0245620 0.0177180 0.0018583 0.0000000 0.0054108 0.3224762
 14 A  14 0.5341805 0.0000000 0.0021745 0.0054999 0.0000000 0.0000000 0.0020873 0.0262808 0.0000000 0.0069899 0.0096434 0.0032013 0.0197510 0.0072775 0.0025254 0.0130499 0.0623383 0.0057484 0.0000000 0.0130285 0.2862233
 15 V  15 0.0730345 0.0014045 0.0025254 0.0000000 0.0000000 0.0029665 0.0000000 0.0000000 0.0000000 0.2227851 0.0462922 0.0000000 0.0111394 0.0804541 0.0000000 0.0038565 0.0306339 0.0000000 0.0168218 0.2312727 0.2768134
 16 T  16 0.1242331 0.0083525 0.0213869 0.0066137 0.0000000 0.0041612 0.0124041 0.0131833 0.0087995 0.0229888 0.0667679 0.0000000 0.0059294 0.0522271 0.0000000 0.0654421 0.2799535 0.0054239 0.0104269 0.0208227 0.2708835
 17 T  17 0.0181763 0.0189670 0.0403616 0.0672155 0.0024152 0.0425856 0.0482969 0.0281791 0.0052336 0.0341057 0.0443021 0.0167789 0.0417201 0.0117259 0.0182995 0.0500849 0.1710855 0.0040522 0.0135264 0.0637665 0.2591214
 18 V  18 0.0392588 0.0118983 0.0184909 0.1325939 0.0013892 0.0111343 0.0215441 0.0120289 0.0064164 0.1331243 0.1827531 0.0143975 0.0114569 0.0258522 0.0254325 0.0194963 0.0135234 0.0177727 0.0154885 0.0315987 0.2543491
 19 G  19 0.0169883 0.2859876 0.1160811 0.1039714 0.0000000 0.0316379 0.0382889 0.0686413 0.0227781 0.0000000 0.0000000 0.0267135 0.0000000 0.0041152 0.0117189 0.0339716 0.0071976 0.0000000 0.0027347 0.0017306 0.2274432
 20 N  20 0.0028529 0.0381066 0.0757877 0.0491567 0.0000000 0.0273426 0.0085301 0.4953205 0.0176633 0.0000000 0.0000000 0.0185038 0.0012020 0.0133192 0.0046385 0.0142477 0.0082471 0.0000000 0.0026038 0.0026385 0.2198392
 21 K  21 0.0312361 0.0555244 0.0503261 0.0219731 0.0014387 0.0275405 0.2636706 0.0153632 0.0230992 0.0192553 0.0124427 0.1222416 0.0016484 0.0161531 0.0010698 0.0554079 0.0405063 0.0000000 0.0186706 0.0226903 0.1997423
 22 I  22 0.0396564 0.0040599 0.0023326 0.0047005 0.0011433 0.0033885 0.0015653 0.0066500 0.0000000 0.1342184 0.1698993 0.0066949 0.0760335 0.0094383 0.0136711 0.0155383 0.2177646 0.0061531 0.0176072 0.0822062 0.1872786
 23 F  23 0.0031379 0.0012686 0.0012898 0.0010824 0.0039585 0.0000000 0.0000000 0.0000000 0.0295527 0.0191501 0.0957490 0.0000000 0.0426596 0.2142924 0.0000000 0.0012356 0.0000000 0.0067705 0.3781679 0.0201582 0.1815268
 24 F  24 0.1238063 0.0015863 0.0000000 0.0000000 0.0047344 0.0000000 0.0000000 0.0082863 0.0000000 0.0847191 0.1065109 0.0000000 0.0064385 0.3493451 0.0000000 0.0000000 0.0010874 0.0000000 0.0031914 0.1329955 0.1772987
 25 F  25 0.0049781 0.0014119 0.0033311 0.0016533 0.0018583 0.0000000 0.0000000 0.0010784 0.0014245 0.0173731 0.0252973 0.0015113 0.0057913 0.7435287 0.0000000 0.0000000 0.0047431 0.0000000 0.0030607 0.0045492 0.1784096
 26 K  26 0.0405867 0.1465674 0.0192942 0.0041787 0.0011753 0.0252122 0.0037709 0.0035606 0.0175267 0.0095283 0.0138843 0.4200741 0.0027343 0.0017526 0.0015113 0.0725781 0.0131043 0.0000000 0.0178974 0.0107840 0.1742785
 27 D  27 0.0121037 0.0096275 0.0518336 0.1955143 0.0024942 0.0074477 0.0348952 0.4564711 0.0030576 0.0020945 0.0017160 0.0218732 0.0008165 0.0000000 0.0013990 0.0162509 0.0064499 0.0000000 0.0040739 0.0020166 0.1698644
 28 R  28 0.0146575 0.1468150 0.0673577 0.1301899 0.0014074 0.0411429 0.0571950 0.0761035 0.0496355 0.0030435 0.0062272 0.0851344 0.0000000 0.0032302 0.0333940 0.0855508 0.0218436 0.0031092 0.0042119 0.0044663 0.1652842
 29 F  29 0.0032045 0.0388319 0.0174571 0.0061054 0.0000000 0.0737567 0.0305734 0.0106117 0.1121230 0.0178260 0.0286832 0.0575790 0.0100366 0.1075637 0.0000000 0.0129747 0.0142804 0.0743265 0.1937436 0.0225041 0.1678185
 30 F  30 0.0140415 0.0000000 0.0000000 0.0000000 0.0321274 0.0032003 0.0000000 0.0029614 0.0061664 0.0169321 0.0733231 0.0000000 0.0163882 0.2621612 0.0000000 0.0069727 0.0025516 0.0075678 0.2684752 0.1257113 0.1614195
 31 W  31 0.0077255 0.0112287 0.0078692 0.0000000 0.0066448 0.0000000 0.0009986 0.0010882 0.0091308 0.0212133 0.0315279 0.0090280 0.0181399 0.0568915 0.0097443 0.0169614 0.0081067 0.4962543 0.0885782 0.0371822 0.1616865
 32 L  32 0.0039333 0.3975635 0.0139675 0.0132782 0.0054939 0.0272809 0.0452990 0.0056056 0.0120795 0.0258591 0.0486827 0.0725840 0.0266527 0.0071884 0.0021871 0.0297367 0.0355705 0.0107127 0.0107989 0.0338386 0.1716874
 33 K  33 0.0049799 0.0399165 0.0117598 0.0152869 0.0000000 0.0076990 0.0047734 0.0198317 0.0033949 0.0903715 0.1959372 0.0662576 0.0258520 0.0501594 0.0043441 0.0380325 0.0239091 0.0083280 0.1158290 0.1003625 0.1729749
 34 V  34 0.0172497 0.0720802 0.0808429 0.1547043 0.0000000 0.0344058 0.0536287 0.0246204 0.0621790 0.0142748 0.0148665 0.0207257 0.0058650 0.0198386 0.0122017 0.1049192 0.0895547 0.0079269 0.0305275 0.0078810 0.1717075
 35 S  35 0.0419980 0.0420502 0.1083532 0.0986365 0.0000000 0.0240299 0.0859968 0.0594074 0.0480974 0.0102596 0.0244066 0.0214170 0.0034827 0.0138700 0.1234600 0.0525577 0.0428976 0.0113606 0.0136300 0.0066222 0.1674665
 36 E  36 0.0338773 0.0765406 0.0793491 0.1012596 0.0033413 0.0625272 0.0566342 0.0712730 0.0391326 0.0058940 0.0237878 0.0705247 0.0026743 0.0393722 0.0108848 0.0656601 0.0423489 0.0239975 0.0199081 0.0075334 0.1634789
 37 R  37 0.0342432 0.1561153 0.0716194 0.0295390 0.0009859 0.0185963 0.0151022 0.1501280 0.0104801 0.0167721 0.0548154 0.1041897 0.0169226 0.0094111 0.0028234 0.0631193 0.0497714 0.0000000 0.0167202 0.0163712 0.1622743
 38 P  38 0.0489985 0.0538579 0.0509493 0.0926012 0.0000000 0.0462459 0.0259213 0.0335757 0.0287826 0.0261326 0.0411196 0.0451466 0.0180543 0.0154937 0.0897456 0.0444324 0.0244318 0.0018333 0.0426844 0.1025012 0.1674920
 39 K  39 0.0396613 0.0728142 0.0290663 0.0692340 0.0000000 0.0160710 0.1575643 0.0460552 0.0112399 0.0355683 0.0739306 0.0282608 0.0087320 0.0044689 0.0845939 0.0210306 0.0532637 0.0105866 0.0194231 0.0580865 0.1603488
 40 T  40 0.0306078 0.0091460 0.0095455 0.0519265 0.0009117 0.0235381 0.0116357 0.2809060 0.0043314 0.0384421 0.0429953 0.0120654 0.0033101 0.0173202 0.0467636 0.0819419 0.0495908 0.0363373 0.0039426 0.0720786 0.1726634
 41 S  41 0.0100646 0.0249017 0.0189684 0.0380021 0.0000000 0.0176798 0.1041165 0.1263860 0.0434158 0.0043868 0.0074091 0.0254406 0.0047949 0.0144898 0.0490221 0.0722989 0.0161638 0.0062623 0.2333086 0.0012054 0.1816829
 42 V  42 0.0635921 0.0128744 0.0102437 0.0015003 0.0000000 0.0133256 0.0095710 0.0065752 0.0042234 0.0085647 0.0564968 0.0120296 0.0017886 0.0278094 0.5087163 0.0286920 0.0046499 0.0047271 0.0163698 0.0307036 0.1775465
 43 N  43 0.0508816 0.1187761 0.0326816 0.0275865 0.0022799 0.0433086 0.0349446 0.0208247 0.0165755 0.0225854 0.0357747 0.1483606 0.0389535 0.0633851 0.0194829 0.0290933 0.0387545 0.0263863 0.0349385 0.0345808 0.1598454
 44 L  44 0.0206714 0.0602189 0.0126369 0.0140576 0.0000000 0.0398321 0.0394259 0.0086128 0.0124760 0.0055568 0.2208573 0.0659111 0.0121067 0.0335407 0.1667373 0.0539731 0.0551908 0.0000000 0.0081559 0.0166087 0.1534300
 45 I  45 0.0220833 0.0000000 0.0088014 0.0012999 0.0000000 0.0051769 0.0043743 0.0015916 0.0000000 0.5593694 0.0779971 0.0024920 0.0138994 0.0185675 0.0021465 0.0136843 0.0438442 0.0000000 0.0000000 0.0735089 0.1511634
 46 S  46 0.0957508 0.0542372 0.0566695 0.0298383 0.0032801 0.0448956 0.0339940 0.0316312 0.0403045 0.0145810 0.0145850 0.0511088 0.0012332 0.0045745 0.0059912 0.2578516 0.0975905 0.0044794 0.0063686 0.0102344 0.1408005
 47 S  47 0.0422335 0.1023152 0.0435628 0.1306577 0.0000000 0.0435272 0.1373313 0.0185271 0.0456115 0.0151130 0.0255627 0.0399497 0.0069266 0.0027161 0.0053651 0.1208027 0.0484207 0.0000000 0.0076693 0.0212869 0.1424209
 48 L  48 0.0240365 0.0581645 0.0203631 0.0293032 0.0000000 0.0141387 0.0201472 0.0732245 0.0439598 0.0192248 0.0998503 0.0349753 0.0154956 0.1892383 0.0010529 0.0382645 0.0591036 0.0060042 0.0353636 0.0784586 0.1396308
 49 W  49 0.0000000 0.0000000 0.0016672 0.0067694 0.0016321 0.0000000 0.0000000 0.0137111 0.0014789 0.0000000 0.0317819 0.0000000 0.0062937 0.1951961 0.0032366 0.0029785 0.0046547 0.5617387 0.0190522 0.0024920 0.1473169
 50 P  50 0.0307669 0.0703338 0.0120649 0.0091652 0.0000000 0.0218415 0.0359820 0.0214089 0.0286946 0.0076409 0.0043209 0.1259437 0.0047739 0.0070767 0.3301788 0.0319610 0.0366153 0.0086589 0.0122373 0.0128573 0.1874774
 51 T  51 0.0373876 0.0172758 0.0665743 0.0543585 0.0010674 0.0266008 0.0873595 0.3804693 0.0188117 0.0022990 0.0045291 0.0171128 0.0034672 0.0362805 0.0062635 0.0838538 0.0119498 0.0000000 0.0024118 0.0049397 0.1369878
 52 L  52 0.0135279 0.0060644 0.0018120 0.0063857 0.0036795 0.0014685 0.0030454 0.0417171 0.0095317 0.1343553 0.4854783 0.0012976 0.0142938 0.0308826 0.0084017 0.0059575 0.0106577 0.0000000 0.0012062 0.0853640 0.1348730
 53 P  53 0.0222154 0.0167592 0.0090919 0.0272804 0.0027964 0.0141175 0.0412012 0.0043886 0.0256864 0.0085040 0.0114131 0.0261905 0.0096698 0.0014766 0.5848620 0.0236789 0.0229267 0.0000000 0.0000000 0.0077010 0.1400404
 54 S  54 0.0708842 0.0372089 0.0794346 0.0982769 0.0064849 0.0218415 0.0429705 0.1717681 0.0168154 0.0048115 0.0038922 0.0147329 0.0000000 0.0105773 0.0349137 0.1847089 0.0556481 0.0038203 0.0084550 0.0120555 0.1206996
 55 G  55 0.0214896 0.0387503 0.1427822 0.0727417 0.0000000 0.0283082 0.0215455 0.1293283 0.0843485 0.0051768 0.0054521 0.0857781 0.0025839 0.0079038 0.0853916 0.0642298 0.0360731 0.0026156 0.0313837 0.0161539 0.1179633
 56 I  56 0.0035530 0.0000000 0.0019128 0.0012655 0.0010989 0.0042080 0.0033050 0.0019270 0.0042718 0.4150914 0.1192314 0.0012068 0.0063082 0.0197361 0.0331454 0.0000000 0.0021401 0.0000000 0.0020217 0.2787885 0.1007882
 57 E  57 0.0011874 0.0100605 0.0664144 0.6201128 0.0000000 0.0651486 0.0378980 0.0077998 0.0090718 0.0017160 0.0064646 0.0046882 0.0009818 0.0057426 0.0019208 0.0398407 0.0143519 0.0000000 0.0000000 0.0066720 0.0999281
 58 A  58 0.6871510 0.0012286 0.0036250 0.0154162 0.0050276 0.0108376 0.0052745 0.0361466 0.0058863 0.0000000 0.0084894 0.0012674 0.0013510 0.0000000 0.0025099 0.0549284 0.0540423 0.0000000 0.0000000 0.0108967 0.0959216
 59 A  59 0.6188061 0.0025285 0.0000000 0.0000000 0.0042480 0.0018482 0.0000000 0.0297041 0.0023555 0.0301397 0.0104587 0.0000000 0.0105189 0.0147697 0.0000000 0.0262002 0.0124176 0.0000000 0.0058274 0.1468131 0.0833643
 60 Y  60 0.0277180 0.0000000 0.0000000 0.0021446 0.0018601 0.0000000 0.0060297 0.0000000 0.0026919 0.0158816 0.0597380 0.0000000 0.0090039 0.3779006 0.0000000 0.0008897 0.0086738 0.0025897 0.2813696 0.0999901 0.1035187
 61 E  61 0.0189092 0.0670657 0.0064541 0.0097706 0.0000000 0.0468559 0.2840335 0.0034121 0.0378424 0.0161192 0.0130067 0.0058647 0.0161332 0.0239159 0.0066262 0.0470745 0.1173431 0.0082872 0.0491459 0.0388883 0.1832517
 62 I  62 0.0249731 0.1766533 0.0838098 0.1088401 0.0122781 0.0033985 0.0103856 0.0041070 0.0129554 0.0424253 0.0122680 0.0139337 0.0319000 0.0135940 0.0016606 0.0948132 0.0157078 0.0634983 0.0482001 0.0729176 0.1516806
 63 E  63 0.0303081 0.0153918 0.0797021 0.0281303 0.0000000 0.0379399 0.0207955 0.0596769 0.0621751 0.0168101 0.0379253 0.0224683 0.0020576 0.0068561 0.1711515 0.0810096 0.0583644 0.0322419 0.0201065 0.0210412 0.1958478
 64 A  64 0.0365360 0.0677276 0.0264406 0.0962943 0.0380065 0.0368632 0.0797426 0.0500676 0.0165391 0.0159117 0.0619767 0.0751860 0.0092543 0.0126262 0.0163881 0.1067511 0.0263517 0.0057508 0.0319868 0.0148861 0.1747132
 65 R  65 0.0140949 0.0974173 0.1367542 0.1975108 0.0000000 0.0396842 0.0630764 0.0613930 0.0484327 0.0076467 0.0124022 0.0742067 0.0007859 0.0073747 0.0040458 0.0393789 0.0764989 0.0000000 0.0042452 0.0046581 0.1103935
 66 N  66 0.0024644 0.0266431 0.0887648 0.2169030 0.0000000 0.0228905 0.0311612 0.3649267 0.0286427 0.0000000 0.0036660 0.0570602 0.0000000 0.0022486 0.0015129 0.0310768 0.0166631 0.0041806 0.0066179 0.0000000 0.0945776
 67 Q  67 0.0270540 0.1014942 0.0346923 0.0198166 0.0000000 0.0641517 0.0847692 0.0101790 0.0713641 0.0263625 0.0328858 0.2740871 0.0067535 0.0136030 0.0030538 0.0600554 0.0353646 0.0062048 0.0154744 0.0258628 0.0867710
 68 V  68 0.0547482 0.0137666 0.0025375 0.0000000 0.0032321 0.0041852 0.0000000 0.0029935 0.0036907 0.2182818 0.1195279 0.0000000 0.0417662 0.0492968 0.0043143 0.0145209 0.1908985 0.0053576 0.0117883 0.1953490 0.0637449
 69 F  69 0.0101996 0.0147706 0.0000000 0.0000000 0.0097349 0.0000000 0.0025285 0.0000000 0.0257477 0.0377626 0.0674228 0.0019270 0.0060239 0.1836937 0.0000000 0.0000000 0.0009035 0.0291671 0.4384459 0.1100851 0.0615872
 70 L  70 0.0269122 0.0000000 0.0000000 0.0019270 0.0028045 0.0000000 0.0019208 0.0017689 0.0000000 0.0964872 0.2459450 0.0000000 0.0252743 0.4732316 0.0000000 0.0000000 0.0000000 0.0000000 0.0038400 0.0603926 0.0594959
 71 F  71 0.0094230 0.0010210 0.0010933 0.0028287 0.0000000 0.0000000 0.0047597 0.0011831 0.0045136 0.0924908 0.0248826 0.0013940 0.0054872 0.7217588 0.0000000 0.0161585 0.0099291 0.0032579 0.0153426 0.0282928 0.0561832
 72 K  72 0.0471531 0.0673291 0.0146153 0.0097877 0.0000000 0.0603543 0.0188474 0.0142924 0.0136824 0.0303275 0.0341816 0.4691709 0.0021494 0.0038926 0.0013940 0.1124322 0.0150269 0.0011877 0.0122870 0.0180260 0.0538624
 73 D  73 0.0176346 0.0156983 0.0426289 0.1413156 0.0018753 0.0036724 0.0303077 0.6447249 0.0012406 0.0000000 0.0013021 0.0244873 0.0000000 0.0000000 0.0019128 0.0089375 0.0071029 0.0027569 0.0000000 0.0000000 0.0544022
 74 D  74 0.0299626 0.0902636 0.1573251 0.2054259 0.0045023 0.0284731 0.0410080 0.0351627 0.0206250 0.0056407 0.0116603 0.0648901 0.0009380 0.0030559 0.0348137 0.1305837 0.0727513 0.0015292 0.0035948 0.0054439 0.0523500
 75 K  75 0.0052676 0.1253174 0.0385451 0.0265116 0.0030959 0.2534319 0.0613618 0.0041096 0.0283825 0.0212499 0.0330751 0.1971353 0.0090824 0.0122219 0.0014369 0.0288323 0.0159167 0.0138085 0.0610854 0.0068555 0.0532770
 76 Y  76 0.0079767 0.0068582 0.0077936 0.0000000 0.0355977 0.0000000 0.0000000 0.0067018 0.0155594 0.0273880 0.0381207 0.0080503 0.0274157 0.1496227 0.0000000 0.0045887 0.0030649 0.0000000 0.4276329 0.1823582 0.0512705
 77 W  77 0.0204945 0.0045407 0.0009791 0.0012273 0.0021766 0.0074959 0.0064314 0.0017299 0.0109213 0.0269513 0.0271336 0.0014766 0.0035088 0.0656505 0.0000000 0.0093390 0.0066508 0.5142968 0.1882777 0.0484658 0.0522523
 78 L  78 0.0911094 0.2513006 0.0110970 0.0062034 0.0039110 0.0240527 0.0456221 0.0118777 0.0109970 0.0753090 0.0545920 0.0515673 0.0178749 0.0030409 0.0029897 0.0489422 0.0175224 0.0009349 0.0095842 0.2096452 0.0518265
 79 I  79 0.0208181 0.0037710 0.0059806 0.0009349 0.0000000 0.0037932 0.0049715 0.0067813 0.0040836 0.0697682 0.0931874 0.0038786 0.0234449 0.2724385 0.0000000 0.0200933 0.0190225 0.0068478 0.3281933 0.0583912 0.0536001
 80 S  80 0.0250370 0.1002346 0.1130436 0.2038179 0.0000000 0.0412826 0.0423136 0.0214366 0.0142257 0.0113005 0.0052405 0.0846422 0.0022167 0.0073627 0.0253505 0.1035396 0.0999078 0.0000000 0.0337984 0.0114725 0.0537770
 81 N  81 0.0616387 0.0214931 0.1313008 0.0924241 0.0000000 0.0252849 0.0643048 0.2840521 0.0141354 0.0137955 0.0126754 0.0246653 0.0013233 0.0101756 0.0436563 0.0904021 0.0213017 0.0046885 0.0127851 0.0070310 0.0628663
 82 L  82 0.0541490 0.0457197 0.0827311 0.0919337 0.0000000 0.0589647 0.0630033 0.0443753 0.0624211 0.0098342 0.0341925 0.0488848 0.0068495 0.0804612 0.0068270 0.0619805 0.0605424 0.0151562 0.0842169 0.0251777 0.0625793
 83 R  83 0.0335089 0.1180744 0.0726485 0.0708122 0.0000000 0.0657888 0.0553375 0.0242645 0.0244716 0.0237476 0.0123562 0.1519251 0.0065901 0.0000000 0.0061412 0.0619026 0.1489364 0.0020854 0.0093857 0.0527823 0.0592409
 84 P  84 0.0377369 0.0325826 0.0032851 0.0302968 0.0000000 0.0183095 0.0166883 0.0077853 0.0123992 0.0846874 0.2607313 0.0561364 0.0907435 0.0111616 0.0433093 0.0184841 0.0166426 0.0012246 0.0094375 0.1816425 0.0667154
 85 E  85 0.0407625 0.0441644 0.0251108 0.1533332 0.0011684 0.0852513 0.1777274 0.0102659 0.0140607 0.0437435 0.1204235 0.0434666 0.0173803 0.0013225 0.0046445 0.0331278 0.0107407 0.0050377 0.0118484 0.0894235 0.0669967
 86 P  86 0.0864694 0.0513242 0.0306898 0.0473581 0.0000000 0.0251393 0.1142108 0.0541867 0.0160360 0.0130339 0.0267517 0.0530379 0.0013141 0.0058871 0.1965192 0.0966570 0.0264418 0.0442441 0.0171097 0.0195877 0.0740017
 87 N  87 0.0169609 0.0306829 0.0354735 0.0687245 0.0015018 0.0080284 0.0074537 0.5831122 0.0161653 0.0076721 0.0096288 0.0086773 0.0000000 0.0058528 0.0107419 0.0471996 0.0155187 0.0000000 0.0141340 0.0114225 0.1010491
 88 Y  88 0.0107653 0.0134110 0.0125525 0.0099404 0.0000000 0.0082030 0.0220922 0.0207403 0.0114486 0.0038603 0.0149742 0.0093385 0.0000000 0.0964674 0.0152175 0.0359854 0.0131636 0.0341544 0.5173864 0.0024704 0.1478285
 89 P  89 0.0243020 0.0043401 0.0092676 0.0023360 0.0000000 0.0080510 0.0012956 0.0104112 0.0015323 0.0207036 0.0083667 0.0035214 0.0014535 0.0009097 0.7815451 0.0020983 0.0131236 0.0000000 0.0009679 0.0150776 0.0906968
 90 K  90 0.0228742 0.2746848 0.0055937 0.0068267 0.0000000 0.0602967 0.0087229 0.0169056 0.0090820 0.0086404 0.0189227 0.4185150 0.0102761 0.0123767 0.0000000 0.0100296 0.0186491 0.0051669 0.0042816 0.0154706 0.0726847
 91 S  91 0.0308837 0.0649491 0.0638217 0.0660226 0.0018831 0.0208782 0.0519881 0.0138943 0.0082656 0.0089769 0.1046140 0.0654327 0.0061694 0.0122392 0.1779160 0.1562672 0.0598253 0.0000000 0.0129677 0.0098033 0.0632019
 92 I  92 0.0157119 0.0030555 0.0029767 0.0031115 0.0129534 0.0016321 0.0042078 0.0013881 0.0058978 0.4832519 0.2829895 0.0024067 0.0114258 0.0058073 0.0072405 0.0033784 0.0299769 0.0000000 0.0000000 0.0559021 0.0666860
 93 H  93 0.0653501 0.0835498 0.0369584 0.0276117 0.0000000 0.0521049 0.0314348 0.0146719 0.0572500 0.0215544 0.0187967 0.0814021 0.0060060 0.0096685 0.0055143 0.2488773 0.1070213 0.0071681 0.0333918 0.0286990 0.0629688
 94 S  94 0.0394504 0.0370156 0.0651281 0.1793641 0.0000000 0.0331817 0.2150106 0.0096650 0.0085980 0.0075867 0.0196026 0.0936517 0.0039943 0.0039538 0.0046028 0.1099227 0.0542112 0.0121876 0.0156419 0.0133127 0.0739186
 95 F  95 0.0129124 0.0275998 0.0139264 0.0450733 0.0000000 0.0082991 0.0620761 0.0281489 0.0137306 0.0226273 0.2678230 0.0104260 0.0156825 0.0915113 0.0036124 0.0133127 0.0193201 0.0313702 0.0423799 0.0743714 0.1957967
 96 G  96 0.0243073 0.0115769 0.0139142 0.0114661 0.0000000 0.0015040 0.0064993 0.5248172 0.0033177 0.0000000 0.0097878 0.0084536 0.0011322 0.0232653 0.0063544 0.0165074 0.0059951 0.0964316 0.0000000 0.0041772 0.2304926
 97 F  97 0.0113142 0.0131465 0.0082972 0.0042190 0.0013744 0.0029153 0.0019408 0.0070509 0.0066856 0.0400168 0.2378829 0.0090473 0.0232578 0.3357498 0.0145973 0.0276246 0.0130168 0.0743547 0.0111620 0.0138215 0.1425245
 98 P  98 0.0091792 0.0265246 0.0113395 0.0167447 0.0050642 0.0134608 0.0099224 0.1174194 0.0148689 0.0101064 0.0336682 0.0311637 0.0000000 0.0033863 0.4630769 0.0335297 0.0395902 0.0017020 0.0027097 0.0150885 0.1414545
 99 N  99 0.0485722 0.0911292 0.0346229 0.0411720 0.0263856 0.0196996 0.0507275 0.2554795 0.0152889 0.0250602 0.0366649 0.0594323 0.0060199 0.0089702 0.0454828 0.0808807 0.0178210 0.0051184 0.0021030 0.0242643 0.1051050
100 F 100 0.0183642 0.0262110 0.0459697 0.0716995 0.0050533 0.0045507 0.0222981 0.0552522 0.0169145 0.1377802 0.1035665 0.0036996 0.0081729 0.0315558 0.0685397 0.0700350 0.0868433 0.0025317 0.0098401 0.0888556 0.1222662
101 V 101 0.0367515 0.0159750 0.0155401 0.0120833 0.0067355 0.0085452 0.0973881 0.0058244 0.0053396 0.0441023 0.0631939 0.0112092 0.0066571 0.0375802 0.2465769 0.0295377 0.0372352 0.0000000 0.0119985 0.1800896 0.1276366
102 K 102 0.0202887 0.0522268 0.0647168 0.1390811 0.0031738 0.0570816 0.0738569 0.1142242 0.0163289 0.0017172 0.0042071 0.1232550 0.0037392 0.0118076 0.0317438 0.0991455 0.0549179 0.0016479 0.0049156 0.0121218 0.1098027
103 K 103 0.0278012 0.0852137 0.1107302 0.0406756 0.0028421 0.0387209 0.0199610 0.1141907 0.1118791 0.0000000 0.0033250 0.1668056 0.0012068 0.0078402 0.0764932 0.0437875 0.0328736 0.0000000 0.0109228 0.0055512 0.0991795
104 I 104 0.0116152 0.0000000 0.0030770 0.0000000 0.0030409 0.0000000 0.0047805 0.0037598 0.0000000 0.4652896 0.1228830 0.0025254 0.0032603 0.0084203 0.0471038 0.0008533 0.0078184 0.0014369 0.0041732 0.2320089 0.0779535
105 D 105 0.0024480 0.0084661 0.0195493 0.6998250 0.0022808 0.0147150 0.0382033 0.0039872 0.0047795 0.0047276 0.0173325 0.0034295 0.0000000 0.0081148 0.0010934 0.0299771 0.0307966 0.0000000 0.0042793 0.0246754 0.0813195
106 A 106 0.6765668 0.0000000 0.0141385 0.0153519 0.0105645 0.0000000 0.0012531 0.0658082 0.0012976 0.0000000 0.0091870 0.0000000 0.0040864 0.0000000 0.0029441 0.0483436 0.0765193 0.0000000 0.0038801 0.0048138 0.0652453
107 A 107 0.7302620 0.0013294 0.0000000 0.0020530 0.0012833 0.0031697 0.0009887 0.0273847 0.0000000 0.0152627 0.0041861 0.0011543 0.0087843 0.0044024 0.0000000 0.0167812 0.0147689 0.0000000 0.0035418 0.0931329 0.0715146
108 V 108 0.0231610 0.0035397 0.0013368 0.0015715 0.0000000 0.0012299 0.0021387 0.0000000 0.0011068 0.0819069 0.2102323 0.0047458 0.0284398 0.3187582 0.0006324 0.0066201 0.0113151 0.0000000 0.0513113 0.1862927 0.0656611
109 F 109 0.0267948 0.0524845 0.0414265 0.0084774 0.0148999 0.0389572 0.0762508 0.0019266 0.0446275 0.0280425 0.0290265 0.0198365 0.0148533 0.0715291 0.0288040 0.0883182 0.0881176 0.0260586 0.0940465 0.1317618 0.0737601
110 N 110 0.0171162 0.0307478 0.0317876 0.1131500 0.1056900 0.0044828 0.0178951 0.0072752 0.0126217 0.0272788 0.0309857 0.0170218 0.0156555 0.0344827 0.0065209 0.0436552 0.0338857 0.2377936 0.0528447 0.0232359 0.1358732
111 P 111 0.0538066 0.0847468 0.0296167 0.0288728 0.0020077 0.0249935 0.0904398 0.1105433 0.0643690 0.0217174 0.0071590 0.0471558 0.0048448 0.0090746 0.1528713 0.0676335 0.0486264 0.0052109 0.0109620 0.0138348 0.1215134
112 R 112 0.0229792 0.0969658 0.0700517 0.0999309 0.0000000 0.0264564 0.0868579 0.0935606 0.0513891 0.0045461 0.0405641 0.1097403 0.0015323 0.0069375 0.0558651 0.0497963 0.0261077 0.0013116 0.0310091 0.0195329 0.1048651
113 F 113 0.0158330 0.0177842 0.2531887 0.0842439 0.0144110 0.0173932 0.0454427 0.0850111 0.0162456 0.0113330 0.0337085 0.0543562 0.0015278 0.0101261 0.0214831 0.0728199 0.1006374 0.0030765 0.0164079 0.0140352 0.1109348
114 Y 114 0.0166945 0.0558898 0.0642630 0.0669069 0.0000000 0.0645036 0.0584463 0.3784436 0.0496342 0.0012996 0.0000000 0.0884237 0.0031863 0.0026804 0.0042534 0.0406984 0.0068353 0.0040700 0.0089331 0.0022941 0.0825439
115 R 115 0.0267864 0.1088645 0.0157832 0.0139495 0.0026566 0.0469729 0.0508797 0.0211608 0.0376382 0.0323045 0.0118357 0.3572332 0.0021710 0.0118669 0.0103623 0.0959259 0.0425498 0.0016854 0.0226948 0.0145663 0.0721123
116 T 116 0.0744163 0.0013018 0.0010411 0.0000000 0.0011995 0.0012271 0.0019266 0.0034239 0.0010888 0.1511272 0.0917303 0.0000000 0.0153353 0.0116035 0.0052445 0.0082767 0.3392648 0.0015956 0.0314530 0.2064277 0.0523163
117 Y 117 0.0057133 0.0000000 0.0013115 0.0031951 0.0077319 0.0000000 0.0019266 0.0000000 0.0549902 0.0424176 0.1064028 0.0000000 0.0040517 0.0828076 0.0000000 0.0000000 0.0017952 0.0050172 0.5840946 0.0445589 0.0539858
118 F 118 0.0242537 0.0000000 0.0000000 0.0000000 0.0092550 0.0000000 0.0000000 0.0025897 0.0000000 0.1166870 0.2511116 0.0000000 0.0078226 0.4787163 0.0013115 0.0000000 0.0000000 0.0000000 0.0053507 0.0491758 0.0537260
119 F 119 0.0035327 0.0010867 0.0000000 0.0000000 0.0000000 0.0000000 0.0017733 0.0000000 0.0000000 0.0786135 0.0317421 0.0000000 0.0095387 0.7251586 0.0000000 0.0129954 0.0220196 0.0074181 0.0275573 0.0248114 0.0537528
120 V 120 0.0522996 0.0716058 0.0281771 0.0043616 0.0008295 0.0475167 0.0065951 0.0082297 0.0117870 0.0117953 0.0122080 0.3818885 0.0016965 0.0027740 0.0000000 0.1699286 0.0326378 0.0000000 0.0127011 0.0952595 0.0477086
121 D 121 0.0227642 0.0358797 0.0443771 0.1102732 0.0000000 0.0123548 0.0480876 0.6235210 0.0050163 0.0016753 0.0000000 0.0261539 0.0010843 0.0028287 0.0013587 0.0128088 0.0018289 0.0009931 0.0011388 0.0000000 0.0478555
122 N 122 0.0247092 0.0502858 0.1695698 0.2345737 0.0012996 0.0521348 0.0645714 0.0954509 0.0204180 0.0076523 0.0061115 0.0436592 0.0009779 0.0013058 0.0172561 0.1121718 0.0439246 0.0000000 0.0014797 0.0039122 0.0485356
123 Q 123 0.0058037 0.1318250 0.0506175 0.0400614 0.0044115 0.1679233 0.0781038 0.0165958 0.0429219 0.0077721 0.0616187 0.1710263 0.0256885 0.0179228 0.0036124 0.0243937 0.0189175 0.0125925 0.0461847 0.0239264 0.0480805
124 Y 124 0.0012460 0.0037976 0.0057105 0.0000000 0.0394794 0.0009517 0.0008509 0.0058123 0.0039981 0.0417451 0.0296031 0.0054015 0.0235003 0.1639085 0.0000000 0.0061758 0.0102220 0.0000000 0.5220655 0.0859220 0.0496096
125 W 125 0.0656393 0.0121146 0.0000000 0.0000000 0.0034474 0.0064095 0.0000000 0.0000000 0.0131589 0.0511671 0.0341856 0.0000000 0.0038671 0.0326678 0.0070814 0.0179895 0.0142633 0.4327375 0.1978344 0.0503089 0.0571278
126 R 126 0.0317335 0.4353130 0.0035106 0.0314027 0.0044166 0.0483334 0.0430742 0.0038532 0.0185878 0.0249765 0.0295929 0.0615092 0.0072452 0.0174670 0.0000000 0.0639580 0.0256562 0.0117667 0.0106397 0.0665303 0.0604333
127 Y 127 0.0083784 0.0019371 0.0000000 0.0000000 0.0000000 0.0070503 0.0000000 0.0018506 0.0085781 0.0654918 0.0883307 0.0045451 0.0053566 0.2425644 0.0000000 0.0052884 0.0000000 0.0357327 0.3942759 0.0645278 0.0660922
128 D 128 0.0196622 0.0072236 0.1857104 0.4620465 0.0000000 0.0061201 0.0321158 0.0220851 0.0166858 0.0016593 0.0010834 0.0085354 0.0007805 0.0020264 0.0033596 0.1006267 0.0398958 0.0000000 0.0010755 0.0024832 0.0868246
129 E 129 0.0151385 0.0111269 0.0210662 0.0902146 0.0000000 0.0085054 0.2701832 0.0267885 0.0062244 0.0353149 0.1095865 0.0237537 0.0063999 0.0324560 0.0750256 0.0361038 0.0212823 0.0067009 0.0147469 0.0845434 0.1048383
130 R 130 0.0805345 0.0781342 0.0538071 0.0567006 0.0183205 0.0491163 0.0755930 0.0437973 0.0291894 0.0134290 0.0279196 0.1297473 0.0091842 0.0112395 0.0120608 0.0725744 0.0546791 0.0023893 0.0455593 0.0331476 0.1028768
131 R 131 0.0832498 0.0960606 0.0543237 0.0338598 0.0000000 0.0380534 0.0261322 0.0504878 0.0155884 0.0103238 0.0430411 0.0944738 0.0176462 0.0033692 0.0127165 0.0907156 0.2042718 0.0124553 0.0099642 0.0180205 0.0852464
132 Q 132 0.0159670 0.1289427 0.1143697 0.0507795 0.0027820 0.1413107 0.0477762 0.1012802 0.0247224 0.0070406 0.0385170 0.1020793 0.0217022 0.0088341 0.0134026 0.0303387 0.0304109 0.0111903 0.0146173 0.0035913 0.0903452
133 M 133 0.0631747 0.1514494 0.0224162 0.0111951 0.0018481 0.0741706 0.0293021 0.0280301 0.0199341 0.0132641 0.0261188 0.0865299 0.0086649 0.0157305 0.0383382 0.0911279 0.1271197 0.0000000 0.0197285 0.0640433 0.1078137
134 M 134 0.0317752 0.0416853 0.0031060 0.0156766 0.0015983 0.0123928 0.0089779 0.0096754 0.0018831 0.0745008 0.0809607 0.0110447 0.1821817 0.0105279 0.0307519 0.0133092 0.0213609 0.0000000 0.0035717 0.3102251 0.1347947
135 D 135 0.0347837 0.0365044 0.0123858 0.3554198 0.0030687 0.0114827 0.1486401 0.0169853 0.0180659 0.0200058 0.0467898 0.0494319 0.0028791 0.0224155 0.0044434 0.0177075 0.0242656 0.0018829 0.0021743 0.0350448 0.1356231
136 P 136 0.0546465 0.0732619 0.0313631 0.0498654 0.0000000 0.0229696 0.0685737 0.0223741 0.0088885 0.0127776 0.0445582 0.0746263 0.0064729 0.0078439 0.2021084 0.1107570 0.0328865 0.0106547 0.0105412 0.0081794 0.1466508
137 G 137 0.0148988 0.0583139 0.0241792 0.0828081 0.0017676 0.0078716 0.0133387 0.3790273 0.0083936 0.0126279 0.0018377 0.0240398 0.0019284 0.0138594 0.0251200 0.0551650 0.0447243 0.0128895 0.0358782 0.0152043 0.1661267
138 Y 138 0.0063228 0.0138583 0.0113561 0.0028841 0.0013057 0.0078576 0.0135861 0.0201529 0.0113259 0.0058816 0.0089462 0.0139295 0.0000000 0.1139650 0.0007895 0.0513509 0.0048886 0.0126187 0.4638014 0.0113549 0.2238244
139 P 139 0.0071114 0.0037787 0.0000000 0.0000000 0.0000000 0.0009772 0.0302695 0.0060776 0.0208241 0.0084666 0.0098930 0.0038107 0.0022190 0.0000000 0.6727755 0.0055354 0.0095920 0.0013103 0.0011683 0.0285901 0.1876005
140 K 140 0.0218148 0.3121694 0.0187288 0.0035713 0.0000000 0.0587772 0.0064124 0.0518001 0.0033492 0.0065749 0.0160105 0.2832286 0.0117890 0.0000000 0.0013433 0.0116408 0.0206942 0.0060291 0.0025567 0.0073549 0.1561550
141 L 141 0.0582942 0.0691658 0.0466417 0.0625774 0.0015488 0.0393298 0.0313333 0.0083579 0.0072484 0.0045171 0.1153235 0.0826287 0.0103682 0.0211358 0.1383758 0.1097006 0.0429964 0.0000000 0.0060226 0.0102782 0.1341558
142 I 142 0.0117801 0.0010039 0.0015227 0.0000000 0.0000000 0.0017733 0.0050621 0.0025768 0.0000000 0.5098660 0.1134916 0.0087923 0.0373458 0.0045188 0.0042910 0.0052769 0.0649097 0.0011254 0.0000000 0.0858491 0.1408147
143 T 143 0.1574395 0.0648909 0.0452952 0.0523506 0.0000000 0.0417198 0.0636711 0.0257507 0.0055990 0.0132938 0.0117719 0.0504571 0.0036702 0.0024601 0.0024824 0.2140649 0.0941669 0.0025931 0.0115229 0.0267203 0.1100798
144 K 144 0.0454819 0.0804509 0.0350110 0.1757611 0.0000000 0.0441650 0.1167368 0.0223052 0.0130822 0.0101896 0.0180895 0.0885900 0.0049013 0.0037563 0.0122665 0.0765606 0.0524940 0.0000000 0.0079654 0.0219936 0.1701991
145 N 145 0.0301082 0.0250657 0.0562360 0.1046355 0.0013337 0.0169290 0.0565214 0.0676686 0.0360507 0.0315494 0.0891690 0.0194125 0.0403761 0.0325474 0.0085856 0.0352720 0.0535250 0.0128666 0.0666960 0.0818728 0.1335786
146 F 146 0.0033316 0.0090345 0.0000000 0.0000000 0.0000000 0.0022334 0.0015040 0.0120935 0.0015106 0.0011317 0.0150839 0.0007566 0.0024583 0.3659931 0.0033123 0.0016997 0.0025941 0.4401069 0.0120494 0.0022537 0.1228527
147 Q 147 0.0379782 0.0880562 0.0218893 0.0241160 0.0013283 0.0245417 0.0494238 0.0733710 0.0194389 0.0048457 0.0444653 0.0753356 0.0124107 0.0123858 0.2594044 0.0504786 0.0480685 0.0101279 0.0102062 0.0144615 0.1176663
148 G 148 0.0381063 0.0216306 0.0681091 0.0297746 0.0083176 0.0056051 0.0304940 0.5526403 0.0154495 0.0102255 0.0196191 0.0146577 0.0015422 0.0048807 0.0072664 0.0364722 0.0056966 0.0010698 0.0027293 0.0129728 0.1127407
149 I 149 0.0247529 0.0044479 0.0011206 0.0019230 0.0459636 0.0000000 0.0026571 0.0071748 0.0000000 0.2279911 0.2133826 0.0007570 0.0292257 0.0423176 0.0244771 0.0076098 0.0074410 0.0027382 0.0045137 0.2497320 0.1017742
150 G 150 0.0144075 0.0280574 0.0197575 0.0237719 0.0000000 0.0112847 0.0405267 0.1089560 0.0129958 0.0041813 0.0192771 0.0239576 0.0031242 0.0213822 0.4843847 0.0217182 0.0253357 0.0000000 0.0027704 0.0122997 0.1218113
151 P 151 0.0343018 0.0218835 0.1570855 0.1192578 0.0030030 0.0246707 0.0630220 0.0703948 0.0149299 0.0122540 0.0226338 0.0555597 0.0000000 0.0083845 0.0776305 0.1290534 0.0433154 0.0042678 0.0160436 0.0090538 0.1132546
152 K 152 0.0275489 0.0775174 0.1693749 0.0660978 0.0373537 0.0300274 0.0500363 0.0764190 0.0480432 0.0031085 0.0028510 0.1410159 0.0031118 0.0008435 0.0505472 0.0433355 0.0309451 0.0008499 0.0055191 0.0176391 0.1178146
153 I 153 0.0116424 0.0018605 0.0000000 0.0000000 0.0016544 0.0000000 0.0031282 0.0000000 0.0000000 0.3062214 0.1023394 0.0000000 0.0160702 0.0098638 0.0578477 0.0137473 0.0501459 0.0000000 0.0018753 0.2930092 0.1305944
154 D 154 0.0046145 0.0210101 0.0308022 0.5685226 0.0000000 0.0241532 0.0171498 0.0022960 0.0380051 0.0000000 0.0036186 0.0193495 0.0000000 0.0011208 0.0000000 0.0723928 0.0481629 0.0000000 0.0000000 0.0067937 0.1420082
155 A 155 0.5736476 0.0000000 0.0076407 0.0582435 0.0010824 0.0000000 0.0019772 0.0913452 0.0009699 0.0000000 0.0079078 0.0040188 0.0022190 0.0017689 0.0000000 0.0801721 0.0198712 0.0000000 0.0028287 0.0043313 0.1419757
156 V 156 0.5631597 0.0000000 0.0000000 0.0000000 0.0020504 0.0000000 0.0000000 0.0219594 0.0000000 0.0302777 0.0163008 0.0000000 0.0026438 0.0144595 0.0000000 0.0117039 0.0182207 0.0000000 0.0000000 0.1769015 0.1423227
157 F 157 0.0070353 0.0292151 0.0000000 0.0000000 0.0000000 0.0000000 0.0034875 0.0037976 0.0000000 0.0701384 0.1370512 0.0012366 0.0654985 0.3931457 0.0013830 0.0042378 0.0330516 0.0037515 0.0415097 0.0528920 0.1525685
158 Y 158 0.0240704 0.0869875 0.0133907 0.0052134 0.0524788 0.1540858 0.0372356 0.0027596 0.0108816 0.0117977 0.0320631 0.0227348 0.0155006 0.0146616 0.0280962 0.1010730 0.0600082 0.0252318 0.0550108 0.0850860 0.1616327
159 S 159 0.0207030 0.0226992 0.0239780 0.0725076 0.0052263 0.0056915 0.0334409 0.0583069 0.0675431 0.0000000 0.0617897 0.0273820 0.0201597 0.0338640 0.0034875 0.0724988 0.0235350 0.1365676 0.1163134 0.0096064 0.1846994
160 K 160 0.0588428 0.0584162 0.0554740 0.0258229 0.0012350 0.0449811 0.0692990 0.0446680 0.0102221 0.0222236 0.0304974 0.1104988 0.0026526 0.0115292 0.0759359 0.0786698 0.0683304 0.0011349 0.0115139 0.0187127 0.1993396
161 N 161 0.0131160 0.0325622 0.2100535 0.2409651 0.0000000 0.0093109 0.0593176 0.0458885 0.0285040 0.0034320 0.0046134 0.0235227 0.0000000 0.0087441 0.0049871 0.0358928 0.0289658 0.0000000 0.0171934 0.0012564 0.2316746
162 K 162 0.0123994 0.0180130 0.0485976 0.0152670 0.0000000 0.0167138 0.0442879 0.5244688 0.0060660 0.0000000 0.0000000 0.0249570 0.0000000 0.0166924 0.0074919 0.0377829 0.0073788 0.0000000 0.0032177 0.0021892 0.2144767
163 Y 163 0.0300922 0.0851376 0.0532378 0.0217050 0.0024312 0.0134422 0.0349729 0.0121181 0.0768943 0.0104845 0.0123720 0.1343979 0.0050591 0.0823088 0.0057360 0.0585526 0.0221549 0.0016035 0.1206366 0.0273351 0.1893276
164 Y 164 0.0702040 0.0076376 0.0033527 0.0021232 0.0009705 0.0013116 0.0000000 0.0022005 0.0010739 0.1189000 0.1089650 0.0052297 0.0141228 0.0419007 0.0000000 0.0438431 0.2194363 0.0015863 0.0983655 0.1049616 0.1538149
165 Y 165 0.0035731 0.0074343 0.0110560 0.0018628 0.0035539 0.0000000 0.0000000 0.0000000 0.0288935 0.0149408 0.0169011 0.0153922 0.0044499 0.0622513 0.0000000 0.0000000 0.0073048 0.0052067 0.6379859 0.0069887 0.1722050
166 F 166 0.0356146 0.0000000 0.0000000 0.0000000 0.0390081 0.0000000 0.0000000 0.0015243 0.0035651 0.0284424 0.1633679 0.0000000 0.0071258 0.5032898 0.0000000 0.0012889 0.0021197 0.0000000 0.0000000 0.0487573 0.1658961
167 F 167 0.0040839 0.0000000 0.0000000 0.0000000 0.0257743 0.0000000 0.0008726 0.0000000 0.0000000 0.0399775 0.0502529 0.0014097 0.0086708 0.6075581 0.0000000 0.0100280 0.0033550 0.0016479 0.0451370 0.0329583 0.1682740
168 Q 168 0.0228624 0.1002941 0.0238529 0.0196248 0.0007913 0.0628331 0.0056473 0.0112547 0.0638265 0.0137559 0.0069875 0.3294425 0.0000000 0.0032478 0.0000000 0.1209531 0.0213177 0.0007568 0.0050179 0.0165364 0.1709976
169 G 169 0.0104476 0.0156535 0.0271381 0.1099514 0.0000000 0.0199870 0.0266982 0.5497408 0.0068120 0.0000000 0.0000000 0.0310334 0.0000000 0.0000000 0.0000000 0.0129961 0.0071837 0.0000000 0.0048233 0.0000000 0.1775349
170 S 170 0.0313546 0.0500931 0.1360781 0.1419343 0.0000000 0.0264557 0.0250245 0.0415311 0.0387151 0.0045692 0.0178961 0.0672712 0.0020846 0.0009915 0.0576794 0.1168773 0.0513177 0.0034744 0.0015501 0.0024535 0.1826484
171 N 171 0.0189062 0.0738094 0.0617882 0.0368615 0.0015834 0.1500902 0.0652755 0.0176315 0.0701226 0.0073345 0.0432634 0.1185331 0.0083459 0.0333779 0.0000000 0.0343959 0.0209833 0.0000000 0.0367637 0.0164496 0.1844842
172 Q 172 0.0075176 0.0008964 0.0023090 0.0013481 0.0116983 0.0800441 0.0000000 0.0000000 0.0032060 0.0057966 0.0238813 0.0000000 0.0118179 0.1320340 0.0000000 0.0070460 0.0044418 0.0013590 0.4572633 0.0624478 0.1868929
173 F 173 0.0199486 0.0055475 0.0000000 0.0000000 0.0021079 0.0020649 0.0000000 0.0015591 0.0112327 0.0299095 0.0589015 0.0036186 0.0014391 0.0922142 0.0000000 0.0199543 0.0209415 0.2536407 0.2328135 0.0386279 0.2054786
174 E 174 0.0228017 0.2957301 0.0221890 0.0098672 0.0170388 0.0324384 0.1167567 0.0030153 0.0187258 0.0103843 0.0194170 0.1527013 0.0026226 0.0031683 0.0000000 0.0197198 0.0151774 0.0000000 0.0051133 0.0217081 0.2114248
175 Y 175 0.0041821 0.0000000 0.0013744 0.0037515 0.0000000 0.0041009 0.0018831 0.0018442 0.0015431 0.0360452 0.0490922 0.0019016 0.0277607 0.3061797 0.0000000 0.0056260 0.0009046 0.0024806 0.2453068 0.0800534 0.2259699
176 D 176 0.0143646 0.0074863 0.1845496 0.2989651 0.0000000 0.0077142 0.0366724 0.0073997 0.0264210 0.0019578 0.0095704 0.0096266 0.0007847 0.0000000 0.0126391 0.0985648 0.0229430 0.0000000 0.0057223 0.0084822 0.2461363
177 F 177 0.0118618 0.0031379 0.0692668 0.1173604 0.0000000 0.0155371 0.0504659 0.0299195 0.0080270 0.0366167 0.0381705 0.0172526 0.0221723 0.0303563 0.1200951 0.0680782 0.0255126 0.0014685 0.0223940 0.0463126 0.2659942
178 L 178 0.0515145 0.0672411 0.0684214 0.0476816 0.0023584 0.0454433 0.0618247 0.0442947 0.0110391 0.0235297 0.0198870 0.0711267 0.0115455 0.0178472 0.0207636 0.0573148 0.0356308 0.0149108 0.0078523 0.0622154 0.2575575
179 L 179 0.0695299 0.0775553 0.0296909 0.0251313 0.0000000 0.0454103 0.0216100 0.0138862 0.0116966 0.0169338 0.0271794 0.0918112 0.0162962 0.0060671 0.0066651 0.1081793 0.1310263 0.0012299 0.0254208 0.0101686 0.2645118
180 Q 180 0.0109849 0.0677161 0.0493629 0.0246486 0.0000000 0.0544379 0.0326880 0.0672511 0.0159684 0.0131139 0.1134280 0.1094733 0.0521061 0.0432940 0.0020625 0.0118655 0.0077744 0.0035590 0.0165629 0.0299189 0.2737836
