  194         A         R         N         D         C         Q         E         G         H         I         L         K         M         F         P         S         T         W         Y         V    
  1 M   1 0.1653483 0.0000000 0.0000000 0.0000000 0.0000000 0.0000000 0.0000000 0.0000000 0.0000000 0.2278049 0.2053249 0.0000000 0.0221680 0.0000000 0.0000000 0.0000000 0.0000000 0.0000000 0.0000000 0.3793539
  2 E   2 0.0129774 0.0178551 0.0391386 0.2280281 0.0000000 0.0209156 0.2421306 0.0070111 0.0044190 0.0000000 0.0000000 0.1108654 0.0000000 0.0000000 0.0038834 0.0056503 0.3008761 0.0000000 0.0000000 0.0062492
  3 P   3 0.0000000 0.0552235 0.0041594 0.0153649 0.0000000 0.0000000 0.0217733 0.0000000 0.0037136 0.0000000 0.0000000 0.0000000 0.0000000 0.0000000 0.8216070 0.0320272 0.0461311 0.0000000 0.0000000 0.0000000
  4 A   4 0.0390182 0.0144560 0.2031222 0.3860287 0.0019107 0.0220499 0.1676828 0.0042236 0.0323364 0.0000000 0.0053701 0.0328046 0.0000000 0.0000000 0.0082699 0.0342329 0.0339513 0.0000000 0.0078665 0.0066761
  5 L   5 0.1337527 0.1698244 0.0150706 0.0039682 0.0000000 0.0186533 0.0114977 0.0000000 0.0145096 0.1397547 0.1697020 0.0870395 0.0146807 0.0079910 0.0818070 0.0102701 0.0439396 0.0000000 0.0249614 0.0525773
  6 C   6 0.0000000 0.0000000 0.0000000 0.0000000 0.9743411 0.0000000 0.0028826 0.0056256 0.0000000 0.0039074 0.0000000 0.0000000 0.0000000 0.0000000 0.0096917 0.0035517 0.0000000 0.0000000 0.0000000 0.0000000
  7 D   7 0.0315580 0.0135613 0.0993910 0.3044978 0.0000000 0.0385959 0.0380755 0.0113095 0.0086240 0.0000000 0.0137715 0.0602708 0.0139951 0.0000000 0.0219020 0.2807343 0.0529138 0.0000000 0.0057792 0.0050205
  8 P   8 0.0322673 0.0045055 0.0084543 0.0605576 0.0552844 0.0129839 0.0343196 0.2999329 0.0028738 0.0102945 0.0570766 0.0102344 0.0096663 0.0023155 0.2204598 0.0714395 0.0479848 0.0000000 0.0000000 0.0593495
  9 N   9 0.0358858 0.0732058 0.1911829 0.1129673 0.0000000 0.0344054 0.0716793 0.0648337 0.0952358 0.0093143 0.0083972 0.1216016 0.0072156 0.0000000 0.0430659 0.0742805 0.0417692 0.0000000 0.0017583 0.0132016
 10 L  10 0.0420158 0.0291097 0.0226798 0.0023879 0.0046001 0.0044160 0.0246700 0.0219820 0.0079069 0.1145429 0.2745057 0.0775746 0.0211361 0.0179191 0.0475085 0.0619194 0.0896092 0.0377758 0.0000000 0.0977404
 11 S  11 0.0232307 0.0092892 0.0091858 0.0492865 0.0000000 0.0093315 0.0567549 0.0465723 0.0324943 0.0751846 0.0101577 0.0504584 0.0063232 0.0145202 0.0955343 0.2588065 0.1211931 0.0000000 0.0254642 0.1062126
 12 F  12 0.0343401 0.0000000 0.0065667 0.0830462 0.0000000 0.0000000 0.0000000 0.0000000 0.0000000 0.1269646 0.1079844 0.0000000 0.0160912 0.4998104 0.0043578 0.0054452 0.0136167 0.0048313 0.0414891 0.0554563
 13 D  13 0.0674275 0.0000000 0.0425599 0.7749195 0.0000000 0.0041716 0.0092831 0.0181818 0.0000000 0.0027388 0.0000000 0.0022104 0.0046746 0.0000000 0.0000000 0.0364231 0.0264788 0.0028136 0.0000000 0.0081171
 14 A  14 0.7477515 0.0000000 0.0030931 0.0074093 0.0000000 0.0000000 0.0029570 0.0370497 0.0000000 0.0098022 0.0133941 0.0044814 0.0295845 0.0098441 0.0035990 0.0181170 0.0863284 0.0081137 0.0000000 0.0184750
 15 V  15 0.0971268 0.0019830 0.0035535 0.0000000 0.0000000 0.0040953 0.0000000 0.0000000 0.0000000 0.3093806 0.0656969 0.0000000 0.0154708 0.1091537 0.0000000 0.0052662 0.0425239 0.0000000 0.0232101 0.3225392
 16 T  16 0.1744540 0.0112833 0.0294961 0.0090725 0.0000000 0.0056139 0.0168318 0.0202170 0.0119557 0.0311186 0.0885385 0.0000000 0.0078998 0.0692638 0.0000000 0.0904638 0.3851045 0.0068199 0.0137135 0.0281531
 17 T  17 0.0258401 0.0248269 0.0548797 0.0910536 0.0032338 0.0569650 0.0656801 0.0381254 0.0067436 0.0455683 0.0618766 0.0227937 0.0568853 0.0158312 0.0241001 0.0674053 0.2316789 0.0046938 0.0164444 0.0853742
 18 V  18 0.0530079 0.0159219 0.0245953 0.1764227 0.0018957 0.0149852 0.0287166 0.0159523 0.0086050 0.1802937 0.2447934 0.0189191 0.0155949 0.0365105 0.0363895 0.0257261 0.0179300 0.0211352 0.0203428 0.0422622
 19 G  19 0.0222238 0.3744725 0.1452653 0.1337861 0.0000000 0.0407501 0.0488380 0.0891646 0.0297662 0.0000000 0.0000000 0.0339111 0.0000000 0.0053685 0.0153245 0.0441629 0.0092510 0.0000000 0.0035929 0.0041226
 20 N  20 0.0036966 0.0477757 0.0969284 0.0620604 0.0000000 0.0330796 0.0108143 0.6401069 0.0225537 0.0000000 0.0000000 0.0232867 0.0015759 0.0171066 0.0059229 0.0181715 0.0102682 0.0000000 0.0033508 0.0033019
 21 K  21 0.0395483 0.0688019 0.0633200 0.0275977 0.0018143 0.0341222 0.3343036 0.0196018 0.0289764 0.0240111 0.0156855 0.1482004 0.0020643 0.0201009 0.0012434 0.0690317 0.0504395 0.0000000 0.0228578 0.0282794
 22 I  22 0.0484162 0.0049252 0.0046427 0.0058927 0.0014104 0.0042756 0.0019457 0.0080411 0.0000000 0.1647729 0.2098146 0.0084546 0.0956472 0.0120523 0.0166118 0.0194626 0.2651118 0.0076903 0.0214630 0.0993693
 23 F  23 0.0039171 0.0015402 0.0016084 0.0012876 0.0048828 0.0000000 0.0000000 0.0000000 0.0366317 0.0234850 0.1203900 0.0000000 0.0533063 0.2635193 0.0000000 0.0015371 0.0000000 0.0083042 0.4551547 0.0244357
 24 F  24 0.1515813 0.0019274 0.0000000 0.0000000 0.0075290 0.0000000 0.0000000 0.0102271 0.0000000 0.1023582 0.1277769 0.0000000 0.0076692 0.4217768 0.0000000 0.0000000 0.0013628 0.0000000 0.0039508 0.1638405
 25 F  25 0.0059871 0.0017276 0.0041286 0.0020222 0.0023379 0.0000000 0.0000000 0.0013380 0.0016841 0.0213555 0.0307988 0.0017268 0.0071547 0.9045824 0.0000000 0.0000000 0.0058134 0.0000000 0.0037788 0.0055641
 26 K  26 0.0486509 0.1779890 0.0236298 0.0051450 0.0014343 0.0321257 0.0046467 0.0043479 0.0213079 0.0113657 0.0164918 0.5078927 0.0032362 0.0021665 0.0017184 0.0874980 0.0157577 0.0000000 0.0213326 0.0132633
 27 D  27 0.0147918 0.0117462 0.0625095 0.2386409 0.0029122 0.0091497 0.0415704 0.5473231 0.0037852 0.0025022 0.0020415 0.0261805 0.0008949 0.0000000 0.0017044 0.0191482 0.0078277 0.0000000 0.0049523 0.0023194
 28 R  28 0.0177365 0.1817403 0.0799627 0.1535849 0.0016263 0.0477606 0.0688966 0.0913471 0.0597867 0.0036261 0.0072906 0.1025897 0.0000000 0.0039443 0.0405097 0.0993625 0.0261717 0.0035531 0.0051723 0.0053382
 29 F  29 0.0039026 0.0450414 0.0205698 0.0073394 0.0000000 0.0869960 0.0356664 0.0107510 0.1364180 0.0214228 0.0331336 0.0689238 0.0121583 0.1309142 0.0000000 0.0158126 0.0171863 0.0921428 0.2344731 0.0271479
 30 F  30 0.0169651 0.0000000 0.0000000 0.0000000 0.0379272 0.0038399 0.0000000 0.0035967 0.0072189 0.0204810 0.0878294 0.0000000 0.0196983 0.3180705 0.0000000 0.0081729 0.0031401 0.0088134 0.3149074 0.1493390
 31 W  31 0.0085892 0.0135411 0.0091215 0.0000000 0.0079753 0.0000000 0.0011689 0.0012991 0.0108216 0.0256113 0.0378672 0.0109757 0.0217178 0.0675431 0.0115120 0.0202952 0.0097246 0.5937767 0.1042541 0.0442056
 32 L  32 0.0043486 0.4826368 0.0168596 0.0161310 0.0064906 0.0307394 0.0534451 0.0065848 0.0142563 0.0310846 0.0585699 0.0880380 0.0327075 0.0085504 0.0026687 0.0359643 0.0435556 0.0132640 0.0130486 0.0410562
 33 K  33 0.0058944 0.0484891 0.0142483 0.0184792 0.0000000 0.0093502 0.0055548 0.0241257 0.0039692 0.1096812 0.2405269 0.0841773 0.0315963 0.0581599 0.0052783 0.0461213 0.0294878 0.0082141 0.1344487 0.1221975
 34 V  34 0.0206439 0.0890254 0.0962758 0.1816644 0.0000000 0.0422660 0.0660970 0.0295300 0.0756926 0.0174970 0.0182050 0.0244497 0.0070796 0.0242134 0.0149785 0.1281136 0.1085744 0.0095633 0.0370461 0.0090844
 35 S  35 0.0502153 0.0504222 0.1312438 0.1178750 0.0000000 0.0290272 0.0999946 0.0724088 0.0585635 0.0115954 0.0297429 0.0254379 0.0041680 0.0167849 0.1505771 0.0629253 0.0518360 0.0130780 0.0164146 0.0076895
 36 E  36 0.0401838 0.0918045 0.0968481 0.1216935 0.0039359 0.0751725 0.0658737 0.0858114 0.0463617 0.0070478 0.0271039 0.0832949 0.0032397 0.0478999 0.0131045 0.0795490 0.0501476 0.0285787 0.0236094 0.0087395
 37 R  37 0.0396837 0.1866293 0.0862752 0.0353237 0.0011978 0.0221932 0.0179367 0.1806012 0.0123297 0.0204820 0.0658377 0.1232392 0.0198831 0.0113340 0.0033684 0.0753623 0.0586058 0.0000000 0.0203312 0.0193857
 38 P  38 0.0599374 0.0619573 0.0604514 0.1112852 0.0000000 0.0550064 0.0310672 0.0400387 0.0346658 0.0310743 0.0492751 0.0538712 0.0205015 0.0183839 0.1108372 0.0533952 0.0297609 0.0021716 0.0518527 0.1244670
 39 K  39 0.0463225 0.0861009 0.0343803 0.0813674 0.0000000 0.0187738 0.1916895 0.0557461 0.0134113 0.0423023 0.0900200 0.0337337 0.0101148 0.0052952 0.0991117 0.0242595 0.0622493 0.0125656 0.0232249 0.0693313
 40 T  40 0.0378510 0.0106763 0.0114730 0.0625945 0.0011254 0.0289382 0.0141467 0.3374689 0.0050512 0.0465272 0.0522080 0.0146294 0.0040457 0.0209054 0.0563333 0.0981969 0.0606961 0.0440954 0.0045817 0.0884557
 41 S  41 0.0120684 0.0307981 0.0235563 0.0468323 0.0000000 0.0219915 0.1297309 0.1537662 0.0534879 0.0054328 0.0091136 0.0312435 0.0059316 0.0175794 0.0607095 0.0897586 0.0198147 0.0072840 0.2794159 0.0014847
 42 V  42 0.0779686 0.0157911 0.0126855 0.0018294 0.0000000 0.0165990 0.0118007 0.0079619 0.0052959 0.0103802 0.0705827 0.0147606 0.0022298 0.0349822 0.6135982 0.0350182 0.0057344 0.0057722 0.0187925 0.0382169
 43 N  43 0.0604434 0.1399181 0.0394809 0.0333116 0.0027790 0.0516495 0.0437550 0.0246210 0.0199618 0.0271860 0.0427824 0.1708713 0.0479254 0.0765467 0.0219723 0.0351374 0.0460792 0.0315309 0.0428427 0.0412053
 44 L  44 0.0235139 0.0718824 0.0149157 0.0161429 0.0000000 0.0479054 0.0466152 0.0100401 0.0148118 0.0066493 0.2617361 0.0788537 0.0144802 0.0400529 0.1947447 0.0630969 0.0653074 0.0000000 0.0095053 0.0197462
 45 I  45 0.0258077 0.0000000 0.0104219 0.0013784 0.0000000 0.0057756 0.0049059 0.0018944 0.0000000 0.6585704 0.0922570 0.0030112 0.0155627 0.0234530 0.0024496 0.0158256 0.0516547 0.0000000 0.0000000 0.0870322
 46 S  46 0.1106805 0.0626270 0.0657856 0.0349276 0.0036947 0.0524214 0.0411897 0.0373579 0.0481931 0.0167483 0.0184164 0.0580007 0.0013986 0.0050568 0.0070339 0.3009932 0.1110497 0.0051910 0.0073844 0.0118493
 47 S  47 0.0489984 0.1194110 0.0527096 0.1497284 0.0000000 0.0527239 0.1590014 0.0202555 0.0542495 0.0178038 0.0300847 0.0465517 0.0081030 0.0031753 0.0058468 0.1422193 0.0563752 0.0000000 0.0080500 0.0247123
 48 L  48 0.0279054 0.0672474 0.0234206 0.0334589 0.0000000 0.0165517 0.0235814 0.0860005 0.0506512 0.0215016 0.1136730 0.0408740 0.0176666 0.2262514 0.0010669 0.0448897 0.0686279 0.0067121 0.0406689 0.0892508
 49 W  49 0.0000000 0.0000000 0.0019842 0.0080650 0.0019398 0.0000000 0.0000000 0.0159739 0.0017356 0.0000000 0.0360185 0.0000000 0.0075074 0.2260254 0.0038337 0.0032615 0.0052859 0.6635703 0.0218014 0.0029973
 50 P  50 0.0380346 0.0852067 0.0148144 0.0113557 0.0000000 0.0267422 0.0445614 0.0262368 0.0352329 0.0093141 0.0053416 0.1544950 0.0059582 0.0088140 0.4084389 0.0397990 0.0443038 0.0107871 0.0151268 0.0154368
 51 T  51 0.0440126 0.0202984 0.0772997 0.0634104 0.0011844 0.0314850 0.1020760 0.4357488 0.0221441 0.0025596 0.0052001 0.0198457 0.0040832 0.0418023 0.0072909 0.0987165 0.0143360 0.0000000 0.0028350 0.0056713
 52 L  52 0.0157317 0.0071635 0.0021404 0.0074032 0.0041729 0.0016744 0.0035520 0.0506899 0.0109869 0.1526520 0.5675827 0.0014655 0.0165289 0.0353544 0.0093933 0.0064899 0.0122441 0.0000000 0.0012101 0.0935643
 53 P  53 0.0256345 0.0193664 0.0106498 0.0329880 0.0032039 0.0163677 0.0471400 0.0051226 0.0303227 0.0098555 0.0137450 0.0300041 0.0114992 0.0017348 0.6789385 0.0276451 0.0270864 0.0000000 0.0000000 0.0086959
 54 S  54 0.0834744 0.0421299 0.0893452 0.1104676 0.0073863 0.0256282 0.0487332 0.1960435 0.0190193 0.0053440 0.0044161 0.0162848 0.0000000 0.0121243 0.0382620 0.2110173 0.0628245 0.0040749 0.0096045 0.0138203
 55 G  55 0.0236746 0.0441597 0.1607484 0.0842207 0.0000000 0.0309921 0.0240224 0.1471602 0.0951588 0.0059367 0.0061251 0.1005227 0.0030241 0.0091002 0.0958976 0.0716227 0.0410840 0.0030210 0.0350782 0.0184509
 56 I  56 0.0038422 0.0000000 0.0021182 0.0013768 0.0011876 0.0047393 0.0037032 0.0021049 0.0048156 0.4620361 0.1331051 0.0013294 0.0074597 0.0220431 0.0337867 0.0000000 0.0022056 0.0000000 0.0022755 0.3118711
 57 E  57 0.0013530 0.0110584 0.0745656 0.6891259 0.0000000 0.0719851 0.0422623 0.0086556 0.0101120 0.0018891 0.0072893 0.0049984 0.0009943 0.0063374 0.0021813 0.0440690 0.0156373 0.0000000 0.0000000 0.0074859
 58 A  58 0.7618624 0.0013625 0.0039722 0.0165274 0.0054871 0.0118201 0.0059067 0.0377207 0.0065974 0.0000000 0.0093594 0.0013759 0.0014701 0.0000000 0.0041670 0.0603192 0.0598071 0.0000000 0.0000000 0.0122448
 59 A  59 0.6747725 0.0028490 0.0000000 0.0000000 0.0047157 0.0020256 0.0000000 0.0325350 0.0025794 0.0324391 0.0111048 0.0000000 0.0112590 0.0162198 0.0000000 0.0290827 0.0138707 0.0000000 0.0064118 0.1601349
 60 Y  60 0.0310396 0.0000000 0.0000000 0.0024111 0.0021108 0.0000000 0.0067190 0.0000000 0.0029982 0.0171492 0.0664935 0.0000000 0.0097816 0.4156147 0.0000000 0.0010282 0.0093145 0.0029993 0.3204794 0.1118608
 61 E  61 0.0238227 0.0807811 0.0076915 0.0118859 0.0000000 0.0556004 0.3567575 0.0042134 0.0467800 0.0189295 0.0156695 0.0071467 0.0173877 0.0292537 0.0079018 0.0583353 0.1423352 0.0103094 0.0593885 0.0458103
 62 I  62 0.0294782 0.2126389 0.0995321 0.1270295 0.0146142 0.0034157 0.0124778 0.0048713 0.0156323 0.0508540 0.0144700 0.0163688 0.0374372 0.0157559 0.0019565 0.1080938 0.0184665 0.0731222 0.0575283 0.0862569
 63 E  63 0.0379231 0.0183301 0.0999368 0.0349855 0.0000000 0.0472729 0.0281528 0.0741688 0.0789325 0.0209247 0.0453678 0.0265730 0.0025614 0.0086499 0.2157322 0.1008039 0.0724999 0.0370229 0.0240061 0.0261559
 64 A  64 0.0455244 0.0811512 0.0319120 0.1177705 0.0462086 0.0448442 0.0963596 0.0602386 0.0203622 0.0195145 0.0755729 0.0894363 0.0112818 0.0154449 0.0205131 0.1285718 0.0318787 0.0071044 0.0384447 0.0178654
 65 R  65 0.0157217 0.1125478 0.1492799 0.2237302 0.0000000 0.0442181 0.0716962 0.0674383 0.0539668 0.0087391 0.0139067 0.0842343 0.0009137 0.0080619 0.0045229 0.0447050 0.0864347 0.0000000 0.0045663 0.0053166
 66 N  66 0.0027484 0.0291971 0.0973481 0.2437282 0.0000000 0.0246561 0.0351000 0.4001244 0.0321139 0.0000000 0.0040989 0.0632333 0.0000000 0.0018065 0.0016586 0.0341607 0.0185648 0.0046517 0.0068093 0.0000000
 67 Q  67 0.0285658 0.1130542 0.0376088 0.0234789 0.0000000 0.0714924 0.0911453 0.0106331 0.0781504 0.0290682 0.0367658 0.3030220 0.0076197 0.0133010 0.0032131 0.0637142 0.0387606 0.0069443 0.0152700 0.0281920
 68 V  68 0.0584163 0.0145957 0.0025372 0.0000000 0.0033709 0.0045227 0.0000000 0.0031357 0.0039525 0.2337615 0.1288964 0.0000000 0.0453388 0.0549451 0.0044759 0.0147346 0.2007874 0.0057023 0.0122733 0.2085537
 69 F  69 0.0105110 0.0158032 0.0000000 0.0000000 0.0103182 0.0000000 0.0027871 0.0000000 0.0277591 0.0410028 0.0726141 0.0020276 0.0065942 0.1979647 0.0000000 0.0000000 0.0010092 0.0313037 0.4586541 0.1216509
 70 L  70 0.0265489 0.0000000 0.0000000 0.0020233 0.0029554 0.0000000 0.0020981 0.0018749 0.0000000 0.1025421 0.2636547 0.0000000 0.0270333 0.5034284 0.0000000 0.0000000 0.0000000 0.0000000 0.0041670 0.0636739
 71 F  71 0.0100969 0.0010526 0.0011058 0.0030886 0.0000000 0.0000000 0.0051510 0.0012115 0.0048036 0.0992004 0.0275243 0.0013598 0.0057322 0.7651373 0.0000000 0.0169613 0.0102866 0.0033535 0.0138526 0.0300818
 72 K  72 0.0492035 0.0687191 0.0155176 0.0102111 0.0000000 0.0644012 0.0199289 0.0152278 0.0144371 0.0323259 0.0359835 0.4961339 0.0021895 0.0042222 0.0013566 0.1215835 0.0154932 0.0012689 0.0128894 0.0189070
 73 D  73 0.0183491 0.0165618 0.0437527 0.1502256 0.0020577 0.0039467 0.0318438 0.6830268 0.0012455 0.0000000 0.0014058 0.0253322 0.0000000 0.0000000 0.0020231 0.0096388 0.0076130 0.0029775 0.0000000 0.0000000
 74 D  74 0.0312773 0.0956773 0.1664334 0.2217189 0.0047912 0.0290323 0.0432213 0.0364793 0.0217259 0.0061866 0.0117103 0.0647141 0.0009947 0.0029886 0.0367907 0.1378498 0.0772749 0.0016178 0.0039114 0.0056042
 75 K  75 0.0051732 0.1341284 0.0410096 0.0272321 0.0032291 0.2693298 0.0621153 0.0044023 0.0300245 0.0226816 0.0341489 0.2135614 0.0096788 0.0126647 0.0014942 0.0304125 0.0167222 0.0138788 0.0614426 0.0066701
 76 Y  76 0.0084615 0.0070678 0.0081000 0.0000000 0.0368651 0.0000000 0.0000000 0.0070797 0.0166727 0.0290965 0.0401481 0.0085500 0.0288246 0.1572488 0.0000000 0.0048482 0.0032751 0.0000000 0.4474856 0.1962763
 77 W  77 0.0213509 0.0047248 0.0010661 0.0012744 0.0021124 0.0080948 0.0067937 0.0017050 0.0118621 0.0285377 0.0285235 0.0015831 0.0037134 0.0692687 0.0000000 0.0097819 0.0068253 0.5461510 0.1960219 0.0506094
 78 L  78 0.0979048 0.2629396 0.0118063 0.0062883 0.0041764 0.0253643 0.0463774 0.0124956 0.0114127 0.0803957 0.0578551 0.0502525 0.0190336 0.0032473 0.0032078 0.0512559 0.0183211 0.0008108 0.0101194 0.2267353
 79 I  79 0.0217774 0.0038668 0.0063222 0.0008123 0.0000000 0.0040247 0.0050412 0.0072525 0.0040784 0.0735574 0.0951261 0.0040165 0.0243641 0.2904375 0.0000000 0.0208538 0.0199294 0.0071099 0.3509769 0.0604530
 80 S  80 0.0266778 0.1083640 0.1162872 0.2104840 0.0000000 0.0439948 0.0448941 0.0228742 0.0149074 0.0135626 0.0051549 0.0926014 0.0022507 0.0078193 0.0269452 0.1091117 0.1065837 0.0000000 0.0358780 0.0116090
 81 N  81 0.0662563 0.0215493 0.1392859 0.0977911 0.0000000 0.0260136 0.0694633 0.3080187 0.0148235 0.0141636 0.0133565 0.0259632 0.0014876 0.0110394 0.0461140 0.0963898 0.0224571 0.0050403 0.0134502 0.0073366
 82 L  82 0.0586664 0.0481557 0.0880050 0.0974588 0.0000000 0.0598431 0.0667506 0.0463561 0.0672907 0.0103852 0.0371603 0.0506130 0.0073947 0.0886911 0.0074239 0.0654370 0.0643744 0.0160832 0.0914850 0.0284257
 83 R  83 0.0349101 0.1212319 0.0787228 0.0762962 0.0000000 0.0701398 0.0592183 0.0249305 0.0260892 0.0257859 0.0131332 0.1618528 0.0070383 0.0000000 0.0063097 0.0651369 0.1601504 0.0021902 0.0101890 0.0566750
 84 P  84 0.0401984 0.0347643 0.0035683 0.0323442 0.0000000 0.0195654 0.0184291 0.0079346 0.0135765 0.0914424 0.2796794 0.0604618 0.0986702 0.0115977 0.0474186 0.0193479 0.0176533 0.0012575 0.0100345 0.1920558
 85 E  85 0.0434532 0.0457484 0.0266625 0.1637531 0.0012153 0.0931614 0.1906619 0.0111743 0.0145129 0.0474309 0.1291118 0.0456780 0.0182731 0.0013821 0.0050332 0.0362960 0.0114235 0.0054672 0.0126711 0.0968901
 86 P  86 0.0942160 0.0559699 0.0328394 0.0507505 0.0000000 0.0272868 0.1240578 0.0596230 0.0174257 0.0137872 0.0288285 0.0560795 0.0013120 0.0063672 0.2119077 0.1041679 0.0284701 0.0482198 0.0180746 0.0206164
 87 N  87 0.0183660 0.0339854 0.0398762 0.0769549 0.0017067 0.0085084 0.0082820 0.6495334 0.0180604 0.0081433 0.0107591 0.0095602 0.0000000 0.0065185 0.0116819 0.0523752 0.0171024 0.0000000 0.0157560 0.0128301
 88 Y  88 0.0126324 0.0153800 0.0145725 0.0113750 0.0000000 0.0097396 0.0258246 0.0241262 0.0130181 0.0044737 0.0175192 0.0108909 0.0000000 0.1145416 0.0178041 0.0419904 0.0153819 0.0400807 0.6078697 0.0027796
 89 P  89 0.0264914 0.0047421 0.0100740 0.0025194 0.0000000 0.0090934 0.0014660 0.0114018 0.0016642 0.0225160 0.0088681 0.0037556 0.0016054 0.0009134 0.8606923 0.0023504 0.0144042 0.0000000 0.0010620 0.0163804
 90 K  90 0.0248043 0.2927525 0.0056192 0.0074393 0.0000000 0.0648131 0.0095277 0.0181173 0.0112511 0.0094163 0.0201800 0.4551820 0.0106014 0.0132328 0.0000000 0.0106294 0.0201189 0.0053354 0.0045768 0.0164025
 91 S  91 0.0328116 0.0698037 0.0681024 0.0698805 0.0020721 0.0217933 0.0558593 0.0144553 0.0092674 0.0095303 0.1098670 0.0718199 0.0066876 0.0128901 0.1910001 0.1662173 0.0633952 0.0000000 0.0141980 0.0103489
 92 I  92 0.0162997 0.0033140 0.0030904 0.0034368 0.0142196 0.0017827 0.0045475 0.0014486 0.0064014 0.5125873 0.3103013 0.0026059 0.0120920 0.0059302 0.0072909 0.0037411 0.0313217 0.0000000 0.0000000 0.0595888
 93 H  93 0.0670935 0.0882865 0.0404726 0.0293816 0.0000000 0.0557281 0.0335168 0.0167077 0.0626667 0.0230034 0.0184455 0.0879766 0.0063756 0.0105409 0.0058332 0.2650320 0.1140455 0.0072859 0.0364866 0.0311212
 94 S  94 0.0427785 0.0389597 0.0697877 0.1915359 0.0000000 0.0350101 0.2366535 0.0102498 0.0082509 0.0082851 0.0207287 0.1008136 0.0042876 0.0043220 0.0048912 0.1199201 0.0600368 0.0129633 0.0167399 0.0137857
 95 F  95 0.0156287 0.0343608 0.0158054 0.0522322 0.0000000 0.0100845 0.0779034 0.0342716 0.0167672 0.0274803 0.3421661 0.0130179 0.0195895 0.1154842 0.0041599 0.0162556 0.0235851 0.0382909 0.0531282 0.0897884
 96 G  96 0.0317767 0.0150297 0.0178209 0.0148306 0.0000000 0.0019278 0.0081149 0.6936039 0.0041900 0.0000000 0.0123214 0.0108670 0.0015029 0.0288686 0.0081714 0.0215737 0.0076387 0.1165099 0.0000000 0.0052519
 97 F  97 0.0131328 0.0157052 0.0097927 0.0047802 0.0016286 0.0039757 0.0019149 0.0083720 0.0077323 0.0460622 0.2803910 0.0105398 0.0235974 0.3931942 0.0170022 0.0345512 0.0152606 0.0838773 0.0129525 0.0155370
 98 P  98 0.0106568 0.0308796 0.0130916 0.0190887 0.0073640 0.0154787 0.0110654 0.1361464 0.0156458 0.0118739 0.0394627 0.0354604 0.0000000 0.0038759 0.5429978 0.0389376 0.0460778 0.0020090 0.0030841 0.0168041
 99 N  99 0.0548029 0.1051031 0.0385440 0.0451578 0.0242803 0.0221486 0.0569927 0.2847322 0.0172198 0.0286129 0.0429905 0.0668013 0.0067388 0.0096715 0.0513543 0.0897503 0.0198319 0.0056628 0.0024437 0.0271606
100 F 100 0.0204131 0.0291778 0.0516114 0.0809525 0.0058379 0.0053322 0.0254905 0.0635052 0.0188783 0.1561198 0.1164468 0.0043033 0.0093896 0.0355913 0.0801365 0.0802877 0.1004666 0.0029328 0.0113638 0.1017629
101 V 101 0.0411815 0.0198828 0.0179771 0.0131382 0.0070591 0.0086381 0.1121953 0.0066800 0.0061432 0.0514922 0.0718841 0.0128971 0.0075876 0.0427670 0.2780123 0.0334325 0.0434566 0.0000000 0.0145956 0.2109795
102 K 102 0.0229117 0.0581033 0.0717098 0.1571725 0.0035769 0.0634941 0.0853208 0.1267382 0.0181977 0.0017932 0.0046797 0.1400100 0.0037938 0.0136518 0.0351895 0.1118000 0.0612449 0.0018091 0.0054590 0.0133439
103 K 103 0.0310363 0.0950961 0.1236885 0.0442630 0.0031535 0.0426232 0.0209878 0.1276870 0.1249684 0.0000000 0.0036231 0.1879711 0.0013332 0.0087198 0.0831227 0.0477343 0.0357459 0.0000000 0.0122100 0.0060361
104 I 104 0.0122383 0.0000000 0.0030979 0.0000000 0.0033356 0.0000000 0.0050102 0.0040084 0.0000000 0.5065903 0.1350471 0.0028251 0.0033331 0.0091278 0.0502746 0.0007800 0.0076758 0.0015324 0.0046459 0.2504774
105 D 105 0.0025799 0.0093409 0.0209538 0.7627505 0.0025504 0.0160975 0.0418080 0.0043530 0.0052784 0.0052109 0.0188893 0.0036857 0.0000000 0.0075915 0.0011830 0.0325440 0.0333195 0.0000000 0.0047876 0.0270760
106 A 106 0.7258111 0.0000000 0.0150162 0.0147298 0.0110251 0.0000000 0.0013191 0.0706720 0.0013630 0.0000000 0.0098595 0.0000000 0.0044793 0.0000000 0.0027572 0.0506414 0.0829928 0.0000000 0.0041959 0.0051376
107 A 107 0.7896311 0.0013805 0.0000000 0.0020275 0.0013606 0.0033205 0.0009787 0.0292493 0.0000000 0.0151943 0.0045678 0.0011854 0.0094386 0.0049605 0.0000000 0.0175786 0.0160418 0.0000000 0.0036527 0.0994322
108 V 108 0.0249398 0.0036434 0.0013928 0.0016552 0.0000000 0.0013543 0.0021727 0.0000000 0.0011316 0.0865645 0.2300686 0.0050880 0.0305256 0.3373445 0.0006036 0.0071070 0.0119760 0.0000000 0.0536214 0.2008110
109 F 109 0.0285463 0.0577855 0.0441510 0.0089546 0.0164092 0.0411826 0.0817069 0.0021202 0.0485275 0.0301661 0.0312272 0.0215040 0.0156406 0.0786625 0.0310595 0.0969429 0.0893167 0.0285377 0.1039254 0.1436338
110 N 110 0.0194908 0.0330978 0.0366607 0.1310728 0.1212929 0.0051066 0.0209267 0.0085059 0.0143906 0.0319607 0.0357564 0.0200886 0.0179100 0.0401412 0.0075585 0.0488134 0.0384334 0.2824133 0.0603156 0.0260641
111 P 111 0.0621944 0.0969727 0.0333019 0.0326189 0.0020355 0.0283809 0.1041837 0.1252131 0.0727925 0.0226541 0.0066925 0.0544049 0.0056585 0.0100919 0.1777899 0.0767464 0.0548484 0.0058851 0.0117860 0.0157488
112 R 112 0.0247486 0.1085514 0.0765549 0.1110619 0.0000000 0.0298582 0.0979359 0.1056562 0.0582006 0.0051637 0.0474855 0.1215710 0.0016889 0.0077348 0.0626268 0.0550051 0.0284300 0.0014851 0.0346597 0.0215818
113 F 113 0.0179209 0.0195836 0.2872619 0.0925028 0.0143880 0.0191317 0.0513415 0.0949367 0.0182327 0.0107060 0.0384437 0.0618079 0.0017821 0.0115821 0.0245803 0.0821005 0.1149380 0.0031706 0.0184166 0.0171724
114 Y 114 0.0184875 0.0604650 0.0699111 0.0727850 0.0000000 0.0683191 0.0638788 0.4126488 0.0547711 0.0013506 0.0000000 0.0980237 0.0035301 0.0028001 0.0045312 0.0442476 0.0074068 0.0044504 0.0098987 0.0024944
115 R 115 0.0279970 0.1182673 0.0163676 0.0147498 0.0029221 0.0501184 0.0516473 0.0229172 0.0411570 0.0355438 0.0127024 0.3938402 0.0024196 0.0122262 0.0111428 0.1004966 0.0445775 0.0018697 0.0238636 0.0151737
116 T 116 0.0779536 0.0013668 0.0010152 0.0000000 0.0012018 0.0012450 0.0020781 0.0036655 0.0011227 0.1594296 0.0960025 0.0000000 0.0155305 0.0118911 0.0053553 0.0085719 0.3622907 0.0016843 0.0325066 0.2170888
117 Y 117 0.0057223 0.0000000 0.0012361 0.0034668 0.0082150 0.0000000 0.0020817 0.0000000 0.0587382 0.0451540 0.1139233 0.0000000 0.0042261 0.0854863 0.0000000 0.0000000 0.0017656 0.0050691 0.6180383 0.0468772
118 F 118 0.0241940 0.0000000 0.0000000 0.0000000 0.0096836 0.0000000 0.0000000 0.0028579 0.0000000 0.1217948 0.2688510 0.0000000 0.0081860 0.5062513 0.0012359 0.0000000 0.0000000 0.0000000 0.0058180 0.0511275
119 F 119 0.0038066 0.0010209 0.0000000 0.0000000 0.0000000 0.0000000 0.0019259 0.0000000 0.0000000 0.0847284 0.0334187 0.0000000 0.0103504 0.7633417 0.0000000 0.0139908 0.0236804 0.0079139 0.0292682 0.0265541
120 V 120 0.0551260 0.0747586 0.0298848 0.0046114 0.0008984 0.0497389 0.0068798 0.0086897 0.0123338 0.0124761 0.0123437 0.3997816 0.0018168 0.0030012 0.0000000 0.1769368 0.0344301 0.0000000 0.0131729 0.1031194
121 D 121 0.0243724 0.0388876 0.0461652 0.1144715 0.0000000 0.0132762 0.0502855 0.6549044 0.0053536 0.0017561 0.0000000 0.0276716 0.0011811 0.0030701 0.0014398 0.0131741 0.0019074 0.0010795 0.0010039 0.0000000
122 N 122 0.0261755 0.0519349 0.1788384 0.2454507 0.0013034 0.0554683 0.0694187 0.1010172 0.0213570 0.0083492 0.0054899 0.0448756 0.0009674 0.0012899 0.0180476 0.1188517 0.0454694 0.0000000 0.0015229 0.0041724
123 Q 123 0.0058823 0.1420815 0.0535585 0.0420313 0.0046387 0.1747211 0.0812562 0.0193364 0.0448256 0.0084347 0.0656304 0.1793938 0.0275199 0.0175739 0.0038624 0.0256743 0.0196418 0.0127056 0.0456152 0.0256162
124 Y 124 0.0013269 0.0041065 0.0058943 0.0000000 0.0407142 0.0009319 0.0009156 0.0061991 0.0038291 0.0439413 0.0313364 0.0057751 0.0247964 0.1709415 0.0000000 0.0065700 0.0107691 0.0000000 0.5522703 0.0896823
125 W 125 0.0694877 0.0130998 0.0000000 0.0000000 0.0035131 0.0068586 0.0000000 0.0000000 0.0140215 0.0546345 0.0356357 0.0000000 0.0042201 0.0343568 0.0077646 0.0193749 0.0149230 0.4629338 0.2062466 0.0529293
126 R 126 0.0332024 0.4629887 0.0037429 0.0339712 0.0047063 0.0530039 0.0445937 0.0040622 0.0196203 0.0268492 0.0309574 0.0647038 0.0075783 0.0190031 0.0000000 0.0689175 0.0270483 0.0128664 0.0112650 0.0709194
127 Y 127 0.0089275 0.0021418 0.0000000 0.0000000 0.0000000 0.0076273 0.0000000 0.0018118 0.0091204 0.0682633 0.0932892 0.0049135 0.0054195 0.2598478 0.0000000 0.0053012 0.0000000 0.0403995 0.4277964 0.0651411
128 D 128 0.0214749 0.0076380 0.1997055 0.5112546 0.0000000 0.0060387 0.0343662 0.0248074 0.0182237 0.0018615 0.0011497 0.0094835 0.0011404 0.0020646 0.0035962 0.1110147 0.0424858 0.0000000 0.0012058 0.0024889
129 E 129 0.0165105 0.0121378 0.0227767 0.0985249 0.0000000 0.0093499 0.3110414 0.0288616 0.0070260 0.0383813 0.1200254 0.0262702 0.0072762 0.0356455 0.0844470 0.0396448 0.0233199 0.0075558 0.0163135 0.0948916
130 R 130 0.0905040 0.0836754 0.0603444 0.0625552 0.0201740 0.0539985 0.0859645 0.0490743 0.0331402 0.0147879 0.0328439 0.1452646 0.0104091 0.0127885 0.0132737 0.0802821 0.0611861 0.0022887 0.0511436 0.0363013
131 R 131 0.0934342 0.1069915 0.0569355 0.0365478 0.0000000 0.0423625 0.0285308 0.0525679 0.0162011 0.0112338 0.0471710 0.1041896 0.0195521 0.0035439 0.0135858 0.0994910 0.2229315 0.0137998 0.0107521 0.0201783
132 Q 132 0.0177537 0.1438846 0.1252256 0.0542677 0.0030677 0.1582482 0.0526945 0.1101696 0.0261864 0.0076844 0.0416690 0.1124592 0.0234449 0.0093783 0.0148515 0.0331766 0.0337565 0.0120568 0.0162233 0.0038013
133 M 133 0.0732204 0.1664803 0.0249739 0.0125967 0.0018271 0.0826773 0.0314175 0.0309949 0.0220525 0.0146542 0.0293052 0.0970597 0.0098192 0.0175684 0.0437172 0.1035197 0.1455083 0.0000000 0.0221235 0.0704839
134 M 134 0.0357177 0.0494097 0.0036949 0.0200923 0.0018787 0.0144280 0.0101657 0.0117137 0.0022466 0.0855773 0.0900615 0.0123998 0.2149528 0.0116516 0.0360755 0.0150203 0.0257004 0.0000000 0.0037210 0.3554925
135 D 135 0.0390829 0.0416392 0.0141308 0.4128123 0.0036021 0.0120769 0.1735463 0.0196391 0.0210055 0.0227909 0.0530826 0.0579610 0.0025151 0.0276210 0.0049314 0.0196687 0.0284226 0.0021706 0.0025810 0.0407198
136 P 136 0.0635777 0.0870650 0.0363214 0.0564629 0.0000000 0.0268607 0.0792492 0.0253059 0.0106439 0.0151237 0.0530498 0.0893505 0.0076723 0.0092461 0.2344080 0.1321326 0.0390472 0.0126906 0.0120795 0.0097130
137 G 137 0.0168174 0.0710227 0.0288924 0.0999519 0.0021615 0.0096741 0.0163382 0.4537343 0.0098525 0.0146271 0.0021877 0.0287266 0.0023775 0.0169451 0.0261140 0.0683245 0.0547377 0.0155001 0.0436528 0.0183618
138 Y 138 0.0080789 0.0177702 0.0149459 0.0036633 0.0016881 0.0104979 0.0174484 0.0251533 0.0148176 0.0077057 0.0110561 0.0182910 0.0000000 0.1477048 0.0009359 0.0672201 0.0060746 0.0155943 0.5962994 0.0150543
139 P 139 0.0089484 0.0046650 0.0000000 0.0000000 0.0000000 0.0011627 0.0384285 0.0071936 0.0256874 0.0102329 0.0123704 0.0048503 0.0028042 0.0000000 0.8271303 0.0068751 0.0118159 0.0015964 0.0013780 0.0348610
140 K 140 0.0260711 0.3677914 0.0219396 0.0042972 0.0000000 0.0700993 0.0076881 0.0617092 0.0040670 0.0072280 0.0184642 0.3399821 0.0129587 0.0000000 0.0016195 0.0137610 0.0240509 0.0067805 0.0031032 0.0083891
141 L 141 0.0672655 0.0807201 0.0528628 0.0730074 0.0018449 0.0442458 0.0359854 0.0095830 0.0086293 0.0052602 0.1322362 0.0963489 0.0120438 0.0247949 0.1636270 0.1230186 0.0494996 0.0000000 0.0069631 0.0120634
142 I 142 0.0133000 0.0011979 0.0016038 0.0000000 0.0000000 0.0021173 0.0060103 0.0030513 0.0000000 0.5905285 0.1336571 0.0105162 0.0444167 0.0051479 0.0050359 0.0059941 0.0760768 0.0012264 0.0000000 0.1001198
143 T 143 0.1735186 0.0723082 0.0509179 0.0594731 0.0000000 0.0465434 0.0727043 0.0288364 0.0055872 0.0151158 0.0129206 0.0588431 0.0042051 0.0026229 0.0028642 0.2411343 0.1061713 0.0029687 0.0129941 0.0302710
144 K 144 0.0553336 0.0970806 0.0425198 0.2109422 0.0000000 0.0507021 0.1409325 0.0288186 0.0159622 0.0124826 0.0219096 0.1079391 0.0061169 0.0043605 0.0151099 0.0917871 0.0638339 0.0000000 0.0085160 0.0256528
145 N 145 0.0347567 0.0288158 0.0654156 0.1218284 0.0015927 0.0191543 0.0657102 0.0756623 0.0416679 0.0364802 0.1045391 0.0221436 0.0470246 0.0361495 0.0104074 0.0412144 0.0624870 0.0148240 0.0738897 0.0962365
146 F 146 0.0037745 0.0103852 0.0000000 0.0000000 0.0000000 0.0026110 0.0016892 0.0136370 0.0017515 0.0013223 0.0173463 0.0006683 0.0028702 0.4212548 0.0038201 0.0017753 0.0028040 0.4981065 0.0136231 0.0025608
147 Q 147 0.0429819 0.1007566 0.0252266 0.0266686 0.0015234 0.0280972 0.0567116 0.0838892 0.0213484 0.0054621 0.0461063 0.0863955 0.0134757 0.0135362 0.2944061 0.0576553 0.0563934 0.0116910 0.0114471 0.0162278
148 G 148 0.0429205 0.0243419 0.0770969 0.0327574 0.0092778 0.0063761 0.0338765 0.6245069 0.0175995 0.0116640 0.0223851 0.0162905 0.0017654 0.0052819 0.0081634 0.0408155 0.0062817 0.0012350 0.0031545 0.0142096
149 I 149 0.0283570 0.0048612 0.0012466 0.0018576 0.0464858 0.0000000 0.0029766 0.0080919 0.0000000 0.2562460 0.2334128 0.0007459 0.0327851 0.0467432 0.0276463 0.0084551 0.0083640 0.0031279 0.0049110 0.2836862
150 G 150 0.0163742 0.0316801 0.0226373 0.0275415 0.0000000 0.0128506 0.0446048 0.1267790 0.0149410 0.0048175 0.0216433 0.0269856 0.0033649 0.0247033 0.5514045 0.0240246 0.0287305 0.0000000 0.0031750 0.0137422
151 P 151 0.0382057 0.0245002 0.1795963 0.1329706 0.0032718 0.0294748 0.0717048 0.0755891 0.0177209 0.0140192 0.0261492 0.0629340 0.0000000 0.0095450 0.0872959 0.1449598 0.0487738 0.0048477 0.0185968 0.0098442
152 K 152 0.0330411 0.0875016 0.1899028 0.0746528 0.0427850 0.0361272 0.0570781 0.0858702 0.0531477 0.0035415 0.0031034 0.1618157 0.0035596 0.0009844 0.0547135 0.0489719 0.0356244 0.0009836 0.0062143 0.0203813
153 I 153 0.0134281 0.0021685 0.0000000 0.0000000 0.0016285 0.0000000 0.0036149 0.0000000 0.0000000 0.3462675 0.1159923 0.0000000 0.0183874 0.0115352 0.0713748 0.0159292 0.0580248 0.0000000 0.0022292 0.3394196
154 D 154 0.0051497 0.0248004 0.0357831 0.6571415 0.0000000 0.0298271 0.0197006 0.0024572 0.0450368 0.0000000 0.0043139 0.0235681 0.0000000 0.0018018 0.0000000 0.0865615 0.0560336 0.0000000 0.0000000 0.0078248
155 A 155 0.6627296 0.0000000 0.0090294 0.0694485 0.0012581 0.0000000 0.0026230 0.1101121 0.0011098 0.0000000 0.0092438 0.0047344 0.0026383 0.0020429 0.0000000 0.0943385 0.0222889 0.0000000 0.0033783 0.0050245
156 V 156 0.6555232 0.0000000 0.0000000 0.0000000 0.0024025 0.0000000 0.0000000 0.0255514 0.0000000 0.0356629 0.0190084 0.0000000 0.0031381 0.0169892 0.0000000 0.0136217 0.0211872 0.0000000 0.0000000 0.2069155
157 F 157 0.0083950 0.0346007 0.0000000 0.0000000 0.0000000 0.0000000 0.0042224 0.0045674 0.0000000 0.0828420 0.1614832 0.0014993 0.0802460 0.4637631 0.0016073 0.0051075 0.0396887 0.0045496 0.0467799 0.0606479
158 Y 158 0.0289232 0.1031108 0.0153080 0.0061267 0.0636994 0.1862369 0.0421861 0.0038568 0.0118195 0.0153248 0.0388372 0.0275195 0.0188484 0.0177171 0.0331933 0.1221219 0.0691499 0.0296377 0.0648674 0.1015153
159 S 159 0.0254562 0.0257316 0.0282460 0.0877071 0.0062359 0.0070894 0.0417558 0.0719849 0.0824582 0.0000000 0.0756575 0.0335004 0.0250975 0.0418138 0.0043892 0.0902419 0.0287190 0.1690060 0.1434909 0.0114185
160 K 160 0.0740316 0.0731265 0.0695312 0.0320681 0.0011083 0.0578164 0.0870790 0.0527384 0.0125366 0.0262439 0.0380970 0.1408156 0.0030935 0.0147740 0.0952036 0.0985571 0.0847715 0.0012458 0.0140660 0.0230959
161 N 161 0.0171082 0.0401024 0.2723433 0.3182125 0.0000000 0.0123930 0.0780417 0.0604588 0.0366529 0.0045970 0.0060757 0.0295852 0.0000000 0.0113799 0.0063896 0.0455531 0.0369337 0.0000000 0.0227294 0.0014435
162 K 162 0.0156968 0.0231942 0.0599064 0.0184262 0.0000000 0.0214040 0.0540183 0.6718783 0.0074627 0.0000000 0.0000000 0.0304398 0.0000000 0.0222053 0.0096742 0.0489809 0.0093413 0.0000000 0.0042137 0.0031581
163 Y 163 0.0374571 0.1048850 0.0644085 0.0272112 0.0029858 0.0158786 0.0426721 0.0150372 0.0958499 0.0129186 0.0156022 0.1602503 0.0063675 0.1041335 0.0066297 0.0721149 0.0269240 0.0019939 0.1528531 0.0338268
164 Y 164 0.0831131 0.0091793 0.0038212 0.0025867 0.0011828 0.0015609 0.0000000 0.0026254 0.0011835 0.1403522 0.1292337 0.0062557 0.0167469 0.0497017 0.0000000 0.0523661 0.2572552 0.0018754 0.1188451 0.1221150
165 Y 165 0.0043223 0.0087081 0.0135747 0.0022908 0.0039656 0.0000000 0.0000000 0.0000000 0.0347818 0.0181508 0.0194876 0.0188597 0.0053835 0.0747598 0.0000000 0.0000000 0.0089414 0.0060417 0.7731316 0.0076007
166 F 166 0.0430374 0.0000000 0.0000000 0.0000000 0.0468087 0.0000000 0.0000000 0.0018459 0.0043891 0.0334096 0.1937885 0.0000000 0.0087484 0.6049749 0.0000000 0.0016043 0.0025794 0.0000000 0.0000000 0.0588139
167 F 167 0.0049567 0.0000000 0.0000000 0.0000000 0.0314545 0.0000000 0.0010157 0.0000000 0.0000000 0.0481120 0.0602017 0.0017378 0.0106560 0.7260994 0.0000000 0.0122029 0.0041075 0.0019214 0.0572456 0.0402890
168 Q 168 0.0267773 0.1218361 0.0291984 0.0240577 0.0009823 0.0759064 0.0068512 0.0134468 0.0779926 0.0169178 0.0085495 0.3937306 0.0000000 0.0039369 0.0000000 0.1468892 0.0259274 0.0014840 0.0058059 0.0197100
169 G 169 0.0123925 0.0190078 0.0325888 0.1339662 0.0000000 0.0245930 0.0322041 0.6677112 0.0083980 0.0000000 0.0000000 0.0381817 0.0000000 0.0000000 0.0000000 0.0160141 0.0089273 0.0000000 0.0060153 0.0000000
170 S 170 0.0389447 0.0622632 0.1643945 0.1711199 0.0000000 0.0325825 0.0303566 0.0501821 0.0477207 0.0056985 0.0219585 0.0843246 0.0026121 0.0012215 0.0715108 0.1432070 0.0628437 0.0040633 0.0019352 0.0030606
171 N 171 0.0233902 0.0896678 0.0761663 0.0470234 0.0019327 0.1810073 0.0788167 0.0221326 0.0863181 0.0094940 0.0528084 0.1445018 0.0103045 0.0411538 0.0000000 0.0428577 0.0253920 0.0000000 0.0449421 0.0220906
172 Q 172 0.0094353 0.0011309 0.0028457 0.0016473 0.0139998 0.1010276 0.0000000 0.0000000 0.0040073 0.0068618 0.0293156 0.0000000 0.0143987 0.1614351 0.0000000 0.0087083 0.0055779 0.0016820 0.5612445 0.0766824
173 F 173 0.0244961 0.0070249 0.0000000 0.0000000 0.0025924 0.0025302 0.0000000 0.0017666 0.0143787 0.0367012 0.0745443 0.0046339 0.0018123 0.1178720 0.0000000 0.0251493 0.0261028 0.3181144 0.2943019 0.0479789
174 E 174 0.0284116 0.3718310 0.0283552 0.0122923 0.0216544 0.0399682 0.1503524 0.0038545 0.0238752 0.0133064 0.0245666 0.1978044 0.0029095 0.0040870 0.0000000 0.0244523 0.0188709 0.0000000 0.0064771 0.0269312
175 Y 175 0.0054727 0.0000000 0.0017843 0.0049554 0.0000000 0.0053167 0.0024822 0.0024366 0.0020252 0.0462727 0.0660591 0.0024913 0.0358714 0.3974320 0.0000000 0.0073782 0.0011930 0.0030286 0.3123359 0.1034644
176 D 176 0.0185895 0.0100099 0.2464154 0.3984196 0.0000000 0.0100624 0.0460324 0.0099134 0.0355343 0.0026024 0.0131498 0.0129564 0.0010589 0.0000000 0.0170343 0.1296938 0.0298370 0.0000000 0.0076654 0.0110250
177 F 177 0.0162553 0.0041807 0.0964472 0.1612861 0.0000000 0.0213863 0.0667611 0.0389216 0.0110016 0.0503528 0.0518799 0.0240226 0.0308448 0.0391749 0.1648711 0.0931160 0.0344778 0.0019638 0.0298621 0.0631942
178 L 178 0.0691939 0.0914026 0.0920776 0.0637200 0.0029940 0.0637998 0.0832910 0.0600077 0.0145498 0.0316589 0.0271695 0.0946320 0.0155396 0.0237978 0.0281891 0.0764521 0.0467792 0.0205004 0.0104626 0.0837826
179 L 179 0.0956946 0.1058424 0.0403401 0.0339034 0.0000000 0.0635881 0.0300381 0.0175420 0.0147820 0.0227254 0.0368830 0.1262799 0.0216566 0.0084163 0.0088326 0.1465116 0.1768438 0.0016989 0.0344633 0.0139578
180 Q 180 0.0151409 0.0934712 0.0675896 0.0327813 0.0000000 0.0721966 0.0452434 0.0905908 0.0210563 0.0179818 0.1615418 0.1513741 0.0723690 0.0597328 0.0028315 0.0159784 0.0107046 0.0048743 0.0227150 0.0418266
181 R 181 0.0330614 0.2646676 0.0371887 0.0284732 0.0016729 0.0678668 0.1000609 0.0025818 0.0161963 0.0193737 0.0131395 0.1841201 0.0126630 0.0041383 0.0189522 0.0649825 0.0721505 0.0000000 0.0055546 0.0531559
182 I 182 0.0960561 0.0015886 0.0014295 0.0238088 0.0000000 0.0189076 0.0056457 0.0000000 0.0023024 0.1411379 0.0670307 0.0035674 0.0278892 0.0067345 0.0121535 0.0202836 0.0525066 0.0018389 0.0000000 0.5171190
183 T 183 0.1014237 0.0541300 0.0218320 0.1897669 0.0018260 0.0156490 0.1606699 0.0081518 0.0195523 0.0330516 0.0683710 0.0129228 0.0116613 0.0047982 0.0244552 0.0332229 0.1404974 0.0000000 0.0085885 0.0894294
184 K 184 0.0645765 0.1320529 0.0209665 0.0321321 0.0000000 0.0518617 0.0822219 0.0497018 0.0471490 0.0040464 0.0128558 0.1155210 0.0013840 0.0107999 0.2019813 0.0780059 0.0486224 0.0046783 0.0097711 0.0316715
185 T 185 0.0513131 0.0499033 0.0216489 0.0305421 0.0074114 0.0167958 0.0382040 0.3804703 0.0059521 0.0695227 0.0287382 0.0573404 0.0042482 0.0028719 0.0307823 0.0662855 0.0355562 0.0057603 0.0132325 0.0834207
186 L 186 0.0145972 0.0183874 0.0182462 0.0273255 0.0101414 0.0344867 0.0126283 0.0435840 0.0064269 0.0122793 0.1498743 0.0077538 0.0345554 0.0472804 0.0145465 0.0585213 0.0377572 0.0053655 0.4303188 0.0159238
187 K 187 0.0012090 0.0560007 0.0127616 0.0081939 0.0018406 0.0167726 0.0096139 0.0086590 0.0019665 0.0494292 0.0090903 0.1383230 0.0000000 0.0102756 0.5761486 0.0167884 0.0257969 0.0000000 0.0016991 0.0554310
188 S 188 0.0932232 0.2546768 0.0202168 0.0000000 0.0000000 0.0592286 0.0000000 0.0136571 0.0043080 0.0222183 0.0260980 0.2218600 0.0017034 0.0111005 0.0000000 0.1513415 0.0713297 0.0291216 0.0088002 0.0111162
189 N 189 0.0340405 0.0126506 0.2486831 0.0834772 0.0000000 0.0270433 0.0305460 0.0168584 0.0154191 0.0014411 0.0094043 0.0604597 0.0000000 0.0071429 0.0850818 0.2521170 0.0395921 0.0000000 0.0565540 0.0194889
