  172         A         R         N         D         C         Q         E         G         H         I         L         K         M         F         P         S         T         W         Y         V         X    
  1 M   1 0.0000000 0.0000000 0.0000000 0.0000000 0.0000000 0.0000000 0.0000000 0.0000000 0.0000000 0.0095514 0.0000000 0.0000000 0.0103155 0.0000000 0.0000000 0.0000000 0.0000000 0.0000000 0.0000000 0.0710024 0.9091307
  2 A   2 0.0211443 0.0095324 0.0096804 0.0000000 0.0000000 0.0000000 0.0000000 0.0095514 0.0000000 0.0000000 0.0000000 0.0582930 0.0000000 0.0000000 0.0000000 0.0175845 0.0614829 0.0000000 0.0000000 0.0000000 0.8127311
  3 S   3 0.0175845 0.0000000 0.0000000 0.0415007 0.0000000 0.0000000 0.0105917 0.0000000 0.0000000 0.0000000 0.0000000 0.0000000 0.0000000 0.0000000 0.1887056 0.0573991 0.0000000 0.0000000 0.0000000 0.0000000 0.6842185
  4 A   4 0.1446081 0.0000000 0.0243522 0.0150369 0.0000000 0.0000000 0.0000000 0.0210331 0.0000000 0.0000000 0.0000000 0.0000000 0.0000000 0.0000000 0.0000000 0.0447160 0.0701773 0.0000000 0.0000000 0.0447614 0.6353151
  5 V   5 0.0326390 0.0000000 0.0000000 0.0213669 0.0224735 0.0410414 0.0232208 0.0568956 0.0000000 0.0099895 0.0512526 0.0113707 0.0096804 0.0095324 0.0000000 0.0203884 0.0094168 0.0153376 0.0197640 0.0103155 0.6353151
  6 G   6 0.1120476 0.0102696 0.0000000 0.0208183 0.0000000 0.0123420 0.0169046 0.1038432 0.0000000 0.0000000 0.0000000 0.0000000 0.0000000 0.0000000 0.0575028 0.0373945 0.0150369 0.0000000 0.0000000 0.0000000 0.6138405
  7 E   7 0.0245693 0.0207496 0.0000000 0.0368796 0.0000000 0.0139323 0.1203135 0.0000000 0.0000000 0.0090798 0.0203884 0.0195388 0.0000000 0.0000000 0.0304802 0.0200980 0.0108288 0.0127463 0.0000000 0.0693340 0.5910614
  8 K   8 0.0175845 0.0422541 0.0249722 0.0272343 0.0000000 0.1068948 0.0354253 0.0217799 0.0139323 0.0000000 0.0471140 0.0556974 0.0000000 0.0000000 0.0000000 0.0108288 0.0116955 0.0000000 0.0243522 0.0122038 0.5480308
  9 M   9 0.0238633 0.0000000 0.0000000 0.0203884 0.0000000 0.0000000 0.0000000 0.0000000 0.0000000 0.0534649 0.1397290 0.0000000 0.0532341 0.0000000 0.0127463 0.0676670 0.0690999 0.0000000 0.0000000 0.1712991 0.3885082
 10 L  10 0.0000000 0.0000000 0.0000000 0.0000000 0.0000000 0.0000000 0.0000000 0.0000000 0.0000000 0.2709619 0.1399297 0.0000000 0.0000000 0.0397303 0.0000000 0.0000000 0.0000000 0.0000000 0.0000000 0.2058153 0.3435627
 11 D  11 0.0152839 0.0000000 0.0130308 0.5040122 0.0212722 0.0000000 0.0645876 0.0000000 0.0000000 0.0000000 0.0000000 0.0000000 0.0000000 0.0363755 0.0000000 0.0243522 0.0121319 0.0000000 0.0000000 0.0000000 0.3089537
 12 D  12 0.0000000 0.0314098 0.0296300 0.5156473 0.0000000 0.0000000 0.0000000 0.0241829 0.0000000 0.0000000 0.0000000 0.0000000 0.0000000 0.0000000 0.0000000 0.0530561 0.0494213 0.0000000 0.0000000 0.0000000 0.2966526
 13 F  13 0.0000000 0.0127973 0.0000000 0.0000000 0.0000000 0.0000000 0.0000000 0.0130308 0.0000000 0.0000000 0.0175845 0.0000000 0.0265119 0.5278868 0.0000000 0.0309708 0.0000000 0.0000000 0.0558119 0.0241170 0.2912890
 14 E  14 0.0090798 0.0225901 0.0000000 0.0543460 0.0000000 0.0250535 0.5208747 0.0000000 0.0000000 0.0000000 0.0000000 0.0121319 0.0000000 0.0000000 0.0000000 0.0325577 0.0549410 0.0000000 0.0176197 0.0000000 0.2508055
 15 G  15 0.0122871 0.0000000 0.0523201 0.0553182 0.0000000 0.0123012 0.0000000 0.3099530 0.0121319 0.0000000 0.0105917 0.0000000 0.0000000 0.0000000 0.0000000 0.2847683 0.0000000 0.0000000 0.0269803 0.0000000 0.2233482
 16 V  16 0.0317893 0.0152839 0.0491730 0.0262335 0.0212722 0.0000000 0.0000000 0.0265126 0.0000000 0.0878630 0.0774147 0.0243522 0.0000000 0.0257746 0.0203328 0.0449388 0.0305257 0.0000000 0.2827005 0.0176266 0.2182066
 17 L  17 0.0918400 0.0367921 0.0000000 0.0431794 0.0000000 0.0130308 0.0000000 0.0152839 0.0000000 0.0241101 0.1193488 0.0000000 0.0099201 0.1216980 0.0000000 0.1355051 0.1133534 0.0127973 0.0105917 0.0271347 0.2254146
 18 N  18 0.0854406 0.0290239 0.0326061 0.0812090 0.0000000 0.0667030 0.0424136 0.0407081 0.0000000 0.0000000 0.0000000 0.0638267 0.0000000 0.0000000 0.0463718 0.1229801 0.1797616 0.0000000 0.0000000 0.0000000 0.2089555
 19 W  19 0.0586766 0.0000000 0.0094033 0.0000000 0.0000000 0.0000000 0.0000000 0.0000000 0.0000000 0.0095514 0.0463286 0.0182920 0.0000000 0.0511918 0.0130308 0.0111558 0.0137593 0.4972152 0.0512899 0.0111498 0.2089555
 20 G  20 0.0479336 0.0458779 0.0000000 0.0113707 0.0000000 0.0357584 0.0557375 0.2286153 0.0204756 0.0078843 0.0143805 0.0420579 0.0000000 0.0000000 0.0238596 0.0639600 0.0644749 0.0122871 0.1323831 0.0260968 0.1668469
 21 S  21 0.1027184 0.0210701 0.0697820 0.0122871 0.0000000 0.0089311 0.0105917 0.1076918 0.0000000 0.0388496 0.0123420 0.0435908 0.0099895 0.0000000 0.0563036 0.1819972 0.0781758 0.0000000 0.0000000 0.0660351 0.1796441
 22 Y  22 0.0711832 0.0000000 0.0520227 0.1611418 0.0000000 0.0267118 0.0630115 0.0520510 0.0156332 0.0000000 0.0173325 0.0000000 0.0240062 0.0246501 0.0169600 0.0965892 0.0111558 0.0257504 0.0638613 0.0845457 0.1933936
 23 S  23 0.1034788 0.0300491 0.1216732 0.1113712 0.0000000 0.0000000 0.0206414 0.0544013 0.0000000 0.0000000 0.0389866 0.0223186 0.0000000 0.0096804 0.0166509 0.1885586 0.0695959 0.0086177 0.0267932 0.0324374 0.1447458
 24 G  24 0.0612301 0.0175845 0.0279202 0.1844868 0.0000000 0.0000000 0.0319074 0.3783075 0.0000000 0.0000000 0.0000000 0.0000000 0.0000000 0.0000000 0.0291124 0.0791928 0.0455124 0.0000000 0.0000000 0.0000000 0.1447458
 25 E  25 0.0348527 0.0543618 0.0198468 0.2014114 0.0000000 0.0000000 0.0781253 0.0892420 0.0341042 0.0189554 0.0000000 0.0337781 0.0090798 0.0000000 0.0463337 0.0914890 0.0998683 0.0000000 0.0000000 0.0497526 0.1387987
 26 G  26 0.0464896 0.0182025 0.0510502 0.0793333 0.0000000 0.0470394 0.0000000 0.2084181 0.0384455 0.0155644 0.0066455 0.0480241 0.0071817 0.0000000 0.1523551 0.0310606 0.0690305 0.0000000 0.0000000 0.0551580 0.1260015
 27 A  27 0.0958031 0.0000000 0.0270339 0.0122475 0.0551917 0.0127973 0.0391700 0.0104664 0.0000000 0.0705287 0.0000000 0.0000000 0.0390157 0.0000000 0.1455663 0.1274244 0.0706390 0.0150369 0.0000000 0.1530778 0.1260015
 28 K  28 0.0363653 0.0000000 0.0438992 0.0171870 0.0000000 0.0577153 0.0346823 0.0900194 0.0000000 0.0082532 0.0333234 0.0195244 0.0000000 0.0080919 0.0000000 0.2444684 0.1823960 0.0000000 0.0096216 0.0604208 0.1540317
 29 V  29 0.0557318 0.0000000 0.0089311 0.0121319 0.0095514 0.0000000 0.0247739 0.1136037 0.0000000 0.1062836 0.3112640 0.0000000 0.0264374 0.0000000 0.0111558 0.0404672 0.0083055 0.0000000 0.0000000 0.1300094 0.1413533
 30 S  30 0.0212779 0.0322294 0.0387759 0.0122038 0.0000000 0.0094168 0.0630516 0.0274577 0.0000000 0.0000000 0.0238864 0.0426606 0.0000000 0.1013340 0.0000000 0.2937528 0.1697574 0.0000000 0.0000000 0.0381264 0.1260693
 31 T  31 0.0090798 0.0357669 0.0000000 0.0082532 0.0099201 0.0219649 0.0000000 0.0000000 0.0246977 0.0113856 0.3162526 0.0588772 0.0000000 0.1069671 0.0285519 0.0564485 0.1046472 0.0000000 0.0254375 0.0684267 0.1133231
 32 K  32 0.0824781 0.0559042 0.0143805 0.0161206 0.0000000 0.0275524 0.0718953 0.1039666 0.0000000 0.0236832 0.0000000 0.0851447 0.0218123 0.0425969 0.0130308 0.1121919 0.1707810 0.0000000 0.0000000 0.0414141 0.1170471
 33 I  33 0.0686181 0.0241319 0.0078843 0.1334192 0.0000000 0.0426970 0.1143869 0.0135679 0.0000000 0.0686789 0.0606051 0.0122038 0.0000000 0.0218526 0.0567175 0.1011867 0.0721733 0.0000000 0.0235198 0.0704371 0.1079198
 34 V  34 0.0491133 0.0934474 0.0147492 0.0539378 0.0000000 0.0410910 0.0326054 0.0547542 0.1060323 0.0064576 0.0126784 0.0087377 0.0000000 0.0000000 0.0214067 0.0390372 0.0768031 0.0071817 0.0000000 0.2669342 0.1150330
 35 S  35 0.1236331 0.0219649 0.0707986 0.0758881 0.0000000 0.0375926 0.0412713 0.0226409 0.0000000 0.0089471 0.0228746 0.1587963 0.0093460 0.0000000 0.0637655 0.2084976 0.0000000 0.0000000 0.0000000 0.0165311 0.1174522
 36 G  36 0.0963561 0.0606881 0.1324055 0.1212535 0.0243522 0.0271262 0.0202118 0.1485649 0.0094033 0.0000000 0.0000000 0.0171711 0.0000000 0.0108288 0.0197613 0.0751388 0.1077387 0.0000000 0.0087377 0.0123420 0.1079198
 37 K  37 0.2530942 0.0280436 0.0177722 0.1172536 0.0000000 0.0376064 0.0871224 0.0699586 0.0143119 0.0000000 0.0182931 0.0547876 0.0143805 0.0000000 0.0116955 0.1255556 0.0111565 0.0098438 0.0000000 0.0414975 0.0876269
 38 T  38 0.0000000 0.0143119 0.0929768 0.0153730 0.0000000 0.0113856 0.0480787 0.3536369 0.0098438 0.0216256 0.0139323 0.0108788 0.0000000 0.0071131 0.0986500 0.0829204 0.0710355 0.0000000 0.0243574 0.0362535 0.0876269
 39 G  39 0.0578688 0.0130308 0.1433421 0.0467390 0.0000000 0.0093460 0.1349123 0.1750593 0.0152839 0.0000000 0.0083111 0.0384296 0.0000000 0.0670697 0.0000000 0.0839761 0.0929968 0.0000000 0.0000000 0.0355526 0.0780818
 40 N  40 0.0087992 0.0000000 0.0689216 0.0229296 0.0000000 0.0233238 0.0266817 0.3369936 0.0111558 0.0139323 0.0069121 0.1390539 0.0149974 0.0000000 0.0644757 0.0118423 0.0100823 0.0000000 0.1617732 0.0122475 0.0658780
 41 G  41 0.2833750 0.0249938 0.0152839 0.0348842 0.0000000 0.0175845 0.0342001 0.3120523 0.0000000 0.0000000 0.0121319 0.0411950 0.0000000 0.0000000 0.0000000 0.0776411 0.0433971 0.0000000 0.0000000 0.0373829 0.0658780
 42 M  42 0.0506625 0.0000000 0.0243522 0.0398052 0.0000000 0.0204590 0.0000000 0.0409684 0.0000000 0.0265119 0.2873473 0.0563768 0.1218021 0.1587084 0.0000000 0.0175269 0.0139323 0.0127463 0.0532423 0.0096804 0.0658780
 43 E  43 0.1630499 0.1009205 0.0337591 0.0000000 0.0733265 0.0454414 0.1009841 0.0000000 0.0000000 0.0089046 0.0089471 0.1208947 0.0000000 0.0000000 0.0000000 0.0994053 0.0610372 0.0000000 0.0000000 0.1174515 0.0658780
 44 V  44 0.0000000 0.0000000 0.0000000 0.0000000 0.0000000 0.0145587 0.0000000 0.0533415 0.0195252 0.0818662 0.2976507 0.0000000 0.0441023 0.2254301 0.0000000 0.0603409 0.0089046 0.0000000 0.0905844 0.0378175 0.0658780
 45 S  45 0.1545800 0.0329974 0.0243522 0.1406361 0.0000000 0.0375653 0.0476333 0.0000000 0.0285715 0.0603409 0.0195143 0.1273644 0.0000000 0.0000000 0.0000000 0.1170071 0.1126472 0.0000000 0.0000000 0.0309124 0.0658780
 46 Y  46 0.0219649 0.0903121 0.0000000 0.0000000 0.0000000 0.0000000 0.0000000 0.1246083 0.0000000 0.0687347 0.0890504 0.0139323 0.0000000 0.0358278 0.0000000 0.0195143 0.0104664 0.0094033 0.3888663 0.0614412 0.0658780
 47 T  47 0.0551909 0.0332374 0.1142409 0.1584149 0.0000000 0.0105917 0.0516106 0.0253179 0.0000000 0.0000000 0.0000000 0.0488956 0.0000000 0.0000000 0.0332930 0.1208055 0.2371124 0.0000000 0.0000000 0.0335691 0.0777203
 48 G  48 0.0350989 0.0266862 0.0185565 0.0216718 0.0000000 0.0000000 0.0091209 0.0588727 0.0000000 0.0844769 0.1444390 0.0565755 0.0219649 0.1603503 0.0000000 0.0130308 0.0358059 0.0000000 0.1275452 0.0952871 0.0905176
 49 T  49 0.1169865 0.0175845 0.1679615 0.1111951 0.0000000 0.0000000 0.0200567 0.1111166 0.0000000 0.0000000 0.0243522 0.0552325 0.0000000 0.0126784 0.0000000 0.1627870 0.0901389 0.0000000 0.0000000 0.0415326 0.0683776
 50 T  50 0.0930420 0.0122475 0.0536048 0.0104664 0.0126784 0.0000000 0.0121313 0.0675827 0.0000000 0.1012566 0.0645250 0.0143805 0.0000000 0.0813569 0.0264666 0.1710347 0.1383628 0.0143679 0.0113707 0.0467476 0.0683776
 51 D  51 0.1294164 0.0000000 0.0844756 0.0807022 0.0000000 0.0253426 0.0768785 0.2103062 0.0123012 0.0000000 0.0071817 0.0069121 0.0000000 0.0000000 0.0113707 0.2161414 0.0824361 0.0000000 0.0000000 0.0000000 0.0565353
 52 G  52 0.0747952 0.0175845 0.0481419 0.0605515 0.0000000 0.0253662 0.0391304 0.5023319 0.0000000 0.0000000 0.0126784 0.0000000 0.0000000 0.0000000 0.0000000 0.0690701 0.0245693 0.0000000 0.0000000 0.0089046 0.1168762
 53 Y  53 0.0106404 0.0126784 0.0093460 0.0123420 0.0000000 0.0000000 0.0000000 0.0000000 0.0000000 0.0000000 0.0000000 0.0000000 0.0000000 0.1308238 0.0000000 0.0369199 0.0000000 0.2942186 0.3666098 0.0000000 0.1264212
 54 W  54 0.2466471 0.0000000 0.0113707 0.0000000 0.0228202 0.0082869 0.0000000 0.1805685 0.0000000 0.0187272 0.0272844 0.0000000 0.0000000 0.0116955 0.0106404 0.0886896 0.0687953 0.0570770 0.0217622 0.1087589 0.1168762
 55 G  55 0.0000000 0.0000000 0.0425388 0.0759267 0.0000000 0.0150369 0.0118423 0.6292053 0.0000000 0.0126784 0.0000000 0.0000000 0.0000000 0.0143119 0.0000000 0.0639990 0.0175845 0.0000000 0.0000000 0.0000000 0.1168762
 56 T  56 0.0597064 0.0468381 0.0000000 0.0000000 0.0000000 0.0000000 0.0216824 0.0122038 0.0000000 0.1291793 0.0330743 0.0000000 0.0331756 0.2018986 0.0000000 0.0000000 0.0490621 0.0000000 0.0045726 0.2917306 0.1168762
 57 V  57 0.1052500 0.0642097 0.0583546 0.0000000 0.0000000 0.0516924 0.0411885 0.0803232 0.0000000 0.0480889 0.0000000 0.0301119 0.0105917 0.0000000 0.0126784 0.1184028 0.1882626 0.0000000 0.0000000 0.0739691 0.1168762
 58 Y  58 0.0121319 0.1496333 0.0374774 0.0092244 0.0000000 0.0323206 0.0000000 0.0089046 0.1492064 0.0523710 0.1025814 0.2379456 0.0000000 0.0000000 0.0000000 0.0093427 0.0487275 0.0000000 0.0226166 0.0106404 0.1168762
 59 S  59 0.0499206 0.0421052 0.1881277 0.1370227 0.0000000 0.0218477 0.0393442 0.0258756 0.0000000 0.0106404 0.0433970 0.0266786 0.0082532 0.0303931 0.0697159 0.1156019 0.0291141 0.0233238 0.0217622 0.0000000 0.1168762
 60 L  60 0.0095450 0.0000000 0.0000000 0.0127463 0.0000000 0.0181289 0.0000000 0.0255582 0.0099201 0.0472479 0.4190764 0.0122038 0.0506676 0.1437193 0.0000000 0.0000000 0.0170913 0.0000000 0.0772351 0.0399838 0.1168762
 61 P  61 0.0541667 0.0222213 0.0253727 0.0483034 0.0000000 0.0243522 0.0095096 0.1484897 0.0000000 0.0000000 0.0179117 0.0197361 0.0127463 0.0152839 0.2783336 0.1284659 0.0532798 0.0000000 0.0000000 0.0303289 0.1114983
 62 D  62 0.0493111 0.0222234 0.0692231 0.1001050 0.0122038 0.0203884 0.0653192 0.1653213 0.0282957 0.0123420 0.0456347 0.0257386 0.0000000 0.0143119 0.2301120 0.0525075 0.0390713 0.0000000 0.0000000 0.0180960 0.0297950
 63 G  63 0.1125730 0.1232869 0.0300340 0.0000000 0.0000000 0.1428706 0.0958348 0.0564964 0.0387180 0.0069121 0.0573629 0.0723701 0.0071817 0.0338322 0.0000000 0.0410057 0.0116955 0.0000000 0.0093427 0.1108864 0.0495970
 64 D  64 0.0000000 0.0000000 0.1428350 0.7239990 0.0000000 0.0000000 0.0000000 0.0000000 0.0000000 0.0143805 0.0000000 0.0113244 0.0121313 0.0000000 0.0000000 0.0244537 0.0118423 0.0000000 0.0113856 0.0143119 0.0333361
 65 W  65 0.0841518 0.0000000 0.0000000 0.0000000 0.0000000 0.0000000 0.0000000 0.0000000 0.0000000 0.0113244 0.1733685 0.0000000 0.0000000 0.0590358 0.0256975 0.0000000 0.0000000 0.5583969 0.0412790 0.0257520 0.0209941
 66 S  66 0.0535968 0.0386890 0.0000000 0.0118423 0.0000000 0.0235316 0.0459856 0.0000000 0.0000000 0.0000000 0.0000000 0.0102696 0.0000000 0.0000000 0.0000000 0.6618220 0.1218344 0.0111558 0.0000000 0.0094168 0.0118560
 67 K  67 0.2115449 0.0312936 0.0936263 0.0896057 0.0000000 0.0205841 0.0656282 0.2872649 0.0000000 0.0000000 0.0000000 0.0711023 0.0000000 0.0000000 0.0171690 0.0577863 0.0374697 0.0000000 0.0000000 0.0050689 0.0118560
 68 W  68 0.0336346 0.0227633 0.0283814 0.0000000 0.0108788 0.0198935 0.0288753 0.0215622 0.0853580 0.0000000 0.0150369 0.0460803 0.0000000 0.1938526 0.0000000 0.0047128 0.0323635 0.0400281 0.4047227 0.0000000 0.0118560
 69 L  69 0.0102696 0.0235450 0.1562537 0.2176020 0.0000000 0.0420991 0.0959417 0.0440754 0.0328685 0.0000000 0.0207089 0.1454180 0.0000000 0.0000000 0.0000000 0.0643459 0.0860209 0.0366533 0.0123420 0.0000000 0.0118560
 70 K  70 0.1672999 0.0122475 0.0000000 0.0000000 0.0000000 0.0271108 0.0095324 0.6024511 0.0000000 0.0152839 0.0000000 0.0461362 0.0000000 0.0000000 0.0000000 0.0517406 0.0211691 0.0000000 0.0000000 0.0094751 0.0375535
 71 I  71 0.0000000 0.0000000 0.0000000 0.0000000 0.0000000 0.0000000 0.0000000 0.0000000 0.0000000 0.3785844 0.3932506 0.0000000 0.0096216 0.0993687 0.0000000 0.0000000 0.0000000 0.0000000 0.0000000 0.1073189 0.0118560
 72 S  72 0.0523443 0.1901525 0.0235021 0.0220914 0.0100823 0.1046292 0.1352332 0.0096216 0.0108288 0.0000000 0.0421031 0.0480492 0.0243522 0.0000000 0.0000000 0.2402212 0.0525299 0.0000000 0.0000000 0.0224031 0.0118560
 73 F  73 0.0272844 0.0000000 0.0000000 0.0000000 0.0000000 0.0000000 0.0000000 0.0000000 0.0000000 0.0695352 0.3048739 0.0000000 0.0292728 0.5134803 0.0000000 0.0000000 0.0000000 0.0000000 0.0175845 0.0261128 0.0118560
 74 D  74 0.0000000 0.2147223 0.0100739 0.1126017 0.0000000 0.0300491 0.0216924 0.0000000 0.0000000 0.0000000 0.0305651 0.0102696 0.0000000 0.0212695 0.0000000 0.0000000 0.0242468 0.4416521 0.0480035 0.0000000 0.0348541
 75 I  75 0.0416103 0.0000000 0.0000000 0.0000000 0.0000000 0.0000000 0.0000000 0.0000000 0.0000000 0.1069422 0.2329804 0.0000000 0.0552353 0.0197874 0.0000000 0.0000000 0.0000000 0.0718879 0.0685736 0.3605576 0.0424254
 76 K  76 0.0194792 0.1636468 0.0286257 0.0550448 0.0000000 0.0162416 0.0228300 0.0096216 0.0000000 0.0000000 0.0228513 0.3561515 0.0000000 0.0476046 0.0458979 0.0000000 0.0288011 0.0000000 0.0855978 0.0000000 0.0976061
 77 S  77 0.0970638 0.0000000 0.0727827 0.0000000 0.0000000 0.0000000 0.0000000 0.2394642 0.0094033 0.0275281 0.0612013 0.0000000 0.0000000 0.0000000 0.0000000 0.1231386 0.0380934 0.0000000 0.0000000 0.0078843 0.3234403
 78 V  78 0.0306869 0.0229888 0.0325011 0.0298659 0.0000000 0.0118465 0.0863891 0.0088009 0.0000000 0.0102696 0.0000000 0.0108288 0.0000000 0.0000000 0.2647925 0.0078297 0.0221619 0.0000000 0.0000000 0.0325258 0.4285122
 79 D  79 0.0444035 0.0123012 0.0369286 0.3616092 0.0000000 0.0000000 0.0337681 0.0439895 0.0000000 0.0000000 0.0000000 0.0329973 0.0000000 0.0000000 0.0531455 0.0702023 0.0374535 0.0000000 0.0000000 0.0219620 0.2512394
 80 G  80 0.1220031 0.0000000 0.0402271 0.0175845 0.0000000 0.0000000 0.0000000 0.6293331 0.0103680 0.0000000 0.0167299 0.0135679 0.0000000 0.0000000 0.0152839 0.0466304 0.0179120 0.0000000 0.0000000 0.0000000 0.0703600
 81 S  81 0.0704805 0.0177409 0.0870286 0.1846188 0.0000000 0.0147687 0.0297159 0.0667180 0.0095514 0.0000000 0.0000000 0.0601979 0.0073104 0.0123012 0.0434990 0.2942593 0.0442320 0.0000000 0.0210048 0.0000000 0.0365726
 82 A  82 0.0641803 0.0187758 0.1234108 0.0367466 0.0000000 0.0203205 0.0164550 0.5067001 0.0000000 0.0000000 0.0175845 0.0375392 0.0152839 0.0000000 0.0357574 0.0000000 0.0389580 0.0243522 0.0091382 0.0106404 0.0241571
 83 N  83 0.0111558 0.1630469 0.1502390 0.0297917 0.0000000 0.2108172 0.0143805 0.0000000 0.0357820 0.0000000 0.0589433 0.1187524 0.0125274 0.0080919 0.0143119 0.0369482 0.0218317 0.0000000 0.0534057 0.0380363 0.0219382
 84 E  84 0.0417683 0.2287137 0.0237106 0.0639679 0.0000000 0.0630145 0.0330329 0.0315265 0.0103680 0.0000000 0.0116955 0.2192356 0.0000000 0.0000000 0.0339292 0.1001367 0.1069957 0.0000000 0.0000000 0.0200489 0.0118560
 85 I  85 0.0088009 0.0000000 0.0286924 0.0000000 0.0000000 0.0000000 0.0000000 0.0156332 0.0000000 0.1495201 0.3599203 0.0000000 0.0376001 0.0784706 0.0000000 0.0000000 0.0228144 0.0000000 0.1736860 0.1013106 0.0235515
 86 R  86 0.0512146 0.0319311 0.0935780 0.0145587 0.0000000 0.0411445 0.0095450 0.0306933 0.0045726 0.0393962 0.0361845 0.1302915 0.0000000 0.0151512 0.0257418 0.1069965 0.1800380 0.0000000 0.0000000 0.1771066 0.0118560
 87 F  87 0.0000000 0.0000000 0.0000000 0.0000000 0.0000000 0.0000000 0.0000000 0.0000000 0.0000000 0.1896176 0.2594880 0.0000000 0.0000000 0.2845067 0.0000000 0.0000000 0.0127973 0.0000000 0.0116955 0.2187146 0.0231804
 88 M  88 0.0139323 0.1031766 0.0363496 0.0287654 0.0000000 0.3747578 0.1275769 0.0225977 0.0000000 0.0568822 0.0099201 0.0339972 0.0280210 0.0157909 0.0000000 0.0395835 0.0314373 0.0000000 0.0000000 0.0188952 0.0583161
 89 I  89 0.0160983 0.0000000 0.0000000 0.0177134 0.0000000 0.0092244 0.0000000 0.0000000 0.0000000 0.3802340 0.2297972 0.0000000 0.0354789 0.0652850 0.0000000 0.0000000 0.0234377 0.0000000 0.0000000 0.1899994 0.0327319
 90 A  90 0.0202356 0.1708976 0.0683921 0.0187694 0.0000000 0.0783065 0.0200955 0.0078450 0.0455469 0.0100823 0.0106404 0.2452593 0.0000000 0.0123420 0.0130308 0.0227332 0.0720042 0.0000000 0.0000000 0.0930319 0.0907873
 91 E  91 0.0481016 0.0351356 0.0211510 0.3066857 0.0000000 0.0000000 0.1472756 0.0000000 0.0126784 0.0186212 0.0143805 0.0000000 0.0202322 0.0143119 0.0379484 0.0827412 0.0394066 0.0000000 0.0121313 0.0493826 0.1398161
 92 K  92 0.0501057 0.0175845 0.0381414 0.1046660 0.0000000 0.0225986 0.0089471 0.3131931 0.0000000 0.0143805 0.0102696 0.0686989 0.0000000 0.0127973 0.0088009 0.0361641 0.0577602 0.0000000 0.0139323 0.0331651 0.1887946
 93 S  93 0.0471234 0.0303195 0.0203884 0.0286924 0.0000000 0.0152839 0.0000000 0.3607324 0.0139323 0.0000000 0.0000000 0.0202248 0.0000000 0.0000000 0.0439236 0.1526372 0.0573729 0.0000000 0.0000000 0.0000000 0.2093692
 94 I  94 0.1129078 0.0142439 0.1241053 0.0196868 0.0000000 0.0000000 0.0184795 0.0127973 0.0328685 0.0339835 0.0320979 0.0777319 0.0000000 0.0235572 0.0346361 0.0317165 0.0842645 0.0191898 0.0197361 0.0810579 0.2269397
 95 N  95 0.0322035 0.0126784 0.0979579 0.2484156 0.0091382 0.0143679 0.0360671 0.0000000 0.0302427 0.0284572 0.0304597 0.0220503 0.0000000 0.0093427 0.0100823 0.0705146 0.0236183 0.0164358 0.0226531 0.0276092 0.2577056
 96 G  96 0.0123164 0.0424135 0.0000000 0.0458408 0.0000000 0.0000000 0.0194430 0.2708499 0.0000000 0.0121319 0.0127973 0.0143679 0.0091273 0.1228981 0.0675430 0.0000000 0.0091382 0.0398918 0.0474327 0.0073111 0.2664971
 97 V  97 0.0189779 0.0091209 0.0127463 0.0964189 0.0000000 0.0089046 0.2752117 0.0955051 0.0121313 0.0212722 0.0121319 0.0000000 0.0089311 0.0000000 0.0000000 0.0723026 0.0569282 0.0000000 0.0000000 0.0732455 0.2261718
 98 G  98 0.2376038 0.0095450 0.0143119 0.0794079 0.0000000 0.0143805 0.0367534 0.1479684 0.0223884 0.0000000 0.0104664 0.0395842 0.0122871 0.0337802 0.0000000 0.0197447 0.0848234 0.0204491 0.0147687 0.0677265 0.1340104
 99 D  99 0.0216774 0.0093724 0.0287404 0.2163475 0.0000000 0.0409589 0.0509629 0.0000000 0.0096804 0.0000000 0.0271701 0.0122038 0.0127973 0.0252593 0.0000000 0.1895981 0.0446983 0.0000000 0.1683755 0.0339258 0.1082319
100 G 100 0.0494955 0.0103934 0.0417860 0.0150369 0.0210047 0.0152839 0.0222692 0.2752660 0.0143119 0.0103680 0.0498170 0.0108788 0.0000000 0.0694611 0.0919977 0.0449285 0.0239053 0.0139323 0.0000000 0.0095450 0.2103188
101 E 101 0.0104664 0.0127463 0.0276092 0.0916928 0.0000000 0.0460816 0.3150973 0.0427383 0.0098438 0.0523793 0.0000000 0.0449752 0.0000000 0.0000000 0.0096804 0.0892359 0.0122038 0.0293488 0.0186887 0.0623500 0.1248621
102 H 102 0.0487453 0.1070174 0.0000000 0.0430406 0.0000000 0.0227358 0.0185624 0.0329765 0.0561034 0.0429046 0.2109368 0.0439157 0.0000000 0.0243796 0.0164075 0.0294594 0.0193170 0.0237276 0.1190429 0.0482816 0.0924459
103 W 103 0.0000000 0.0000000 0.0000000 0.0000000 0.0000000 0.0143119 0.0108288 0.0125274 0.0000000 0.0000000 0.0000000 0.0000000 0.0000000 0.3080648 0.0000000 0.0224993 0.0000000 0.3155907 0.2175951 0.0000000 0.0985819
104 V 104 0.0763695 0.0598186 0.0612011 0.0342267 0.0164358 0.0496362 0.1376813 0.0000000 0.0122871 0.0317033 0.0573183 0.0091209 0.0126784 0.0118423 0.0000000 0.0583765 0.1763712 0.0000000 0.0083055 0.0778296 0.1087978
105 Y 105 0.2171656 0.0152839 0.0113856 0.0282815 0.0074887 0.0348179 0.0000000 0.0095450 0.0421824 0.0129885 0.0278342 0.0383274 0.0000000 0.0308073 0.0000000 0.0797317 0.2066386 0.0000000 0.0838937 0.0527996 0.1008284
106 S 106 0.0000000 0.0688547 0.0243522 0.0493924 0.0000000 0.1025921 0.0597313 0.0233738 0.0000000 0.0280162 0.0230970 0.0192541 0.0073265 0.0267628 0.0373282 0.2433007 0.1342326 0.0000000 0.0225058 0.0203135 0.1095661
107 I 107 0.0440365 0.0218057 0.0103680 0.0000000 0.0000000 0.0000000 0.0000000 0.0143679 0.0000000 0.0595909 0.0913733 0.0143805 0.0118423 0.3662803 0.0083055 0.0293395 0.0000000 0.0000000 0.0683244 0.1686664 0.0913189
108 T 108 0.0817802 0.0130308 0.0586168 0.0813592 0.0000000 0.0113244 0.0405670 0.1058361 0.0000000 0.0179264 0.0235894 0.0806743 0.0000000 0.0000000 0.0390700 0.0091647 0.2800617 0.0000000 0.0233562 0.0586253 0.0750174
109 P 109 0.1005143 0.0000000 0.0088821 0.1782721 0.0000000 0.0272607 0.0349438 0.0329340 0.0000000 0.0392990 0.1100542 0.0463505 0.0000000 0.0379013 0.0433326 0.0467122 0.1282343 0.0000000 0.0000000 0.1352457 0.0300632
110 D 110 0.0444126 0.0234773 0.0697591 0.2044079 0.0000000 0.0157998 0.0312141 0.1803719 0.0000000 0.0091209 0.0088821 0.0725594 0.0000000 0.0000000 0.1225455 0.0562569 0.0930288 0.0000000 0.0091647 0.0177284 0.0412706
111 S 111 0.0345881 0.0000000 0.0231667 0.1661924 0.0000000 0.0091789 0.0815757 0.0455078 0.0000000 0.0000000 0.0000000 0.1174647 0.0000000 0.0000000 0.0509975 0.1112758 0.2917467 0.0000000 0.0103145 0.0264010 0.0315902
112 S 112 0.0488743 0.0078297 0.0123420 0.0392049 0.0091382 0.0512903 0.1414712 0.4635067 0.0000000 0.0083111 0.0192606 0.0194423 0.0000000 0.0094033 0.0111558 0.0519246 0.0371118 0.0000000 0.0000000 0.0121313 0.0576017
113 W 113 0.0842308 0.0135679 0.0000000 0.0000000 0.0000000 0.0000000 0.0452266 0.0270039 0.0000000 0.0000000 0.0000000 0.0107843 0.0000000 0.0345125 0.0836430 0.0111558 0.0000000 0.6407509 0.0000000 0.0094168 0.0397075
114 K 114 0.0571637 0.1082970 0.0152839 0.0000000 0.0118423 0.1537965 0.0229480 0.0408612 0.0836215 0.0578528 0.0000000 0.1696984 0.0298435 0.0000000 0.0135679 0.0064576 0.1366806 0.0000000 0.0122475 0.0401302 0.0397075
115 T 115 0.0196113 0.0276478 0.0089471 0.0204374 0.0000000 0.1516853 0.0855245 0.0000000 0.0233758 0.0239712 0.1416287 0.0143679 0.0000000 0.0268855 0.0395427 0.0590945 0.2478561 0.0168154 0.0179021 0.0535098 0.0211968
116 I 116 0.0122475 0.0000000 0.0000000 0.0000000 0.0000000 0.0000000 0.0161954 0.0000000 0.0000000 0.2548554 0.0829110 0.0000000 0.0000000 0.0523898 0.0000000 0.0000000 0.0000000 0.0000000 0.0000000 0.5678331 0.0135679
117 E 117 0.0108788 0.1662286 0.0235563 0.0523559 0.0000000 0.0469138 0.2518656 0.0000000 0.0245883 0.0320022 0.0188762 0.0557625 0.0000000 0.0000000 0.0000000 0.1039804 0.1429517 0.0000000 0.0000000 0.0441299 0.0259099
118 I 118 0.0156332 0.0000000 0.0000000 0.0000000 0.0000000 0.0000000 0.0000000 0.0000000 0.0000000 0.5098248 0.1907943 0.0000000 0.0252420 0.0100823 0.0000000 0.0000000 0.0174169 0.0000000 0.0000000 0.1937111 0.0372955
119 P 119 0.0239967 0.0000000 0.0113707 0.0000000 0.0000000 0.0000000 0.0094168 0.0266040 0.0000000 0.0000000 0.0000000 0.0000000 0.0000000 0.0000000 0.8330752 0.0265124 0.0086177 0.0000000 0.0000000 0.0087992 0.0516073
120 F 120 0.0000000 0.0000000 0.0000000 0.0000000 0.0000000 0.0000000 0.0000000 0.0000000 0.0000000 0.0175845 0.0664407 0.0000000 0.0000000 0.7849008 0.0000000 0.0000000 0.0000000 0.0529548 0.0143805 0.0000000 0.0637387
121 S 121 0.1245460 0.0443447 0.0750539 0.0441190 0.0000000 0.0328685 0.0540105 0.0364118 0.0250410 0.0000000 0.0000000 0.0238908 0.0000000 0.0000000 0.0174169 0.3488741 0.0812735 0.0000000 0.0000000 0.0284108 0.0637387
122 S 122 0.0623725 0.0172174 0.0361862 0.1881531 0.0000000 0.0994542 0.1235526 0.0303475 0.0178031 0.0000000 0.0069121 0.0478178 0.0127973 0.0102696 0.0000000 0.2614805 0.0342395 0.0000000 0.0000000 0.0000000 0.0513967
123 F 123 0.0000000 0.0000000 0.0094751 0.0000000 0.0000000 0.0000000 0.0122871 0.0000000 0.0000000 0.0328685 0.1016705 0.0000000 0.0000000 0.7553909 0.0000000 0.0000000 0.0000000 0.0095324 0.0494268 0.0150369 0.0143119
124 R 124 0.1373054 0.1411706 0.0285149 0.0233117 0.0000000 0.0145784 0.0095450 0.0181120 0.0000000 0.0556129 0.0122871 0.1239590 0.0000000 0.0303918 0.0000000 0.0218547 0.1216351 0.0000000 0.0214284 0.1990963 0.0411967
125 R 125 0.1057972 0.0858889 0.0186995 0.0000000 0.0000000 0.0660210 0.0208695 0.0551917 0.0219331 0.0091273 0.0559269 0.0699291 0.0069121 0.0135679 0.1304444 0.0264891 0.0236727 0.0174169 0.1050946 0.0467944 0.1202239
126 R 126 0.1931254 0.3032036 0.0000000 0.0279830 0.0000000 0.0122871 0.0181289 0.0296614 0.0000000 0.0121313 0.0094751 0.0583074 0.0000000 0.0445064 0.1082487 0.0425253 0.0167267 0.0000000 0.0220890 0.0000000 0.1016005
127 L 127 0.0496209 0.0113244 0.0243739 0.0212586 0.0000000 0.0444272 0.0100823 0.0917009 0.0207890 0.0000000 0.0103155 0.0073104 0.0099201 0.0195143 0.2450276 0.1202204 0.1734564 0.0000000 0.0270562 0.0127463 0.1008556
128 D 128 0.0515097 0.0195143 0.0188952 0.1136727 0.0121313 0.0247590 0.0092244 0.0691853 0.0123012 0.0338099 0.0089471 0.0089046 0.0192314 0.0232750 0.0000000 0.0505140 0.0000000 0.2720582 0.0384287 0.0846061 0.1290318
129 Y 129 0.0254677 0.0337311 0.0216998 0.1112775 0.0000000 0.0366097 0.0371893 0.1058313 0.0000000 0.0000000 0.0204005 0.0346261 0.0000000 0.0525916 0.0275945 0.0345124 0.0407063 0.0418466 0.1709985 0.0000000 0.2049169
130 Q 130 0.0225537 0.0593596 0.0278107 0.1020879 0.0000000 0.1957594 0.0095450 0.0548798 0.0000000 0.0113244 0.0000000 0.0421976 0.0000000 0.0000000 0.0272724 0.1083425 0.0646537 0.0237870 0.0126784 0.0000000 0.2377479
131 P 131 0.2175076 0.0093427 0.0185680 0.0201714 0.0125274 0.0000000 0.0334676 0.0705993 0.0103680 0.0000000 0.0000000 0.0000000 0.0126784 0.0000000 0.2657484 0.0209696 0.0219182 0.0000000 0.0000000 0.0103934 0.2757399
132 P 132 0.0739273 0.0230107 0.0262207 0.0203571 0.0000000 0.0743718 0.0366433 0.0179901 0.0292086 0.0270472 0.0000000 0.0168346 0.0000000 0.0091382 0.1562613 0.0415888 0.0250843 0.0613246 0.0092244 0.1150184 0.2367486
133 G 133 0.0887255 0.0170337 0.0596228 0.0837820 0.0000000 0.0152226 0.0207614 0.2842586 0.0091273 0.0000000 0.0150369 0.0000000 0.0000000 0.0000000 0.0740547 0.0417760 0.0648967 0.0000000 0.0000000 0.0147687 0.2109332
134 Q 134 0.1523628 0.0286048 0.0000000 0.0564395 0.0125274 0.0587233 0.0092244 0.0940855 0.0147687 0.0000000 0.0477202 0.0328498 0.0000000 0.0746654 0.0746126 0.0548047 0.0159140 0.0328275 0.0000000 0.0385115 0.2013577
135 D 135 0.0581335 0.0199004 0.0460487 0.2469740 0.0000000 0.0000000 0.0317985 0.1497048 0.0121313 0.0094033 0.0000000 0.0278695 0.0000000 0.0000000 0.1241907 0.0650582 0.0512744 0.0000000 0.0000000 0.0384585 0.1190544
136 M 136 0.1134962 0.0267344 0.0495194 0.0417650 0.0104664 0.0000000 0.0302042 0.1332935 0.0123012 0.1294657 0.0228296 0.0694213 0.0103155 0.0000000 0.0447617 0.0413726 0.0585206 0.0106404 0.0121313 0.0530940 0.1296669
137 S 137 0.0225983 0.0197358 0.1325565 0.2702791 0.0000000 0.0000000 0.0093427 0.0491921 0.0000000 0.0093724 0.0520487 0.0222078 0.0255239 0.0000000 0.0118423 0.1675967 0.1055454 0.0000000 0.0000000 0.0095229 0.0926354
138 G 138 0.1068982 0.1199185 0.0390029 0.0331444 0.0000000 0.0668375 0.0646946 0.2197855 0.0247144 0.0267746 0.0000000 0.1197700 0.0122871 0.0125274 0.0121319 0.0404680 0.0391442 0.0000000 0.0000000 0.0000000 0.0619008
139 T 139 0.0420729 0.0386524 0.0241434 0.0350906 0.0000000 0.0284828 0.0693099 0.0000000 0.0000000 0.1092798 0.0615482 0.0439169 0.0236251 0.0000000 0.0851879 0.0270589 0.1798079 0.0122475 0.0000000 0.1250597 0.0945160
140 L 140 0.0844172 0.0288511 0.0000000 0.0095324 0.0098438 0.0113707 0.0188931 0.0127973 0.0000000 0.0309526 0.4147579 0.0054032 0.0495252 0.1680226 0.0000000 0.0000000 0.0533266 0.0000000 0.0186255 0.0329475 0.0507333
141 D 141 0.0267400 0.0671375 0.0735327 0.4834458 0.0000000 0.0529429 0.0222357 0.0714978 0.0083055 0.0000000 0.0113707 0.0127973 0.0000000 0.0000000 0.0000000 0.0886454 0.0361068 0.0000000 0.0000000 0.0093724 0.0358696
142 L 142 0.0374361 0.0332726 0.0000000 0.0082869 0.0000000 0.0000000 0.0000000 0.0143119 0.0000000 0.0502112 0.6329432 0.0268953 0.0000000 0.0095229 0.0992031 0.0179024 0.0203884 0.0000000 0.0000000 0.0324384 0.0171877
143 D 143 0.1155413 0.0388437 0.0510894 0.0513598 0.0000000 0.1054970 0.0311213 0.0390078 0.0000000 0.0000000 0.0106404 0.1341412 0.0000000 0.0000000 0.0000000 0.1741611 0.1791003 0.0000000 0.0192925 0.0216921 0.0285122
144 N 144 0.1445998 0.1257044 0.1302961 0.0220478 0.0093460 0.0455203 0.0901131 0.0747666 0.0089311 0.0000000 0.1301801 0.1046931 0.0000000 0.0000000 0.0000000 0.0817403 0.0128919 0.0000000 0.0000000 0.0000000 0.0191695
145 I 145 0.0169570 0.0143119 0.0000000 0.0000000 0.0000000 0.0248694 0.0000000 0.0095229 0.0000000 0.3172260 0.0660016 0.0113856 0.1781316 0.0111558 0.0000000 0.0116955 0.0082185 0.0000000 0.0000000 0.2901400 0.0403841
146 D 146 0.0323008 0.0518071 0.0150369 0.0288779 0.0000000 0.0434539 0.0637538 0.0277299 0.0122038 0.0248285 0.0237276 0.0365081 0.0000000 0.1108679 0.0000000 0.0615906 0.1394071 0.1444775 0.0334845 0.0989194 0.0510245
147 S 147 0.1150106 0.0189047 0.0152839 0.0000000 0.0000000 0.1250730 0.2305443 0.1943188 0.0000000 0.0000000 0.0000000 0.0615718 0.0000000 0.0000000 0.0000000 0.1776550 0.0209653 0.0095229 0.0000000 0.0000000 0.0311497
148 I 148 0.0000000 0.0000000 0.0000000 0.0000000 0.0000000 0.0000000 0.0000000 0.0095229 0.0000000 0.1730170 0.1432780 0.0051416 0.0360010 0.2582001 0.0000000 0.0000000 0.0000000 0.0164083 0.1753279 0.1076835 0.0754197
149 H 149 0.2245934 0.0000000 0.0976501 0.0757459 0.0000000 0.0628246 0.0395427 0.1914333 0.0202356 0.0268792 0.0000000 0.0442700 0.0000000 0.0122475 0.0000000 0.1139721 0.0113856 0.0000000 0.0000000 0.0482779 0.0309420
150 F 150 0.0000000 0.0000000 0.0000000 0.0000000 0.0000000 0.0000000 0.0355381 0.0560753 0.0000000 0.1848800 0.2207629 0.0118423 0.0239755 0.3145008 0.0000000 0.0000000 0.0000000 0.0000000 0.0091647 0.1086859 0.0345746
151 M 151 0.0744990 0.0466933 0.0174169 0.0000000 0.0000000 0.0233596 0.0811114 0.0461068 0.0123420 0.0000000 0.0696877 0.0379114 0.0788564 0.0152839 0.0095229 0.0219649 0.0882737 0.0645641 0.2453220 0.0143805 0.0527035
152 Y 152 0.0497371 0.0219649 0.0391389 0.0000000 0.0363202 0.0093460 0.0000000 0.0192470 0.0000000 0.1034624 0.2293645 0.0093724 0.0212593 0.0391260 0.0764857 0.0400385 0.0147687 0.0000000 0.0749721 0.1626929 0.0527035
153 A 153 0.0915124 0.0145587 0.1766232 0.0146240 0.0000000 0.0094751 0.0000000 0.2340728 0.0122038 0.0095450 0.0000000 0.0125274 0.0000000 0.0000000 0.2401753 0.0805626 0.0541311 0.0000000 0.0100823 0.0000000 0.0399063
154 N 154 0.0711086 0.0157909 0.0886104 0.0988043 0.0000000 0.0788090 0.0909564 0.1132844 0.0000000 0.0088009 0.0000000 0.0772432 0.0000000 0.0000000 0.0523714 0.1116686 0.1278620 0.0000000 0.0000000 0.0247838 0.0399063
155 N 155 0.1462140 0.0235572 0.0429455 0.0000000 0.0000000 0.0125274 0.0212222 0.2849757 0.0000000 0.0528378 0.0116955 0.0944167 0.0000000 0.1037434 0.0122038 0.0481807 0.0419274 0.0217622 0.0127463 0.0291378 0.0399063
156 K 156 0.1035443 0.0249291 0.0478232 0.0214703 0.0000000 0.0855832 0.0408392 0.2212205 0.0212222 0.0000000 0.0409873 0.0295242 0.0000000 0.0000000 0.0231688 0.0821480 0.0898650 0.0000000 0.0145587 0.1045922 0.0485240
157 S 157 0.1568197 0.0633151 0.0227159 0.0721928 0.0000000 0.0132466 0.0906256 0.0241855 0.0104664 0.0000000 0.0000000 0.0588917 0.0000000 0.0000000 0.1509680 0.1606887 0.0721552 0.0000000 0.0000000 0.0380118 0.0657169
158 G 158 0.0351618 0.0000000 0.0330761 0.0345227 0.0000000 0.0175845 0.0588810 0.6165687 0.0000000 0.0000000 0.0106404 0.0000000 0.0113244 0.0437671 0.0051144 0.0227363 0.0458751 0.0000000 0.0000000 0.0078297 0.0569178
159 K 159 0.0674992 0.0447860 0.0093427 0.0487901 0.0000000 0.0160591 0.0556725 0.0625531 0.0000000 0.0071131 0.0093460 0.0332636 0.0186615 0.0143119 0.0479249 0.2017681 0.2428755 0.0219649 0.0000000 0.0411503 0.0569178
160 F 160 0.0087377 0.0000000 0.0105917 0.0094751 0.0000000 0.0088821 0.0099895 0.0000000 0.0000000 0.1185852 0.2516041 0.0000000 0.0096804 0.3426239 0.0000000 0.0000000 0.0122871 0.0268357 0.0376523 0.0960390 0.0570165
161 V 161 0.0677398 0.0764486 0.0278820 0.0187272 0.0237276 0.0761462 0.0881365 0.0406407 0.0087992 0.0416406 0.0122475 0.0459961 0.0091273 0.0226338 0.0000000 0.0197090 0.0411365 0.0219354 0.2310867 0.0571343 0.0691051
162 V 162 0.0187272 0.0000000 0.0000000 0.0000000 0.0000000 0.0000000 0.0000000 0.0000000 0.0000000 0.2949808 0.1958535 0.0000000 0.0425872 0.1525312 0.0088821 0.0000000 0.0000000 0.0000000 0.0000000 0.2125768 0.0738612
163 D 163 0.0000000 0.0000000 0.0000000 0.8168151 0.0000000 0.0000000 0.0472633 0.0000000 0.0123012 0.0000000 0.0000000 0.0000000 0.0000000 0.0000000 0.0000000 0.0153531 0.0000000 0.0000000 0.0000000 0.0000000 0.1082674
164 N 164 0.0287767 0.0244739 0.1668712 0.3041225 0.0000000 0.0717746 0.0555393 0.0405532 0.0043296 0.0000000 0.0000000 0.0143805 0.0000000 0.0000000 0.0000000 0.0722205 0.0469243 0.0295447 0.0093427 0.0000000 0.1311462
165 I 165 0.0000000 0.0000000 0.0000000 0.0000000 0.0000000 0.0000000 0.0000000 0.0000000 0.0000000 0.4065057 0.1180525 0.0000000 0.0140852 0.0000000 0.0000000 0.0000000 0.0000000 0.0000000 0.0276092 0.2858156 0.1479317
166 K 166 0.0440898 0.1892838 0.0108788 0.0000000 0.0000000 0.0612134 0.1288423 0.0478220 0.0207871 0.0000000 0.0000000 0.1750804 0.0104664 0.0000000 0.0000000 0.0602400 0.0366651 0.0000000 0.0203884 0.0303208 0.1639217
167 L 167 0.1750753 0.0000000 0.0000000 0.0000000 0.0000000 0.0000000 0.0000000 0.0121319 0.0000000 0.0000000 0.4041186 0.0000000 0.0000000 0.1092375 0.0000000 0.0000000 0.0090798 0.0000000 0.0000000 0.0781021 0.2122547
168 I 168 0.0122475 0.0000000 0.0000000 0.0113707 0.0000000 0.0000000 0.0000000 0.0150369 0.0000000 0.0805458 0.0000000 0.0000000 0.0000000 0.0270384 0.0000000 0.0000000 0.0614195 0.0000000 0.3763010 0.1213208 0.2947193
169 G 169 0.0218997 0.0222234 0.0702985 0.0453139 0.0000000 0.0000000 0.0000000 0.2142466 0.0000000 0.0000000 0.0083111 0.0430813 0.0000000 0.0000000 0.0111558 0.0296537 0.0091209 0.0000000 0.0000000 0.0000000 0.5246949
170 A 170 0.0427679 0.0460293 0.0172423 0.0685282 0.0000000 0.0243522 0.0513191 0.0000000 0.0000000 0.0000000 0.0224475 0.0584420 0.0000000 0.0150369 0.0000000 0.0677096 0.0044961 0.0000000 0.0000000 0.0145587 0.5670703
171 L 171 0.1235871 0.0480241 0.0000000 0.0000000 0.0000000 0.0000000 0.0194354 0.0513127 0.0000000 0.0000000 0.0211943 0.0100739 0.0000000 0.0000000 0.0800793 0.0089311 0.0000000 0.0000000 0.0000000 0.0000000 0.6373622
172 E 172 0.0000000 0.0000000 0.0000000 0.0896625 0.0000000 0.0655918 0.0940380 0.0000000 0.0000000 0.0000000 0.0000000 0.0000000 0.0000000 0.0000000 0.0000000 0.0000000 0.0000000 0.0000000 0.0000000 0.0000000 0.7507077
