   71         A         R         N         D         C         Q         E         G         H         I         L         K         M         F         P         S         T         W         Y         V    
  1 D   1 0.0000000 0.0000000 0.0580507 0.5258064 0.0000000 0.0000000 0.4161430 0.0000000 0.0000000 0.0000000 0.0000000 0.0000000 0.0000000 0.0000000 0.0000000 0.0000000 0.0000000 0.0000000 0.0000000 0.0000000
  2 T   2 0.0102418 0.1825425 0.0201487 0.0202673 0.0029002 0.1060691 0.0350488 0.0212590 0.0179058 0.0073066 0.0057201 0.1299404 0.0122584 0.0000000 0.0729117 0.0769002 0.2646686 0.0000000 0.0000000 0.0139107
  3 D   3 0.0024069 0.0000000 0.0325635 0.4559880 0.0000000 0.0096917 0.3584218 0.0195973 0.0048281 0.0000000 0.0895320 0.0042649 0.0000000 0.0000000 0.0032097 0.0089599 0.0000000 0.0000000 0.0105360 0.0000000
  4 S   4 0.0191109 0.0879874 0.0710439 0.0075479 0.0000000 0.2262809 0.1032387 0.0060845 0.0058466 0.0060362 0.0057492 0.0447763 0.0031439 0.0051203 0.0547643 0.2361503 0.0955320 0.0000000 0.0099367 0.0116500
  5 E   5 0.0132762 0.0355556 0.0045035 0.1010685 0.0000000 0.0349538 0.4352062 0.0030856 0.0000000 0.0851926 0.0525887 0.1436846 0.0362805 0.0000000 0.0063301 0.0049979 0.0075103 0.0000000 0.0067635 0.0290025
  6 E   6 0.0679602 0.0193744 0.0272400 0.1331594 0.0000000 0.1128271 0.5174615 0.0141137 0.0036783 0.0013896 0.0048492 0.0596692 0.0016390 0.0000000 0.0017636 0.0205663 0.0092302 0.0000000 0.0000000 0.0050782
  7 E   7 0.0025235 0.0053205 0.0263729 0.1079620 0.0016964 0.0317181 0.6499127 0.0045668 0.0914877 0.0144899 0.0055341 0.0163129 0.0089466 0.0000000 0.0000000 0.0084944 0.0022019 0.0000000 0.0061054 0.0163542
  8 I   8 0.0016235 0.0027128 0.0000000 0.0000000 0.0067653 0.0000000 0.0016509 0.0000000 0.0000000 0.2597269 0.4802457 0.0000000 0.0439719 0.1402997 0.0000000 0.0016787 0.0062534 0.0000000 0.0355322 0.0195390
  9 R   9 0.0190272 0.3370737 0.0035276 0.0010395 0.0012578 0.0456261 0.0194761 0.0022520 0.0183414 0.0231522 0.0508287 0.3415359 0.0229835 0.0282642 0.0030602 0.0047914 0.0098055 0.0129692 0.0310465 0.0239411
 10 E  10 0.0881284 0.0548593 0.0134207 0.0898949 0.0000000 0.0470090 0.4752642 0.0068275 0.0071412 0.0040761 0.0093251 0.1517346 0.0081957 0.0052032 0.0000000 0.0085497 0.0185258 0.0036084 0.0011282 0.0071080
 11 A  11 0.7381917 0.0017475 0.0000000 0.0034382 0.0038372 0.0027340 0.0017135 0.0246530 0.0000000 0.0319671 0.0208808 0.0000000 0.0724839 0.0000000 0.0000000 0.0087292 0.0158722 0.0000000 0.0029893 0.0707624
 12 F  12 0.0000000 0.0000000 0.0000000 0.0000000 0.0000000 0.0000000 0.0000000 0.0000000 0.0000000 0.0061490 0.0087048 0.0000000 0.0000000 0.9800456 0.0000000 0.0000000 0.0000000 0.0000000 0.0051006 0.0000000
 13 R  13 0.0612595 0.2233077 0.0454212 0.1045375 0.0086578 0.1008232 0.0669750 0.0114152 0.0222064 0.0020946 0.0140886 0.1663074 0.0159101 0.0000000 0.0000000 0.1304388 0.0158446 0.0000000 0.0034973 0.0072150
 14 V  14 0.0373514 0.0280125 0.0184414 0.0020402 0.0021453 0.0113797 0.0365399 0.0050315 0.0151533 0.0573988 0.3071592 0.0252683 0.0787548 0.0377337 0.0000000 0.0224349 0.0168544 0.0023500 0.0692674 0.2266834
 15 F  15 0.0022343 0.0000000 0.0000000 0.0000000 0.0000000 0.0000000 0.0000000 0.0000000 0.0000000 0.0580968 0.0396852 0.0000000 0.0628253 0.7799171 0.0000000 0.0064749 0.0000000 0.0000000 0.0404121 0.0103543
 16 D  16 0.0018718 0.0000000 0.0028362 0.9766410 0.0000000 0.0027638 0.0043672 0.0031409 0.0000000 0.0000000 0.0000000 0.0000000 0.0000000 0.0000000 0.0000000 0.0024881 0.0023113 0.0000000 0.0000000 0.0035798
 17 K  17 0.0411679 0.1118143 0.0069890 0.0388717 0.0000000 0.0358679 0.0301565 0.0043039 0.0164839 0.0198309 0.0299830 0.4062416 0.0194647 0.0000000 0.0102067 0.0289972 0.1632728 0.0000000 0.0000000 0.0363480
 18 D  18 0.0029050 0.0023798 0.1940060 0.6596928 0.0000000 0.0061306 0.0934532 0.0048733 0.0059202 0.0000000 0.0000000 0.0077503 0.0000000 0.0000000 0.0000000 0.0156880 0.0050427 0.0000000 0.0000000 0.0021582
 19 G  19 0.0126052 0.0339251 0.1604033 0.0135474 0.0067368 0.0467325 0.0291549 0.5242114 0.0142853 0.0031436 0.0018517 0.1150375 0.0024006 0.0000000 0.0000000 0.0336538 0.0000000 0.0000000 0.0023107 0.0000000
 20 N  20 0.0034079 0.0225025 0.2284936 0.3501479 0.0000000 0.0046112 0.0097113 0.0032821 0.0041421 0.0031100 0.0000000 0.0327830 0.0000000 0.0000000 0.0000000 0.2559594 0.0818491 0.0000000 0.0000000 0.0000000
 21 G  21 0.0000000 0.0040430 0.0087380 0.0025957 0.0000000 0.0019784 0.0026951 0.9654807 0.0015732 0.0000000 0.0000000 0.0025475 0.0000000 0.0000000 0.0000000 0.0047063 0.0016865 0.0014633 0.0024923 0.0000000
 22 Y  22 0.0283753 0.0437477 0.0114910 0.0046578 0.0266155 0.0273415 0.0140410 0.0031528 0.0219648 0.0125284 0.0280520 0.1261283 0.0104515 0.1557903 0.0000000 0.0821334 0.1463269 0.0000000 0.2250234 0.0321784
 23 I  23 0.0000000 0.0000000 0.0000000 0.0000000 0.0000000 0.0000000 0.0000000 0.0000000 0.0000000 0.8690557 0.0516891 0.0000000 0.0121905 0.0042625 0.0000000 0.0000000 0.0000000 0.0000000 0.0000000 0.0628022
 24 S  24 0.0105924 0.0018358 0.0454767 0.1105950 0.0041679 0.0021574 0.0489519 0.0209970 0.0034649 0.0024876 0.0014594 0.0104593 0.0043288 0.0000000 0.0130110 0.3303446 0.3885215 0.0000000 0.0000000 0.0011486
 25 A  25 0.2210346 0.0448512 0.0041120 0.0030964 0.0146243 0.0187538 0.0121901 0.0061172 0.0089508 0.0706348 0.0658647 0.0531602 0.0304291 0.0646044 0.0358728 0.0494904 0.1224614 0.0065948 0.0627275 0.1044294
 26 A  26 0.1355668 0.0489014 0.0251616 0.1547543 0.0012183 0.0511827 0.1957195 0.0323421 0.0379868 0.0041179 0.0231631 0.1645034 0.0041374 0.0010703 0.0051488 0.0743218 0.0277541 0.0012629 0.0011680 0.0105188
 27 E  27 0.0048111 0.0000000 0.0471359 0.0738393 0.0020862 0.0094069 0.8198992 0.0000000 0.0000000 0.0041645 0.0000000 0.0136050 0.0090139 0.0017691 0.0000000 0.0041304 0.0068804 0.0000000 0.0000000 0.0032582
 28 L  28 0.0000000 0.0056977 0.0000000 0.0000000 0.0022929 0.0000000 0.0000000 0.0000000 0.0000000 0.0551723 0.8477801 0.0000000 0.0199865 0.0266568 0.0000000 0.0000000 0.0024328 0.0000000 0.0046614 0.0353195
 29 R  29 0.0746086 0.2437691 0.0131039 0.0082304 0.0182709 0.0598015 0.0525509 0.1838213 0.0169589 0.0023229 0.0049906 0.2703461 0.0031253 0.0011777 0.0000000 0.0297108 0.0076651 0.0014877 0.0022830 0.0057753
 30 H  30 0.1048026 0.0896674 0.0368424 0.0543019 0.0078374 0.0852922 0.0810677 0.0129857 0.1017168 0.0256290 0.0153832 0.0313759 0.0088079 0.0108512 0.0000000 0.0661389 0.1284260 0.0027923 0.0260795 0.1100019
 31 V  31 0.2424667 0.0000000 0.0016809 0.0000000 0.0250591 0.0000000 0.0017286 0.1017403 0.0000000 0.0983169 0.0656613 0.0000000 0.0186771 0.0119755 0.0000000 0.0258974 0.0073378 0.0000000 0.0000000 0.3994584
 32 M  32 0.0606105 0.0034108 0.0000000 0.0000000 0.0334542 0.0000000 0.0000000 0.0000000 0.0000000 0.0342955 0.3791535 0.0000000 0.4342648 0.0269635 0.0000000 0.0059130 0.0053709 0.0018983 0.0024105 0.0122545
 33 T  33 0.0906210 0.3646663 0.0168580 0.0125883 0.0039358 0.0386356 0.0427090 0.0285660 0.0215701 0.0186256 0.0078056 0.1576272 0.0174161 0.0024616 0.0045654 0.0354446 0.1142140 0.0025055 0.0022435 0.0169407
 34 N  34 0.1731021 0.0590123 0.1119932 0.0351236 0.0115956 0.0218342 0.1322518 0.0129938 0.0082871 0.0123796 0.0176600 0.0995446 0.0154413 0.0030605 0.0037393 0.2157563 0.0588660 0.0000000 0.0018507 0.0055080
 35 L  35 0.0045319 0.0014480 0.0100608 0.0156907 0.0033403 0.0105871 0.0129373 0.0000000 0.0091059 0.0462074 0.6883493 0.0041291 0.0613965 0.0452311 0.0072123 0.0047306 0.0084460 0.0000000 0.0283993 0.0381966
 36 G  36 0.0035641 0.0091683 0.0076165 0.0364892 0.0039786 0.0023505 0.0131986 0.8811670 0.0034800 0.0038322 0.0041894 0.0034876 0.0031397 0.0018466 0.0020714 0.0107474 0.0011361 0.0000000 0.0026041 0.0059327
 37 E  37 0.0220951 0.0155305 0.0094423 0.0560878 0.0064981 0.1586890 0.2788499 0.0151338 0.0564208 0.0338725 0.0540705 0.0114924 0.0429477 0.1018528 0.0087391 0.0585565 0.0163581 0.0061579 0.0338682 0.0133370
 38 K  38 0.0429265 0.0490866 0.2112301 0.0641050 0.0060284 0.0596864 0.1060686 0.0439129 0.0235991 0.0024521 0.0140180 0.2065218 0.0296784 0.0099892 0.0455042 0.0236133 0.0490323 0.0000000 0.0078004 0.0047468
 39 L  39 0.0400084 0.0048767 0.0075614 0.0082109 0.0219015 0.0146001 0.0036309 0.0066797 0.0024316 0.0571898 0.3396248 0.0086608 0.0675184 0.0460008 0.2612874 0.0090011 0.0175814 0.0000000 0.0119211 0.0713135
 40 T  40 0.0226679 0.0247214 0.0337055 0.0749560 0.0070569 0.0026785 0.0278926 0.0215309 0.0018374 0.0062172 0.0036792 0.0840445 0.0053160 0.0025842 0.0402115 0.2101134 0.4243736 0.0000000 0.0000000 0.0064135
 41 D  41 0.0318080 0.0075826 0.0196918 0.2883022 0.0039512 0.0273902 0.3537387 0.0197867 0.0081611 0.0133707 0.0228319 0.1176146 0.0058087 0.0020418 0.0260338 0.0087389 0.0074977 0.0000000 0.0092365 0.0264129
 42 E  42 0.1939744 0.0418849 0.0162034 0.1199612 0.0023443 0.0410534 0.3174897 0.0203760 0.0032633 0.0068204 0.0066083 0.0392755 0.0207629 0.0017009 0.0242057 0.0690729 0.0375248 0.0000000 0.0037708 0.0337074
 43 E  43 0.0088226 0.0097136 0.0042583 0.1090899 0.0029408 0.0474838 0.7061935 0.0025472 0.0130321 0.0061846 0.0032501 0.0063177 0.0056831 0.0057054 0.0017118 0.0104389 0.0213477 0.0000000 0.0049895 0.0302895
 44 V  44 0.0182040 0.0000000 0.0000000 0.0000000 0.0461840 0.0000000 0.0015000 0.0070474 0.0000000 0.2706092 0.3769351 0.0000000 0.0077853 0.0124142 0.0000000 0.0024950 0.0081347 0.0029347 0.0000000 0.2457566
 45 D  45 0.0418174 0.1060236 0.0407001 0.1591649 0.0027216 0.1804612 0.1371741 0.0065997 0.0189039 0.0228976 0.0539915 0.1492686 0.0041163 0.0018709 0.0102348 0.0201032 0.0207212 0.0009837 0.0086884 0.0135572
 46 E  46 0.0760733 0.0620412 0.0215749 0.1963372 0.0000000 0.0806019 0.3337321 0.0242950 0.0066668 0.0215919 0.0105203 0.0772826 0.0177756 0.0012805 0.0000000 0.0395060 0.0211599 0.0012999 0.0000000 0.0082608
 47 M  47 0.0084548 0.0000000 0.0000000 0.0000000 0.0023592 0.0025722 0.0027105 0.0000000 0.0000000 0.1885284 0.2317406 0.0000000 0.5156301 0.0068382 0.0000000 0.0041522 0.0036123 0.0000000 0.0000000 0.0334016
 48 I  48 0.0136521 0.0018706 0.0000000 0.0000000 0.0000000 0.0000000 0.0000000 0.0000000 0.0018966 0.5786817 0.1004058 0.0000000 0.1941377 0.0157606 0.0000000 0.0181972 0.0036432 0.0000000 0.0000000 0.0717544
 49 R  49 0.1143957 0.1880490 0.0968975 0.0982435 0.0090973 0.0957776 0.1113028 0.0181444 0.0219473 0.0033952 0.0104891 0.1260886 0.0035431 0.0036984 0.0000000 0.0694113 0.0227966 0.0000000 0.0031791 0.0035435
 50 E  50 0.1114105 0.0191124 0.0160600 0.1101047 0.0000000 0.0423920 0.5498481 0.0348706 0.0074113 0.0023928 0.0120077 0.0259977 0.0103270 0.0000000 0.0045791 0.0249742 0.0072515 0.0000000 0.0014826 0.0197777
 51 A  51 0.3310575 0.0000000 0.0044520 0.0000000 0.0063570 0.0083474 0.0053864 0.0176993 0.0065018 0.1164124 0.0361328 0.0018389 0.0210945 0.0360992 0.0000000 0.0113147 0.0079419 0.0000000 0.0410303 0.3483340
 52 D  52 0.0023405 0.0000000 0.0108386 0.9285593 0.0025056 0.0050184 0.0113389 0.0122552 0.0022666 0.0013121 0.0000000 0.0070527 0.0000000 0.0000000 0.0053661 0.0044791 0.0014208 0.0000000 0.0030601 0.0021858
 53 I  53 0.1191966 0.0675923 0.0057590 0.0038262 0.0030328 0.0547362 0.0280199 0.0189869 0.0065508 0.0691443 0.0781188 0.1208463 0.0287995 0.0112264 0.0186624 0.0637503 0.1652616 0.0000000 0.0039491 0.1325406
 54 D  54 0.0039267 0.0092963 0.1309814 0.7475526 0.0000000 0.0101332 0.0464147 0.0142440 0.0096813 0.0000000 0.0000000 0.0050956 0.0012945 0.0000000 0.0020759 0.0059616 0.0095849 0.0020125 0.0000000 0.0017448
 55 G  55 0.0110369 0.0201846 0.1398228 0.0129246 0.0036685 0.0229240 0.0234174 0.6077227 0.0143842 0.0000000 0.0089863 0.0720878 0.0078350 0.0000000 0.0029388 0.0434354 0.0072255 0.0014054 0.0000000 0.0000000
 56 D  56 0.0018786 0.0095953 0.1901481 0.5494180 0.0062209 0.0047093 0.0107613 0.0170111 0.0000000 0.0019090 0.0038609 0.0234006 0.0000000 0.0011968 0.0014961 0.1275919 0.0486188 0.0000000 0.0000000 0.0021832
 57 G  57 0.0023792 0.0071561 0.0151455 0.0049688 0.0000000 0.0000000 0.0070726 0.9210986 0.0057992 0.0028583 0.0012756 0.0043852 0.0029421 0.0000000 0.0104270 0.0069204 0.0013613 0.0000000 0.0000000 0.0062103
 58 Q  58 0.0221998 0.1507852 0.0242722 0.0040153 0.0295421 0.1177965 0.0813407 0.0074452 0.0246480 0.0048499 0.0517522 0.0952870 0.0192205 0.0443092 0.0028049 0.0599031 0.2010419 0.0000000 0.0237979 0.0349884
 59 V  59 0.0029567 0.0000000 0.0000000 0.0000000 0.0000000 0.0000000 0.0000000 0.0057309 0.0000000 0.6287474 0.0875047 0.0000000 0.0092869 0.0075889 0.0000000 0.0000000 0.0027775 0.0000000 0.0000000 0.2554071
 60 N  60 0.0082064 0.0041274 0.2373074 0.4479802 0.0087809 0.0052935 0.0664291 0.0131145 0.0101220 0.0000000 0.0035427 0.0099311 0.0010380 0.0000000 0.0021713 0.1527609 0.0242428 0.0000000 0.0032076 0.0017442
 61 Y  61 0.0115406 0.0027005 0.0000000 0.0000000 0.0156179 0.0129217 0.0396075 0.0016372 0.0021779 0.0099923 0.0454432 0.0011465 0.0071503 0.4381210 0.0021392 0.0009374 0.0041529 0.0029915 0.3937991 0.0079233
 62 E  62 0.0356163 0.0133412 0.0632615 0.1891751 0.0000000 0.0545599 0.3581302 0.0739494 0.0093274 0.0097657 0.0140423 0.0260185 0.0031410 0.0017633 0.0607982 0.0489943 0.0242010 0.0000000 0.0071638 0.0067510
 63 E  63 0.0072999 0.0017545 0.0122823 0.0916034 0.0000000 0.0148387 0.8248849 0.0147128 0.0000000 0.0000000 0.0020005 0.0073276 0.0000000 0.0017703 0.0000000 0.0057436 0.0076611 0.0000000 0.0027110 0.0054094
 64 F  64 0.0000000 0.0000000 0.0000000 0.0000000 0.0000000 0.0000000 0.0000000 0.0000000 0.0000000 0.0000000 0.0082246 0.0000000 0.0000000 0.9788551 0.0000000 0.0032427 0.0000000 0.0000000 0.0065916 0.0030860
 65 V  65 0.0656147 0.0124451 0.0081023 0.0000000 0.0554029 0.0090173 0.0078934 0.0032057 0.0020711 0.1091509 0.2355267 0.0351931 0.0401349 0.0172581 0.0000000 0.0208649 0.0257020 0.0031956 0.0163829 0.3328384
 66 Q  66 0.2596332 0.1162386 0.0506830 0.0212540 0.0095194 0.0685407 0.0868492 0.0147088 0.0135468 0.0136272 0.0087172 0.1096238 0.0063947 0.0013851 0.0025746 0.0468455 0.1417910 0.0026029 0.0094878 0.0159765
 67 M  67 0.0337168 0.0020060 0.0000000 0.0000000 0.0025581 0.0000000 0.0016190 0.0000000 0.0042066 0.1640829 0.2052437 0.0033177 0.4542123 0.0051019 0.0033850 0.0042375 0.0070826 0.0039762 0.0017798 0.1034739
 68 M  68 0.0033005 0.0000000 0.0000000 0.0000000 0.0100993 0.0000000 0.0000000 0.0000000 0.0000000 0.0602404 0.0714083 0.0085654 0.7735008 0.0032139 0.0000000 0.0000000 0.0034480 0.0000000 0.0000000 0.0662233
 69 T  69 0.1726040 0.1056334 0.0080114 0.0031253 0.0031939 0.0276744 0.0028947 0.0451643 0.0000000 0.0076499 0.0768018 0.1330558 0.0752851 0.0000000 0.0019429 0.1057443 0.2132994 0.0017543 0.0000000 0.0161651
 70 A  70 0.1279827 0.1782898 0.0116066 0.0113034 0.0015440 0.0394247 0.0261304 0.0701122 0.0104608 0.0109992 0.0030701 0.2300613 0.0068356 0.0015627 0.0584144 0.1268377 0.0698994 0.0000000 0.0000000 0.0154648
 71 K  71 0.0000000 0.1186906 0.0000000 0.0000000 0.0000000 0.1073931 0.0000000 0.0000000 0.0000000 0.0000000 0.0000000 0.7739163 0.0000000 0.0000000 0.0000000 0.0000000 0.0000000 0.0000000 0.0000000 0.0000000
