  128         A         R         N         D         C         Q         E         G         H         I         L         K         M         F         P         S         T         W         Y         V    
  1 M   1 0.0000000 0.0000000 0.0000000 0.0000000 0.0000000 0.0000000 0.0000000 0.0000000 0.0000000 0.0440798 0.0861586 0.0000000 0.8697616 0.0000000 0.0000000 0.0000000 0.0000000 0.0000000 0.0000000 0.0000000
  2 A   2 0.2369566 0.0000000 0.0026430 0.0068580 0.0000000 0.0816002 0.0074901 0.0565212 0.0000000 0.0067390 0.0206194 0.0000000 0.4586682 0.0045789 0.0138082 0.0996629 0.0038543 0.0000000 0.0000000 0.0000000
  3 Y   3 0.0000000 0.0000000 0.0000000 0.0000000 0.0000000 0.0000000 0.0000000 0.0000000 0.0000000 0.0000000 0.0000000 0.0000000 0.0000000 0.0110253 0.0000000 0.0000000 0.0000000 0.0000000 0.9889747 0.0000000
  4 S   4 0.0151134 0.1577234 0.0442128 0.0024945 0.0011651 0.2161531 0.0066765 0.0055945 0.1120604 0.0000000 0.0000000 0.0152441 0.0152803 0.0000000 0.0000000 0.2853701 0.1229117 0.0000000 0.0000000 0.0000000
  5 E   5 0.0401080 0.0154451 0.0078005 0.1910557 0.0000000 0.1374572 0.4868922 0.0047666 0.0000000 0.0000000 0.0012738 0.0499274 0.0000000 0.0000000 0.0372906 0.0213048 0.0048508 0.0000000 0.0000000 0.0018274
  6 K   6 0.0083105 0.0338877 0.0462431 0.0000000 0.0000000 0.0301095 0.0089915 0.0008645 0.0094073 0.1058194 0.0448784 0.3686924 0.0159088 0.0093599 0.0000000 0.0050802 0.0348187 0.0000000 0.0032342 0.2743940
  7 V   7 0.0023249 0.0000000 0.0000000 0.0019741 0.0000000 0.0000000 0.0000000 0.0000000 0.0000000 0.3947630 0.0589530 0.0000000 0.0000000 0.0000000 0.0000000 0.0000000 0.0076380 0.0000000 0.0000000 0.5343469
  8 I   8 0.0115219 0.0101067 0.0063002 0.0000000 0.0000000 0.0168674 0.0031313 0.0013649 0.0062762 0.1537530 0.4464838 0.0735543 0.1908766 0.0122683 0.0000000 0.0047294 0.0127569 0.0031458 0.0000000 0.0468633
  9 D   9 0.0014305 0.0044347 0.0066246 0.7595036 0.0000000 0.0107896 0.1954317 0.0000000 0.0000000 0.0000000 0.0000000 0.0119394 0.0000000 0.0000000 0.0000000 0.0040737 0.0028826 0.0000000 0.0028897 0.0000000
 10 H  10 0.0031033 0.0201087 0.0034691 0.0000000 0.0000000 0.0000000 0.0070238 0.0000000 0.8862057 0.0032267 0.0170781 0.0022153 0.0000000 0.0054504 0.0000000 0.0000000 0.0000000 0.0000000 0.0521189 0.0000000
 11 Y  11 0.0479348 0.0026167 0.0482584 0.0000000 0.0118060 0.0000000 0.0000000 0.0267304 0.0021957 0.0000000 0.0000000 0.0079943 0.0177596 0.2971322 0.0000000 0.0760896 0.0000000 0.0000000 0.4570432 0.0044391
 12 E  12 0.0179301 0.1476713 0.0848323 0.0169735 0.0000000 0.0513879 0.1614061 0.0000000 0.0052016 0.0061118 0.0443134 0.2623309 0.0688373 0.0312435 0.0000000 0.0410145 0.0368192 0.0015342 0.0194931 0.0028993
 13 N  13 0.0088148 0.0472333 0.6242896 0.0143388 0.0127497 0.0046631 0.0072270 0.0000000 0.1754924 0.0000000 0.0000000 0.0445114 0.0026681 0.0024448 0.0000000 0.0401377 0.0110029 0.0000000 0.0044263 0.0000000
 14 P  14 0.0000000 0.0076638 0.0000000 0.0000000 0.0000000 0.0031584 0.0000000 0.0000000 0.0000000 0.0000000 0.0000000 0.0079592 0.0000000 0.0000000 0.9747996 0.0064190 0.0000000 0.0000000 0.0000000 0.0000000
 15 R  15 0.0028208 0.6522844 0.0027759 0.0000000 0.0000000 0.0672390 0.0019870 0.0000000 0.1456466 0.0039770 0.0067322 0.0789681 0.0078316 0.0000000 0.0035828 0.0048415 0.0065925 0.0000000 0.0064751 0.0082456
 16 N  16 0.0019073 0.0082206 0.7797553 0.0000000 0.0000000 0.0000000 0.0000000 0.0381953 0.1481603 0.0000000 0.0000000 0.0000000 0.0000000 0.0096870 0.0000000 0.0000000 0.0000000 0.0000000 0.0140741 0.0000000
 17 V  17 0.0924485 0.1349283 0.0074415 0.0000000 0.0049469 0.0344464 0.0000000 0.0000000 0.0333552 0.0369118 0.0140332 0.0944257 0.0240483 0.0848830 0.0056056 0.0127632 0.0106998 0.0039767 0.0408565 0.3642296
 18 G  18 0.0000000 0.0489589 0.0018506 0.0000000 0.0035506 0.0055237 0.0000000 0.8767345 0.0219064 0.0000000 0.0174660 0.0050206 0.0019453 0.0000000 0.0000000 0.0000000 0.0000000 0.0023040 0.0147395 0.0000000
 19 S  19 0.0735451 0.0439827 0.0072864 0.0111600 0.0000000 0.0240129 0.1831822 0.0063904 0.0172461 0.0093234 0.1208029 0.0722235 0.0067927 0.0035024 0.0250326 0.2187159 0.0927944 0.0000000 0.0000000 0.0840064
 20 F  20 0.0000000 0.0937342 0.0000000 0.0022721 0.0000000 0.0024523 0.0054450 0.0124838 0.0000000 0.2114574 0.3953680 0.0027677 0.1002633 0.1003523 0.0074962 0.0018032 0.0083905 0.0000000 0.0011892 0.0545248
 21 D  21 0.0490074 0.0000000 0.0306498 0.3039283 0.0000000 0.0098190 0.3915249 0.0049301 0.0000000 0.0000000 0.0048112 0.0268964 0.0000000 0.0000000 0.1057072 0.0194855 0.0421785 0.0000000 0.0000000 0.0110616
 22 N  22 0.0226285 0.0116502 0.1448746 0.2711608 0.0000000 0.0220223 0.0906675 0.0565797 0.0140697 0.0000000 0.0038796 0.2183454 0.0054700 0.0000000 0.1131840 0.0194858 0.0059819 0.0000000 0.0000000 0.0000000
 23 N  23 0.3527592 0.0000000 0.0951666 0.0473959 0.0044633 0.0064159 0.0397995 0.0192586 0.0110933 0.0029406 0.0009517 0.0429607 0.0000000 0.0814168 0.1473298 0.0695084 0.0400281 0.0000000 0.0303003 0.0082113
 24 D  24 0.0372866 0.0000000 0.1520724 0.4763276 0.0000000 0.0161405 0.0532786 0.0396430 0.0011774 0.0000000 0.0092601 0.0094765 0.0012074 0.0065964 0.0000000 0.0974626 0.0973308 0.0000000 0.0000000 0.0027401
 25 E  25 0.2838848 0.0492522 0.0124031 0.0386010 0.0114751 0.0160794 0.0650105 0.0388458 0.0136918 0.0173163 0.0382076 0.0734085 0.0045821 0.0341170 0.1426369 0.0353062 0.0289653 0.0000000 0.0056964 0.0905199
 26 N  26 0.0547053 0.0197700 0.1525835 0.0998607 0.0130185 0.1042844 0.1750915 0.0292488 0.0262049 0.0000000 0.0051970 0.0750128 0.0015312 0.0373148 0.0000000 0.0924929 0.0583455 0.0000000 0.0229783 0.0323598
 27 V  27 0.0741854 0.0041546 0.0021359 0.0325100 0.0023620 0.0145571 0.0100492 0.0079626 0.0185723 0.0470266 0.0306067 0.0000000 0.0127504 0.0097953 0.0028869 0.0536411 0.0243902 0.0000000 0.0317183 0.6206956
 28 G  28 0.0235072 0.0129044 0.0045809 0.0000000 0.0027816 0.0028217 0.0127655 0.5379750 0.2075139 0.0582207 0.0385916 0.0086880 0.0089469 0.0114159 0.0022149 0.0225366 0.0100457 0.0000000 0.0065614 0.0279283
 29 S  29 0.0090567 0.0264661 0.0051869 0.0000000 0.0000000 0.0301752 0.0642575 0.0137293 0.1144787 0.0876032 0.0013697 0.0188368 0.0146074 0.0033206 0.0000000 0.0530815 0.3526587 0.0000000 0.0176811 0.1874906
 30 G  30 0.1233406 0.0081275 0.0000000 0.0000000 0.0000000 0.0080116 0.0269687 0.5581307 0.0395692 0.0456491 0.0064808 0.0027685 0.0049484 0.0063597 0.0000000 0.0134340 0.0031398 0.0000000 0.0000000 0.1530716
 31 M  31 0.0032084 0.0298126 0.0295999 0.0917508 0.0000000 0.0574315 0.2665853 0.0000000 0.0462608 0.0419122 0.1968294 0.0458859 0.0758355 0.0000000 0.0032189 0.0150595 0.0664474 0.0000000 0.0000000 0.0301618
 32 V  32 0.0337500 0.0056892 0.0000000 0.0274004 0.0088721 0.0056326 0.0409904 0.1958792 0.0035336 0.0411085 0.0962780 0.0013894 0.0338268 0.0244640 0.0000000 0.0000000 0.0121402 0.0052523 0.0087752 0.4550180
 33 G  33 0.0018488 0.0148236 0.0977819 0.0259824 0.0000000 0.0000000 0.0236411 0.5956349 0.0869156 0.0000000 0.0135148 0.0283119 0.0025596 0.0272603 0.0000000 0.0221157 0.0062291 0.0000000 0.0212943 0.0320861
 34 A  34 0.2288258 0.0000000 0.5659715 0.0349346 0.0000000 0.0000000 0.0080357 0.0000000 0.0000000 0.0000000 0.0000000 0.0110446 0.0000000 0.0000000 0.0000000 0.1214754 0.0149997 0.0000000 0.0000000 0.0147128
 35 P  35 0.0547766 0.0000000 0.0000000 0.0000000 0.0000000 0.0033555 0.0201979 0.0106279 0.0000000 0.0430485 0.0672430 0.0000000 0.0061847 0.0000000 0.7836103 0.0024114 0.0066525 0.0000000 0.0000000 0.0018916
 36 A  36 0.2813927 0.0036285 0.0000000 0.0084206 0.0000000 0.0183977 0.0354454 0.0133604 0.0053118 0.0112719 0.1252434 0.0431230 0.0180778 0.0023265 0.0000000 0.1877153 0.2116556 0.0000000 0.0000000 0.0346296
 37 C  37 0.0000000 0.0000000 0.0000000 0.0033125 0.9776388 0.0000000 0.0000000 0.0000000 0.0000000 0.0000000 0.0000000 0.0000000 0.0000000 0.0000000 0.0000000 0.0043320 0.0000000 0.0000000 0.0147167 0.0000000
 38 G  38 0.0000000 0.0000000 0.0000000 0.0000000 0.0000000 0.0000000 0.0000000 0.9853613 0.0000000 0.0146387 0.0000000 0.0000000 0.0000000 0.0000000 0.0000000 0.0000000 0.0000000 0.0000000 0.0000000 0.0000000
 39 V  39 0.0000000 0.0000000 0.0000000 0.9781236 0.0000000 0.0000000 0.0189477 0.0000000 0.0000000 0.0000000 0.0000000 0.0000000 0.0000000 0.0000000 0.0000000 0.0000000 0.0000000 0.0000000 0.0000000 0.0029287
 40 V  40 0.1173614 0.0799360 0.0111281 0.0360587 0.0000000 0.0615812 0.1543198 0.0000000 0.0156410 0.0674434 0.0116834 0.0192884 0.0320792 0.0000000 0.0000000 0.0306914 0.0454663 0.0000000 0.0059258 0.3113958
 41 M  41 0.0000000 0.0000000 0.0000000 0.0000000 0.0119348 0.0000000 0.0000000 0.0000000 0.0000000 0.2761689 0.2064102 0.0000000 0.3368676 0.0029264 0.0016903 0.0000000 0.0074297 0.0000000 0.0028419 0.1537302
 42 K  42 0.0141647 0.1778460 0.0140970 0.0147310 0.0027504 0.0566174 0.0655647 0.0000000 0.0318128 0.0098513 0.0226699 0.2873134 0.0139393 0.0000000 0.0000000 0.0370698 0.2184428 0.0035365 0.0036117 0.0259814
 43 L  43 0.0000000 0.0000000 0.0000000 0.0000000 0.0000000 0.0000000 0.0000000 0.0000000 0.0000000 0.1935328 0.6175176 0.0000000 0.0459148 0.0206327 0.0000000 0.0000000 0.0000000 0.0000000 0.0031016 0.1193004
 44 Q  44 0.0159918 0.1022066 0.0029316 0.0432126 0.0000000 0.3106462 0.0318626 0.0024497 0.0319769 0.0000000 0.0067029 0.0000000 0.0313966 0.0817760 0.0000000 0.0314788 0.0853152 0.0131562 0.1989371 0.0099592
 45 I  45 0.0100057 0.0000000 0.0000000 0.0000000 0.0000000 0.0000000 0.0000000 0.0000000 0.0000000 0.3363670 0.3523216 0.0000000 0.0421782 0.0134399 0.0000000 0.0000000 0.0000000 0.0176990 0.0000000 0.2279887
 46 K  46 0.0463823 0.1191849 0.0182576 0.0307342 0.0000000 0.0903188 0.0446491 0.0000000 0.0177268 0.0034734 0.0329317 0.5518323 0.0031814 0.0028995 0.0000000 0.0123797 0.0088537 0.0000000 0.0018837 0.0153108
 47 V  47 0.0000000 0.0000000 0.0000000 0.0000000 0.0017991 0.0000000 0.0000000 0.0000000 0.0000000 0.2248829 0.1999936 0.0000000 0.0171777 0.0298421 0.0000000 0.0000000 0.0048840 0.0000000 0.0070417 0.5143788
 48 N  48 0.0218004 0.0230022 0.1296750 0.3603008 0.0000000 0.0170161 0.2134988 0.0337375 0.0000000 0.0000000 0.0011976 0.0925852 0.0000000 0.0000000 0.0000000 0.0930409 0.0074463 0.0000000 0.0000000 0.0066991
 49 D  49 0.0248493 0.0027028 0.0615278 0.4646945 0.0000000 0.0041179 0.1532786 0.1271915 0.0119121 0.0000000 0.0000000 0.0331744 0.0000000 0.0000000 0.1017195 0.0074398 0.0014238 0.0000000 0.0059680 0.0000000
 50 E  50 0.0221824 0.0022414 0.2300195 0.3497241 0.0000000 0.0481672 0.1270993 0.0121799 0.0115034 0.0036719 0.0000000 0.1013308 0.0009554 0.0000000 0.0043725 0.0373525 0.0482258 0.0000000 0.0009737 0.0000000
 51 G  51 0.0097816 0.0110244 0.0348781 0.0860127 0.0000000 0.0531136 0.0539435 0.6168576 0.0278743 0.0000000 0.0017626 0.0305498 0.0013378 0.0000000 0.0132949 0.0151550 0.0414208 0.0000000 0.0029931 0.0000000
 52 I  52 0.0000000 0.1474558 0.0071299 0.0031162 0.0066867 0.0120341 0.0046974 0.0085775 0.0104311 0.2159970 0.0178535 0.1850525 0.0102363 0.0020835 0.0000000 0.0019486 0.1122161 0.0000000 0.0000000 0.2544837
 53 I  53 0.0000000 0.0000000 0.0000000 0.0000000 0.0000000 0.0000000 0.0000000 0.0000000 0.0063740 0.7644398 0.0164208 0.0000000 0.0000000 0.0000000 0.0000000 0.0000000 0.0000000 0.0000000 0.0000000 0.2127654
 54 E  54 0.1223535 0.0289136 0.0094348 0.0392649 0.0000000 0.0372287 0.2895170 0.0035740 0.0018313 0.0334538 0.0391891 0.1059099 0.0159821 0.0000000 0.0000000 0.0651054 0.1215260 0.0000000 0.0000000 0.0867157
 55 D  55 0.0280790 0.0169518 0.0335731 0.7539630 0.0000000 0.0149180 0.1098358 0.0100226 0.0035823 0.0000000 0.0022766 0.0175349 0.0000000 0.0017942 0.0000000 0.0036507 0.0000000 0.0000000 0.0038180 0.0000000
 56 A  56 0.3774063 0.0000000 0.0000000 0.0000000 0.0179105 0.0000000 0.0000000 0.0099556 0.0000000 0.2169978 0.0261214 0.0000000 0.0000000 0.0000000 0.0000000 0.0159464 0.0020538 0.0000000 0.0000000 0.3336080
 57 R  57 0.1071462 0.1689195 0.0057632 0.0000000 0.0228548 0.0162266 0.0000000 0.0384936 0.0053116 0.0000000 0.0000000 0.3889124 0.0033215 0.0000000 0.0000000 0.2055214 0.0246601 0.0064789 0.0028628 0.0035273
 58 F  58 0.0000000 0.0000000 0.0000000 0.0000000 0.0000000 0.0058148 0.0000000 0.0000000 0.0080815 0.0083743 0.0000000 0.0000000 0.0000000 0.8140200 0.0000000 0.0000000 0.0000000 0.0335249 0.1214053 0.0087791
 59 K  59 0.0120797 0.0387167 0.0163105 0.0920181 0.0000000 0.1336729 0.1353331 0.0000000 0.0093614 0.0068944 0.0464542 0.3606950 0.0072249 0.0000000 0.0000000 0.0448494 0.0588582 0.0106004 0.0000000 0.0269310
 60 T  60 0.0366371 0.0000000 0.0061057 0.0067969 0.0000000 0.0000000 0.0000000 0.4053115 0.0000000 0.0110622 0.0000000 0.0000000 0.0000000 0.0000000 0.0000000 0.0501530 0.4507189 0.0000000 0.0000000 0.0332148
 61 Y  61 0.0079909 0.0330184 0.0079950 0.0568434 0.0036185 0.0948212 0.0902635 0.0000000 0.0419185 0.0023964 0.0068603 0.0402282 0.0052864 0.3992266 0.0000000 0.0524877 0.0119456 0.0000000 0.1201127 0.0249866
 62 G  62 0.0000000 0.0000000 0.0000000 0.0000000 0.0000000 0.0000000 0.0000000 0.9937944 0.0000000 0.0000000 0.0000000 0.0000000 0.0000000 0.0000000 0.0000000 0.0062056 0.0000000 0.0000000 0.0000000 0.0000000
 63 C  63 0.0000000 0.0000000 0.0000000 0.0000000 1.0000000 0.0000000 0.0000000 0.0000000 0.0000000 0.0000000 0.0000000 0.0000000 0.0000000 0.0000000 0.0000000 0.0000000 0.0000000 0.0000000 0.0000000 0.0000000
 64 G  64 0.3110342 0.0000000 0.0000000 0.0000000 0.0151411 0.0000000 0.0000000 0.3887710 0.0000000 0.0048226 0.0021536 0.0000000 0.0000000 0.0000000 0.0122500 0.1782406 0.0749704 0.0000000 0.0000000 0.0126164
 65 S  65 0.1426113 0.0000000 0.0000000 0.0000000 0.0000000 0.0000000 0.0000000 0.0087950 0.0000000 0.4328900 0.0000000 0.0000000 0.0000000 0.0000000 0.0000000 0.3721678 0.0282945 0.0000000 0.0000000 0.0152413
 66 A  66 0.5112356 0.0000000 0.0207913 0.0028944 0.0201952 0.0000000 0.0000000 0.0000000 0.0000000 0.0000000 0.0067938 0.0000000 0.0000000 0.0000000 0.0000000 0.4249554 0.0131342 0.0000000 0.0000000 0.0000000
 67 I  67 0.0000000 0.0062284 0.0000000 0.0000000 0.0086825 0.2536657 0.0000000 0.0000000 0.0000000 0.5237059 0.0148780 0.0153407 0.0832110 0.0000000 0.0000000 0.0000000 0.0504809 0.0000000 0.0000000 0.0438070
 68 A  68 0.9426502 0.0000000 0.0000000 0.0000000 0.0000000 0.0000000 0.0000000 0.0000000 0.0000000 0.0000000 0.0000000 0.0000000 0.0000000 0.0000000 0.0000000 0.0573498 0.0000000 0.0000000 0.0000000 0.0000000
 69 S  69 0.0958341 0.0000000 0.0000000 0.0000000 0.0131570 0.0000000 0.0000000 0.0000000 0.0000000 0.0000000 0.0000000 0.0000000 0.0000000 0.0000000 0.0000000 0.7724575 0.1070050 0.0000000 0.0000000 0.0115464
 70 S  70 0.3534244 0.0000000 0.0000000 0.0000000 0.0000000 0.0000000 0.0000000 0.0181857 0.0000000 0.0000000 0.0063740 0.0000000 0.0000000 0.0000000 0.0000000 0.4711108 0.1365151 0.0000000 0.0000000 0.0143900
 71 S  71 0.0074343 0.0000000 0.0000000 0.0455785 0.0000000 0.0000000 0.0035710 0.0000000 0.0000000 0.0000000 0.0000000 0.0000000 0.0067938 0.0062056 0.0000000 0.9264271 0.0000000 0.0000000 0.0039897 0.0000000
 72 L  72 0.0795335 0.0000000 0.0000000 0.0000000 0.0000000 0.0020255 0.0067938 0.0000000 0.0000000 0.0851993 0.2299078 0.0000000 0.3409222 0.0038079 0.0000000 0.0000000 0.0118757 0.0000000 0.0649591 0.1749753
 73 V  73 0.1731230 0.0000000 0.0000000 0.0000000 0.0000000 0.0000000 0.0000000 0.0036320 0.0000000 0.0194604 0.3047543 0.0000000 0.3415579 0.0000000 0.0000000 0.0069516 0.0405298 0.0000000 0.0067938 0.1031971
 74 T  74 0.0553219 0.0000000 0.0146814 0.0000000 0.0140593 0.0000000 0.0000000 0.0023429 0.0058882 0.0224465 0.0133140 0.0000000 0.0041672 0.0041502 0.0000000 0.0991553 0.7540597 0.0000000 0.0065905 0.0038229
 75 E  75 0.0031351 0.0044181 0.0081399 0.1801048 0.0000000 0.0452565 0.6831278 0.0128095 0.0000000 0.0021746 0.0020654 0.0054555 0.0000000 0.0000000 0.0000000 0.0079792 0.0200592 0.0000000 0.0000000 0.0252743
 76 W  76 0.1334843 0.0322095 0.0016652 0.0036188 0.0000000 0.0383866 0.0447571 0.0000000 0.0018304 0.0448868 0.3189246 0.0155354 0.1668876 0.0028475 0.0000000 0.0190052 0.0145800 0.1393002 0.0014088 0.0206721
 77 V  77 0.0868808 0.0000000 0.0000000 0.0000000 0.0219517 0.0000000 0.0000000 0.0000000 0.0000000 0.2854177 0.1675312 0.0000000 0.0146399 0.0000000 0.0000000 0.0018852 0.0129877 0.0000000 0.0000000 0.4087057
 78 K  78 0.0054972 0.0700874 0.0045322 0.0000000 0.0000000 0.0175045 0.0234855 0.0000000 0.0060138 0.1539415 0.0222926 0.5820326 0.0223363 0.0000000 0.0122763 0.0036796 0.0173623 0.0000000 0.0019009 0.0570573
 79 G  79 0.0000000 0.0025453 0.0167439 0.0079947 0.0000000 0.0034119 0.0037514 0.9550178 0.0000000 0.0000000 0.0000000 0.0047508 0.0000000 0.0000000 0.0000000 0.0057844 0.0000000 0.0000000 0.0000000 0.0000000
 80 K  80 0.0058994 0.0624685 0.0000000 0.0000000 0.0000000 0.0419619 0.0024979 0.0000000 0.0125195 0.0038852 0.0415584 0.6954366 0.1084569 0.0000000 0.0000000 0.0112762 0.0107197 0.0000000 0.0000000 0.0033198
 81 S  81 0.0091072 0.0120050 0.0243302 0.0368200 0.0000000 0.0067853 0.0143384 0.0052754 0.0222082 0.0030118 0.0031623 0.0284245 0.0000000 0.0000000 0.0757230 0.1751217 0.5836869 0.0000000 0.0000000 0.0000000
 82 L  82 0.0081591 0.0142344 0.0000000 0.0000000 0.0135743 0.0044188 0.0199107 0.0000000 0.0000000 0.1835441 0.3914014 0.0463108 0.0081897 0.0038246 0.0091297 0.0026078 0.0138279 0.0030991 0.0018979 0.2758699
 83 D  83 0.1026236 0.0056062 0.0262653 0.3265184 0.0000000 0.0241815 0.3487001 0.0280793 0.0037064 0.0014377 0.0031042 0.0315752 0.0000000 0.0033081 0.0322926 0.0387849 0.0146915 0.0012732 0.0028728 0.0049792
 84 E  84 0.0146534 0.0031938 0.0046491 0.1103997 0.0000000 0.0820740 0.7371934 0.0026076 0.0070403 0.0000000 0.0000000 0.0076660 0.0000000 0.0000000 0.0000000 0.0024251 0.0073061 0.0000000 0.0184931 0.0022983
 85 A  85 0.8345338 0.0000000 0.0000000 0.0015997 0.0052792 0.0000000 0.0016356 0.0092746 0.0000000 0.0204900 0.0213209 0.0000000 0.0000000 0.0052993 0.0025992 0.0071019 0.0056127 0.0000000 0.0000000 0.0852532
 86 Q  86 0.0710168 0.0335023 0.0015741 0.0087163 0.0017950 0.0335676 0.1104614 0.0317423 0.0079241 0.0098185 0.4057390 0.0840517 0.0646015 0.0226779 0.0000000 0.0281391 0.0124315 0.0307559 0.0173053 0.0241796
 87 A  87 0.1622933 0.0619152 0.0412719 0.0395069 0.0000000 0.1101870 0.1501499 0.0228896 0.0217695 0.0031971 0.0131383 0.2649463 0.0092434 0.0000000 0.0017292 0.0340885 0.0563448 0.0000000 0.0000000 0.0073291
 88 I  88 0.0025902 0.0000000 0.0000000 0.0020661 0.0000000 0.0022240 0.0056011 0.0000000 0.0000000 0.4188063 0.3667761 0.0041888 0.0736202 0.0143112 0.0000000 0.0000000 0.0213559 0.0000000 0.0016176 0.0868425
 89 K  89 0.0283631 0.0300080 0.0112105 0.0576042 0.0024373 0.0195942 0.0256010 0.1393442 0.0104880 0.0143275 0.0111693 0.1895284 0.0056087 0.0450126 0.0063200 0.0814341 0.2705695 0.0000000 0.0080320 0.0433471
 90 N  90 0.0134713 0.0427583 0.4311837 0.2267403 0.0000000 0.0223047 0.0782958 0.0183823 0.0261458 0.0000000 0.0038354 0.0473806 0.0000000 0.0055512 0.0327120 0.0111732 0.0124846 0.0152987 0.0061312 0.0061507
 91 T  91 0.1092328 0.0537098 0.0235110 0.0922392 0.0025586 0.0714281 0.0929297 0.0318596 0.0078953 0.0380333 0.0524427 0.1622577 0.0199461 0.0000000 0.0000000 0.0433079 0.1919147 0.0000000 0.0000000 0.0067335
 92 D  92 0.1180940 0.0047534 0.0023487 0.3596933 0.0000000 0.0817077 0.1490955 0.0000000 0.0065179 0.0198899 0.0013679 0.0093500 0.0152963 0.1733400 0.0000000 0.0096190 0.0146674 0.0000000 0.0047267 0.0295324
 93 I  93 0.1091874 0.0022947 0.0019860 0.0000000 0.0031583 0.0046991 0.0013261 0.0000000 0.0013538 0.4338588 0.0638811 0.0060373 0.0265716 0.0176439 0.0015691 0.0105810 0.0074516 0.0000000 0.0000000 0.3084001
 94 A  94 0.4031874 0.0000000 0.0000000 0.0026098 0.0010123 0.0014248 0.0262190 0.0056109 0.0000000 0.0271657 0.2755194 0.0000000 0.0216373 0.0978483 0.0025407 0.0200699 0.0344308 0.0000000 0.0099163 0.0708073
 95 E  95 0.1443227 0.0148448 0.0180576 0.1334072 0.0018448 0.0728879 0.2757052 0.0308885 0.0099161 0.0000000 0.0000000 0.1678372 0.0292263 0.0000000 0.0000000 0.0837614 0.0146441 0.0000000 0.0000000 0.0026560
 96 E  96 0.1725571 0.0044512 0.0235716 0.0112973 0.0000000 0.0022555 0.2422281 0.3453026 0.0399145 0.0000000 0.0160416 0.0064636 0.0112072 0.0329364 0.0000000 0.0174077 0.0072539 0.0045953 0.0561661 0.0063501
 97 L  97 0.0000000 0.0000000 0.0000000 0.0000000 0.0000000 0.0000000 0.0000000 0.0142566 0.0000000 0.0638413 0.5567095 0.0000000 0.0075128 0.0000000 0.0114736 0.0000000 0.0029719 0.0000000 0.0000000 0.3432344
 98 E  98 0.1690138 0.0458453 0.0261796 0.0192725 0.0516720 0.0116911 0.0568717 0.3057645 0.0138114 0.0021488 0.0039952 0.0422697 0.0148427 0.0000000 0.0000000 0.2293767 0.0042081 0.0000000 0.0000000 0.0030368
 99 L  99 0.0171706 0.0117865 0.0137833 0.0107922 0.0000000 0.0681608 0.0478197 0.0093740 0.0147900 0.0406641 0.5574693 0.1787127 0.0000000 0.0026003 0.0000000 0.0040707 0.0000000 0.0000000 0.0000000 0.0228058
100 P 100 0.0000000 0.0000000 0.0000000 0.0000000 0.0000000 0.0049979 0.0052184 0.0108825 0.0000000 0.0050043 0.0240314 0.0000000 0.0277542 0.2043525 0.5507970 0.0282922 0.0120454 0.0000000 0.1266240 0.0000000
101 P 101 0.0253790 0.0062150 0.0000000 0.0196385 0.0000000 0.0069436 0.0856021 0.0011013 0.0046503 0.0000000 0.0045953 0.0212980 0.0000000 0.0000000 0.8164764 0.0032962 0.0032734 0.0000000 0.0000000 0.0015309
102 V 102 0.3160796 0.0016948 0.0338353 0.0069305 0.0000000 0.0808658 0.0863856 0.0063547 0.0150231 0.0279938 0.0000000 0.0055758 0.0450029 0.0042422 0.0019824 0.0315003 0.0169960 0.0000000 0.0000000 0.3195373
103 K 103 0.0000000 0.4485000 0.0000000 0.0000000 0.0000000 0.0000000 0.0000000 0.0000000 0.0000000 0.0000000 0.0000000 0.5408957 0.0000000 0.0000000 0.0000000 0.0106043 0.0000000 0.0000000 0.0000000 0.0000000
104 I 104 0.0055523 0.0031372 0.0000000 0.0000000 0.0000000 0.0085055 0.0045409 0.0033161 0.0000000 0.2908319 0.1637149 0.0185726 0.1661540 0.0085434 0.0084757 0.0032961 0.0020763 0.0000000 0.0136946 0.2995887
105 H 105 0.0000000 0.0121514 0.0065673 0.0063793 0.0000000 0.0000000 0.0052935 0.0000000 0.5339343 0.0000000 0.0026013 0.4303548 0.0000000 0.0000000 0.0027182 0.0000000 0.0000000 0.0000000 0.0000000 0.0000000
106 C 106 0.0146237 0.0000000 0.0000000 0.0000000 0.9853763 0.0000000 0.0000000 0.0000000 0.0000000 0.0000000 0.0000000 0.0000000 0.0000000 0.0000000 0.0000000 0.0000000 0.0000000 0.0000000 0.0000000 0.0000000
107 S 107 0.4396671 0.0000000 0.0000000 0.0000000 0.0064602 0.0000000 0.0000000 0.0000000 0.0000000 0.0000000 0.0000000 0.0000000 0.0000000 0.0048266 0.0000000 0.5265138 0.0225323 0.0000000 0.0000000 0.0000000
108 I 108 0.0055180 0.0000000 0.0781874 0.0000000 0.0000000 0.0033911 0.0000000 0.0000000 0.0000000 0.0730469 0.1972688 0.0000000 0.1281381 0.0159597 0.0000000 0.0151080 0.2035542 0.0000000 0.0000000 0.2798279
109 L 109 0.0000000 0.0000000 0.0000000 0.0000000 0.0000000 0.0000000 0.0000000 0.0000000 0.0000000 0.0115572 0.8823419 0.0019006 0.1004286 0.0000000 0.0000000 0.0000000 0.0000000 0.0000000 0.0000000 0.0037717
110 A 110 0.5982362 0.0000000 0.0000000 0.0000000 0.0083384 0.0000000 0.0000000 0.2425161 0.0000000 0.0183404 0.0000000 0.0000000 0.0000000 0.0000000 0.0292217 0.0974459 0.0035842 0.0000000 0.0000000 0.0023172
111 E 111 0.0745870 0.0332675 0.0000000 0.0259049 0.0000000 0.0496335 0.3115125 0.0000000 0.0021368 0.0098550 0.0436197 0.0011953 0.0037744 0.0046158 0.0000000 0.0000000 0.0034027 0.3828103 0.0209716 0.0327131
112 D 112 0.0075100 0.0240383 0.0514726 0.2826799 0.0000000 0.0308283 0.1553057 0.0124262 0.1315090 0.0000000 0.0052437 0.1735090 0.0698552 0.0000000 0.0000000 0.0352779 0.0054148 0.0149292 0.0000000 0.0000000
113 A 113 0.7292925 0.0018025 0.0000000 0.0000000 0.0024492 0.0000000 0.0000000 0.0294694 0.0000000 0.0065015 0.0000000 0.0000000 0.0000000 0.0000000 0.0000000 0.0040549 0.1498792 0.0000000 0.0000000 0.0765507
114 I 114 0.0286240 0.0000000 0.0000000 0.0000000 0.0051988 0.0000000 0.0000000 0.0000000 0.0000000 0.2883342 0.4723932 0.0000000 0.0396221 0.0751013 0.0000000 0.0000000 0.0037878 0.0221113 0.0061909 0.0586365
115 K 115 0.0058285 0.1089167 0.0168928 0.0180884 0.0000000 0.1089233 0.1591025 0.0042278 0.1054179 0.0042508 0.0128025 0.4195859 0.0037137 0.0000000 0.0064287 0.0021721 0.0113745 0.0000000 0.0065593 0.0057149
116 A 116 0.4329231 0.0402510 0.0300386 0.1201458 0.0000000 0.0552532 0.0624004 0.0035304 0.0100143 0.0000000 0.0151501 0.1248663 0.0048251 0.0025978 0.0000000 0.0741550 0.0037612 0.0000000 0.0037587 0.0163289
117 A 117 0.8560741 0.0000000 0.0000000 0.0000000 0.0068939 0.0000000 0.0029543 0.0981897 0.0000000 0.0091572 0.0057813 0.0000000 0.0072914 0.0000000 0.0000000 0.0050258 0.0035618 0.0000000 0.0000000 0.0050706
118 I 118 0.0485780 0.0000000 0.0000000 0.0000000 0.0000000 0.0000000 0.0000000 0.0000000 0.0000000 0.4588090 0.2831454 0.0000000 0.0049191 0.0047243 0.0000000 0.0031896 0.0320856 0.0000000 0.0000000 0.1645490
119 A 119 0.2170567 0.0527458 0.1091948 0.0592100 0.0000000 0.0375538 0.1406696 0.0050150 0.0387279 0.0019887 0.0130002 0.1551836 0.0082187 0.0092020 0.0000000 0.0645697 0.0165004 0.0129123 0.0402271 0.0180238
120 D 120 0.0125976 0.0112242 0.1911148 0.4620483 0.0018264 0.0873718 0.0871175 0.0073368 0.0124217 0.0243422 0.0034882 0.0531989 0.0000000 0.0011871 0.0039503 0.0210794 0.0170193 0.0000000 0.0026756 0.0000000
121 Y 121 0.0831757 0.0018643 0.0069479 0.0111803 0.0000000 0.0000000 0.0225748 0.0000000 0.0124329 0.0288703 0.0245688 0.0274874 0.0058779 0.0407644 0.0000000 0.0177702 0.0062402 0.0225205 0.6828057 0.0049185
122 K 122 0.0236909 0.2629179 0.0203898 0.0031307 0.0025900 0.0880976 0.1170832 0.0058307 0.0106653 0.0097774 0.1216924 0.1932404 0.0167510 0.0095252 0.0107536 0.0078287 0.0067473 0.0043243 0.0750322 0.0099314
123 S 123 0.0873656 0.0357694 0.0408736 0.0174968 0.0000000 0.0497220 0.1329255 0.2071278 0.0067720 0.0164198 0.0200515 0.1357930 0.0077152 0.0256712 0.0024253 0.1274964 0.0529669 0.0000000 0.0000000 0.0334079
124 K 124 0.0063381 0.0989608 0.0065842 0.0327802 0.0000000 0.0033483 0.1747224 0.0126158 0.0044767 0.0088306 0.0019999 0.6093467 0.0000000 0.0000000 0.0021842 0.0270080 0.0088786 0.0000000 0.0000000 0.0019254
125 R 125 0.0489345 0.1631245 0.0674276 0.0078084 0.0000000 0.3152655 0.0501663 0.0000000 0.1455512 0.0072232 0.0144969 0.1316707 0.0098641 0.0029478 0.0025535 0.0073707 0.0172163 0.0048407 0.0000000 0.0035381
126 E 126 0.0970655 0.0280498 0.1055061 0.1274626 0.0000000 0.0878261 0.2241983 0.1503464 0.0037892 0.0000000 0.0066020 0.0919645 0.0000000 0.0000000 0.0170446 0.0315147 0.0133442 0.0038517 0.0000000 0.0114345
127 A 127 0.1769177 0.0178582 0.0302708 0.0066451 0.0000000 0.0439419 0.0425692 0.1162737 0.0060375 0.0208484 0.0809797 0.2379430 0.0393240 0.0000000 0.0223878 0.1154689 0.0233198 0.0000000 0.0000000 0.0192143
128 K 128 0.0000000 0.1016625 0.0000000 0.0000000 0.0000000 0.0529899 0.3528261 0.0000000 0.0000000 0.0000000 0.0000000 0.4925216 0.0000000 0.0000000 0.0000000 0.0000000 0.0000000 0.0000000 0.0000000 0.0000000
