  128         A         R         N         D         C         Q         E         G         H         I         L         K         M         F         P         S         T         W         Y         V         X    
  1 M   1 0.0000000 0.0000000 0.0000000 0.0000000 0.0000000 0.0000000 0.0000000 0.0000000 0.0000000 0.0062034 0.0125420 0.0000000 0.1369328 0.0000000 0.0000000 0.0000000 0.0000000 0.0000000 0.0000000 0.0000000 0.8443217
  2 A   2 0.1014922 0.0000000 0.0010702 0.0028039 0.0000000 0.0319115 0.0035876 0.0233390 0.0000000 0.0027771 0.0084722 0.0000000 0.1932139 0.0018716 0.0055195 0.0451277 0.0015632 0.0000000 0.0000000 0.0000000 0.5772505
  3 Y   3 0.0000000 0.0000000 0.0000000 0.0000000 0.0000000 0.0000000 0.0000000 0.0000000 0.0000000 0.0000000 0.0000000 0.0000000 0.0000000 0.0084372 0.0000000 0.0000000 0.0000000 0.0000000 0.9356976 0.0000000 0.0558652
  4 S   4 0.0109831 0.1492388 0.0409765 0.0022756 0.0010583 0.2030343 0.0058396 0.0051677 0.1159980 0.0000000 0.0000000 0.0140383 0.0143517 0.0000000 0.0000000 0.2741210 0.1127415 0.0000000 0.0000000 0.0000000 0.0501756
  5 E   5 0.0381734 0.0146561 0.0071418 0.1754986 0.0000000 0.1297255 0.4621805 0.0044005 0.0000000 0.0000000 0.0011530 0.0528531 0.0000000 0.0000000 0.0449860 0.0201121 0.0044246 0.0000000 0.0000000 0.0016565 0.0430381
  6 K   6 0.0078645 0.0289594 0.0473012 0.0000000 0.0000000 0.0280301 0.0152289 0.0007962 0.0085259 0.1005170 0.0424706 0.3609232 0.0150214 0.0089129 0.0000000 0.0046873 0.0326473 0.0000000 0.0030490 0.2616400 0.0334250
  7 V   7 0.0020440 0.0000000 0.0000000 0.0017161 0.0000000 0.0000000 0.0000000 0.0000000 0.0000000 0.3777249 0.0563883 0.0000000 0.0000000 0.0000000 0.0000000 0.0000000 0.0070652 0.0000000 0.0000000 0.5226456 0.0324159
  8 I   8 0.0110490 0.0094200 0.0127804 0.0000000 0.0000000 0.0157435 0.0029148 0.0013047 0.0059711 0.1542769 0.4205826 0.0686466 0.1827986 0.0116926 0.0000000 0.0044330 0.0118275 0.0028221 0.0000000 0.0547008 0.0290358
  9 D   9 0.0013131 0.0041643 0.0062906 0.7463921 0.0000000 0.0099567 0.1852745 0.0000000 0.0000000 0.0000000 0.0000000 0.0114811 0.0000000 0.0000000 0.0000000 0.0045517 0.0026787 0.0000000 0.0027353 0.0000000 0.0251619
 10 H  10 0.0028715 0.0190476 0.0042482 0.0000000 0.0000000 0.0000000 0.0075111 0.0000000 0.8747161 0.0029451 0.0159978 0.0023851 0.0000000 0.0050689 0.0000000 0.0000000 0.0000000 0.0000000 0.0466376 0.0000000 0.0185711
 11 Y  11 0.0447803 0.0025891 0.0460620 0.0000000 0.0116523 0.0000000 0.0000000 0.0267575 0.0020662 0.0000000 0.0000000 0.0076936 0.0165872 0.2944821 0.0000000 0.0735305 0.0000000 0.0000000 0.4545945 0.0040652 0.0151395
 12 E  12 0.0170568 0.1429183 0.0837320 0.0202230 0.0000000 0.0499710 0.1701962 0.0000000 0.0049351 0.0080507 0.0417307 0.2528356 0.0648295 0.0296413 0.0000000 0.0406771 0.0363487 0.0014538 0.0182526 0.0027393 0.0144083
 13 N  13 0.0084372 0.0453341 0.6162552 0.0131872 0.0125516 0.0052676 0.0068435 0.0000000 0.1713300 0.0000000 0.0000000 0.0449622 0.0025086 0.0023042 0.0000000 0.0395032 0.0103771 0.0000000 0.0043448 0.0000000 0.0167935
 14 P  14 0.0000000 0.0094401 0.0000000 0.0000000 0.0000000 0.0028370 0.0000000 0.0000000 0.0000000 0.0000000 0.0000000 0.0074847 0.0000000 0.0000000 0.9598904 0.0059395 0.0000000 0.0000000 0.0000000 0.0000000 0.0144083
 15 R  15 0.0027003 0.6505536 0.0025958 0.0000000 0.0000000 0.0642810 0.0018767 0.0000000 0.1422927 0.0037238 0.0065128 0.0761656 0.0072348 0.0000000 0.0033162 0.0045484 0.0062992 0.0000000 0.0058396 0.0076512 0.0144083
 16 N  16 0.0017477 0.0078102 0.7717602 0.0000000 0.0000000 0.0000000 0.0000000 0.0369242 0.1439834 0.0000000 0.0000000 0.0000000 0.0000000 0.0090556 0.0000000 0.0000000 0.0000000 0.0000000 0.0133199 0.0000000 0.0153988
 17 V  17 0.0848911 0.1303308 0.0072944 0.0000000 0.0048890 0.0325023 0.0000000 0.0000000 0.0329980 0.0333871 0.0130550 0.0906065 0.0225851 0.0831929 0.0054636 0.0122799 0.0100803 0.0037267 0.0392323 0.3804069 0.0130782
 18 G  18 0.0000000 0.0473484 0.0017383 0.0000000 0.0033340 0.0055065 0.0000000 0.8671374 0.0209155 0.0000000 0.0164041 0.0047777 0.0018056 0.0000000 0.0000000 0.0000000 0.0000000 0.0021516 0.0139948 0.0000000 0.0148861
 19 S  19 0.0690855 0.0421185 0.0067691 0.0107375 0.0000000 0.0225752 0.1738492 0.0059597 0.0164894 0.0087418 0.1157703 0.0684285 0.0063976 0.0033601 0.0238995 0.2384274 0.0851890 0.0000000 0.0000000 0.0801438 0.0220579
 20 F  20 0.0000000 0.0901853 0.0000000 0.0021309 0.0000000 0.0023042 0.0050810 0.0116468 0.0000000 0.1992397 0.3874259 0.0026508 0.1009598 0.1149998 0.0070345 0.0017056 0.0079455 0.0000000 0.0011209 0.0517421 0.0138271
 21 D  21 0.0458300 0.0000000 0.0309582 0.3124255 0.0000000 0.0091508 0.3647776 0.0045237 0.0000000 0.0000000 0.0046342 0.0261578 0.0000000 0.0000000 0.0993707 0.0179699 0.0393338 0.0000000 0.0000000 0.0102443 0.0346236
 22 N  22 0.0216354 0.0146777 0.1436004 0.2542079 0.0000000 0.0219586 0.0820279 0.0535002 0.0134546 0.0000000 0.0036095 0.2239716 0.0053316 0.0000000 0.1059147 0.0176871 0.0054778 0.0000000 0.0000000 0.0000000 0.0329451
 23 N  23 0.3190178 0.0000000 0.0985352 0.0495340 0.0040182 0.0057035 0.0353875 0.0171057 0.0099017 0.0026676 0.0008435 0.0436705 0.0000000 0.0752216 0.1337328 0.0639675 0.0432451 0.0000000 0.0278822 0.0073870 0.0621786
 24 D  24 0.0380018 0.0000000 0.1408860 0.4570533 0.0000000 0.0144149 0.0485309 0.0362231 0.0010828 0.0000000 0.0095593 0.0085449 0.0010743 0.0059032 0.0000000 0.0934307 0.0881580 0.0000000 0.0000000 0.0025209 0.0546160
 25 E  25 0.1969386 0.0343665 0.0107425 0.0351462 0.0078753 0.0113154 0.0442184 0.0256350 0.0112742 0.0121078 0.0262385 0.0586851 0.0031107 0.0232406 0.1068816 0.0255095 0.0206180 0.0000000 0.0038992 0.0627261 0.2794708
 26 N  26 0.0324325 0.0123728 0.1126579 0.0658950 0.0080225 0.0585871 0.1057632 0.0176459 0.0155676 0.0000000 0.0031458 0.0448261 0.0022211 0.0225621 0.0000000 0.0627270 0.0350381 0.0000000 0.0120532 0.0194456 0.3690364
 27 V  27 0.0431878 0.0024350 0.0014273 0.0190526 0.0014481 0.0089466 0.0058057 0.0054345 0.0113302 0.0279507 0.0181159 0.0000000 0.0075666 0.0059759 0.0018079 0.0326966 0.0148528 0.0000000 0.0194671 0.4000244 0.3724744
 28 G  28 0.0179848 0.0101830 0.0034308 0.0000000 0.0021773 0.0022111 0.0097500 0.4299876 0.1581033 0.0433829 0.0292428 0.0070905 0.0066771 0.0085265 0.0016663 0.0151201 0.0076890 0.0000000 0.0050333 0.0211322 0.2206114
 29 S  29 0.0077032 0.0221244 0.0043596 0.0000000 0.0000000 0.0254253 0.0547353 0.0116220 0.0969450 0.0743752 0.0013408 0.0156844 0.0118973 0.0027268 0.0000000 0.0548605 0.3122601 0.0000000 0.0142752 0.1549886 0.1346765
 30 G  30 0.1108453 0.0068093 0.0000000 0.0000000 0.0000000 0.0070658 0.0221193 0.4925667 0.0329277 0.0399185 0.0053322 0.0022569 0.0041954 0.0053464 0.0000000 0.0110979 0.0026149 0.0000000 0.0000000 0.1312202 0.1256834
 31 M  31 0.0026656 0.0246260 0.0248710 0.0758486 0.0000000 0.0479160 0.2211291 0.0000000 0.0375749 0.0414868 0.1753812 0.0369463 0.0696521 0.0000000 0.0026149 0.0121427 0.0557000 0.0000000 0.0000000 0.0246033 0.1468413
 32 V  32 0.0275770 0.0048963 0.0000000 0.0231558 0.0073151 0.0045766 0.0340732 0.1650774 0.0028715 0.0313464 0.0822843 0.0011488 0.0292355 0.0201759 0.0000000 0.0000000 0.0103725 0.0044309 0.0072985 0.4143682 0.1297959
 33 G  33 0.0015257 0.0134911 0.0836309 0.0219628 0.0000000 0.0000000 0.0195633 0.5308072 0.0704264 0.0000000 0.0114685 0.0237429 0.0021351 0.0236369 0.0000000 0.0188228 0.0053360 0.0000000 0.0181011 0.0265800 0.1287694
 34 A  34 0.2423800 0.0000000 0.5442963 0.0329197 0.0000000 0.0000000 0.0074898 0.0000000 0.0000000 0.0000000 0.0000000 0.0171905 0.0000000 0.0000000 0.0000000 0.1158273 0.0119380 0.0000000 0.0000000 0.0109831 0.0169753
 35 P  35 0.0584668 0.0000000 0.0000000 0.0000000 0.0000000 0.0032030 0.0188666 0.0084372 0.0000000 0.0407549 0.0647584 0.0000000 0.0057764 0.0000000 0.7753740 0.0030112 0.0065130 0.0000000 0.0000000 0.0018024 0.0130359
 36 A  36 0.2938856 0.0034671 0.0000000 0.0082200 0.0000000 0.0212450 0.0306296 0.0127534 0.0053665 0.0108698 0.1191813 0.0416772 0.0172308 0.0022874 0.0000000 0.1799940 0.2046817 0.0000000 0.0000000 0.0320432 0.0164675
 37 C  37 0.0000000 0.0000000 0.0000000 0.0027763 0.9637805 0.0000000 0.0000000 0.0000000 0.0000000 0.0000000 0.0000000 0.0000000 0.0000000 0.0000000 0.0000000 0.0035008 0.0000000 0.0000000 0.0109831 0.0000000 0.0189594
 38 G  38 0.0000000 0.0000000 0.0000000 0.0000000 0.0000000 0.0000000 0.0000000 0.9754240 0.0000000 0.0109831 0.0000000 0.0000000 0.0000000 0.0000000 0.0000000 0.0000000 0.0000000 0.0000000 0.0000000 0.0000000 0.0135929
 39 V  39 0.0000000 0.0000000 0.0000000 0.9696768 0.0000000 0.0000000 0.0144838 0.0000000 0.0000000 0.0000000 0.0000000 0.0000000 0.0000000 0.0000000 0.0000000 0.0000000 0.0000000 0.0000000 0.0000000 0.0022465 0.0135929
 40 V  40 0.1148355 0.0781646 0.0107570 0.0342652 0.0000000 0.0589424 0.1485076 0.0000000 0.0148770 0.0652753 0.0115906 0.0192623 0.0302769 0.0000000 0.0000000 0.0290648 0.0420160 0.0000000 0.0059495 0.3260542 0.0101613
 41 M  41 0.0000000 0.0000000 0.0000000 0.0000000 0.0118178 0.0000000 0.0000000 0.0000000 0.0000000 0.2729745 0.2001597 0.0000000 0.3454447 0.0027656 0.0015536 0.0000000 0.0072154 0.0000000 0.0026599 0.1452475 0.0101613
 42 K  42 0.0135557 0.1681927 0.0133882 0.0142062 0.0026656 0.0529840 0.0628124 0.0000000 0.0316313 0.0095635 0.0214672 0.3072726 0.0131141 0.0000000 0.0000000 0.0358683 0.2116148 0.0033340 0.0034612 0.0247067 0.0101613
 43 L  43 0.0000000 0.0000000 0.0000000 0.0000000 0.0000000 0.0000000 0.0000000 0.0000000 0.0000000 0.1819549 0.6259135 0.0000000 0.0446609 0.0193226 0.0000000 0.0000000 0.0000000 0.0000000 0.0028221 0.1151647 0.0101613
 44 Q  44 0.0151518 0.0989120 0.0027847 0.0436006 0.0000000 0.3298819 0.0307272 0.0023310 0.0307037 0.0000000 0.0064938 0.0000000 0.0300612 0.0796632 0.0000000 0.0303283 0.0825030 0.0109020 0.1920019 0.0093473 0.0046065
 45 I  45 0.0094549 0.0000000 0.0000000 0.0000000 0.0000000 0.0000000 0.0000000 0.0000000 0.0000000 0.3440105 0.3392770 0.0000000 0.0411534 0.0130530 0.0000000 0.0000000 0.0000000 0.0165872 0.0000000 0.2364640 0.0000000
 46 K  46 0.0444983 0.1177829 0.0173685 0.0290441 0.0000000 0.0967157 0.0466592 0.0000000 0.0172494 0.0033535 0.0319273 0.5495784 0.0029895 0.0027566 0.0000000 0.0118997 0.0088533 0.0000000 0.0024723 0.0146633 0.0021881
 47 V  47 0.0000000 0.0000000 0.0000000 0.0000000 0.0021881 0.0000000 0.0000000 0.0000000 0.0000000 0.2243789 0.1913597 0.0000000 0.0164083 0.0326265 0.0000000 0.0000000 0.0046811 0.0000000 0.0066826 0.5158114 0.0058633
 48 N  48 0.0201960 0.0216724 0.1328363 0.3589253 0.0000000 0.0161811 0.2054059 0.0311305 0.0000000 0.0000000 0.0011775 0.0910068 0.0000000 0.0000000 0.0000000 0.0849655 0.0069642 0.0000000 0.0000000 0.0063700 0.0231685
 49 D  49 0.0227685 0.0025582 0.0573455 0.4562056 0.0000000 0.0043038 0.1558919 0.1227579 0.0111894 0.0000000 0.0000000 0.0304376 0.0000000 0.0000000 0.0916302 0.0068903 0.0012952 0.0000000 0.0061856 0.0000000 0.0305404
 50 E  50 0.0194382 0.0019011 0.2012916 0.2947574 0.0000000 0.0396458 0.1249838 0.0101102 0.0097970 0.0029451 0.0000000 0.0924480 0.0007870 0.0000000 0.0039394 0.0358376 0.0427674 0.0000000 0.0008049 0.0000000 0.1185456
 51 G  51 0.0071643 0.0086562 0.0259561 0.0619979 0.0000000 0.0407097 0.0390529 0.4818901 0.0174906 0.0000000 0.0013580 0.0227014 0.0009594 0.0000000 0.0097620 0.0112815 0.0302493 0.0000000 0.0024228 0.0000000 0.2383478
 52 I  52 0.0000000 0.1389524 0.0069419 0.0029657 0.0062410 0.0152821 0.0043978 0.0081548 0.0099184 0.2158405 0.0169779 0.1904110 0.0095883 0.0019586 0.0000000 0.0018538 0.1095063 0.0000000 0.0000000 0.2453138 0.0156956
 53 I  53 0.0000000 0.0000000 0.0000000 0.0000000 0.0000000 0.0000000 0.0000000 0.0000000 0.0061563 0.7699469 0.0158506 0.0000000 0.0000000 0.0000000 0.0000000 0.0000000 0.0000000 0.0000000 0.0000000 0.2080462 0.0000000
 54 E  54 0.1163512 0.0273372 0.0095177 0.0371733 0.0000000 0.0354022 0.2935681 0.0033795 0.0017256 0.0406768 0.0366154 0.1008707 0.0121530 0.0000000 0.0000000 0.0630584 0.1175468 0.0000000 0.0000000 0.0929994 0.0116247
 55 D  55 0.0273962 0.0179588 0.0324037 0.7577574 0.0000000 0.0125510 0.1058576 0.0094098 0.0033641 0.0000000 0.0024228 0.0202820 0.0000000 0.0016776 0.0000000 0.0035056 0.0000000 0.0000000 0.0036125 0.0000000 0.0018010
 56 A  56 0.3950977 0.0000000 0.0000000 0.0000000 0.0168729 0.0000000 0.0000000 0.0094954 0.0000000 0.2073697 0.0252694 0.0000000 0.0000000 0.0000000 0.0000000 0.0179305 0.0020926 0.0000000 0.0000000 0.3258718 0.0000000
 57 R  57 0.1053698 0.1801381 0.0060825 0.0000000 0.0289694 0.0153786 0.0000000 0.0366593 0.0052052 0.0000000 0.0000000 0.3800093 0.0031297 0.0000000 0.0000000 0.1998141 0.0233584 0.0058396 0.0026723 0.0033412 0.0040326
 58 F  58 0.0000000 0.0000000 0.0000000 0.0000000 0.0000000 0.0058729 0.0000000 0.0000000 0.0077520 0.0081597 0.0000000 0.0000000 0.0000000 0.8207021 0.0000000 0.0000000 0.0000000 0.0316177 0.1175039 0.0083917 0.0000000
 59 K  59 0.0117537 0.0368213 0.0154142 0.0891626 0.0000000 0.1276575 0.1324374 0.0000000 0.0089464 0.0066374 0.0445482 0.3819638 0.0068518 0.0000000 0.0000000 0.0445426 0.0566616 0.0084372 0.0000000 0.0259431 0.0022212
 60 T  60 0.0354769 0.0000000 0.0058142 0.0066293 0.0000000 0.0000000 0.0000000 0.3935247 0.0000000 0.0103996 0.0000000 0.0000000 0.0000000 0.0000000 0.0000000 0.0471530 0.4666943 0.0000000 0.0000000 0.0320869 0.0022212
 61 Y  61 0.0079300 0.0319080 0.0077742 0.0526520 0.0035223 0.0916438 0.0878205 0.0000000 0.0401612 0.0023373 0.0066451 0.0391995 0.0052006 0.4109472 0.0000000 0.0517007 0.0116246 0.0000000 0.1224181 0.0242939 0.0022212
 62 G  62 0.0000000 0.0000000 0.0000000 0.0000000 0.0000000 0.0000000 0.0000000 0.9940308 0.0000000 0.0000000 0.0000000 0.0000000 0.0000000 0.0000000 0.0000000 0.0059692 0.0000000 0.0000000 0.0000000 0.0000000 0.0000000
 63 C  63 0.0000000 0.0000000 0.0000000 0.0000000 1.0000000 0.0000000 0.0000000 0.0000000 0.0000000 0.0000000 0.0000000 0.0000000 0.0000000 0.0000000 0.0000000 0.0000000 0.0000000 0.0000000 0.0000000 0.0000000 0.0000000
 64 G  64 0.3003132 0.0000000 0.0000000 0.0000000 0.0146836 0.0000000 0.0000000 0.4081153 0.0000000 0.0044913 0.0020783 0.0000000 0.0000000 0.0000000 0.0116616 0.1735864 0.0734397 0.0000000 0.0000000 0.0116305 0.0000000
 65 S  65 0.1339046 0.0000000 0.0000000 0.0000000 0.0000000 0.0000000 0.0000000 0.0088541 0.0000000 0.4206004 0.0000000 0.0000000 0.0000000 0.0000000 0.0000000 0.3970032 0.0250245 0.0000000 0.0000000 0.0146132 0.0000000
 66 A  66 0.5283999 0.0000000 0.0193370 0.0028236 0.0197420 0.0000000 0.0000000 0.0000000 0.0000000 0.0000000 0.0066293 0.0000000 0.0000000 0.0000000 0.0000000 0.4121616 0.0109065 0.0000000 0.0000000 0.0000000 0.0000000
 67 I  67 0.0000000 0.0059287 0.0000000 0.0000000 0.0085827 0.2445272 0.0000000 0.0000000 0.0000000 0.5363019 0.0149311 0.0148119 0.0816274 0.0000000 0.0000000 0.0000000 0.0497868 0.0000000 0.0000000 0.0435023 0.0000000
 68 A  68 0.9439823 0.0000000 0.0000000 0.0000000 0.0000000 0.0000000 0.0000000 0.0000000 0.0000000 0.0000000 0.0000000 0.0000000 0.0000000 0.0000000 0.0000000 0.0560177 0.0000000 0.0000000 0.0000000 0.0000000 0.0000000
 69 S  69 0.0902521 0.0000000 0.0000000 0.0000000 0.0125215 0.0000000 0.0000000 0.0000000 0.0000000 0.0000000 0.0000000 0.0000000 0.0000000 0.0000000 0.0000000 0.7829465 0.1034602 0.0000000 0.0000000 0.0108198 0.0000000
 70 S  70 0.3429309 0.0000000 0.0000000 0.0000000 0.0000000 0.0000000 0.0000000 0.0156889 0.0000000 0.0000000 0.0061563 0.0000000 0.0000000 0.0000000 0.0000000 0.4942065 0.1268943 0.0000000 0.0000000 0.0141230 0.0000000
 71 S  71 0.0069080 0.0000000 0.0000000 0.0433157 0.0000000 0.0000000 0.0034432 0.0000000 0.0000000 0.0000000 0.0000000 0.0000000 0.0066293 0.0059692 0.0000000 0.9297371 0.0000000 0.0000000 0.0039975 0.0000000 0.0000000
 72 L  72 0.0759148 0.0000000 0.0000000 0.0000000 0.0000000 0.0019408 0.0066293 0.0000000 0.0000000 0.0785515 0.2475199 0.0000000 0.3272026 0.0037166 0.0000000 0.0000000 0.0111783 0.0000000 0.0778644 0.1694818 0.0000000
 73 V  73 0.1802658 0.0000000 0.0000000 0.0000000 0.0000000 0.0000000 0.0000000 0.0034500 0.0000000 0.0191549 0.3025069 0.0000000 0.3339653 0.0000000 0.0000000 0.0065605 0.0356983 0.0000000 0.0066293 0.1117689 0.0000000
 74 T  74 0.0531735 0.0000000 0.0180986 0.0000000 0.0134565 0.0000000 0.0000000 0.0022979 0.0057254 0.0207841 0.0127027 0.0000000 0.0043596 0.0040330 0.0000000 0.0951046 0.7600156 0.0000000 0.0065970 0.0036516 0.0000000
 75 E  75 0.0030340 0.0041561 0.0079019 0.1751345 0.0000000 0.0442041 0.6876362 0.0162394 0.0000000 0.0020934 0.0019985 0.0053960 0.0000000 0.0000000 0.0000000 0.0074679 0.0216625 0.0000000 0.0000000 0.0230754 0.0000000
 76 W  76 0.1304608 0.0315668 0.0016533 0.0034612 0.0000000 0.0379930 0.0430458 0.0000000 0.0017376 0.0431403 0.3112008 0.0147970 0.1679262 0.0026599 0.0000000 0.0182766 0.0140172 0.1497703 0.0013172 0.0205392 0.0064369
 77 V  77 0.0807687 0.0000000 0.0000000 0.0000000 0.0207831 0.0000000 0.0000000 0.0000000 0.0000000 0.2767029 0.1599351 0.0000000 0.0136937 0.0000000 0.0000000 0.0024723 0.0122814 0.0000000 0.0000000 0.4269260 0.0064369
 78 K  78 0.0076236 0.0702473 0.0055994 0.0000000 0.0000000 0.0167491 0.0220902 0.0000000 0.0057552 0.1480673 0.0227218 0.5851517 0.0212240 0.0000000 0.0114386 0.0035484 0.0162235 0.0000000 0.0018103 0.0553127 0.0064369
 79 G  79 0.0000000 0.0024692 0.0168682 0.0076625 0.0000000 0.0033572 0.0035118 0.9497077 0.0000000 0.0000000 0.0000000 0.0044442 0.0000000 0.0000000 0.0000000 0.0055423 0.0000000 0.0000000 0.0000000 0.0000000 0.0064369
 80 K  80 0.0056291 0.0600197 0.0000000 0.0000000 0.0000000 0.0405277 0.0023569 0.0000000 0.0121498 0.0049133 0.0408578 0.6921728 0.1105062 0.0000000 0.0000000 0.0110506 0.0102677 0.0000000 0.0000000 0.0031118 0.0064369
 81 S  81 0.0088854 0.0131165 0.0237259 0.0354776 0.0000000 0.0064727 0.0138262 0.0049231 0.0216032 0.0027552 0.0035926 0.0290397 0.0000000 0.0000000 0.0737003 0.1850333 0.5778484 0.0000000 0.0000000 0.0000000 0.0000000
 82 L  82 0.0090927 0.0175874 0.0000000 0.0000000 0.0203271 0.0042087 0.0194137 0.0000000 0.0000000 0.1760701 0.3880627 0.0446219 0.0079384 0.0039394 0.0095566 0.0025891 0.0135516 0.0029824 0.0019445 0.2781138 0.0000000
 83 D  83 0.1004242 0.0052492 0.0255618 0.3321368 0.0000000 0.0237334 0.3475748 0.0270160 0.0035040 0.0013753 0.0029687 0.0370654 0.0000000 0.0033171 0.0296419 0.0375526 0.0141560 0.0012101 0.0027586 0.0047539 0.0000000
 84 E  84 0.0144094 0.0030705 0.0083954 0.1128202 0.0000000 0.0778520 0.7375301 0.0025017 0.0066587 0.0000000 0.0000000 0.0074465 0.0000000 0.0000000 0.0000000 0.0024018 0.0072625 0.0000000 0.0174551 0.0021960 0.0000000
 85 A  85 0.8365601 0.0000000 0.0000000 0.0015683 0.0050756 0.0000000 0.0016765 0.0089678 0.0000000 0.0203657 0.0203943 0.0000000 0.0000000 0.0052119 0.0064369 0.0068110 0.0055700 0.0000000 0.0000000 0.0813621 0.0000000
 86 Q  86 0.0672065 0.0318606 0.0015177 0.0083958 0.0017158 0.0410501 0.1086844 0.0357561 0.0076327 0.0094325 0.4088712 0.0804752 0.0623392 0.0216149 0.0000000 0.0287046 0.0118982 0.0333458 0.0164505 0.0230484 0.0000000
 87 A  87 0.1727261 0.0574932 0.0400850 0.0379411 0.0000000 0.1060615 0.1432808 0.0219798 0.0207087 0.0038759 0.0126737 0.2720905 0.0088666 0.0000000 0.0016663 0.0324663 0.0609375 0.0000000 0.0000000 0.0071470 0.0000000
 88 I  88 0.0025120 0.0000000 0.0000000 0.0019378 0.0000000 0.0022298 0.0052820 0.0000000 0.0000000 0.4248833 0.3532448 0.0039291 0.0714982 0.0139472 0.0000000 0.0000000 0.0205852 0.0000000 0.0015369 0.0828150 0.0155988
 89 K  89 0.0275143 0.0351764 0.0105106 0.0516520 0.0022624 0.0210077 0.0249296 0.1357489 0.0098931 0.0140124 0.0106642 0.2005591 0.0053713 0.0446920 0.0060232 0.0769398 0.2580089 0.0000000 0.0077771 0.0416583 0.0155988
 90 N  90 0.0126117 0.0401238 0.4406683 0.2200648 0.0000000 0.0217221 0.0751218 0.0184474 0.0220253 0.0000000 0.0039394 0.0463345 0.0000000 0.0049779 0.0292978 0.0111128 0.0119373 0.0143591 0.0057525 0.0059047 0.0155988
 91 T  91 0.1066328 0.0499292 0.0225222 0.0881950 0.0024702 0.0686592 0.0890547 0.0311508 0.0082474 0.0369072 0.0502560 0.1601027 0.0159329 0.0000000 0.0000000 0.0451638 0.2088138 0.0000000 0.0000000 0.0068000 0.0091620
 92 D  92 0.1146563 0.0047340 0.0022361 0.3593482 0.0000000 0.0838312 0.1510295 0.0000000 0.0062534 0.0193094 0.0012549 0.0088784 0.0145802 0.1685646 0.0000000 0.0093377 0.0139292 0.0000000 0.0045240 0.0283708 0.0091620
 93 I  93 0.1067059 0.0022104 0.0019216 0.0000000 0.0031256 0.0046729 0.0012566 0.0000000 0.0012971 0.4445609 0.0616692 0.0057310 0.0256780 0.0169939 0.0015013 0.0103580 0.0071626 0.0000000 0.0000000 0.2959930 0.0091620
 94 A  94 0.4123359 0.0000000 0.0000000 0.0025017 0.0009595 0.0013426 0.0248499 0.0053413 0.0000000 0.0260164 0.2661636 0.0000000 0.0207930 0.0945440 0.0024692 0.0189935 0.0328583 0.0000000 0.0093358 0.0648859 0.0166096
 95 E  95 0.1398763 0.0145058 0.0210024 0.1266184 0.0017379 0.0727267 0.2613263 0.0297350 0.0088262 0.0000000 0.0000000 0.1819358 0.0279227 0.0000000 0.0000000 0.0808060 0.0138624 0.0000000 0.0000000 0.0025086 0.0166096
 96 E  96 0.1624321 0.0043078 0.0234065 0.0107234 0.0000000 0.0021143 0.2488221 0.3358928 0.0422972 0.0000000 0.0152389 0.0059704 0.0109075 0.0320908 0.0000000 0.0168401 0.0068815 0.0044309 0.0550056 0.0060287 0.0166096
 97 L  97 0.0000000 0.0000000 0.0000000 0.0000000 0.0000000 0.0000000 0.0000000 0.0141586 0.0000000 0.0604769 0.5540337 0.0000000 0.0070094 0.0000000 0.0105489 0.0000000 0.0027278 0.0000000 0.0000000 0.3344351 0.0166096
 98 E  98 0.1624018 0.0450502 0.0253819 0.0183114 0.0685068 0.0110806 0.0542737 0.2913867 0.0152457 0.0020215 0.0039975 0.0419936 0.0141050 0.0000000 0.0000000 0.2216610 0.0040701 0.0000000 0.0000000 0.0029125 0.0176001
 99 L  99 0.0167997 0.0121364 0.0128144 0.0103192 0.0000000 0.0671765 0.0465668 0.0088851 0.0143113 0.0389654 0.5539035 0.1735883 0.0000000 0.0024335 0.0000000 0.0038967 0.0000000 0.0000000 0.0000000 0.0215936 0.0166096
100 P 100 0.0000000 0.0000000 0.0000000 0.0000000 0.0000000 0.0047469 0.0052727 0.0105499 0.0000000 0.0047790 0.0229063 0.0000000 0.0261720 0.1998121 0.5475641 0.0271756 0.0110057 0.0000000 0.1234060 0.0000000 0.0166096
101 P 101 0.0246476 0.0057873 0.0000000 0.0184406 0.0000000 0.0064162 0.0799845 0.0010277 0.0043977 0.0000000 0.0044309 0.0213476 0.0000000 0.0000000 0.8087202 0.0036695 0.0030846 0.0000000 0.0000000 0.0014358 0.0166096
102 V 102 0.3047168 0.0014729 0.0318530 0.0065816 0.0000000 0.0769586 0.0818845 0.0063749 0.0141188 0.0264917 0.0000000 0.0051371 0.0429264 0.0040140 0.0018767 0.0303787 0.0167776 0.0000000 0.0000000 0.3318272 0.0166096
103 K 103 0.0000000 0.4352136 0.0000000 0.0000000 0.0000000 0.0000000 0.0000000 0.0000000 0.0000000 0.0000000 0.0000000 0.5397396 0.0000000 0.0000000 0.0000000 0.0084372 0.0000000 0.0000000 0.0000000 0.0000000 0.0166096
104 I 104 0.0052674 0.0029939 0.0000000 0.0000000 0.0000000 0.0077112 0.0042788 0.0031316 0.0000000 0.2741335 0.1823671 0.0179343 0.1586440 0.0080378 0.0083703 0.0031338 0.0019610 0.0000000 0.0129722 0.2864843 0.0225788
105 H 105 0.0000000 0.0118698 0.0059101 0.0061563 0.0000000 0.0000000 0.0053665 0.0000000 0.5274410 0.0000000 0.0064369 0.4177238 0.0000000 0.0000000 0.0024862 0.0000000 0.0000000 0.0000000 0.0000000 0.0000000 0.0166096
106 C 106 0.0109831 0.0000000 0.0000000 0.0000000 0.9724074 0.0000000 0.0000000 0.0000000 0.0000000 0.0000000 0.0000000 0.0000000 0.0000000 0.0000000 0.0000000 0.0000000 0.0000000 0.0000000 0.0000000 0.0000000 0.0166096
107 S 107 0.4248872 0.0000000 0.0000000 0.0000000 0.0058396 0.0000000 0.0000000 0.0000000 0.0000000 0.0000000 0.0000000 0.0000000 0.0000000 0.0044913 0.0000000 0.5297494 0.0184229 0.0000000 0.0000000 0.0000000 0.0166096
108 I 108 0.0051836 0.0000000 0.0749733 0.0000000 0.0000000 0.0030784 0.0000000 0.0000000 0.0000000 0.0659836 0.1922159 0.0000000 0.1441081 0.0135320 0.0000000 0.0147534 0.1996005 0.0000000 0.0000000 0.2663432 0.0202280
109 L 109 0.0000000 0.0000000 0.0000000 0.0000000 0.0000000 0.0000000 0.0000000 0.0000000 0.0000000 0.0105471 0.8638987 0.0019999 0.0959576 0.0000000 0.0000000 0.0000000 0.0000000 0.0000000 0.0000000 0.0036288 0.0239680
110 A 110 0.5922288 0.0000000 0.0000000 0.0000000 0.0082629 0.0000000 0.0000000 0.2320281 0.0000000 0.0144331 0.0000000 0.0000000 0.0000000 0.0000000 0.0283773 0.0935363 0.0035536 0.0000000 0.0000000 0.0021364 0.0254436
111 E 111 0.0680262 0.0317300 0.0000000 0.0243897 0.0000000 0.0473632 0.3159139 0.0000000 0.0020866 0.0098164 0.0420188 0.0011216 0.0035748 0.0044309 0.0000000 0.0000000 0.0030784 0.3706399 0.0195768 0.0307891 0.0254436
112 D 112 0.0070550 0.0235950 0.0478047 0.2864384 0.0000000 0.0294825 0.1480435 0.0114915 0.1267068 0.0000000 0.0051672 0.1670965 0.0672682 0.0000000 0.0000000 0.0331808 0.0051216 0.0141050 0.0000000 0.0000000 0.0274435
113 A 113 0.7153189 0.0016362 0.0000000 0.0000000 0.0022569 0.0000000 0.0000000 0.0274238 0.0000000 0.0058396 0.0000000 0.0000000 0.0000000 0.0000000 0.0000000 0.0038197 0.1438821 0.0000000 0.0000000 0.0723794 0.0274435
114 I 114 0.0277651 0.0000000 0.0000000 0.0000000 0.0050832 0.0000000 0.0000000 0.0000000 0.0000000 0.2957541 0.4483944 0.0000000 0.0384454 0.0720427 0.0000000 0.0000000 0.0036288 0.0211809 0.0060578 0.0524006 0.0292471
115 K 115 0.0058885 0.1043340 0.0162367 0.0172385 0.0000000 0.1025715 0.1538646 0.0042703 0.0977084 0.0039786 0.0126923 0.4174028 0.0035466 0.0000000 0.0061563 0.0020783 0.0109067 0.0000000 0.0064975 0.0053813 0.0292471
116 A 116 0.4251373 0.0378103 0.0281124 0.1131629 0.0000000 0.0529313 0.0564834 0.0033582 0.0094196 0.0000000 0.0144620 0.1210205 0.0045004 0.0024702 0.0000000 0.0723375 0.0035229 0.0000000 0.0036228 0.0152265 0.0364216
117 A 117 0.8220117 0.0000000 0.0000000 0.0000000 0.0064370 0.0000000 0.0028236 0.0935196 0.0000000 0.0085710 0.0053725 0.0000000 0.0067951 0.0000000 0.0000000 0.0045766 0.0032584 0.0000000 0.0000000 0.0051131 0.0415214
118 I 118 0.0444971 0.0000000 0.0000000 0.0000000 0.0000000 0.0000000 0.0000000 0.0000000 0.0000000 0.4283901 0.2746943 0.0000000 0.0045756 0.0043001 0.0000000 0.0028694 0.0299980 0.0000000 0.0000000 0.1595009 0.0511745
119 A 119 0.2025248 0.0480188 0.0959259 0.0539710 0.0000000 0.0336377 0.1250597 0.0044934 0.0346151 0.0017537 0.0115177 0.1449772 0.0071000 0.0080566 0.0000000 0.0600804 0.0149079 0.0113979 0.0360883 0.0158286 0.0900451
120 D 120 0.0102219 0.0088855 0.1594339 0.3800357 0.0014538 0.0719522 0.0707279 0.0057777 0.0098183 0.0192096 0.0027752 0.0422515 0.0000000 0.0009423 0.0033171 0.0167134 0.0136722 0.0000000 0.0020829 0.0000000 0.1807289
121 Y 121 0.0595730 0.0013490 0.0049022 0.0078428 0.0000000 0.0000000 0.0163372 0.0000000 0.0087301 0.0207703 0.0178393 0.0197210 0.0041498 0.0288902 0.0000000 0.0130585 0.0044838 0.0172947 0.5042063 0.0036178 0.2672341
122 K 122 0.0164364 0.1761682 0.0139108 0.0021498 0.0017803 0.0607042 0.0800487 0.0042351 0.0093518 0.0066770 0.0830763 0.1496944 0.0114544 0.0064587 0.0074509 0.0053026 0.0045346 0.0028401 0.0522667 0.0067442 0.2987149
123 S 123 0.0590357 0.0239805 0.0270201 0.0115123 0.0000000 0.0369951 0.0878408 0.1386390 0.0045050 0.0107828 0.0234278 0.0876368 0.0050180 0.0141146 0.0016057 0.0911788 0.0376755 0.0000000 0.0000000 0.0222838 0.3167476
124 K 124 0.0035721 0.0557107 0.0036879 0.0187122 0.0000000 0.0018749 0.0999902 0.0071677 0.0025503 0.0048342 0.0011284 0.3644670 0.0000000 0.0000000 0.0012257 0.0135570 0.0049838 0.0000000 0.0000000 0.0010712 0.4154666
125 R 125 0.0206255 0.0742813 0.0283967 0.0032938 0.0000000 0.1477182 0.0213027 0.0000000 0.0612431 0.0030429 0.0060020 0.0555492 0.0042118 0.0012570 0.0010682 0.0030827 0.0071518 0.0020783 0.0000000 0.0015177 0.5581772
126 E 126 0.0313635 0.0089971 0.0349641 0.0415594 0.0000000 0.0296384 0.0769867 0.0532915 0.0012282 0.0000000 0.0020729 0.0296891 0.0000000 0.0000000 0.0078198 0.0102246 0.0065922 0.0012375 0.0000000 0.0049533 0.6593817
127 A 127 0.0486462 0.0045687 0.0079806 0.0016852 0.0000000 0.0112403 0.0108970 0.0310982 0.0015626 0.0053927 0.0221333 0.0633847 0.0100337 0.0000000 0.0154486 0.0303289 0.0059603 0.0000000 0.0000000 0.0049371 0.7247019
128 K 128 0.0000000 0.0160213 0.0000000 0.0000000 0.0000000 0.0079842 0.0549168 0.0000000 0.0000000 0.0000000 0.0000000 0.0890211 0.0000000 0.0000000 0.0000000 0.0000000 0.0000000 0.0000000 0.0000000 0.0000000 0.8320567
