   50         A         R         N         D         C         Q         E         G         H         I         L         K         M         F         P         S         T         W         Y         V         X    
  1 G   1 0.0216523 0.0000000 0.0000000 0.0000000 0.0000000 0.0000000 0.0000000 0.1373547 0.0000000 0.0000000 0.0000000 0.0000000 0.0000000 0.0000000 0.0000000 0.0000000 0.0000000 0.0000000 0.0000000 0.0000000 0.8409930
  2 S   2 0.0056408 0.0000000 0.0047188 0.0030073 0.4280001 0.0000000 0.0000000 0.0036820 0.0000000 0.0017236 0.0033399 0.0019617 0.0000000 0.0000000 0.0035538 0.0397293 0.0069752 0.0000000 0.0000000 0.0034130 0.4942544
  3 E   3 0.0539215 0.0103957 0.0169966 0.0284963 0.0012423 0.0423919 0.0835505 0.0242471 0.0176153 0.0042982 0.0101475 0.0359142 0.0053862 0.0112318 0.1387856 0.0850182 0.0612769 0.0000000 0.0026445 0.0237880 0.3426518
  4 G   4 0.0584657 0.0232233 0.0941699 0.0168471 0.0013347 0.0258161 0.0547213 0.0434066 0.0337358 0.0135035 0.0103405 0.0289767 0.0096011 0.0120379 0.1261817 0.0784934 0.0342855 0.0000000 0.0321717 0.0125327 0.2901548
  5 K   5 0.0276745 0.1362828 0.0330066 0.0132738 0.0045120 0.0438488 0.0209689 0.0267434 0.0599110 0.0218344 0.0174481 0.0829311 0.0060383 0.0118518 0.0707933 0.0600428 0.0388386 0.0045667 0.0124708 0.0627686 0.2441938
  6 T   6 0.0424613 0.0227014 0.0512199 0.0078427 0.0151786 0.0346496 0.0332530 0.0153009 0.0105577 0.0063666 0.0187974 0.0309898 0.0066963 0.0025005 0.0721159 0.1032641 0.2747060 0.0013293 0.0056557 0.0319167 0.2124967
  7 C   7 0.0000000 0.0000000 0.0026297 0.0034286 0.9373070 0.0000000 0.0000000 0.0029025 0.0000000 0.0000000 0.0027155 0.0032767 0.0000000 0.0000000 0.0000000 0.0062218 0.0000000 0.0000000 0.0000000 0.0000000 0.0415182
  8 G   8 0.0617120 0.0745884 0.0394429 0.0572715 0.0059154 0.0559168 0.0598284 0.0771655 0.0298531 0.0024915 0.0494163 0.0346072 0.0059727 0.0104643 0.1287159 0.1713750 0.0703862 0.0010780 0.0089013 0.0121357 0.0427620
  9 P   9 0.1032231 0.0311414 0.0240173 0.0472602 0.0016090 0.0218485 0.1161579 0.0279458 0.0105806 0.0098614 0.0346097 0.0350959 0.0049420 0.0070690 0.2917018 0.1318884 0.0310577 0.0039029 0.0107049 0.0191923 0.0361902
 10 S  10 0.0213968 0.0194953 0.1618907 0.1893779 0.0013963 0.0179799 0.0404290 0.2135215 0.0398587 0.0028662 0.0113635 0.0164336 0.0059848 0.0165561 0.0095824 0.0937922 0.0640270 0.0115685 0.0271064 0.0037820 0.0315913
 11 S  11 0.0197373 0.0187455 0.0157619 0.0398223 0.0000000 0.2970547 0.3096247 0.0119610 0.0416097 0.0014031 0.0138532 0.0363495 0.0178914 0.0215552 0.0000000 0.0342945 0.0490341 0.0065661 0.0373613 0.0058844 0.0214902
 12 F  12 0.0087664 0.0071555 0.0021953 0.0014860 0.0000000 0.0042263 0.0072210 0.0000000 0.0180192 0.0152409 0.0162774 0.0040813 0.0085696 0.8018666 0.0012944 0.0033814 0.0044177 0.0186087 0.0565969 0.0081244 0.0124709
 13 S  13 0.0613376 0.1925603 0.0075787 0.0034012 0.0066279 0.2089624 0.0299809 0.0052147 0.0390755 0.0027988 0.0430004 0.1155443 0.0185962 0.0056780 0.0450652 0.0509589 0.1265549 0.0015451 0.0078360 0.0185298 0.0091533
 14 C  14 0.0000000 0.0000000 0.0000000 0.0000000 0.9792265 0.0000000 0.0000000 0.0000000 0.0000000 0.0000000 0.0000000 0.0000000 0.0000000 0.0000000 0.0000000 0.0000000 0.0072210 0.0000000 0.0000000 0.0054579 0.0080946
 15 P  15 0.1363108 0.0895170 0.0517705 0.0847515 0.0072210 0.0502393 0.0313215 0.1149624 0.0238971 0.0083018 0.0310996 0.0947576 0.0074095 0.0066588 0.0592823 0.0606190 0.0346784 0.0026823 0.0061746 0.0259849 0.0723603
 16 G  16 0.0089521 0.0210808 0.4098763 0.1704162 0.0000000 0.0070746 0.0150827 0.0460333 0.0090335 0.0059091 0.0093246 0.0175983 0.0026854 0.0013542 0.0046831 0.1806470 0.0574635 0.0012909 0.0054820 0.0096132 0.0163992
 17 T  17 0.0071895 0.0170274 0.0415008 0.0518839 0.0000000 0.0075456 0.0089544 0.4428542 0.0074795 0.0065540 0.0063979 0.0158402 0.0028085 0.0015338 0.0081514 0.1659235 0.0813214 0.0012503 0.0040971 0.0064998 0.1151868
 18 H  18 0.0317771 0.0460826 0.0974905 0.0242095 0.0020386 0.0230274 0.0439405 0.1732434 0.0814413 0.0094000 0.0205936 0.0496936 0.0023822 0.0075801 0.0065853 0.0702512 0.0499016 0.0012802 0.0119659 0.0076203 0.2394952
 19 V  19 0.0261722 0.2379179 0.0091305 0.0153979 0.0236347 0.0942833 0.0610475 0.0087695 0.0197219 0.0366407 0.0471529 0.1243382 0.0123840 0.0126810 0.0038222 0.0152917 0.0372525 0.0030208 0.0170522 0.0398663 0.1544222
 20 C  20 0.0000000 0.0026697 0.0000000 0.0000000 0.9685528 0.0000000 0.0000000 0.0000000 0.0000000 0.0037898 0.0117544 0.0000000 0.0000000 0.0039032 0.0028197 0.0035466 0.0000000 0.0000000 0.0000000 0.0000000 0.0029638
 21 V  21 0.0061889 0.0045656 0.0022937 0.0000000 0.0000000 0.0025335 0.0000000 0.0000000 0.0016173 0.7073205 0.0641211 0.0095806 0.0043000 0.0041262 0.0000000 0.0028730 0.0081082 0.0000000 0.0166180 0.1657534 0.0000000
 22 P  22 0.0514918 0.0257977 0.0351597 0.0414586 0.0000000 0.0200931 0.0281657 0.0069325 0.0301734 0.0093509 0.0377491 0.0257464 0.0070013 0.0114447 0.5013579 0.1255209 0.0172589 0.0028296 0.0131181 0.0093498 0.0000000
 23 E  23 0.0739919 0.0927847 0.0514377 0.0209833 0.0000000 0.0893250 0.0593288 0.0645785 0.0164889 0.0379893 0.1103682 0.1472102 0.0345320 0.0110955 0.0265425 0.1035261 0.0151721 0.0088390 0.0143354 0.0214709 0.0000000
 24 R  24 0.0853684 0.1027062 0.0567565 0.0639010 0.0000000 0.0311051 0.0433046 0.0204947 0.0416401 0.0218567 0.0393172 0.0482128 0.0078386 0.0213683 0.0096610 0.2459843 0.0782409 0.0259617 0.0251918 0.0279250 0.0031650
 25 W  25 0.0308990 0.0288445 0.0143541 0.0110007 0.0010668 0.0655409 0.0186493 0.0034554 0.0108628 0.0011323 0.0847067 0.0595658 0.0103492 0.0918834 0.0082528 0.0196357 0.0027143 0.4535307 0.0754226 0.0055407 0.0025923
 26 L  26 0.0191095 0.2379460 0.0035417 0.0000000 0.0017730 0.0715290 0.0233485 0.0014084 0.0616369 0.0460064 0.0956030 0.1154090 0.0182765 0.0186859 0.0027803 0.0040327 0.0167937 0.0138642 0.0158848 0.2297782 0.0025923
 27 C  27 0.0000000 0.0000000 0.0055359 0.0000000 0.9841148 0.0000000 0.0000000 0.0051361 0.0052132 0.0000000 0.0000000 0.0000000 0.0000000 0.0000000 0.0000000 0.0000000 0.0000000 0.0000000 0.0000000 0.0000000 0.0000000
 28 D  28 0.0000000 0.0000000 0.1216459 0.8664215 0.0000000 0.0000000 0.0056898 0.0000000 0.0000000 0.0000000 0.0000000 0.0000000 0.0000000 0.0000000 0.0000000 0.0062427 0.0000000 0.0000000 0.0000000 0.0000000 0.0000000
 29 G  29 0.0064744 0.0325717 0.0403039 0.0152383 0.0011703 0.0163153 0.0180770 0.7209185 0.0269928 0.0012708 0.0096764 0.0212695 0.0028108 0.0213420 0.0000000 0.0313173 0.0118964 0.0051202 0.0138111 0.0034233 0.0000000
 30 D  30 0.0230537 0.0526184 0.0229752 0.2168796 0.0000000 0.0667145 0.1801679 0.0039067 0.0511660 0.0536102 0.0167199 0.0437257 0.0095570 0.0480007 0.0000000 0.0265747 0.0363924 0.0155644 0.0303259 0.1020472 0.0000000
 31 K  31 0.0665251 0.0761543 0.2034416 0.1430251 0.0000000 0.0292631 0.0427988 0.0034588 0.0133601 0.0294387 0.0277188 0.0813228 0.0055802 0.0192979 0.1073023 0.0425757 0.0300911 0.0056003 0.0241308 0.0489146 0.0000000
 32 D  32 0.0024497 0.0027512 0.0275551 0.8712235 0.0000000 0.0250553 0.0337512 0.0000000 0.0259728 0.0017728 0.0000000 0.0018435 0.0000000 0.0017559 0.0000000 0.0023454 0.0035236 0.0000000 0.0000000 0.0000000 0.0000000
 33 C  33 0.0000000 0.0067561 0.0000000 0.0000000 0.9864916 0.0000000 0.0000000 0.0000000 0.0000000 0.0000000 0.0000000 0.0000000 0.0000000 0.0067523 0.0000000 0.0000000 0.0000000 0.0000000 0.0000000 0.0000000 0.0000000
 34 A  34 0.0693947 0.0515900 0.0218536 0.0289737 0.0060169 0.0349717 0.0744709 0.2196721 0.0195318 0.0214080 0.0519718 0.0461070 0.0119513 0.0182475 0.1510252 0.1044798 0.0285765 0.0030962 0.0086637 0.0279975 0.0000000
 35 D  35 0.0038736 0.0020897 0.0537539 0.8803657 0.0000000 0.0037093 0.0038189 0.0115760 0.0053743 0.0028278 0.0028015 0.0020439 0.0015819 0.0034770 0.0013426 0.0117779 0.0013320 0.0012265 0.0030227 0.0000000 0.0040049
 36 G  36 0.0324089 0.0323764 0.1310481 0.0166947 0.0000000 0.0224765 0.0184385 0.5517267 0.0461809 0.0014150 0.0085437 0.0277724 0.0254016 0.0132488 0.0000000 0.0346899 0.0034477 0.0084494 0.0172917 0.0021806 0.0062083
 37 A  37 0.0373395 0.0066242 0.0011997 0.0126571 0.0016749 0.0081943 0.0600255 0.0066107 0.0013552 0.0022174 0.0087648 0.0048884 0.0016603 0.0058150 0.0000000 0.7796804 0.0451899 0.0023872 0.0040854 0.0034219 0.0062083
 38 D  38 0.0000000 0.0000000 0.0041775 0.9775897 0.0000000 0.0000000 0.0043047 0.0000000 0.0040963 0.0000000 0.0000000 0.0000000 0.0000000 0.0000000 0.0000000 0.0000000 0.0000000 0.0000000 0.0000000 0.0000000 0.0098317
 39 E  39 0.0000000 0.0000000 0.0000000 0.0053207 0.0000000 0.0000000 0.9764741 0.0000000 0.0000000 0.0000000 0.0000000 0.0051997 0.0000000 0.0000000 0.0000000 0.0000000 0.0000000 0.0000000 0.0000000 0.0000000 0.0130055
 40 S  40 0.1013614 0.0710709 0.0294053 0.0705749 0.0000000 0.0639277 0.1084326 0.0179817 0.0279096 0.0340940 0.0959585 0.0837428 0.0286735 0.0133113 0.0348954 0.0790604 0.0478205 0.0075294 0.0068730 0.0370920 0.0402852
 41 I  41 0.0413223 0.0077970 0.2794903 0.1466611 0.0049721 0.0274836 0.0436203 0.1285920 0.0440737 0.0076396 0.0194263 0.0200732 0.0027966 0.0086132 0.0670659 0.0616337 0.0118729 0.0000000 0.0063431 0.0088478 0.0616751
 42 A  42 0.0110080 0.0084515 0.0132200 0.0103242 0.7159417 0.0047968 0.0469010 0.0038249 0.0092035 0.0039819 0.0034532 0.0056985 0.0015096 0.0035751 0.0021082 0.0297563 0.0177874 0.0000000 0.0040025 0.0044482 0.1000074
 43 A  43 0.0758591 0.0069083 0.0102617 0.0310738 0.0697845 0.0132761 0.0351447 0.0861249 0.0238867 0.0101154 0.0282701 0.0111642 0.0099850 0.0128349 0.1319908 0.0655453 0.0552505 0.0047836 0.0063051 0.0448194 0.2666162
 44 G  44 0.0340340 0.0179504 0.0614104 0.0398423 0.0866280 0.0121238 0.0225241 0.0873914 0.0190759 0.0045787 0.0073778 0.0251826 0.0022558 0.0110470 0.0184385 0.0557842 0.0858773 0.0013946 0.0035788 0.0130755 0.3904292
 45 C  45 0.0276976 0.0191493 0.0088645 0.0064223 0.1887088 0.0105878 0.0052256 0.0203333 0.0108348 0.0181893 0.0357003 0.0209153 0.0047823 0.0028757 0.0331492 0.0264678 0.0315786 0.0000000 0.0063806 0.0217903 0.5003467
 46 L  46 0.0575703 0.0297418 0.0191267 0.0127980 0.0061922 0.0351790 0.0403399 0.0143482 0.0054182 0.0166008 0.0301889 0.0244569 0.0149585 0.0102496 0.0378972 0.0497301 0.0418630 0.0016727 0.0127950 0.0298535 0.5090194
 47 Y  47 0.0083125 0.0339397 0.0264367 0.0050570 0.0049069 0.0122116 0.0076746 0.0048766 0.0350101 0.0042931 0.0149250 0.0176915 0.0038344 0.0306149 0.1795089 0.0199753 0.0118043 0.0037049 0.0330297 0.0132088 0.5289833
 48 N  48 0.0148280 0.0091223 0.1384208 0.0115213 0.0024467 0.0090657 0.0122727 0.0373721 0.0042907 0.0019823 0.0069417 0.0147682 0.0034450 0.0076052 0.0071539 0.0217782 0.0987752 0.0000000 0.0017241 0.0056190 0.5908669
 49 S  49 0.0067747 0.0018266 0.0273542 0.0011989 0.2222679 0.0036158 0.0289651 0.0071122 0.0024742 0.0019228 0.0017331 0.0020351 0.0000000 0.0013885 0.0016832 0.0183717 0.0102789 0.0000000 0.0012110 0.0017988 0.6579871
 50 T  50 0.0000000 0.0000000 0.0000000 0.0000000 0.0000000 0.0000000 0.0000000 0.0000000 0.0000000 0.0000000 0.0000000 0.0000000 0.0000000 0.0000000 0.0000000 0.0536960 0.1191852 0.0000000 0.0000000 0.0000000 0.8271188
