   50         A         R         N         D         C         Q         E         G         H         I         L         K         M         F         P         S         T         W         Y         V    
  1 G   1 0.1507100 0.0000000 0.0000000 0.0000000 0.0000000 0.0000000 0.0000000 0.8492900 0.0000000 0.0000000 0.0000000 0.0000000 0.0000000 0.0000000 0.0000000 0.0000000 0.0000000 0.0000000 0.0000000 0.0000000
  2 S   2 0.0118352 0.0000000 0.0096702 0.0062508 0.8415749 0.0000000 0.0000000 0.0075961 0.0000000 0.0036111 0.0071296 0.0040857 0.0000000 0.0000000 0.0073689 0.0806785 0.0131201 0.0000000 0.0000000 0.0070788
  3 E   3 0.0821261 0.0160891 0.0222006 0.0440897 0.0020367 0.0610822 0.1287503 0.0348445 0.0270091 0.0067993 0.0159687 0.0502466 0.0084721 0.0197238 0.2119180 0.1313772 0.0953532 0.0000000 0.0041111 0.0378018
  4 G   4 0.0842645 0.0324052 0.1210946 0.0247670 0.0020062 0.0367331 0.0784543 0.0574570 0.0509120 0.0214146 0.0148041 0.0415830 0.0135836 0.0170747 0.1820581 0.1086845 0.0491869 0.0000000 0.0468986 0.0166181
  5 K   5 0.0366664 0.1748699 0.0400540 0.0144890 0.0060741 0.0633239 0.0282578 0.0362210 0.0755947 0.0282309 0.0229827 0.1140756 0.0080492 0.0158347 0.0947770 0.0810752 0.0533107 0.0061764 0.0164344 0.0835023
  6 T   6 0.0522217 0.0253588 0.0670648 0.0099103 0.0206217 0.0446945 0.0423717 0.0196185 0.0128075 0.0080167 0.0250027 0.0397434 0.0085834 0.0031833 0.0876490 0.1327914 0.3501816 0.0017393 0.0073273 0.0411124
  7 C   7 0.0000000 0.0000000 0.0030830 0.0039518 0.9753945 0.0000000 0.0000000 0.0033786 0.0000000 0.0000000 0.0031576 0.0038032 0.0000000 0.0000000 0.0000000 0.0072313 0.0000000 0.0000000 0.0000000 0.0000000
  8 G   8 0.0639705 0.0744100 0.0417628 0.0625183 0.0067843 0.0564398 0.0604379 0.0826126 0.0325297 0.0026367 0.0509450 0.0366753 0.0062391 0.0110958 0.1288013 0.1833602 0.0730571 0.0011589 0.0099612 0.0146035
  9 P   9 0.1040549 0.0333301 0.0254809 0.0498966 0.0017024 0.0232335 0.1230350 0.0291062 0.0101855 0.0102846 0.0321483 0.0384008 0.0052707 0.0073690 0.3000596 0.1383518 0.0327157 0.0041653 0.0112142 0.0199949
 10 S  10 0.0229566 0.0210457 0.1694718 0.1954703 0.0014728 0.0190660 0.0425453 0.2183804 0.0359708 0.0031462 0.0118593 0.0171064 0.0063100 0.0176153 0.0106544 0.0979294 0.0668342 0.0091910 0.0289572 0.0040170
 11 S  11 0.0208095 0.0201144 0.0158746 0.0426141 0.0000000 0.3014575 0.3087983 0.0143085 0.0440236 0.0015159 0.0121761 0.0398637 0.0153523 0.0226508 0.0000000 0.0357268 0.0524372 0.0068806 0.0391592 0.0062368
 12 F  12 0.0088535 0.0073903 0.0023098 0.0015483 0.0000000 0.0043731 0.0090386 0.0000000 0.0189648 0.0157702 0.0166209 0.0041779 0.0087099 0.8076246 0.0013632 0.0035436 0.0047330 0.0188705 0.0576762 0.0084314
 13 S  13 0.0619068 0.1981379 0.0078146 0.0035607 0.0083426 0.2032530 0.0301071 0.0054309 0.0407177 0.0027978 0.0407812 0.1203233 0.0183356 0.0058210 0.0467295 0.0521344 0.1253297 0.0015534 0.0080360 0.0188869
 14 C  14 0.0000000 0.0000000 0.0000000 0.0000000 0.9838644 0.0000000 0.0000000 0.0000000 0.0000000 0.0000000 0.0000000 0.0000000 0.0000000 0.0000000 0.0000000 0.0000000 0.0090094 0.0000000 0.0000000 0.0071261
 15 P  15 0.1480124 0.0963597 0.0553585 0.0939698 0.0096314 0.0551801 0.0352479 0.1251407 0.0256120 0.0092727 0.0344723 0.0956034 0.0080747 0.0072836 0.0671575 0.0629630 0.0359222 0.0029016 0.0066654 0.0251709
 16 G  16 0.0090434 0.0215476 0.4193726 0.1763872 0.0000000 0.0073146 0.0155669 0.0474917 0.0094690 0.0060397 0.0095807 0.0170452 0.0028040 0.0014289 0.0042805 0.1784118 0.0597753 0.0013537 0.0056460 0.0074412
 17 T  17 0.0081755 0.0192847 0.0436867 0.0565693 0.0000000 0.0086852 0.0102532 0.5075087 0.0065695 0.0078801 0.0072161 0.0177328 0.0031678 0.0016182 0.0094166 0.1870980 0.0913243 0.0014682 0.0048078 0.0075375
 18 H  18 0.0434088 0.0592081 0.1287863 0.0318792 0.0027331 0.0305885 0.0588121 0.2192771 0.1100639 0.0126092 0.0269012 0.0653624 0.0031561 0.0099556 0.0087286 0.0938619 0.0671907 0.0017431 0.0152258 0.0105085
 19 V  19 0.0313453 0.2703769 0.0109149 0.0204377 0.0295697 0.1153882 0.0724504 0.0106448 0.0240274 0.0470358 0.0513058 0.1472914 0.0141910 0.0149379 0.0046956 0.0182032 0.0444539 0.0036137 0.0208101 0.0483063
 20 C  20 0.0000000 0.0029862 0.0000000 0.0000000 0.9693013 0.0000000 0.0000000 0.0000000 0.0000000 0.0042254 0.0120354 0.0000000 0.0000000 0.0042686 0.0031405 0.0040426 0.0000000 0.0000000 0.0000000 0.0000000
 21 V  21 0.0060642 0.0048044 0.0023300 0.0000000 0.0000000 0.0025861 0.0000000 0.0000000 0.0016007 0.7069574 0.0636639 0.0086351 0.0044854 0.0041218 0.0000000 0.0029320 0.0080906 0.0000000 0.0143977 0.1693308
 22 P  22 0.0520292 0.0261252 0.0353342 0.0418055 0.0000000 0.0200977 0.0301156 0.0071361 0.0300591 0.0106603 0.0384010 0.0269460 0.0070818 0.0111032 0.4994575 0.1243786 0.0145895 0.0028766 0.0107003 0.0111026
 23 E  23 0.0715759 0.0934205 0.0505252 0.0211117 0.0000000 0.0871497 0.0574977 0.0661239 0.0160565 0.0389598 0.1104607 0.1448975 0.0357304 0.0110548 0.0268371 0.1075476 0.0153734 0.0091046 0.0144383 0.0221348
 24 R  24 0.0834299 0.1069636 0.0558675 0.0660828 0.0000000 0.0311233 0.0439176 0.0202044 0.0421468 0.0222982 0.0388167 0.0447302 0.0080455 0.0214253 0.0099470 0.2483734 0.0765502 0.0255472 0.0261644 0.0283661
 25 W  25 0.0310859 0.0263366 0.0146957 0.0110108 0.0011057 0.0654562 0.0207264 0.0035419 0.0112414 0.0011906 0.0860059 0.0617662 0.0107243 0.0907345 0.0087274 0.0205813 0.0027425 0.4484769 0.0783650 0.0054848
 26 L  26 0.0201096 0.2387438 0.0036283 0.0000000 0.0018655 0.0700477 0.0240540 0.0014464 0.0640967 0.0450167 0.0982785 0.1126830 0.0185900 0.0191250 0.0028386 0.0042833 0.0172154 0.0156872 0.0162716 0.2260188
 27 C  27 0.0000000 0.0000000 0.0055075 0.0000000 0.9842154 0.0000000 0.0000000 0.0050933 0.0051838 0.0000000 0.0000000 0.0000000 0.0000000 0.0000000 0.0000000 0.0000000 0.0000000 0.0000000 0.0000000 0.0000000
 28 D  28 0.0000000 0.0000000 0.1185116 0.8694641 0.0000000 0.0000000 0.0057657 0.0000000 0.0000000 0.0000000 0.0000000 0.0000000 0.0000000 0.0000000 0.0000000 0.0062587 0.0000000 0.0000000 0.0000000 0.0000000
 29 G  29 0.0064951 0.0336894 0.0409719 0.0155989 0.0011683 0.0164750 0.0180507 0.7151577 0.0272422 0.0012516 0.0096233 0.0216641 0.0028022 0.0222932 0.0000000 0.0324950 0.0117642 0.0056146 0.0142916 0.0033508
 30 D  30 0.0202922 0.0533476 0.0230711 0.2205731 0.0000000 0.0671115 0.1754577 0.0039042 0.0517833 0.0544695 0.0181060 0.0431773 0.0099276 0.0483453 0.0000000 0.0260737 0.0369531 0.0154693 0.0309648 0.1009727
 31 K  31 0.0639869 0.0789025 0.2062573 0.1430321 0.0000000 0.0296422 0.0430300 0.0033988 0.0132408 0.0299013 0.0263967 0.0761997 0.0057395 0.0188015 0.1092260 0.0430507 0.0312108 0.0033120 0.0245145 0.0501568
 32 D  32 0.0023965 0.0027707 0.0281220 0.8727065 0.0000000 0.0255113 0.0307612 0.0000000 0.0265073 0.0017643 0.0000000 0.0018402 0.0000000 0.0017500 0.0000000 0.0023692 0.0035007 0.0000000 0.0000000 0.0000000
 33 C  33 0.0000000 0.0067416 0.0000000 0.0000000 0.9865236 0.0000000 0.0000000 0.0000000 0.0000000 0.0000000 0.0000000 0.0000000 0.0000000 0.0067348 0.0000000 0.0000000 0.0000000 0.0000000 0.0000000 0.0000000
 34 A  34 0.0675098 0.0523131 0.0221144 0.0288816 0.0070224 0.0354352 0.0753861 0.2214462 0.0200873 0.0210847 0.0522914 0.0434836 0.0121929 0.0199901 0.1482760 0.1048824 0.0286515 0.0030297 0.0087481 0.0271735
 35 D  35 0.0040319 0.0026680 0.0525474 0.8853527 0.0000000 0.0038155 0.0040171 0.0116654 0.0055067 0.0014249 0.0028500 0.0021178 0.0016805 0.0035385 0.0014133 0.0115473 0.0013975 0.0012673 0.0031584 0.0000000
 36 G  36 0.0327405 0.0327590 0.1314260 0.0171400 0.0000000 0.0219885 0.0186090 0.5541203 0.0467046 0.0014774 0.0086945 0.0276011 0.0261502 0.0134405 0.0000000 0.0351327 0.0035118 0.0086108 0.0176089 0.0022841
 37 A  37 0.0390075 0.0065694 0.0012388 0.0128426 0.0017851 0.0084414 0.0612979 0.0062955 0.0014167 0.0024262 0.0064362 0.0047983 0.0016969 0.0060153 0.0000000 0.7868990 0.0425804 0.0024921 0.0041920 0.0035688
 38 D  38 0.0000000 0.0000000 0.0051653 0.9844700 0.0000000 0.0000000 0.0052946 0.0000000 0.0050701 0.0000000 0.0000000 0.0000000 0.0000000 0.0000000 0.0000000 0.0000000 0.0000000 0.0000000 0.0000000 0.0000000
 39 E  39 0.0000000 0.0000000 0.0000000 0.0069990 0.0000000 0.0000000 0.9861399 0.0000000 0.0000000 0.0000000 0.0000000 0.0068611 0.0000000 0.0000000 0.0000000 0.0000000 0.0000000 0.0000000 0.0000000 0.0000000
 40 S  40 0.1068549 0.0706328 0.0307828 0.0739349 0.0000000 0.0654452 0.1130768 0.0181373 0.0288599 0.0352468 0.1010025 0.0864696 0.0301055 0.0139049 0.0367456 0.0842978 0.0522944 0.0077467 0.0071243 0.0373371
 41 I  41 0.0451507 0.0083218 0.2938446 0.1558154 0.0054757 0.0295561 0.0452809 0.1368833 0.0485587 0.0082298 0.0212567 0.0216153 0.0029071 0.0093066 0.0718936 0.0668657 0.0126264 0.0000000 0.0068413 0.0095701
 42 A  42 0.0124322 0.0094728 0.0148125 0.0114295 0.7924749 0.0044654 0.0517606 0.0044050 0.0105203 0.0044730 0.0038647 0.0063565 0.0017211 0.0040282 0.0024206 0.0345912 0.0207449 0.0000000 0.0046647 0.0053619
 43 A  43 0.1046777 0.0097206 0.0142433 0.0449084 0.0939530 0.0185453 0.0473443 0.1199449 0.0332084 0.0141159 0.0390431 0.0155702 0.0139349 0.0175296 0.1748743 0.0875385 0.0776589 0.0068330 0.0088312 0.0575246
 44 G  44 0.0558571 0.0299966 0.1022883 0.0648003 0.1397301 0.0200208 0.0366525 0.1425361 0.0336171 0.0074236 0.0126733 0.0426259 0.0037180 0.0179953 0.0309204 0.0905193 0.1394554 0.0023310 0.0058526 0.0209860
 45 C  45 0.0547851 0.0387665 0.0179186 0.0128046 0.3715753 0.0217816 0.0104199 0.0408756 0.0219944 0.0375141 0.0689787 0.0417376 0.0094185 0.0057701 0.0671531 0.0534686 0.0682296 0.0000000 0.0130134 0.0437947
 46 L  46 0.1189789 0.0601750 0.0391151 0.0259567 0.0125104 0.0708726 0.0860568 0.0288679 0.0108101 0.0337915 0.0611148 0.0487731 0.0331324 0.0208751 0.0730470 0.1004617 0.0866151 0.0034291 0.0260577 0.0593587
 47 Y  47 0.0175788 0.0718060 0.0589094 0.0108038 0.0104465 0.0261734 0.0160920 0.0104384 0.0737122 0.0091147 0.0320808 0.0381876 0.0082346 0.0642395 0.3749216 0.0420479 0.0251450 0.0080291 0.0741262 0.0279125
 48 N  48 0.0401393 0.0230817 0.3403439 0.0280298 0.0058993 0.0203783 0.0303654 0.0837535 0.0106312 0.0048900 0.0161218 0.0348811 0.0082279 0.0217689 0.0177452 0.0532196 0.2423112 0.0000000 0.0043397 0.0138723
 49 S  49 0.0204603 0.0053655 0.0778419 0.0035144 0.6494280 0.0106437 0.0856707 0.0209467 0.0071951 0.0058267 0.0052598 0.0059669 0.0000000 0.0041002 0.0049493 0.0532841 0.0307811 0.0000000 0.0035703 0.0051953
 50 T  50 0.0000000 0.0000000 0.0000000 0.0000000 0.0000000 0.0000000 0.0000000 0.0000000 0.0000000 0.0000000 0.0000000 0.0000000 0.0000000 0.0000000 0.0000000 0.3114997 0.6885003 0.0000000 0.0000000 0.0000000
