  248         A         R         N         D         C         Q         E         G         H         I         L         K         M         F         P         S         T         W         Y         V         X    
  1 M   1 0.0000000 0.0000000 0.0000000 0.0000000 0.0000000 0.0000000 0.0000000 0.0000000 0.0000000 0.0000000 0.0000000 0.0000000 0.3580151 0.0000000 0.0000000 0.0000000 0.0000000 0.0000000 0.0000000 0.0000000 0.6419849
  2 A   2 0.2054082 0.0029481 0.0034627 0.0044504 0.0022226 0.0000000 0.0011753 0.0009385 0.0000000 0.0016565 0.0000000 0.0023502 0.0000000 0.0017753 0.0034277 0.1000841 0.0712130 0.0000000 0.0000000 0.0000000 0.5988874
  3 P   3 0.0344502 0.0026136 0.0242155 0.0103692 0.0015527 0.0066961 0.0036986 0.0126923 0.0000000 0.0020035 0.0110525 0.0267523 0.0079553 0.0000000 0.0491341 0.0446949 0.0305540 0.0000000 0.0000000 0.0053146 0.7262505
  4 R   4 0.0000000 0.8752357 0.0024173 0.0000000 0.0000000 0.0000000 0.0000000 0.0000000 0.0000000 0.0000000 0.0036703 0.0116206 0.0000000 0.0000000 0.0027553 0.0000000 0.0000000 0.0000000 0.0000000 0.0000000 0.1043008
  5 K   5 0.0034949 0.1529437 0.0056718 0.0009180 0.0000000 0.0787987 0.0038578 0.0013717 0.0137157 0.0194586 0.0023025 0.5078812 0.0000000 0.0000000 0.0077334 0.0052256 0.1309322 0.0000000 0.0000000 0.0073038 0.0583903
  6 F   6 0.0209790 0.0088848 0.0274467 0.0000000 0.0000000 0.0116712 0.0000000 0.0023286 0.0056040 0.0125906 0.0247218 0.1554634 0.0007207 0.2567794 0.3365860 0.0109803 0.0305007 0.0000000 0.0271774 0.0128058 0.0547596
  7 F   7 0.0000000 0.0011792 0.0000000 0.0000000 0.0126730 0.0000000 0.0000000 0.0000000 0.0000000 0.3165249 0.2391196 0.0000000 0.0269830 0.2891837 0.0000000 0.0000000 0.0000000 0.0113232 0.0097285 0.0492080 0.0440769
  8 V   8 0.0182812 0.0000000 0.0000000 0.0000000 0.0000000 0.0000000 0.0000000 0.0000000 0.0000000 0.3955247 0.0131798 0.0000000 0.0412947 0.0030825 0.0000000 0.0000000 0.0000000 0.0000000 0.0000000 0.4871517 0.0414853
  9 G   9 0.5658097 0.0000000 0.0000000 0.0000000 0.0110500 0.0000000 0.0000000 0.2773910 0.0000000 0.0187592 0.0037874 0.0000000 0.0250580 0.0066872 0.0000000 0.0069574 0.0000000 0.0000000 0.0000000 0.0461042 0.0383959
 10 G  10 0.0510821 0.0000000 0.0000000 0.0000000 0.0000000 0.0000000 0.0000000 0.9043174 0.0000000 0.0000000 0.0039833 0.0000000 0.0000000 0.0000000 0.0000000 0.0000000 0.0022213 0.0000000 0.0000000 0.0000000 0.0383959
 11 N  11 0.0000000 0.0000000 0.9616041 0.0000000 0.0000000 0.0000000 0.0000000 0.0000000 0.0000000 0.0000000 0.0000000 0.0000000 0.0000000 0.0000000 0.0000000 0.0000000 0.0000000 0.0000000 0.0000000 0.0000000 0.0383959
 12 W  12 0.0000000 0.0000000 0.0000000 0.0000000 0.0000000 0.0000000 0.0000000 0.0000000 0.0090875 0.0000000 0.0018822 0.0000000 0.0000000 0.0754657 0.0000000 0.0000000 0.0000000 0.8727655 0.0024033 0.0000000 0.0383959
 13 K  13 0.0000000 0.0000000 0.0000000 0.0000000 0.0000000 0.0000000 0.0000000 0.0000000 0.0000000 0.0000000 0.0000000 0.9616041 0.0000000 0.0000000 0.0000000 0.0000000 0.0000000 0.0000000 0.0000000 0.0000000 0.0383959
 14 M  14 0.0046967 0.0000000 0.0000000 0.0000000 0.1165175 0.0000000 0.0000000 0.0000000 0.0000000 0.0000000 0.0741625 0.0000000 0.7686570 0.0000000 0.0000000 0.0080560 0.0000000 0.0000000 0.0000000 0.0000000 0.0279103
 15 N  15 0.0000000 0.0000000 0.7961966 0.0019020 0.0000000 0.0009812 0.0000000 0.0000000 0.1200280 0.0000000 0.0000000 0.0000000 0.0014193 0.0178641 0.0000000 0.0000000 0.0010434 0.0000000 0.0326552 0.0000000 0.0279103
 16 G  16 0.0049065 0.0000000 0.0508287 0.0000000 0.0034265 0.0080957 0.0052765 0.4280286 0.0050228 0.0013906 0.0959070 0.2978718 0.0417428 0.0035406 0.0057318 0.0013241 0.0129830 0.0000000 0.0046401 0.0013725 0.0279103
 17 D  17 0.0067496 0.0105409 0.1570858 0.1173232 0.0000000 0.0101084 0.0000000 0.0087066 0.0000000 0.0000000 0.0140837 0.0029284 0.0000000 0.0000000 0.0000000 0.1800901 0.4707791 0.0000000 0.0000000 0.0129277 0.0086764
 18 K  18 0.0478227 0.0658098 0.0219950 0.0017557 0.0037588 0.0338222 0.0016835 0.0162539 0.0778748 0.0671621 0.1461217 0.1946041 0.0044435 0.0145989 0.0895556 0.0180700 0.0490406 0.0020682 0.0178497 0.1170328 0.0086764
 19 K  19 0.2505490 0.0156721 0.0282939 0.0715021 0.0000000 0.0826216 0.1270480 0.0220282 0.0147102 0.0043792 0.0574253 0.1010687 0.0000000 0.0069641 0.0172615 0.1377167 0.0353687 0.0000000 0.0008429 0.0178712 0.0086764
 20 S  20 0.0419965 0.0059833 0.0071823 0.0365274 0.0015094 0.0788966 0.4522621 0.0119049 0.0019765 0.0000000 0.0297968 0.0098275 0.0211917 0.0166918 0.0000000 0.2573764 0.0134433 0.0000000 0.0027553 0.0020017 0.0086764
 21 L  21 0.3588005 0.0000000 0.0501508 0.0000000 0.0000000 0.0015079 0.0000000 0.0835820 0.0000000 0.1933812 0.0609310 0.0018797 0.0022933 0.0000000 0.0000000 0.0393713 0.0952786 0.0000000 0.0013648 0.1041190 0.0073399
 22 G  22 0.0662899 0.0437836 0.0435610 0.0405706 0.0040376 0.0691490 0.0980758 0.0353365 0.0103607 0.0733954 0.0634405 0.1989124 0.0023859 0.0000000 0.0000000 0.0285287 0.0780712 0.0000000 0.0025100 0.1355553 0.0060358
 23 E  23 0.2215265 0.0074534 0.0056764 0.0816720 0.0000000 0.0681980 0.2684619 0.0222895 0.0176182 0.0049237 0.0142432 0.1141553 0.0024455 0.0019424 0.0058315 0.0866507 0.0439976 0.0000000 0.0000000 0.0268783 0.0060358
 24 L  24 0.0023909 0.0000000 0.0000000 0.0012238 0.0000000 0.0009220 0.0018580 0.0000000 0.0099672 0.1559060 0.5644089 0.0000000 0.0144901 0.1930731 0.0000000 0.0010758 0.0078289 0.0067261 0.0269556 0.0108208 0.0023526
 25 I  25 0.1454523 0.0000000 0.0015775 0.0000000 0.0329449 0.0000000 0.0016931 0.0105959 0.0000000 0.2273496 0.1295467 0.0000000 0.0159618 0.0269100 0.0000000 0.0118596 0.0226835 0.0000000 0.0000000 0.3695543 0.0038708
 26 H  26 0.0655606 0.0233169 0.1038521 0.0658947 0.0059533 0.1620685 0.1769855 0.0418959 0.0164633 0.0046003 0.0050183 0.1598125 0.0029467 0.0016677 0.0020183 0.0851605 0.0630048 0.0016001 0.0019031 0.0053756 0.0049013
 27 T  27 0.1374639 0.0199390 0.0592575 0.0602995 0.0008351 0.0242520 0.2246693 0.1024131 0.0079761 0.0103782 0.0155609 0.0856172 0.0237430 0.0323359 0.0000000 0.0604941 0.0814706 0.0008663 0.0153955 0.0327448 0.0042879
 28 L  28 0.0040406 0.0000000 0.0000000 0.0000000 0.0000000 0.0000000 0.0000000 0.0017182 0.0000000 0.1396714 0.6303752 0.0000000 0.0133410 0.0882865 0.0000000 0.0000000 0.0050415 0.0019066 0.0000000 0.1113310 0.0042879
 29 N  29 0.1180576 0.0362745 0.2786537 0.0299803 0.0014572 0.0143810 0.0142697 0.0089179 0.0058125 0.0319183 0.0764062 0.2254354 0.0038759 0.0000000 0.0069728 0.0476344 0.0287537 0.0000000 0.0000000 0.0677196 0.0034794
 30 G  30 0.1356006 0.0148933 0.0792350 0.0749349 0.0024722 0.0462607 0.1365875 0.0654358 0.0119669 0.0022665 0.0043690 0.0891712 0.0052299 0.0317168 0.1005673 0.0946468 0.0804168 0.0149524 0.0000000 0.0028631 0.0064132
 31 A  31 0.3254665 0.0078819 0.0155408 0.0066024 0.0056603 0.0255474 0.0586587 0.1408280 0.0151626 0.0221015 0.1344988 0.0812384 0.0239399 0.0107868 0.0034100 0.0546882 0.0218369 0.0000000 0.0055824 0.0364395 0.0041291
 32 K  32 0.0475473 0.0054983 0.0301038 0.0486571 0.0040810 0.0202385 0.0738708 0.0113958 0.0187848 0.0313649 0.2227980 0.1284614 0.0111109 0.0043228 0.0773195 0.0453053 0.0436575 0.0014303 0.0046699 0.1606874 0.0086947
 33 L  33 0.1131240 0.0144554 0.0280076 0.0359028 0.0038784 0.0253018 0.0329554 0.0601134 0.0207811 0.0633889 0.2048596 0.1095793 0.0054406 0.0377977 0.0938780 0.0433920 0.0342760 0.0013998 0.0116963 0.0523705 0.0074015
 34 S  34 0.0659996 0.0058618 0.0827298 0.2971112 0.0070907 0.0123041 0.0521114 0.0781180 0.0104867 0.0016066 0.0170192 0.0339171 0.0008260 0.0055151 0.1253571 0.1129684 0.0439198 0.0046326 0.0108537 0.0252681 0.0063029
 35 A  35 0.1544324 0.0146437 0.0205012 0.1030675 0.0068640 0.0093798 0.1139435 0.0545401 0.0193750 0.0025884 0.0132662 0.0686793 0.0047128 0.0112790 0.1592976 0.1378533 0.0645366 0.0000000 0.0045488 0.0274382 0.0090527
 36 D  36 0.0347219 0.0263099 0.2436148 0.2107641 0.0033630 0.0259223 0.0654196 0.0890843 0.0175266 0.0000000 0.0000000 0.1566082 0.0000000 0.0000000 0.0116890 0.0713412 0.0329087 0.0000000 0.0000000 0.0030123 0.0077141
 37 T  37 0.1202568 0.0286675 0.0058673 0.0144787 0.1031683 0.0065098 0.0032236 0.0056323 0.0088389 0.0177309 0.0138381 0.0060691 0.0000000 0.0123632 0.0106677 0.0210096 0.1615165 0.0020654 0.0013337 0.4557930 0.0009698
 38 E  38 0.0029720 0.0137343 0.0048131 0.3024880 0.0025960 0.0401997 0.5176564 0.0162968 0.0035678 0.0065785 0.0053759 0.0409784 0.0000000 0.0000000 0.0000000 0.0079901 0.0155758 0.0025046 0.0000000 0.0093617 0.0073109
 39 V  39 0.0482349 0.0019538 0.0000000 0.0025641 0.0227991 0.0000000 0.0000000 0.0000000 0.0000000 0.1438822 0.0228270 0.0040056 0.0018073 0.0079766 0.0022245 0.0369703 0.0174460 0.0014232 0.0069219 0.6691481 0.0098155
 40 V  40 0.1490918 0.0000000 0.0000000 0.0000000 0.0034459 0.0000000 0.0039383 0.0446140 0.0000000 0.0877577 0.0668889 0.0000000 0.0413915 0.0050377 0.0000000 0.0014633 0.0099918 0.0030455 0.0100378 0.5659849 0.0073109
 41 C  41 0.0036573 0.0033671 0.0000000 0.0000000 0.0322467 0.0000000 0.0000000 0.0000000 0.0000000 0.3506392 0.0803765 0.0000000 0.0011778 0.0312449 0.0000000 0.0000000 0.0000000 0.0000000 0.0058908 0.4840887 0.0073109
 42 G  42 0.3528939 0.0000000 0.0010071 0.0000000 0.3491030 0.0000000 0.0000000 0.0878450 0.0000000 0.0345747 0.0430969 0.0000000 0.0058613 0.0432781 0.0000000 0.0582927 0.0053117 0.0000000 0.0035149 0.0079096 0.0073109
 43 A  43 0.1296975 0.0000000 0.0000000 0.0000000 0.0200854 0.0000000 0.0000000 0.0000000 0.0000000 0.0042269 0.0014515 0.0000000 0.0000000 0.0000000 0.6812497 0.0141610 0.0339141 0.0000000 0.0000000 0.1079030 0.0073109
 44 P  44 0.0190359 0.0000000 0.0017881 0.0000000 0.0000000 0.0038012 0.0000000 0.0000000 0.0000000 0.0028652 0.0000000 0.0000000 0.0000000 0.0000000 0.8273472 0.0463464 0.0692215 0.0000000 0.0000000 0.0222836 0.0073109
 45 S  45 0.2397585 0.0000000 0.0030255 0.0025416 0.0030593 0.0077523 0.0039013 0.0000000 0.0083106 0.0037831 0.0031978 0.0000000 0.0068877 0.4859227 0.0058423 0.0910375 0.0449707 0.0000000 0.0730389 0.0113439 0.0056265
 46 I  46 0.0211338 0.0000000 0.0000000 0.0000000 0.0087663 0.0000000 0.0000000 0.0000000 0.0000000 0.1788719 0.1707887 0.0000000 0.0153929 0.0000000 0.1182325 0.0000000 0.2620387 0.0000000 0.0000000 0.2191486 0.0056265
 47 Y  47 0.1085051 0.0017924 0.0489493 0.1291041 0.0223146 0.0094413 0.0000000 0.0019716 0.0971134 0.0010804 0.0285615 0.0000000 0.0037342 0.0737061 0.0000000 0.0527848 0.0126733 0.0037804 0.3881870 0.0106739 0.0056265
 48 L  48 0.0100277 0.0000000 0.0000000 0.0000000 0.0009681 0.0009281 0.0000000 0.0034650 0.0000000 0.1770747 0.7614936 0.0000000 0.0040888 0.0018257 0.0000000 0.0000000 0.0017705 0.0000000 0.0064320 0.0262994 0.0056265
 49 D  49 0.1467614 0.0823348 0.0126508 0.1502424 0.0116694 0.0577639 0.0773762 0.0252900 0.0178325 0.0118600 0.0238786 0.0219814 0.0151773 0.0065486 0.1355579 0.1013634 0.0458072 0.0033932 0.0303265 0.0151503 0.0070339
 50 F  50 0.1504157 0.0184925 0.0034132 0.0260400 0.0061745 0.1079359 0.0455268 0.0175642 0.0151014 0.0069282 0.1260622 0.0202125 0.0190393 0.0626621 0.0506793 0.1327935 0.0777289 0.0058768 0.0711773 0.0305492 0.0056265
 51 A  51 0.2334776 0.0000000 0.0000000 0.0000000 0.0112505 0.0000000 0.0011230 0.0066731 0.0000000 0.0291791 0.0656332 0.0000000 0.0117785 0.0093870 0.0000000 0.0110255 0.0616694 0.0000000 0.0012033 0.5519735 0.0056265
 52 R  52 0.1090915 0.1815392 0.0241305 0.0055087 0.0079159 0.1646822 0.0608486 0.0303969 0.0068791 0.0208685 0.0266751 0.1820124 0.0018363 0.0088317 0.0000000 0.0666512 0.0145353 0.0013158 0.0067215 0.0739330 0.0056265
 53 Q  53 0.1080688 0.0193878 0.0439036 0.0863511 0.0000000 0.1106054 0.2129983 0.0419771 0.0143787 0.0079160 0.0084122 0.0870889 0.0019611 0.0056978 0.0041489 0.1328146 0.0957507 0.0000000 0.0011919 0.0100274 0.0073195
 54 K  54 0.1864001 0.0338423 0.0348418 0.0030403 0.0058840 0.0199753 0.0424333 0.0129792 0.0246001 0.0657620 0.2245794 0.0760859 0.0150781 0.0128152 0.0000000 0.0592014 0.0609066 0.0008572 0.0050080 0.1068755 0.0088342
 55 L  55 0.0741077 0.0029744 0.0031488 0.0031587 0.0020550 0.0105552 0.0285429 0.0036755 0.0019020 0.0904082 0.4445511 0.0899107 0.0071912 0.0180522 0.0000000 0.0071017 0.0245060 0.0000000 0.0016677 0.1773505 0.0091403
 56 D  56 0.0319326 0.0900429 0.0715038 0.1935660 0.0031972 0.0363064 0.0533581 0.3401316 0.0047186 0.0009959 0.0024280 0.0692594 0.0000000 0.0000000 0.0542666 0.0177625 0.0186793 0.0000000 0.0000000 0.0011267 0.0107245
 57 A  57 0.0924291 0.0086510 0.0234679 0.0332965 0.0086991 0.0159700 0.0265574 0.0849071 0.0082264 0.0010093 0.0010060 0.0836023 0.0007715 0.0019353 0.0984426 0.3147081 0.1782118 0.0000000 0.0013274 0.0000000 0.0167811
 58 K  58 0.0431862 0.0562090 0.2055118 0.1584492 0.0013906 0.0298820 0.0504524 0.0978802 0.0116837 0.0019781 0.0054476 0.1390137 0.0021905 0.0011546 0.0937730 0.0634854 0.0207293 0.0000000 0.0011102 0.0092685 0.0072040
 59 I  59 0.0045390 0.0000000 0.0000000 0.0000000 0.0000000 0.0000000 0.0000000 0.0000000 0.0015654 0.4577860 0.1502195 0.0000000 0.0056393 0.0855507 0.0000000 0.0000000 0.0056615 0.0056423 0.0169192 0.2608506 0.0056265
 60 G  60 0.1608602 0.0536048 0.0158656 0.0057224 0.0034555 0.0788397 0.1009209 0.1392784 0.0495334 0.0177733 0.0227206 0.1905241 0.0069227 0.0083505 0.0000000 0.0626200 0.0412604 0.0000000 0.0070969 0.0278196 0.0068311
 61 V  61 0.0031305 0.0000000 0.0000000 0.0000000 0.0000000 0.0000000 0.0000000 0.0000000 0.0025915 0.1480689 0.2566707 0.0000000 0.0056356 0.0134410 0.0000000 0.0015019 0.0165492 0.0260421 0.0752984 0.4454438 0.0056265
 62 A  62 0.3378807 0.0000000 0.0013998 0.0000000 0.0034860 0.0000000 0.0000000 0.5283339 0.0000000 0.0071554 0.0000000 0.0000000 0.0000000 0.0040007 0.0000000 0.0983631 0.0000000 0.0000000 0.0048254 0.0089287 0.0056265
 63 A  63 0.8553544 0.0000000 0.0000000 0.0000000 0.0026608 0.0000000 0.0000000 0.0782390 0.0000000 0.0077659 0.0070893 0.0000000 0.0000000 0.0034650 0.0000000 0.0246968 0.0031798 0.0000000 0.0000000 0.0119227 0.0056265
 64 Q  64 0.0000000 0.0000000 0.0000000 0.0000000 0.0000000 0.8992141 0.1007859 0.0000000 0.0000000 0.0000000 0.0000000 0.0000000 0.0000000 0.0000000 0.0000000 0.0000000 0.0000000 0.0000000 0.0000000 0.0000000 0.0000000
 65 N  65 0.0000000 0.0000000 0.7853206 0.1968455 0.0000000 0.0000000 0.0019009 0.0000000 0.0000000 0.0000000 0.0000000 0.0000000 0.0000000 0.0000000 0.0000000 0.0000000 0.0159330 0.0000000 0.0000000 0.0000000 0.0000000
 66 C  66 0.0472553 0.0000000 0.0010544 0.0000000 0.3412812 0.0000000 0.0000000 0.0018955 0.0000000 0.0393563 0.0936401 0.0000000 0.1813166 0.0020281 0.0000000 0.0279826 0.0170752 0.0000000 0.0000000 0.2471146 0.0000000
 67 Y  67 0.0474904 0.0000000 0.0211295 0.0192605 0.0105958 0.0000000 0.0000000 0.0061242 0.2345414 0.0000000 0.0000000 0.0000000 0.0000000 0.0755826 0.0000000 0.2100485 0.0000000 0.0766771 0.2842149 0.0017018 0.0126335
 68 K  68 0.0585194 0.0057502 0.0097878 0.0808239 0.0031157 0.0654269 0.0425336 0.0009011 0.0126735 0.0423708 0.0169109 0.1302208 0.0000000 0.1483631 0.0555245 0.0346254 0.0345505 0.1125146 0.0592080 0.0861793 0.0000000
 69 V  69 0.0816362 0.0169625 0.0357786 0.0048689 0.0153955 0.0379168 0.3326316 0.0322926 0.1072972 0.0056474 0.0023878 0.1474740 0.0018682 0.0203436 0.0000000 0.0103892 0.0326216 0.0000000 0.0173110 0.0971771 0.0000000
 70 P  70 0.1385704 0.0084262 0.0285960 0.1857276 0.0000000 0.0066800 0.2644582 0.0576498 0.0059690 0.0009066 0.0195567 0.1149846 0.0017753 0.0000000 0.0947400 0.0323047 0.0226107 0.0000000 0.0000000 0.0170441 0.0000000
 71 K  71 0.0315461 0.0108466 0.1156445 0.0242543 0.0063190 0.0615254 0.0809586 0.0628111 0.0104201 0.0000000 0.0024655 0.2150889 0.0071681 0.0173687 0.0093383 0.3294949 0.0074299 0.0000000 0.0034166 0.0039032 0.0000000
 72 G  72 0.0000000 0.0000000 0.0000000 0.0057413 0.0000000 0.0000000 0.0000000 0.9942587 0.0000000 0.0000000 0.0000000 0.0000000 0.0000000 0.0000000 0.0000000 0.0000000 0.0000000 0.0000000 0.0000000 0.0000000 0.0000000
 73 A  73 0.9791124 0.0000000 0.0000000 0.0033671 0.0000000 0.0000000 0.0000000 0.0079760 0.0000000 0.0000000 0.0000000 0.0000000 0.0000000 0.0000000 0.0031126 0.0064320 0.0000000 0.0000000 0.0000000 0.0000000 0.0000000
 74 F  74 0.0000000 0.0000000 0.0000000 0.0000000 0.0000000 0.0000000 0.0000000 0.0000000 0.0294218 0.0000000 0.0049920 0.0000000 0.0000000 0.5753911 0.0000000 0.0000000 0.0000000 0.0000000 0.3869979 0.0031972 0.0000000
 75 T  75 0.0000000 0.0000000 0.0000000 0.0000000 0.0000000 0.0000000 0.0000000 0.0000000 0.0000000 0.0000000 0.0000000 0.0000000 0.0000000 0.0000000 0.0000000 0.0000000 1.0000000 0.0000000 0.0000000 0.0000000 0.0000000
 76 G  76 0.0041254 0.0000000 0.0000000 0.0000000 0.0000000 0.0000000 0.0000000 0.9921719 0.0000000 0.0000000 0.0000000 0.0000000 0.0000000 0.0000000 0.0000000 0.0037027 0.0000000 0.0000000 0.0000000 0.0000000 0.0000000
 77 E  77 0.0093471 0.0000000 0.0000000 0.0439758 0.0000000 0.0040514 0.9368196 0.0000000 0.0000000 0.0000000 0.0000000 0.0026527 0.0000000 0.0000000 0.0000000 0.0031535 0.0000000 0.0000000 0.0000000 0.0000000 0.0000000
 78 I  78 0.0000000 0.0000000 0.0268165 0.0000000 0.0022777 0.0000000 0.0000000 0.0000000 0.0019450 0.5560144 0.0247228 0.0000000 0.0000000 0.0000000 0.0000000 0.0024863 0.0712332 0.0000000 0.0000000 0.3145041 0.0000000
 79 S  79 0.0824335 0.0000000 0.0016691 0.0000000 0.0040583 0.0000000 0.0000000 0.0026508 0.0014862 0.0000000 0.0000000 0.0000000 0.0000000 0.0000000 0.0000000 0.8973858 0.0103164 0.0000000 0.0000000 0.0000000 0.0000000
 80 P  80 0.3796839 0.0000000 0.0000000 0.0000000 0.0055534 0.0000000 0.0000000 0.0946189 0.0000000 0.0111286 0.0096208 0.0000000 0.0067085 0.0018955 0.3365178 0.0072003 0.0342250 0.0029700 0.0000000 0.1098772 0.0000000
 81 A  81 0.2244636 0.0206298 0.0274686 0.0925361 0.0000000 0.0487537 0.1811165 0.0503466 0.0036569 0.0069776 0.0377092 0.0474170 0.0044694 0.0033659 0.0856846 0.0951638 0.0141281 0.0051262 0.0013803 0.0496060 0.0000000
 82 M  82 0.0395613 0.0000000 0.0015623 0.0000000 0.0000000 0.1162913 0.0000000 0.0000000 0.0022924 0.0214446 0.0038000 0.0000000 0.7764723 0.0206720 0.0000000 0.0048633 0.0017864 0.0000000 0.0000000 0.0112540 0.0000000
 83 I  83 0.0092801 0.0000000 0.0000000 0.0000000 0.0021905 0.0000000 0.0000000 0.0015527 0.0000000 0.1434590 0.7777189 0.0000000 0.0000000 0.0017419 0.0000000 0.0000000 0.0000000 0.0000000 0.0000000 0.0640569 0.0000000
 84 K  84 0.1605286 0.0342210 0.0218506 0.0053816 0.0034784 0.0321097 0.0245335 0.0040912 0.0109028 0.0078698 0.0394180 0.4806479 0.0018032 0.0000000 0.0000000 0.0296632 0.0609021 0.0000000 0.0000000 0.0825983 0.0000000
 85 D  85 0.0407067 0.0027221 0.0353115 0.5687418 0.0000000 0.0036575 0.1783926 0.0064557 0.0000000 0.0000000 0.0000000 0.0689113 0.0000000 0.0000000 0.0000000 0.0938888 0.0012119 0.0000000 0.0000000 0.0000000 0.0000000
 86 I  86 0.1140502 0.0000000 0.0068700 0.0000000 0.0531480 0.0016364 0.0016345 0.0019544 0.0017924 0.1562625 0.3179684 0.0023286 0.0463737 0.0748305 0.0000000 0.0255245 0.0317493 0.0000000 0.0056725 0.1582043 0.0000000
 87 G  87 0.0178778 0.0026587 0.0568537 0.0391474 0.0009699 0.0117190 0.0071145 0.8012251 0.0038849 0.0000000 0.0000000 0.0319926 0.0015620 0.0046306 0.0050041 0.0079931 0.0000000 0.0009720 0.0026086 0.0000000 0.0037858
 88 A  88 0.1530182 0.0008331 0.0015866 0.0000000 0.3179475 0.0000000 0.0000000 0.0052800 0.0000000 0.1541702 0.0278972 0.0000000 0.0116185 0.0034650 0.0000000 0.0017880 0.0051247 0.0000000 0.0000000 0.3172711 0.0000000
 89 A  89 0.0127687 0.0833347 0.0538676 0.1187771 0.0013928 0.0681466 0.1257647 0.0194485 0.0391862 0.0000000 0.0000000 0.1678232 0.0000000 0.0000000 0.0660437 0.0936426 0.1498038 0.0000000 0.0000000 0.0000000 0.0000000
 90 W  90 0.0078226 0.0000000 0.0020919 0.0015734 0.0050310 0.0029205 0.0000000 0.0102259 0.0547317 0.0018507 0.0070311 0.0000000 0.0021124 0.0263435 0.0000000 0.0075946 0.0312557 0.3310226 0.5028386 0.0055537 0.0000000
 91 V  91 0.0497319 0.0000000 0.0000000 0.0000000 0.0263773 0.0000000 0.0000000 0.0046856 0.0000000 0.0329854 0.0000000 0.0000000 0.0000000 0.0000000 0.0000000 0.0095418 0.0670315 0.0000000 0.0000000 0.8096465 0.0000000
 92 I  92 0.0109735 0.0000000 0.0000000 0.0000000 0.0012418 0.0000000 0.0000000 0.0000000 0.0000000 0.7650417 0.1002243 0.0000000 0.0026608 0.0000000 0.0000000 0.0000000 0.0030191 0.0000000 0.0000000 0.1168388 0.0000000
 93 L  93 0.0068826 0.0000000 0.0000000 0.0000000 0.0079277 0.0040487 0.0000000 0.0000000 0.0016460 0.2833639 0.4505697 0.0000000 0.0055523 0.0000000 0.0000000 0.0000000 0.0216396 0.0000000 0.0000000 0.2183695 0.0000000
 94 G  94 0.0033313 0.0000000 0.0000000 0.0000000 0.0000000 0.0000000 0.0000000 0.9966687 0.0000000 0.0000000 0.0000000 0.0000000 0.0000000 0.0000000 0.0000000 0.0000000 0.0000000 0.0000000 0.0000000 0.0000000 0.0000000
 95 H  95 0.0000000 0.0000000 0.0000000 0.0000000 0.0000000 0.0000000 0.0000000 0.0000000 1.0000000 0.0000000 0.0000000 0.0000000 0.0000000 0.0000000 0.0000000 0.0000000 0.0000000 0.0000000 0.0000000 0.0000000 0.0000000
 96 S  96 0.0000000 0.0000000 0.0000000 0.0000000 0.0000000 0.0000000 0.0000000 0.0000000 0.0000000 0.0000000 0.0000000 0.0000000 0.0000000 0.0064320 0.0000000 0.9935680 0.0000000 0.0000000 0.0000000 0.0000000 0.0000000
 97 E  97 0.0000000 0.0000000 0.0000000 0.0000000 0.0000000 0.0000000 0.9920240 0.0000000 0.0000000 0.0000000 0.0000000 0.0000000 0.0000000 0.0000000 0.0000000 0.0000000 0.0079760 0.0000000 0.0000000 0.0000000 0.0000000
 98 R  98 0.0000000 0.9950664 0.0000000 0.0000000 0.0022809 0.0026527 0.0000000 0.0000000 0.0000000 0.0000000 0.0000000 0.0000000 0.0000000 0.0000000 0.0000000 0.0000000 0.0000000 0.0000000 0.0000000 0.0000000 0.0000000
 99 R  99 0.0000000 1.0000000 0.0000000 0.0000000 0.0000000 0.0000000 0.0000000 0.0000000 0.0000000 0.0000000 0.0000000 0.0000000 0.0000000 0.0000000 0.0000000 0.0000000 0.0000000 0.0000000 0.0000000 0.0000000 0.0000000
100 H 100 0.1168932 0.0201954 0.0454015 0.0407524 0.0000000 0.2258863 0.1563452 0.0168081 0.1394807 0.0065637 0.0104666 0.0080185 0.0053588 0.0000000 0.0000000 0.0635116 0.1254712 0.0037069 0.0014530 0.0136870 0.0000000
101 V 101 0.0030638 0.0019075 0.0000000 0.0156739 0.0033645 0.0009009 0.0018649 0.0135111 0.0069552 0.1800689 0.1415540 0.0119215 0.0413063 0.0131454 0.0000000 0.0000000 0.0000000 0.0009179 0.4483925 0.1136814 0.0017705
102 F 102 0.0011176 0.0000000 0.0045862 0.0016220 0.0101009 0.0064857 0.0000000 0.0000000 0.1482697 0.0469608 0.0684974 0.0000000 0.0044453 0.5764322 0.0000000 0.0018580 0.0000000 0.0000000 0.1208585 0.0000000 0.0087656
103 G 103 0.0924641 0.0287759 0.1101450 0.0050046 0.0042648 0.0193539 0.0055362 0.5104516 0.1081165 0.0000000 0.0025474 0.0884401 0.0015292 0.0016232 0.0000000 0.0149094 0.0010968 0.0000000 0.0000000 0.0000000 0.0057413
104 E 104 0.0000000 0.0000000 0.0000000 0.0232016 0.0000000 0.0000000 0.9710570 0.0000000 0.0000000 0.0000000 0.0000000 0.0000000 0.0000000 0.0000000 0.0000000 0.0000000 0.0000000 0.0000000 0.0000000 0.0000000 0.0057413
105 S 105 0.0059787 0.0021276 0.0179195 0.0948348 0.0078530 0.0074877 0.0000000 0.0084078 0.0000000 0.0000000 0.0000000 0.0163389 0.0010761 0.0000000 0.0047861 0.3318839 0.5013059 0.0000000 0.0000000 0.0000000 0.0000000
106 D 106 0.0096144 0.0000000 0.1498972 0.7582361 0.0024876 0.0000000 0.0120673 0.0015866 0.0010543 0.0000000 0.0000000 0.0013011 0.0000000 0.0000000 0.0088591 0.0517383 0.0000000 0.0000000 0.0008974 0.0022605 0.0000000
107 E 107 0.1395796 0.0058109 0.0050141 0.0485011 0.0029171 0.0591524 0.6476149 0.0066690 0.0029817 0.0046435 0.0038981 0.0171064 0.0000000 0.0069118 0.0042572 0.0205772 0.0132056 0.0000000 0.0000000 0.0111593 0.0000000
108 L 108 0.0187936 0.0019353 0.0045956 0.0668387 0.0027112 0.0219727 0.0203525 0.0081679 0.0082372 0.1187388 0.2939999 0.0030505 0.0267329 0.1403674 0.0013867 0.0216406 0.1486801 0.0037882 0.0022784 0.0857316 0.0000000
109 I 109 0.0061218 0.0000000 0.0000000 0.0000000 0.0169922 0.0034728 0.0000000 0.0000000 0.0000000 0.3433276 0.1015059 0.0000000 0.0000000 0.0000000 0.0000000 0.0000000 0.0069558 0.0000000 0.0000000 0.5216239 0.0000000
110 G 110 0.3697575 0.0333141 0.3755921 0.0000000 0.0000000 0.0033511 0.0016070 0.1277331 0.0077958 0.0000000 0.0083871 0.0230367 0.0009852 0.0035998 0.0000000 0.0332291 0.0071187 0.0000000 0.0000000 0.0044927 0.0000000
111 Q 111 0.0949723 0.0870473 0.0094839 0.0685561 0.0028419 0.1019368 0.1759066 0.0054907 0.0074637 0.0008873 0.0371944 0.3293130 0.0034685 0.0009029 0.0000000 0.0377112 0.0309956 0.0000000 0.0000000 0.0058277 0.0000000
112 K 112 0.0000000 0.0370981 0.0000000 0.0000000 0.0000000 0.0017237 0.0000000 0.0000000 0.0000000 0.0000000 0.0000000 0.9580228 0.0000000 0.0000000 0.0000000 0.0000000 0.0031554 0.0000000 0.0000000 0.0000000 0.0000000
113 V 113 0.1636701 0.0000000 0.0013185 0.0000000 0.0050996 0.0000000 0.0000000 0.0010621 0.0000000 0.0791118 0.0564959 0.0000000 0.0146204 0.0547076 0.0000000 0.0105252 0.1643677 0.0000000 0.0030177 0.4460034 0.0000000
114 A 114 0.1872080 0.0626329 0.0258470 0.0200237 0.0029017 0.0615804 0.0375266 0.0327881 0.0606219 0.0244809 0.0726564 0.3452206 0.0000000 0.0016033 0.0014941 0.0177939 0.0112043 0.0011546 0.0000000 0.0332617 0.0000000
115 H 115 0.3915104 0.0354038 0.0051113 0.0020112 0.0000000 0.0292269 0.0032350 0.0045880 0.1162997 0.0152937 0.0398258 0.0995205 0.0119954 0.0348149 0.0000000 0.0397870 0.0293431 0.0000000 0.1097288 0.0323045 0.0000000
116 A 116 0.8085317 0.0000000 0.0000000 0.0000000 0.0173423 0.0000000 0.0000000 0.0018335 0.0000000 0.0349490 0.0577967 0.0000000 0.0000000 0.0000000 0.0000000 0.0177162 0.0055341 0.0000000 0.0000000 0.0562966 0.0000000
117 L 117 0.0024890 0.0114150 0.0000000 0.0000000 0.0107999 0.0464563 0.0038374 0.0000000 0.0041302 0.0969830 0.6101668 0.0264052 0.0102720 0.1111389 0.0000000 0.0045307 0.0156887 0.0069066 0.0181477 0.0206326 0.0000000
118 A 118 0.2152010 0.0587794 0.0382130 0.1159689 0.0000000 0.0228154 0.2386436 0.0157727 0.0084231 0.0000000 0.0020112 0.1270584 0.0000000 0.0034202 0.0000000 0.1365546 0.0161933 0.0000000 0.0009451 0.0000000 0.0000000
119 E 119 0.1904681 0.0114408 0.1569745 0.0023609 0.0141198 0.0715774 0.0926342 0.0427543 0.2068848 0.0044282 0.0122290 0.0466238 0.0029885 0.0100059 0.0000000 0.0725771 0.0123435 0.0015646 0.0205868 0.0274379 0.0000000
120 G 120 0.0059533 0.0045668 0.0791159 0.0673078 0.0019450 0.0120697 0.0344139 0.7583300 0.0061193 0.0000000 0.0000000 0.0162254 0.0000000 0.0000000 0.0000000 0.0124509 0.0015019 0.0000000 0.0000000 0.0000000 0.0000000
121 L 121 0.0020613 0.0000000 0.0000000 0.0000000 0.0000000 0.0018622 0.0000000 0.0000000 0.0000000 0.1101518 0.7049858 0.0000000 0.1085155 0.0189799 0.0000000 0.0000000 0.0000000 0.0000000 0.0000000 0.0534435 0.0000000
122 G 122 0.0075540 0.0434174 0.0365650 0.0129468 0.0008499 0.0114750 0.0170754 0.0710039 0.0145169 0.0943552 0.0163241 0.1961747 0.0100923 0.0013877 0.0000000 0.1039463 0.2761382 0.0000000 0.0030523 0.0831250 0.0000000
123 V 123 0.0233512 0.0000000 0.0000000 0.0000000 0.0000000 0.0000000 0.0000000 0.0000000 0.0000000 0.0330609 0.0032666 0.0000000 0.0039159 0.0000000 0.5521359 0.0013403 0.0028136 0.0000000 0.0000000 0.3801156 0.0000000
124 I 124 0.0019663 0.0000000 0.0000000 0.0032831 0.0022226 0.0000000 0.0000000 0.0000000 0.0000000 0.8329169 0.0161022 0.0000000 0.0270392 0.0011381 0.0000000 0.0000000 0.0026608 0.0000000 0.0000000 0.1126709 0.0000000
125 A 125 0.1757009 0.0000000 0.0000000 0.0000000 0.0010667 0.0000000 0.0000000 0.0035819 0.0000000 0.0914067 0.3318088 0.0000000 0.0201143 0.1375317 0.0150575 0.0047997 0.0031554 0.0187065 0.0186504 0.1784194 0.0000000
126 C 126 0.0000000 0.0000000 0.0000000 0.0000000 1.0000000 0.0000000 0.0000000 0.0000000 0.0000000 0.0000000 0.0000000 0.0000000 0.0000000 0.0000000 0.0000000 0.0000000 0.0000000 0.0000000 0.0000000 0.0000000 0.0000000
127 I 127 0.0013251 0.0000000 0.0073320 0.0000000 0.1600217 0.0000000 0.0000000 0.0000000 0.0000000 0.3658377 0.0147353 0.0000000 0.0033915 0.0299658 0.0000000 0.0000000 0.0000000 0.0000000 0.0000000 0.4173909 0.0000000
128 G 128 0.0000000 0.0000000 0.0000000 0.0000000 0.0000000 0.0000000 0.0000000 1.0000000 0.0000000 0.0000000 0.0000000 0.0000000 0.0000000 0.0000000 0.0000000 0.0000000 0.0000000 0.0000000 0.0000000 0.0000000 0.0000000
129 E 129 0.0000000 0.0000000 0.0000000 0.0000000 0.0000000 0.0000000 1.0000000 0.0000000 0.0000000 0.0000000 0.0000000 0.0000000 0.0000000 0.0000000 0.0000000 0.0000000 0.0000000 0.0000000 0.0000000 0.0000000 0.0000000
130 K 130 0.0118696 0.0064313 0.0187762 0.0013262 0.0000000 0.0182315 0.0264975 0.0351200 0.0125383 0.0007809 0.0579115 0.1278449 0.0016266 0.0000000 0.0299368 0.1878144 0.4470115 0.0000000 0.0009665 0.0153164 0.0000000
131 L 131 0.0009623 0.0136135 0.0033936 0.0079380 0.0000000 0.0159286 0.0415072 0.0028631 0.0000000 0.0064631 0.8613598 0.0315937 0.0030829 0.0022076 0.0000000 0.0000000 0.0000000 0.0055034 0.0025580 0.0010251 0.0000000
132 D 132 0.1275357 0.0000000 0.0033768 0.1222219 0.0000000 0.0505760 0.6004047 0.0014099 0.0025666 0.0021258 0.0008713 0.0230354 0.0000000 0.0014074 0.0123245 0.0328063 0.0125159 0.0030386 0.0000000 0.0037831 0.0000000
133 E 133 0.0130549 0.0000000 0.0000000 0.0651015 0.0000000 0.2302517 0.5433644 0.0000000 0.0031695 0.0265762 0.0048574 0.0013262 0.0026029 0.0000000 0.0000000 0.0011493 0.0240137 0.0000000 0.0000000 0.0845324 0.0000000
134 R 134 0.0000000 0.9089726 0.0208251 0.0000000 0.0000000 0.0023137 0.0000000 0.0026334 0.0018321 0.0000000 0.0000000 0.0351959 0.0000000 0.0054466 0.0000000 0.0000000 0.0000000 0.0000000 0.0227806 0.0000000 0.0000000
135 E 135 0.0019982 0.0054056 0.0108640 0.0547666 0.0000000 0.0386866 0.7907613 0.0019748 0.0000000 0.0029136 0.0029070 0.0851059 0.0000000 0.0000000 0.0000000 0.0029231 0.0016932 0.0000000 0.0000000 0.0000000 0.0000000
136 A 136 0.5604617 0.0159842 0.0271121 0.0101690 0.0059909 0.0452842 0.0420995 0.0328108 0.0010703 0.0009402 0.0094808 0.0507434 0.0031374 0.0009582 0.0000000 0.1762910 0.0116786 0.0000000 0.0011175 0.0046701 0.0000000
137 G 137 0.0042451 0.0049451 0.1385740 0.0491545 0.0000000 0.0052369 0.0216737 0.7533670 0.0000000 0.0000000 0.0009484 0.0092130 0.0000000 0.0000000 0.0000000 0.0101686 0.0013073 0.0000000 0.0000000 0.0011664 0.0000000
138 I 138 0.0174328 0.0843630 0.0488051 0.0226916 0.0037867 0.1402330 0.0983794 0.0127600 0.0101138 0.0863686 0.0384942 0.2734942 0.0059377 0.0010962 0.0000000 0.0245132 0.0831675 0.0000000 0.0000000 0.0483631 0.0000000
139 T 139 0.0613363 0.0000000 0.0000000 0.0000000 0.0008533 0.0452905 0.0091794 0.0000000 0.1131721 0.0010691 0.0079399 0.0000000 0.0210734 0.0070226 0.0010655 0.0013648 0.6945265 0.0038882 0.0215409 0.0106778 0.0000000
140 E 140 0.0436064 0.0052949 0.0748097 0.0316945 0.0000000 0.0222005 0.2880338 0.0077273 0.0012573 0.0450534 0.1073906 0.0426012 0.0548400 0.1235729 0.0000000 0.0091737 0.0127761 0.0010696 0.0023118 0.1265864 0.0000000
141 K 141 0.1217506 0.0072095 0.0403646 0.2182379 0.0058029 0.0666313 0.3296074 0.0111745 0.0056940 0.0010023 0.0056022 0.0688747 0.0009301 0.0016179 0.0159337 0.0725222 0.0209721 0.0000000 0.0000000 0.0060721 0.0000000
142 V 142 0.0000000 0.0093614 0.0016932 0.0000000 0.0000000 0.0014948 0.0000000 0.0000000 0.0500764 0.0584892 0.0228105 0.0132210 0.0000000 0.0653582 0.0000000 0.0000000 0.0051859 0.0427200 0.0326401 0.6969492 0.0000000
143 V 143 0.0000000 0.0000000 0.0246590 0.0000000 0.1176843 0.0000000 0.0000000 0.0000000 0.0000000 0.1770519 0.0729746 0.0000000 0.0000000 0.0021433 0.0000000 0.0049109 0.0358109 0.0000000 0.0000000 0.5647651 0.0000000
144 F 144 0.1419464 0.0658252 0.0097492 0.0277412 0.0091322 0.0240606 0.1368807 0.0567726 0.0054757 0.0087030 0.0681119 0.1169898 0.0011139 0.1072000 0.0000000 0.0733487 0.0720041 0.0019538 0.0159716 0.0570193 0.0000000
145 E 145 0.1741545 0.2302402 0.0495584 0.0275643 0.0029581 0.0491709 0.1030120 0.0706710 0.0027277 0.0045412 0.0102013 0.0866075 0.0086947 0.0028844 0.0028795 0.0816349 0.0763412 0.0000000 0.0088932 0.0072649 0.0000000
146 Q 146 0.0000000 0.0000000 0.0000000 0.0000000 0.0000000 0.9661914 0.0237142 0.0000000 0.0032366 0.0000000 0.0000000 0.0000000 0.0031972 0.0000000 0.0000000 0.0013051 0.0000000 0.0000000 0.0000000 0.0023555 0.0000000
147 T 147 0.0026920 0.0000000 0.0000000 0.0000000 0.0022777 0.0000000 0.0000000 0.0000000 0.0000000 0.1859256 0.4555091 0.0000000 0.0492875 0.0032065 0.0000000 0.0000000 0.1314604 0.0000000 0.0000000 0.1696411 0.0000000
148 K 148 0.0676007 0.1394232 0.0310074 0.1108652 0.0024930 0.0619981 0.1269581 0.0134278 0.0023135 0.0091468 0.0196327 0.2831770 0.0026859 0.0000000 0.0000000 0.0465592 0.0583570 0.0000000 0.0034674 0.0208870 0.0000000
149 A 149 0.4728611 0.0121839 0.0497549 0.0313197 0.0051038 0.0132898 0.0638529 0.1343792 0.0035137 0.0196190 0.0270189 0.0584123 0.0027687 0.0042543 0.0130218 0.0284474 0.0155760 0.0012817 0.0017759 0.0415652 0.0000000
150 I 150 0.2543048 0.0000000 0.0022019 0.0334055 0.0061590 0.0000000 0.0000000 0.1668050 0.0000000 0.1693377 0.0469671 0.0000000 0.0030703 0.0259194 0.0000000 0.0945989 0.0022483 0.0000000 0.0186725 0.1746078 0.0017018
151 A 151 0.2046304 0.0069324 0.0041613 0.0000000 0.0046957 0.0000000 0.0000000 0.0009308 0.0000000 0.0834843 0.5010652 0.0295798 0.0069598 0.0564965 0.0000000 0.0144043 0.0126651 0.0000000 0.0032620 0.0679474 0.0027849
152 D 152 0.2224278 0.0142024 0.0383944 0.1597874 0.0013403 0.0276900 0.1150908 0.0112631 0.0128320 0.0022507 0.0139207 0.1568776 0.0045058 0.0872969 0.0283617 0.0733310 0.0076359 0.0009017 0.0137062 0.0081836 0.0000000
153 N 153 0.0328805 0.0131291 0.1164997 0.0935983 0.0010532 0.0125665 0.0397228 0.4171869 0.0491014 0.0128768 0.0129993 0.1085963 0.0000000 0.0030680 0.0030406 0.0316742 0.0166985 0.0000000 0.0009420 0.0189706 0.0153955
154 V 154 0.0364035 0.0000000 0.0000000 0.0014099 0.0039931 0.0025487 0.0035273 0.0167048 0.0015126 0.2159923 0.3579599 0.0060959 0.0054423 0.0081201 0.0021430 0.0000000 0.0054851 0.0018622 0.0000000 0.3130191 0.0177802
155 K 155 0.0642826 0.0037337 0.0163433 0.0719449 0.0039648 0.0191075 0.3600640 0.0118351 0.0022713 0.0008372 0.0039270 0.1254155 0.0042352 0.0011825 0.0347706 0.1804306 0.0736523 0.0000000 0.0000000 0.0039833 0.0180184
156 D 156 0.1107656 0.0000000 0.0437245 0.3690955 0.0176770 0.2209963 0.1262103 0.0093182 0.0018244 0.0000000 0.0030737 0.0169366 0.0000000 0.0000000 0.0093176 0.0273236 0.0174378 0.0000000 0.0021623 0.0055441 0.0185927
157 W 157 0.1203344 0.0037987 0.0000000 0.0072900 0.0012399 0.0062482 0.0008969 0.0108469 0.0047917 0.0690943 0.0931549 0.0000000 0.0353289 0.1163706 0.0126520 0.0013712 0.0040872 0.3426224 0.0030995 0.1456125 0.0211598
158 S 158 0.1751497 0.0399581 0.0308844 0.0634413 0.0019450 0.0257032 0.0941792 0.0516710 0.0041490 0.0008167 0.0087590 0.1775562 0.0000000 0.0000000 0.0076973 0.2407586 0.0472266 0.0034381 0.0000000 0.0100471 0.0166193
159 K 159 0.0150712 0.1108642 0.2341852 0.0492542 0.0038578 0.0729052 0.0383728 0.0421970 0.0224602 0.0000000 0.0061367 0.2831993 0.0000000 0.0026777 0.0037343 0.0634320 0.0316396 0.0000000 0.0000000 0.0033932 0.0166193
160 V 160 0.0662460 0.0000000 0.0000000 0.0000000 0.0175003 0.0000000 0.0000000 0.0065904 0.0000000 0.2536945 0.1526342 0.0000000 0.0289307 0.0127081 0.0000000 0.0217924 0.0387905 0.0021905 0.0047997 0.3787273 0.0153955
161 V 161 0.0058054 0.0000000 0.0000000 0.0109813 0.0000000 0.0000000 0.0066856 0.0000000 0.0000000 0.1038612 0.0000000 0.0000000 0.0070866 0.0000000 0.0000000 0.0049192 0.0223914 0.0000000 0.0000000 0.8228737 0.0153955
162 L 162 0.0000000 0.0000000 0.0000000 0.0000000 0.0000000 0.0000000 0.0000000 0.0000000 0.0000000 0.6289016 0.1680273 0.0000000 0.0032709 0.0045854 0.0000000 0.0000000 0.0000000 0.0000000 0.0000000 0.1798193 0.0153955
163 A 163 0.9816464 0.0000000 0.0000000 0.0000000 0.0000000 0.0000000 0.0000000 0.0000000 0.0000000 0.0000000 0.0000000 0.0000000 0.0000000 0.0000000 0.0029581 0.0000000 0.0000000 0.0000000 0.0000000 0.0000000 0.0153955
164 Y 164 0.0000000 0.0000000 0.0000000 0.0000000 0.0018063 0.0000000 0.0000000 0.0000000 0.0000000 0.0000000 0.0109183 0.0000000 0.0000000 0.0000000 0.0000000 0.0000000 0.0000000 0.0000000 0.9718799 0.0000000 0.0153955
165 E 165 0.0000000 0.0109183 0.0000000 0.0000000 0.0000000 0.0000000 0.9736861 0.0000000 0.0000000 0.0000000 0.0000000 0.0000000 0.0000000 0.0000000 0.0000000 0.0000000 0.0000000 0.0000000 0.0000000 0.0000000 0.0153955
166 P 166 0.0188944 0.0000000 0.0000000 0.0000000 0.0000000 0.0000000 0.0000000 0.0000000 0.0000000 0.0000000 0.0000000 0.0000000 0.0000000 0.0000000 0.9599688 0.0057413 0.0000000 0.0000000 0.0000000 0.0000000 0.0153955
167 V 167 0.0019358 0.0000000 0.0000000 0.0000000 0.0000000 0.0000000 0.0000000 0.0079760 0.0109183 0.2828990 0.0113777 0.0000000 0.0033671 0.0000000 0.0000000 0.0000000 0.0015585 0.0000000 0.0000000 0.6645719 0.0153955
168 W 168 0.0000000 0.0000000 0.0000000 0.0000000 0.0000000 0.0000000 0.0000000 0.0000000 0.0000000 0.0000000 0.0109183 0.0000000 0.0000000 0.0000000 0.0000000 0.0000000 0.0000000 0.9736861 0.0000000 0.0000000 0.0153955
169 A 169 0.9736861 0.0000000 0.0000000 0.0000000 0.0000000 0.0000000 0.0000000 0.0109183 0.0000000 0.0000000 0.0000000 0.0000000 0.0000000 0.0000000 0.0000000 0.0000000 0.0000000 0.0000000 0.0000000 0.0000000 0.0153955
170 I 170 0.0000000 0.0000000 0.0000000 0.0000000 0.0000000 0.0000000 0.0000000 0.0000000 0.0109183 0.9708231 0.0000000 0.0000000 0.0000000 0.0000000 0.0000000 0.0000000 0.0000000 0.0000000 0.0000000 0.0028631 0.0153955
171 G 171 0.0000000 0.0000000 0.0000000 0.0000000 0.0000000 0.0000000 0.0000000 0.9736861 0.0000000 0.0000000 0.0000000 0.0000000 0.0000000 0.0000000 0.0000000 0.0000000 0.0000000 0.0109183 0.0000000 0.0000000 0.0153955
172 T 172 0.0000000 0.0000000 0.0000000 0.0000000 0.0000000 0.0000000 0.0000000 0.0000000 0.0109183 0.0000000 0.0000000 0.0000000 0.0000000 0.0000000 0.0000000 0.0063357 0.9673504 0.0000000 0.0000000 0.0000000 0.0153955
173 G 173 0.0000000 0.0109183 0.0024655 0.0000000 0.0000000 0.0000000 0.0000000 0.9712206 0.0000000 0.0000000 0.0000000 0.0000000 0.0000000 0.0000000 0.0000000 0.0000000 0.0000000 0.0000000 0.0000000 0.0000000 0.0153955
174 K 174 0.0021430 0.0919990 0.0137198 0.0097725 0.0000000 0.0237315 0.0769298 0.0000000 0.0035019 0.0067160 0.0773953 0.6468337 0.0064256 0.0000000 0.0000000 0.0000000 0.0029885 0.0000000 0.0000000 0.0378434 0.0000000
175 T 175 0.0420129 0.0000000 0.0221160 0.0000000 0.0000000 0.0000000 0.0000000 0.0000000 0.0000000 0.0014233 0.0000000 0.0018032 0.0000000 0.0000000 0.0059377 0.0948912 0.5736427 0.0000000 0.0000000 0.2581730 0.0000000
176 A 176 0.9440981 0.0000000 0.0000000 0.0000000 0.0168224 0.0000000 0.0000000 0.0022933 0.0000000 0.0000000 0.0000000 0.0000000 0.0000000 0.0000000 0.0090677 0.0258954 0.0000000 0.0000000 0.0000000 0.0000000 0.0018230
177 T 177 0.0050579 0.0039207 0.0050577 0.0044486 0.0000000 0.0000000 0.0025672 0.0086081 0.0041367 0.0000000 0.0018494 0.0073854 0.0000000 0.0000000 0.0000000 0.2662165 0.6907517 0.0000000 0.0000000 0.0000000 0.0000000
178 P 178 0.1564163 0.0010867 0.0105764 0.0270560 0.0000000 0.0045870 0.0043012 0.0050247 0.0000000 0.0000000 0.0025487 0.0184095 0.0000000 0.0042428 0.6032370 0.1007476 0.0535705 0.0000000 0.0000000 0.0081956 0.0000000
179 Q 179 0.1355150 0.0007860 0.0035530 0.1241961 0.0000000 0.1234025 0.5383585 0.0131111 0.0035367 0.0018842 0.0017915 0.0288392 0.0000000 0.0000000 0.0010673 0.0182695 0.0015251 0.0019173 0.0000000 0.0022469 0.0000000
180 Q 180 0.0000000 0.0000000 0.0024062 0.2550902 0.0000000 0.6542975 0.0335833 0.0009641 0.0079760 0.0208450 0.0088373 0.0000000 0.0129290 0.0000000 0.0000000 0.0000000 0.0000000 0.0000000 0.0000000 0.0030714 0.0000000
