  148         A         R         N         D         C         Q         E         G         H         I         L         K         M         F         P         S         T         W         Y         V         X    
  1 A   1 0.2609939 0.0000000 0.0000000 0.0000000 0.0000000 0.0000000 0.0000000 0.0000000 0.0000000 0.0000000 0.0000000 0.0000000 0.0000000 0.0000000 0.0000000 0.0167088 0.0000000 0.0000000 0.0000000 0.0000000 0.7222973
  2 D   2 0.0039608 0.0442947 0.0145147 0.0994356 0.0000000 0.0215489 0.1434751 0.0135850 0.0203537 0.0011830 0.0023172 0.0361436 0.0000000 0.0000000 0.0000000 0.0045246 0.0048333 0.0000000 0.0000000 0.0016623 0.5881677
  3 Q   3 0.0085958 0.0244474 0.0657499 0.0126472 0.0141976 0.0670192 0.1429527 0.0122281 0.0482080 0.0009211 0.0102748 0.0344262 0.0011208 0.0225871 0.0012569 0.0484413 0.0066031 0.0014637 0.0017367 0.0023835 0.4727389
  4 L   4 0.0000000 0.0000000 0.0000000 0.0000000 0.0010559 0.0000000 0.0000000 0.0000000 0.0000000 0.0224464 0.5197119 0.0000000 0.0191269 0.0579029 0.0000000 0.0000000 0.0012121 0.0016461 0.0000000 0.0028939 0.3740037
  5 T   5 0.0037600 0.0156670 0.0395507 0.0223147 0.0014862 0.0008648 0.0052998 0.0094966 0.0000000 0.0013639 0.0125221 0.0034523 0.0010141 0.0000000 0.0238750 0.2775684 0.2292962 0.0000000 0.0000000 0.0022700 0.3501983
  6 E   6 0.0293341 0.0108009 0.0187134 0.0784501 0.0000000 0.0477273 0.3288405 0.0068923 0.0031083 0.0030559 0.0090735 0.0550305 0.0032655 0.0010202 0.0475516 0.0032974 0.0129022 0.0000000 0.0008859 0.0212475 0.3188030
  7 E   7 0.0203109 0.0018089 0.0076461 0.1333955 0.0000000 0.0371678 0.4228704 0.0076091 0.0008048 0.0038024 0.0027163 0.0163183 0.0012360 0.0012296 0.0029407 0.0176471 0.0119183 0.0000000 0.0012155 0.0035193 0.3058430
  8 Q   8 0.0016019 0.0079524 0.0031613 0.0145918 0.0000000 0.3855128 0.2306549 0.0000000 0.0025855 0.0000000 0.0059332 0.0236940 0.0073361 0.0000000 0.0054622 0.0023138 0.0050405 0.0000000 0.0000000 0.0031146 0.3010450
  9 I   9 0.0096933 0.0350391 0.0018435 0.0042281 0.0008595 0.0200379 0.0240253 0.0016795 0.0016019 0.3117398 0.0657537 0.1026990 0.0255986 0.0011945 0.0019566 0.0000000 0.0109169 0.0000000 0.0048612 0.0875865 0.2886852
 10 A  10 0.1970411 0.0299765 0.0312691 0.0442287 0.0017770 0.1127448 0.1250425 0.0163232 0.0097462 0.0107910 0.0101025 0.0687381 0.0108736 0.0014637 0.0000000 0.0459189 0.0133679 0.0000000 0.0000000 0.0245639 0.2460313
 11 E  11 0.0087376 0.0028328 0.0066178 0.0747015 0.0000000 0.0241698 0.4557450 0.1100133 0.0100034 0.0037578 0.0118176 0.0123440 0.0051989 0.0010565 0.0015426 0.0093293 0.0000000 0.0021501 0.0000000 0.0217561 0.2382260
 12 F  12 0.0077656 0.0000000 0.0000000 0.0000000 0.0000000 0.0028737 0.0000000 0.0000000 0.0000000 0.2003108 0.2473254 0.0000000 0.0251887 0.2080213 0.0000000 0.0000000 0.0021347 0.0000000 0.0758127 0.0062884 0.2242787
 13 K  13 0.0054201 0.2238286 0.0039770 0.0000000 0.0013040 0.0429992 0.0136235 0.0044666 0.0068532 0.0048600 0.0148684 0.4137045 0.0019722 0.0024433 0.0000000 0.0054398 0.0059395 0.0063408 0.0200168 0.0016374 0.2203050
 14 E  14 0.0453952 0.0211505 0.0224711 0.0887593 0.0000000 0.0461926 0.4788420 0.0077912 0.0021844 0.0041678 0.0055956 0.0340570 0.0009551 0.0019997 0.0000000 0.0032647 0.0108911 0.0017112 0.0011153 0.0070078 0.2164484
 15 A  15 0.5468201 0.0000000 0.0000000 0.0019476 0.0209576 0.0031414 0.0000000 0.0090273 0.0000000 0.0207056 0.0169488 0.0039614 0.1057305 0.0023180 0.0000000 0.0064772 0.0205070 0.0000000 0.0012049 0.0442987 0.1959540
 16 F  16 0.0000000 0.0000000 0.0000000 0.0000000 0.0000000 0.0000000 0.0000000 0.0000000 0.0000000 0.0051123 0.0028737 0.0000000 0.0032525 0.7880639 0.0000000 0.0000000 0.0000000 0.0000000 0.0054067 0.0000000 0.1952909
 17 S  17 0.0600069 0.0896724 0.0613007 0.0978421 0.0126856 0.0624844 0.0759920 0.0096349 0.0100762 0.0009987 0.0143894 0.1146679 0.0169605 0.0016870 0.0000000 0.1493631 0.0220872 0.0015904 0.0000000 0.0035624 0.1949983
 18 L  18 0.0240278 0.0160844 0.0262782 0.0016623 0.0092512 0.0100789 0.0375956 0.0063986 0.0073354 0.0392553 0.3613158 0.0155846 0.0886605 0.0146493 0.0000000 0.0326910 0.0128836 0.0017785 0.0286595 0.0712647 0.1945448
 19 F  19 0.0050126 0.0000000 0.0000000 0.0000000 0.0000000 0.0000000 0.0000000 0.0000000 0.0000000 0.0636443 0.0304081 0.0000000 0.0888674 0.5621783 0.0000000 0.0054926 0.0000000 0.0000000 0.0344289 0.0134005 0.1965672
 20 D  20 0.0031460 0.0012775 0.0035586 0.7805299 0.0000000 0.0021501 0.0033906 0.0022388 0.0000000 0.0000000 0.0000000 0.0000000 0.0000000 0.0000000 0.0000000 0.0022472 0.0035368 0.0000000 0.0000000 0.0036754 0.1942493
 21 K  21 0.0283973 0.0844854 0.0081801 0.0112023 0.0000000 0.0317115 0.0217843 0.0010699 0.0059507 0.0180160 0.0148605 0.2908246 0.0208664 0.0000000 0.0093972 0.0261317 0.2040611 0.0000000 0.0000000 0.0290966 0.1939645
 22 D  22 0.0042112 0.0113501 0.1241514 0.5137330 0.0000000 0.0093327 0.0657423 0.0101339 0.0082764 0.0000000 0.0000000 0.0229705 0.0000000 0.0000000 0.0000000 0.0101818 0.0190235 0.0000000 0.0000000 0.0072637 0.1936295
 23 G  23 0.0116640 0.0432636 0.1536755 0.0064462 0.0100508 0.0283965 0.0194778 0.3754990 0.0139877 0.0014535 0.0023180 0.1058276 0.0000000 0.0000000 0.0010926 0.0302397 0.0000000 0.0000000 0.0012141 0.0023479 0.1930457
 24 D  24 0.0024379 0.0261844 0.0838116 0.3520735 0.0000000 0.0035522 0.0150735 0.0122554 0.0000000 0.0016692 0.0000000 0.0274881 0.0000000 0.0000000 0.0000000 0.2190954 0.0624122 0.0000000 0.0000000 0.0012420 0.1927045
 25 G  25 0.0018033 0.0037578 0.0114467 0.0027219 0.0024026 0.0052891 0.0073220 0.7576907 0.0018076 0.0000000 0.0000000 0.0025069 0.0029698 0.0000000 0.0000000 0.0052375 0.0000000 0.0000000 0.0014312 0.0000000 0.1936130
 26 T  26 0.0402737 0.0405886 0.0156376 0.0124177 0.0350417 0.0190095 0.0098751 0.0000000 0.0233014 0.0111543 0.0140438 0.1210538 0.0104835 0.0721717 0.0031460 0.0693608 0.1887339 0.0000000 0.0973504 0.0201058 0.1962507
 27 I  27 0.0026181 0.0000000 0.0000000 0.0000000 0.0000000 0.0000000 0.0000000 0.0000000 0.0000000 0.7053938 0.0404878 0.0000000 0.0092984 0.0000000 0.0000000 0.0000000 0.0022780 0.0000000 0.0000000 0.0445391 0.1953847
 28 T  28 0.0165119 0.0052635 0.0449219 0.1392295 0.0007308 0.0127433 0.0201804 0.0158088 0.0094128 0.0014312 0.0096787 0.0183232 0.0032525 0.0000000 0.0090633 0.1424741 0.3532269 0.0000000 0.0000000 0.0023625 0.1953847
 29 T  29 0.1232502 0.0185034 0.0074711 0.0000000 0.0148981 0.0082445 0.0128511 0.0065775 0.0034863 0.0591691 0.0516794 0.0392824 0.0167413 0.0693013 0.0204441 0.0351119 0.1324100 0.0000000 0.0999646 0.0852290 0.1953847
 30 K  30 0.0400807 0.0475216 0.0150018 0.1032492 0.0000000 0.0417398 0.1713552 0.0206015 0.0499563 0.0009690 0.0098233 0.1968255 0.0005750 0.0014618 0.0042201 0.0710854 0.0190375 0.0011835 0.0009153 0.0090127 0.1953847
 31 E  31 0.0000000 0.0013175 0.0117601 0.0955243 0.0000000 0.0418784 0.6232252 0.0000000 0.0022913 0.0019277 0.0000000 0.0105612 0.0076694 0.0015177 0.0000000 0.0021347 0.0000000 0.0000000 0.0040352 0.0009308 0.1952266
 32 L  32 0.0000000 0.0000000 0.0000000 0.0000000 0.0168544 0.0000000 0.0000000 0.0000000 0.0000000 0.0259800 0.6898302 0.0000000 0.0175597 0.0267157 0.0000000 0.0000000 0.0016844 0.0000000 0.0000000 0.0261491 0.1952266
 33 G  33 0.0417463 0.1115748 0.0177057 0.0034592 0.0006598 0.0168423 0.0259899 0.2800017 0.0130489 0.0106496 0.0151958 0.2356796 0.0042413 0.0012307 0.0022638 0.0169095 0.0021101 0.0000000 0.0019997 0.0011865 0.1975046
 34 T  34 0.0977196 0.0221519 0.0246669 0.0679253 0.0037872 0.0386713 0.0501138 0.0093023 0.0314163 0.0432616 0.0146788 0.0231719 0.0060590 0.0059584 0.0048066 0.0374407 0.1710604 0.0014751 0.0079702 0.1453682 0.1929946
 35 V  35 0.1816190 0.0000000 0.0000000 0.0000000 0.0242578 0.0000000 0.0012738 0.1339021 0.0000000 0.0383846 0.0708633 0.0032525 0.0215870 0.0084140 0.0000000 0.0103741 0.0075789 0.0000000 0.0000000 0.3094218 0.1890711
 36 M  36 0.0147985 0.0019476 0.0000000 0.0000000 0.0106609 0.0000000 0.0000000 0.0000000 0.0000000 0.0372038 0.2835347 0.0018264 0.4209695 0.0223495 0.0000000 0.0020917 0.0040945 0.0000000 0.0000000 0.0116439 0.1888791
 37 R  37 0.0488113 0.4559610 0.0072107 0.0060686 0.0010737 0.0391315 0.0274420 0.0086796 0.0168038 0.0059150 0.0075848 0.0873299 0.0071441 0.0014445 0.0116091 0.0187883 0.0474647 0.0047988 0.0023221 0.0050045 0.1894119
 38 S  38 0.1970524 0.0539004 0.0305401 0.0057985 0.0319302 0.0157330 0.0307936 0.0063803 0.0027840 0.0035970 0.0119604 0.0998131 0.0192555 0.0029940 0.0022638 0.2399361 0.0488287 0.0000000 0.0029159 0.0041110 0.1894119
 39 L  39 0.0017265 0.0000000 0.0022527 0.0014618 0.0032420 0.0151361 0.0017274 0.0000000 0.0063459 0.0378268 0.5947407 0.0057725 0.0498673 0.0270644 0.0000000 0.0025731 0.0034085 0.0000000 0.0150950 0.0420237 0.1897355
 40 G  40 0.0069648 0.0086716 0.0083724 0.0142612 0.0017778 0.0045544 0.0066648 0.7439953 0.0000000 0.0013034 0.0000000 0.0052107 0.0012113 0.0000000 0.0000000 0.0033141 0.0000000 0.0000000 0.0000000 0.0011865 0.1925117
 41 Q  41 0.0286032 0.0148927 0.0019244 0.0203598 0.0075640 0.2031080 0.0791941 0.0140541 0.0409948 0.0161549 0.0497091 0.0287233 0.0205277 0.1232028 0.0078410 0.0754140 0.0270252 0.0059033 0.0339297 0.0068377 0.1940364
 42 N  42 0.0120691 0.0272066 0.2686756 0.0639187 0.0046771 0.0502604 0.1064248 0.0163346 0.0149384 0.0052293 0.0036818 0.0937719 0.0223880 0.0156570 0.0207037 0.0380937 0.0296126 0.0000000 0.0047377 0.0040939 0.1975252
 43 P  43 0.0352189 0.0014445 0.0000000 0.0075904 0.0051760 0.0053193 0.0019991 0.0000000 0.0010453 0.0377027 0.1877747 0.0022472 0.0344159 0.0239318 0.3746966 0.0040156 0.0075527 0.0000000 0.0014382 0.0591016 0.2093296
 44 T  44 0.0199640 0.0221664 0.0149708 0.0346717 0.0000000 0.0039571 0.0097428 0.0042632 0.0063302 0.0035756 0.0096301 0.0963308 0.0073402 0.0000000 0.0411409 0.1426679 0.3841146 0.0000000 0.0000000 0.0062054 0.1929282
 45 E  45 0.0141073 0.0180559 0.0338996 0.1493158 0.0000000 0.0337165 0.3433070 0.0136375 0.0063064 0.0059662 0.0057238 0.1279953 0.0026743 0.0030070 0.0302038 0.0035040 0.0078505 0.0000000 0.0028714 0.0097997 0.1880580
 46 A  46 0.2274103 0.0177053 0.0156554 0.0439791 0.0010688 0.0313455 0.2046791 0.0267331 0.0055796 0.0085809 0.0066489 0.0313191 0.0223880 0.0008429 0.0245995 0.0939486 0.0323597 0.0000000 0.0039704 0.0136735 0.1875122
 47 E  47 0.0007399 0.0062983 0.0028134 0.0974314 0.0039390 0.0430117 0.5970242 0.0024345 0.0075550 0.0021011 0.0000000 0.0114012 0.0034387 0.0022783 0.0009795 0.0022826 0.0176122 0.0000000 0.0058943 0.0047750 0.1879897
 48 L  48 0.0065595 0.0000000 0.0000000 0.0000000 0.0078841 0.0000000 0.0012222 0.0013338 0.0000000 0.2256495 0.3338027 0.0000000 0.0151693 0.0115114 0.0000000 0.0000000 0.0038094 0.0000000 0.0049088 0.2045078 0.1836415
 49 Q  49 0.0272296 0.0958731 0.0180468 0.0731279 0.0000000 0.1869464 0.0797570 0.0063701 0.0172065 0.0223348 0.0767174 0.1542502 0.0077314 0.0064620 0.0000000 0.0084501 0.0095922 0.0015203 0.0179306 0.0045342 0.1859195
 50 D  50 0.0547929 0.0447608 0.0189240 0.1865283 0.0000000 0.0952031 0.1885954 0.0126404 0.0019072 0.0196642 0.0137403 0.0967585 0.0198831 0.0009245 0.0000000 0.0356993 0.0227798 0.0012410 0.0000000 0.0028514 0.1831059
 51 M  51 0.0163703 0.0000000 0.0000000 0.0000000 0.0053706 0.0018264 0.0031414 0.0000000 0.0149617 0.1307065 0.2371382 0.0000000 0.3423477 0.0024990 0.0000000 0.0019277 0.0006555 0.0067885 0.0084703 0.0446901 0.1831059
 52 I  52 0.0144552 0.0015733 0.0000000 0.0000000 0.0034256 0.0041217 0.0016706 0.0014833 0.0014257 0.3537717 0.1093792 0.0093337 0.1887839 0.0239213 0.0000000 0.0221607 0.0093408 0.0000000 0.0048391 0.0672084 0.1831059
 53 I  53 0.0811424 0.0792412 0.1407081 0.0777561 0.0036470 0.0803485 0.1092295 0.0248412 0.0218816 0.0028355 0.0048821 0.0955836 0.0029213 0.0016527 0.0017782 0.0627256 0.0163885 0.0000000 0.0044315 0.0051232 0.1828822
 54 E  54 0.1300322 0.0141916 0.0201916 0.1065614 0.0000000 0.0372901 0.3820415 0.0088567 0.0126694 0.0025935 0.0077803 0.0248411 0.0038808 0.0009560 0.0017112 0.0225042 0.0175945 0.0000000 0.0051306 0.0182910 0.1828822
 55 V  55 0.2087182 0.0000000 0.0023557 0.0000000 0.0028603 0.0011224 0.0047779 0.0118790 0.0255092 0.1103153 0.0344284 0.0009390 0.0100350 0.0294104 0.0187099 0.0064221 0.0055002 0.0000000 0.0364870 0.2999682 0.1905615
 56 D  56 0.0031715 0.0059102 0.0143898 0.6857101 0.0000000 0.0026627 0.0098024 0.0063354 0.0013119 0.0000000 0.0019910 0.0396342 0.0012525 0.0000000 0.0107009 0.0014178 0.0023116 0.0000000 0.0017558 0.0031824 0.2084598
 57 A  57 0.1146376 0.0358771 0.0073618 0.0068687 0.0037230 0.0288176 0.0411395 0.0081977 0.0030480 0.0663709 0.0493570 0.0965353 0.0224677 0.0056089 0.0388001 0.0395724 0.0823072 0.0000000 0.0039965 0.1408667 0.2044462
 58 D  58 0.0015227 0.0106799 0.0798933 0.5619702 0.0000000 0.0066721 0.0809968 0.0073355 0.0051299 0.0000000 0.0000000 0.0091924 0.0059326 0.0014952 0.0037816 0.0074463 0.0089674 0.0000000 0.0000000 0.0018418 0.2071424
 59 G  59 0.0130097 0.0220934 0.1230597 0.0100150 0.0057070 0.0078601 0.0241262 0.4659630 0.0077586 0.0015426 0.0143775 0.0521744 0.0099932 0.0000000 0.0042512 0.0292228 0.0042067 0.0009423 0.0000000 0.0026181 0.2010785
 60 N  60 0.0044458 0.0208080 0.2338423 0.2122500 0.0000000 0.0054605 0.0055446 0.0239849 0.0039479 0.0060590 0.0051097 0.0291105 0.0031460 0.0007321 0.0120370 0.1734122 0.0561558 0.0000000 0.0012713 0.0072664 0.1954162
 61 G  61 0.0087149 0.0114841 0.0094661 0.0075744 0.0000000 0.0025258 0.0057323 0.7132441 0.0053263 0.0000000 0.0000000 0.0229596 0.0023504 0.0000000 0.0029162 0.0110495 0.0017397 0.0000000 0.0000000 0.0035050 0.1914117
 62 T  62 0.0301372 0.0925542 0.0168563 0.0023982 0.0107932 0.0408882 0.0532862 0.0051566 0.0157098 0.0046810 0.0402763 0.0736386 0.0189159 0.0280690 0.0190670 0.0586487 0.2389682 0.0031460 0.0265375 0.0355551 0.1847171
 63 I  63 0.0045100 0.0000000 0.0000000 0.0000000 0.0000000 0.0000000 0.0000000 0.0000000 0.0000000 0.5279900 0.1070975 0.0000000 0.0185644 0.0232977 0.0000000 0.0000000 0.0017777 0.0000000 0.0000000 0.1324529 0.1843098
 64 D  64 0.0095288 0.0055322 0.1114630 0.4557627 0.0023223 0.0051201 0.0695871 0.0097976 0.0092576 0.0000000 0.0009684 0.0079134 0.0000000 0.0000000 0.0011968 0.0966816 0.0227101 0.0000000 0.0064823 0.0013662 0.1843098
 65 F  65 0.0080880 0.0032081 0.0000000 0.0000000 0.0141054 0.0016703 0.0061582 0.0021048 0.0015459 0.0063849 0.0326047 0.0034646 0.0039123 0.4685953 0.0000000 0.0009002 0.0028607 0.0051225 0.2395194 0.0151613 0.1845933
 66 P  66 0.0404321 0.0093404 0.0483330 0.1263424 0.0000000 0.0354470 0.2222570 0.0700721 0.0038116 0.0206873 0.0113039 0.0220958 0.0000000 0.0014422 0.0920532 0.0597385 0.0319609 0.0000000 0.0085764 0.0115131 0.1845933
 67 E  67 0.0044661 0.0086390 0.0092365 0.1089402 0.0010583 0.0169164 0.5794259 0.0132226 0.0053083 0.0000000 0.0021263 0.0061047 0.0108163 0.0000000 0.0000000 0.0065676 0.0306288 0.0000000 0.0014757 0.0094840 0.1855834
 68 F  68 0.0000000 0.0000000 0.0000000 0.0000000 0.0000000 0.0000000 0.0000000 0.0000000 0.0000000 0.0000000 0.0145989 0.0000000 0.0000000 0.7838318 0.0000000 0.0014465 0.0000000 0.0000000 0.0103680 0.0014859 0.1882689
 69 L  69 0.0151366 0.0134044 0.0083403 0.0008612 0.0275480 0.0062598 0.0102152 0.0082394 0.0000000 0.1084925 0.3365018 0.0099202 0.0177223 0.0192765 0.0000000 0.0091991 0.0173130 0.0011932 0.0112200 0.1939306 0.1852260
 70 T  70 0.1691419 0.0411069 0.0424856 0.0362360 0.0105224 0.0384059 0.0690932 0.0153304 0.0258617 0.0078415 0.0090902 0.0531685 0.0094209 0.0023997 0.0358492 0.0575070 0.1506898 0.0000000 0.0158571 0.0242981 0.1856939
 71 M  71 0.1290299 0.0032849 0.0018274 0.0000000 0.0023687 0.0000000 0.0040683 0.0008460 0.0022780 0.1369198 0.1922836 0.0014151 0.2187467 0.0069325 0.0045100 0.0029363 0.0025124 0.0021784 0.0016281 0.0995963 0.1866375
 72 M  72 0.0121591 0.0000000 0.0088270 0.0000000 0.0041538 0.0007727 0.0009044 0.0016454 0.0057676 0.0409866 0.0661181 0.0013648 0.4758412 0.0176602 0.0000000 0.0022207 0.0619070 0.0013715 0.0163282 0.0500188 0.2319526
 73 A  73 0.1677366 0.0313583 0.0091059 0.0016021 0.0059514 0.0425353 0.0204256 0.0842703 0.0166139 0.0122801 0.0206417 0.0329595 0.0538876 0.0000000 0.0022635 0.1146162 0.1594576 0.0000000 0.0022831 0.0436345 0.1783768
 74 R  74 0.0476915 0.1765800 0.0278783 0.0260632 0.0009637 0.0424943 0.0751209 0.0109652 0.0808291 0.0280398 0.0423881 0.1061757 0.0139540 0.0014160 0.0354341 0.0366913 0.0426200 0.0008287 0.0029249 0.0261031 0.1748381
 75 K  75 0.0042532 0.0798708 0.0189532 0.0101024 0.0048989 0.0671312 0.0122709 0.0375664 0.0971085 0.0194150 0.0071098 0.3175448 0.0253437 0.0136916 0.0141771 0.0103116 0.0100525 0.0059937 0.0069486 0.0056282 0.2316277
 76 M  76 0.0087209 0.0133442 0.0423518 0.0093510 0.0019784 0.0148436 0.0188313 0.0109903 0.0175183 0.0896158 0.2011435 0.0195365 0.2355321 0.0105440 0.0052313 0.0305157 0.0242045 0.0000000 0.0207386 0.0311869 0.1938210
 77 K  77 0.0433876 0.1036281 0.1016972 0.0117813 0.0009236 0.0619980 0.0148427 0.0438230 0.0086302 0.0107132 0.0756980 0.2180409 0.0017644 0.0054275 0.0088088 0.0598854 0.0155274 0.0000000 0.0007842 0.0218729 0.1907657
 78 D  78 0.0521614 0.0367887 0.0267842 0.1730942 0.0000000 0.0497554 0.2023360 0.0417794 0.0034936 0.0008751 0.0027688 0.1068070 0.0013185 0.0014360 0.0246392 0.0385151 0.0183278 0.0000000 0.0044072 0.0025521 0.2121604
 79 T  79 0.0332792 0.1097243 0.0296369 0.0339262 0.0005382 0.0433882 0.1281634 0.0170805 0.0070473 0.0366809 0.0695581 0.0661482 0.0505814 0.0027734 0.0269398 0.0218566 0.1206136 0.0031251 0.0061876 0.0274835 0.1652676
 80 D  80 0.0220411 0.0050565 0.0458578 0.3820292 0.0000000 0.0190091 0.1633141 0.0653779 0.0022682 0.0059320 0.0151849 0.0107905 0.0013425 0.0035628 0.0135227 0.0341595 0.0357238 0.0000000 0.0105481 0.0060582 0.1582210
 81 S  81 0.0576719 0.0760107 0.0609206 0.0279200 0.0042952 0.0866661 0.0497645 0.0116789 0.0078916 0.0084454 0.0058553 0.0468999 0.0007978 0.0146000 0.1129639 0.1417261 0.1018666 0.0000000 0.0062786 0.0219236 0.1558233
 82 E  82 0.0261432 0.0427485 0.0051537 0.1149257 0.0000000 0.0262709 0.3521112 0.0050637 0.0135793 0.0289064 0.0264283 0.1267978 0.0131785 0.0069904 0.0036188 0.0039566 0.0109326 0.0000000 0.0152628 0.0162102 0.1617213
 83 E  83 0.0442311 0.0328329 0.0145455 0.1373750 0.0000000 0.0831322 0.4413770 0.0060822 0.0011253 0.0000000 0.0037617 0.0606647 0.0007746 0.0000000 0.0000000 0.0140540 0.0083140 0.0000000 0.0000000 0.0065237 0.1452060
 84 E  84 0.0000000 0.0039963 0.0336453 0.1167148 0.0013079 0.0244507 0.5199180 0.0081729 0.1045247 0.0051439 0.0055544 0.0055894 0.0131755 0.0000000 0.0017441 0.0044442 0.0054676 0.0000000 0.0031389 0.0176696 0.1253420
 85 I  85 0.0000000 0.0011035 0.0000000 0.0000000 0.0019991 0.0000000 0.0000000 0.0000000 0.0000000 0.2823689 0.4188527 0.0000000 0.0368442 0.0895876 0.0000000 0.0020086 0.0021944 0.0014231 0.0288519 0.0211181 0.1136481
 86 R  86 0.0163826 0.2986705 0.0033808 0.0010901 0.0000000 0.0457784 0.0072582 0.0009695 0.0188919 0.0331481 0.1001050 0.1843679 0.0297491 0.0286665 0.0033861 0.0159861 0.0091503 0.0081319 0.0365453 0.0454723 0.1128694
 87 E  87 0.0855097 0.0578819 0.0245424 0.0969301 0.0000000 0.0257885 0.3574675 0.0012041 0.0018983 0.0109660 0.0170385 0.1689760 0.0027824 0.0000000 0.0000000 0.0089104 0.0192204 0.0010670 0.0007980 0.0053538 0.1136649
 88 A  88 0.7423786 0.0021220 0.0000000 0.0031414 0.0113267 0.0000000 0.0016870 0.0401070 0.0000000 0.0174502 0.0085996 0.0000000 0.0115029 0.0020656 0.0000000 0.0103271 0.0100186 0.0000000 0.0009269 0.0268469 0.1114995
 89 F  89 0.0000000 0.0000000 0.0000000 0.0000000 0.0000000 0.0000000 0.0000000 0.0000000 0.0000000 0.0067499 0.0444270 0.0000000 0.0108682 0.8140844 0.0000000 0.0000000 0.0000000 0.0034607 0.0021887 0.0025908 0.1156302
 90 R  90 0.0451197 0.2855250 0.0340574 0.0695024 0.0069401 0.0830235 0.0516396 0.0072437 0.0109869 0.0000000 0.0181364 0.1558020 0.0114197 0.0008207 0.0022638 0.0864477 0.0104299 0.0007183 0.0013032 0.0029901 0.1156302
 91 V  91 0.0200022 0.0056093 0.0056146 0.0000000 0.0108407 0.0051821 0.0466467 0.0000000 0.0225600 0.0603266 0.2546302 0.0031036 0.0472188 0.0452668 0.0000000 0.0060137 0.0084268 0.0016841 0.0864400 0.2550121 0.1154217
 92 F  92 0.0074829 0.0000000 0.0000000 0.0000000 0.0015015 0.0000000 0.0000000 0.0000000 0.0000000 0.0205538 0.0277102 0.0000000 0.0066410 0.7666317 0.0000000 0.0042754 0.0086706 0.0000000 0.0300216 0.0079864 0.1185250
 93 D  93 0.0016240 0.0000000 0.0014016 0.8692669 0.0000000 0.0014773 0.0031698 0.0023947 0.0000000 0.0000000 0.0000000 0.0000000 0.0000000 0.0000000 0.0000000 0.0019531 0.0016099 0.0000000 0.0000000 0.0012853 0.1158174
 94 K  94 0.0174981 0.0901985 0.0059252 0.0850986 0.0000000 0.0429904 0.0420974 0.0048283 0.0060703 0.0199143 0.0242956 0.4183250 0.0086248 0.0000000 0.0072050 0.0144245 0.0776478 0.0000000 0.0013195 0.0177193 0.1158174
 95 D  95 0.0058860 0.0008948 0.1371459 0.5959588 0.0000000 0.0088488 0.1005329 0.0067826 0.0107498 0.0000000 0.0000000 0.0079978 0.0000000 0.0000000 0.0019531 0.0051237 0.0010001 0.0000000 0.0000000 0.0011308 0.1159950
 96 G  96 0.0283604 0.0344358 0.1147070 0.0284085 0.0081222 0.0548354 0.0288188 0.4507613 0.0123983 0.0023947 0.0011153 0.0873889 0.0000000 0.0000000 0.0000000 0.0296387 0.0017965 0.0000000 0.0000000 0.0000000 0.1168183
 97 N  97 0.0026214 0.0170446 0.2096546 0.2338815 0.0000000 0.0056990 0.0040205 0.0046541 0.0044549 0.0015813 0.0015904 0.0331884 0.0000000 0.0000000 0.0000000 0.2185621 0.1454983 0.0000000 0.0000000 0.0009087 0.1166405
 98 G  98 0.0007504 0.0020431 0.0025037 0.0014465 0.0000000 0.0008340 0.0022049 0.8660054 0.0011328 0.0000000 0.0000000 0.0014913 0.0000000 0.0000000 0.0000000 0.0031754 0.0013936 0.0009169 0.0000000 0.0000000 0.1161019
 99 Y  99 0.0190252 0.0325867 0.0053035 0.0046967 0.0198992 0.0112697 0.0148021 0.0045853 0.0237763 0.0082443 0.0224613 0.1319758 0.0038839 0.1545618 0.0000000 0.0534792 0.1073648 0.0000000 0.2549636 0.0113462 0.1157742
100 I 100 0.0038442 0.0000000 0.0000000 0.0000000 0.0000000 0.0000000 0.0000000 0.0000000 0.0018033 0.7885735 0.0179561 0.0000000 0.0090980 0.0035112 0.0000000 0.0000000 0.0000000 0.0000000 0.0000000 0.0589013 0.1163124
101 S 101 0.0174092 0.0010190 0.0327942 0.0955389 0.0026948 0.0110639 0.0565085 0.0132940 0.0084923 0.0000000 0.0043375 0.0077500 0.0273819 0.0018464 0.0117804 0.3284096 0.2602528 0.0000000 0.0000000 0.0034045 0.1160223
102 A 102 0.2114694 0.0397399 0.0030979 0.0033205 0.0079884 0.0135430 0.0161116 0.0270112 0.0066629 0.0617954 0.0816585 0.0352475 0.0202578 0.0570679 0.0397932 0.0407402 0.0637949 0.0049174 0.0325059 0.1158186 0.1174579
103 A 103 0.1551429 0.0578966 0.0357800 0.1343407 0.0000000 0.0416239 0.1338059 0.0202439 0.0244824 0.0043957 0.0053171 0.1434600 0.0024272 0.0008849 0.0042395 0.0779240 0.0298131 0.0007772 0.0007993 0.0091879 0.1174579
104 E 104 0.0054374 0.0028336 0.0972162 0.0850661 0.0000000 0.0056412 0.6416472 0.0000000 0.0029984 0.0000000 0.0000000 0.0108264 0.0016542 0.0000000 0.0000000 0.0114807 0.0060902 0.0000000 0.0067228 0.0049277 0.1174579
105 L 105 0.0000000 0.0045100 0.0000000 0.0000000 0.0000000 0.0000000 0.0000000 0.0000000 0.0000000 0.0465613 0.7696331 0.0000000 0.0225010 0.0294589 0.0000000 0.0000000 0.0000000 0.0000000 0.0000000 0.0098778 0.1174579
106 R 106 0.0283299 0.3430272 0.0079370 0.0035035 0.0108934 0.0574707 0.0466274 0.0877014 0.0153238 0.0102927 0.0086733 0.2254849 0.0039393 0.0024463 0.0020431 0.0146883 0.0053190 0.0000000 0.0026304 0.0059679 0.1177003
107 H 107 0.0493109 0.1266957 0.0286595 0.0347975 0.0039545 0.0920310 0.0786477 0.0042222 0.1588780 0.0241227 0.0149199 0.0327006 0.0089542 0.0112522 0.0000000 0.0446630 0.0656403 0.0023687 0.0214248 0.0778626 0.1188940
108 V 108 0.2355063 0.0000000 0.0000000 0.0000000 0.0214121 0.0000000 0.0000000 0.0089855 0.0000000 0.0829509 0.0468687 0.0149617 0.0203902 0.0108886 0.0000000 0.0103206 0.0125467 0.0000000 0.0000000 0.4175447 0.1176240
109 M 109 0.1193893 0.0031414 0.0000000 0.0000000 0.0411590 0.0000000 0.0000000 0.0000000 0.0000000 0.0189708 0.2835989 0.0000000 0.3670490 0.0140923 0.0010162 0.0092355 0.0089505 0.0008925 0.0013807 0.0121127 0.1190113
110 T 110 0.0773514 0.2269373 0.0146690 0.0058949 0.0052128 0.0283416 0.0341714 0.0175288 0.0100104 0.0305758 0.0048099 0.1574664 0.0287293 0.0033198 0.0010946 0.0326336 0.1769609 0.0009004 0.0022564 0.0203152 0.1208200
111 N 111 0.1104168 0.0149897 0.1129187 0.0410402 0.0170847 0.0185352 0.1999716 0.0115399 0.0117000 0.0053739 0.0129671 0.0621936 0.0070386 0.0026610 0.0081904 0.1588912 0.0746545 0.0000000 0.0020583 0.0049556 0.1228191
112 L 112 0.0044773 0.0017367 0.0014203 0.0129037 0.0018824 0.0034868 0.0150586 0.0000000 0.0092503 0.0508007 0.5943685 0.0045983 0.0555258 0.0469096 0.0027100 0.0073631 0.0115551 0.0000000 0.0221669 0.0168591 0.1369269
113 G 113 0.0010515 0.0047974 0.0080465 0.0221978 0.0046058 0.0019279 0.0104083 0.7750774 0.0000000 0.0030191 0.0030824 0.0070983 0.0000000 0.0020000 0.0000000 0.0078298 0.0000000 0.0000000 0.0000000 0.0059240 0.1429337
114 E 114 0.0049812 0.0083495 0.0021429 0.0654086 0.0067462 0.0714404 0.4436449 0.0109937 0.0304371 0.0053760 0.0288704 0.0043144 0.0340852 0.0684630 0.0033566 0.0065344 0.0053866 0.0031414 0.0170226 0.0145505 0.1647543
115 K 115 0.0157805 0.0613092 0.1832468 0.0595256 0.0014202 0.0325420 0.0619798 0.0339250 0.0181464 0.0024551 0.0021313 0.2228339 0.0173333 0.0065541 0.0374133 0.0243504 0.0457632 0.0000000 0.0020880 0.0030699 0.1681321
116 L 116 0.0207682 0.0049441 0.0067180 0.0081275 0.0146713 0.0081936 0.0008553 0.0034648 0.0044249 0.0467369 0.3778688 0.0013736 0.0919333 0.0361282 0.1387242 0.0083186 0.0083769 0.0000000 0.0039792 0.0535649 0.1608277
117 T 117 0.0100578 0.0120558 0.0249985 0.0739474 0.0035223 0.0048039 0.0284276 0.0203205 0.0020494 0.0027320 0.0018385 0.0463242 0.0000000 0.0011938 0.0166797 0.1701310 0.4410831 0.0000000 0.0007923 0.0048049 0.1342373
118 D 118 0.0214177 0.0103469 0.0235141 0.3396546 0.0023172 0.0261454 0.2436449 0.0122597 0.0150845 0.0102870 0.0104885 0.0715083 0.0055987 0.0022299 0.0316891 0.0075856 0.0112770 0.0000000 0.0062230 0.0168363 0.1318915
119 E 119 0.1137703 0.0347365 0.0095390 0.1218438 0.0000000 0.0376332 0.3842723 0.0110735 0.0035905 0.0053186 0.0069757 0.0451049 0.0152058 0.0006256 0.0071188 0.0248422 0.0164499 0.0000000 0.0012410 0.0286374 0.1320209
120 E 120 0.0052470 0.0089120 0.0050932 0.0656029 0.0014541 0.0217143 0.6530977 0.0024795 0.0152041 0.0034420 0.0023238 0.0078334 0.0021114 0.0061970 0.0022643 0.0085725 0.0188893 0.0016374 0.0029957 0.0385075 0.1264209
121 V 121 0.0277863 0.0000000 0.0000000 0.0000000 0.0199068 0.0000000 0.0000000 0.0054181 0.0000000 0.2341960 0.3130443 0.0000000 0.0111863 0.0199933 0.0000000 0.0019566 0.0079390 0.0000000 0.0000000 0.2352780 0.1232954
122 D 122 0.0194813 0.0708616 0.0366619 0.2384550 0.0000000 0.1315520 0.1652627 0.0023219 0.0112075 0.0138149 0.0289120 0.1047391 0.0040679 0.0070568 0.0045773 0.0117775 0.0106404 0.0014862 0.0041606 0.0059022 0.1270611
123 E 123 0.0919945 0.0240177 0.0158136 0.1629566 0.0000000 0.0574129 0.3844167 0.0126610 0.0073729 0.0019628 0.0097814 0.0593133 0.0061166 0.0000000 0.0000000 0.0215446 0.0199020 0.0000000 0.0000000 0.0027484 0.1219851
124 M 124 0.0091272 0.0000000 0.0000000 0.0000000 0.0023408 0.0011938 0.0000000 0.0000000 0.0046073 0.1688212 0.1402423 0.0000000 0.5069110 0.0020012 0.0000000 0.0019240 0.0007989 0.0094126 0.0009763 0.0296583 0.1219851
125 I 125 0.0014465 0.0010688 0.0000000 0.0000000 0.0000000 0.0000000 0.0000000 0.0016981 0.0026392 0.5452434 0.1342520 0.0020431 0.0815510 0.0370664 0.0000000 0.0081656 0.0030356 0.0000000 0.0072243 0.0521898 0.1223761
126 R 126 0.0893954 0.2223462 0.0570562 0.1074833 0.0046234 0.0745132 0.0448627 0.0109623 0.0219053 0.0009417 0.0124203 0.1293257 0.0023915 0.0038177 0.0000000 0.0605342 0.0199933 0.0000000 0.0036870 0.0094830 0.1242575
127 E 127 0.0269011 0.0074778 0.0115118 0.1279056 0.0000000 0.0186291 0.5728257 0.0422454 0.0127119 0.0014305 0.0106296 0.0089440 0.0027863 0.0009769 0.0027376 0.0095155 0.0036563 0.0000000 0.0007134 0.0141439 0.1242575
128 A 128 0.3474070 0.0000000 0.0009899 0.0000000 0.0013854 0.0129114 0.0000000 0.0144091 0.0111221 0.0775336 0.0122059 0.0000000 0.0077562 0.0645819 0.0000000 0.0091572 0.0053301 0.0000000 0.0201550 0.2785777 0.1364774
129 D 129 0.0018121 0.0016981 0.0202745 0.7541463 0.0000000 0.0054855 0.0087388 0.0081737 0.0176488 0.0000000 0.0000000 0.0157105 0.0000000 0.0000000 0.0134470 0.0030592 0.0021263 0.0000000 0.0023530 0.0013854 0.1439409
130 I 130 0.0552916 0.0604974 0.0000000 0.0018056 0.0059043 0.0520646 0.0472014 0.0101866 0.0090171 0.0881148 0.1093724 0.1014613 0.0250241 0.0086539 0.0159375 0.0419899 0.1274578 0.0000000 0.0036274 0.1012576 0.1351348
131 D 131 0.0029843 0.0056205 0.1269907 0.6303150 0.0000000 0.0076049 0.0432472 0.0184659 0.0011696 0.0000000 0.0000000 0.0124077 0.0009928 0.0000000 0.0000000 0.0069599 0.0051179 0.0000000 0.0000000 0.0000000 0.1381236
132 G 132 0.0112338 0.0147373 0.1191650 0.0091405 0.0041632 0.0365223 0.0165425 0.4506520 0.0127613 0.0000000 0.0096645 0.0920397 0.0075591 0.0020967 0.0127445 0.0570613 0.0030570 0.0000000 0.0000000 0.0038442 0.1370151
133 D 133 0.0017409 0.0021100 0.1063858 0.5881336 0.0027100 0.0120592 0.0111615 0.0111742 0.0020521 0.0019598 0.0020431 0.0160818 0.0000000 0.0006055 0.0021495 0.0779695 0.0259843 0.0000000 0.0000000 0.0015460 0.1341333
134 G 134 0.0030849 0.0057927 0.0137882 0.0027666 0.0000000 0.0000000 0.0039913 0.8248616 0.0025841 0.0000000 0.0024863 0.0021970 0.0008628 0.0000000 0.0027100 0.0044752 0.0007942 0.0000000 0.0000000 0.0000000 0.1296052
135 Q 135 0.0191604 0.1604965 0.0329215 0.0034285 0.0238295 0.1182711 0.1327900 0.0081960 0.0225741 0.0030095 0.0403659 0.1129323 0.0213621 0.0124467 0.0033961 0.0312032 0.0937346 0.0000000 0.0134214 0.0208936 0.1255667
136 V 136 0.0013346 0.0000000 0.0000000 0.0000000 0.0000000 0.0000000 0.0000000 0.0045100 0.0000000 0.5624835 0.0446287 0.0000000 0.0101134 0.0149747 0.0000000 0.0011475 0.0017274 0.0000000 0.0000000 0.2284248 0.1306555
137 N 137 0.0044681 0.0124164 0.2963069 0.3099769 0.0054303 0.0033853 0.0285935 0.0088609 0.0105928 0.0017305 0.0027131 0.0248862 0.0005311 0.0000000 0.0009881 0.1367406 0.0184700 0.0000000 0.0020021 0.0010467 0.1308604
138 Y 138 0.0138832 0.0062021 0.0000000 0.0000000 0.0031840 0.0203565 0.0632870 0.0009115 0.0021758 0.0077274 0.0224541 0.0039097 0.0049889 0.2831864 0.0061160 0.0011095 0.0000000 0.0027546 0.4173607 0.0078085 0.1325843
139 E 139 0.0314966 0.0073705 0.0492259 0.1605356 0.0000000 0.0532343 0.3959032 0.0207697 0.0110279 0.0060711 0.0055732 0.0146498 0.0013353 0.0013808 0.0342320 0.0413227 0.0150660 0.0000000 0.0090104 0.0080632 0.1337317
140 E 140 0.0099496 0.0036507 0.0050595 0.1041631 0.0010666 0.0078203 0.6937907 0.0039694 0.0000000 0.0000000 0.0010079 0.0034563 0.0021833 0.0011799 0.0000000 0.0017785 0.0098986 0.0000000 0.0000000 0.0007731 0.1502525
141 F 141 0.0000000 0.0000000 0.0000000 0.0000000 0.0000000 0.0000000 0.0000000 0.0000000 0.0000000 0.0000000 0.0173726 0.0000000 0.0000000 0.8180719 0.0000000 0.0000000 0.0000000 0.0020656 0.0065586 0.0014370 0.1544944
142 V 142 0.0588046 0.0167208 0.0062144 0.0008353 0.0258004 0.0060079 0.0074899 0.0000000 0.0009531 0.0880134 0.1817740 0.0280550 0.0335782 0.0130140 0.0000000 0.0114869 0.0268993 0.0018544 0.0169238 0.3169633 0.1586114
143 Q 143 0.1638123 0.1537651 0.0430660 0.0143891 0.0035335 0.0579648 0.0497826 0.0076029 0.0272730 0.0108496 0.0082271 0.1190367 0.0113553 0.0017707 0.0010561 0.0494864 0.0825848 0.0037729 0.0104455 0.0125714 0.1676543
144 M 144 0.0154362 0.0132055 0.0000000 0.0000000 0.0007102 0.0017004 0.0000000 0.0000000 0.0105878 0.1660862 0.1084050 0.0108143 0.3949031 0.0127205 0.0013346 0.0020492 0.0045753 0.0000000 0.0016528 0.0708130 0.1850058
145 M 145 0.0017965 0.0000000 0.0000000 0.0000000 0.0119973 0.0000000 0.0000000 0.0000000 0.0000000 0.0634908 0.0700045 0.0045100 0.5978087 0.0040956 0.0000000 0.0000000 0.0000000 0.0000000 0.0000000 0.0470414 0.1992552
146 T 146 0.0675691 0.0788928 0.0071260 0.0000000 0.0009132 0.0242837 0.0011057 0.0173221 0.0046073 0.0060734 0.0395305 0.1449057 0.0690512 0.0000000 0.0013648 0.0727645 0.1854519 0.0000000 0.0000000 0.0213774 0.2576607
147 A 147 0.0890393 0.0866728 0.0090283 0.0030368 0.0007871 0.0264514 0.0156309 0.0573908 0.0053076 0.0056414 0.0035520 0.1480551 0.0058937 0.0009002 0.0215735 0.0914305 0.0546187 0.0000000 0.0000000 0.0057354 0.3692546
148 K 148 0.0000000 0.0325263 0.0000000 0.0000000 0.0000000 0.0172864 0.0000000 0.0000000 0.0000000 0.0000000 0.0000000 0.2321180 0.0000000 0.0000000 0.0000000 0.0000000 0.0000000 0.0000000 0.0000000 0.0000000 0.7180693
