  161         A         R         N         D         C         Q         E         G         H         I         L         K         M         F         P         S         T         W         Y         V         X    
  1 Q   1 0.0000000 0.0000000 0.0000000 0.0000000 0.0000000 0.0991574 0.0000000 0.0000000 0.0000000 0.0000000 0.0000000 0.0000000 0.0000000 0.0000000 0.0000000 0.0484849 0.0000000 0.0000000 0.0000000 0.0000000 0.8523577
  2 E   2 0.0000000 0.0000000 0.0000000 0.0330485 0.0000000 0.0383602 0.0931268 0.0152441 0.0000000 0.0000000 0.0000000 0.0000000 0.0000000 0.0000000 0.0000000 0.0679709 0.0511101 0.0000000 0.0000000 0.0000000 0.7011394
  3 A   3 0.1196272 0.0000000 0.0000000 0.0085151 0.0000000 0.0000000 0.0084303 0.0212161 0.0000000 0.0000000 0.0000000 0.0000000 0.0000000 0.0000000 0.0072000 0.0996402 0.0445920 0.0000000 0.0000000 0.1065776 0.5842015
  4 G   4 0.0685037 0.0624633 0.0283818 0.0611997 0.0000000 0.0128597 0.0213941 0.0585031 0.0054188 0.0059525 0.0313191 0.0376394 0.0000000 0.0134114 0.0084654 0.0095353 0.0099965 0.0000000 0.0075267 0.0055694 0.5518601
  5 G   5 0.2592032 0.0000000 0.0000000 0.0000000 0.0000000 0.0000000 0.0054979 0.0632400 0.0000000 0.0000000 0.0000000 0.0463879 0.0000000 0.0000000 0.0000000 0.0617846 0.0269996 0.0000000 0.0000000 0.0294324 0.5074543
  6 R   6 0.0287665 0.0520373 0.0000000 0.0000000 0.0000000 0.0176865 0.0352582 0.0155210 0.0000000 0.0155516 0.2581741 0.0723521 0.0000000 0.0085596 0.0000000 0.0129792 0.0000000 0.0139161 0.0129094 0.0073694 0.4489189
  7 P   7 0.0213927 0.0925548 0.0331008 0.1134773 0.0000000 0.0000000 0.0000000 0.0000000 0.0000000 0.0084303 0.0105364 0.1985524 0.0000000 0.0352582 0.0518249 0.0206239 0.0085596 0.0000000 0.0000000 0.0084654 0.3972234
  8 G   8 0.0735961 0.0281172 0.0227471 0.0441377 0.0000000 0.0305540 0.2831342 0.0463204 0.0000000 0.0000000 0.0000000 0.0176048 0.0000000 0.0000000 0.1078651 0.0000000 0.0000000 0.0000000 0.0000000 0.0000000 0.3459235
  9 A   9 0.0924357 0.0129792 0.0499980 0.0493194 0.0000000 0.0513328 0.0533057 0.2336726 0.0000000 0.0000000 0.0000000 0.0657075 0.0000000 0.0000000 0.0074765 0.0746495 0.0000000 0.0000000 0.0000000 0.0000000 0.3091231
 10 D  10 0.0000000 0.0000000 0.0282128 0.2765960 0.0000000 0.0224703 0.2404464 0.0189061 0.0000000 0.0000000 0.0000000 0.0352582 0.0000000 0.0000000 0.0194071 0.0408788 0.0087012 0.0000000 0.0000000 0.0000000 0.3091231
 11 C  11 0.0000000 0.0000000 0.0000000 0.0000000 0.7017449 0.0000000 0.0000000 0.0000000 0.0000000 0.0000000 0.0000000 0.0000000 0.0000000 0.0000000 0.0000000 0.0084303 0.0000000 0.0000000 0.0000000 0.0000000 0.2898248
 12 E  12 0.0360819 0.0000000 0.0000000 0.0112697 0.0000000 0.0000000 0.5543681 0.0244975 0.0000000 0.0000000 0.0000000 0.0352582 0.0000000 0.0000000 0.0443184 0.0000000 0.0084303 0.0000000 0.0000000 0.0000000 0.2857760
 13 V  13 0.0000000 0.0000000 0.0000000 0.0000000 0.0000000 0.0000000 0.0000000 0.0000000 0.0000000 0.0000000 0.0087052 0.0000000 0.0000000 0.0000000 0.0000000 0.0352582 0.0000000 0.0000000 0.0000000 0.7239840 0.2320527
 14 C  14 0.0000000 0.0000000 0.0000000 0.0000000 0.7861828 0.0000000 0.0000000 0.0000000 0.0000000 0.0000000 0.0000000 0.0000000 0.0000000 0.0000000 0.0000000 0.0000000 0.0000000 0.0000000 0.0000000 0.0000000 0.2138172
 15 K  15 0.0000000 0.0141878 0.0000000 0.0000000 0.0000000 0.0147745 0.0163812 0.0000000 0.0000000 0.2489387 0.0195801 0.0976162 0.0129792 0.0075267 0.0000000 0.0000000 0.0267211 0.0000000 0.0000000 0.3274772 0.2138172
 16 E  16 0.0470510 0.0000000 0.0059525 0.0481060 0.0000000 0.0065922 0.0801951 0.0959594 0.0066327 0.0000000 0.0085596 0.2833033 0.0000000 0.0000000 0.0000000 0.1159915 0.0517578 0.0000000 0.0000000 0.0360819 0.2138172
 17 F  17 0.0196098 0.0000000 0.0142108 0.0000000 0.0000000 0.0000000 0.0000000 0.0000000 0.0000000 0.0000000 0.0000000 0.0000000 0.0000000 0.3394702 0.0000000 0.0000000 0.0700188 0.0000000 0.0465819 0.2962913 0.2138172
 18 L  18 0.0000000 0.0000000 0.0000000 0.0000000 0.0000000 0.0000000 0.0000000 0.0000000 0.0000000 0.0531149 0.5223924 0.0000000 0.0421988 0.0000000 0.0000000 0.0000000 0.0000000 0.0000000 0.0000000 0.1684767 0.2138172
 19 N  19 0.0000000 0.0304641 0.1082444 0.1490153 0.0000000 0.0476705 0.0928852 0.1760540 0.0087052 0.0000000 0.0000000 0.0399938 0.0000000 0.0000000 0.0000000 0.0733885 0.0484922 0.0000000 0.0000000 0.0000000 0.2250868
 20 R  20 0.0142108 0.2855808 0.0198871 0.1804736 0.0000000 0.0000000 0.0352582 0.0212140 0.0000000 0.0000000 0.0000000 0.1657826 0.0000000 0.0000000 0.0192983 0.0282128 0.0162648 0.0000000 0.0000000 0.0000000 0.2138172
 21 F  21 0.0087012 0.0000000 0.0000000 0.0000000 0.0000000 0.0360819 0.0000000 0.0000000 0.0112697 0.0471309 0.1124235 0.0000000 0.0000000 0.4590732 0.0000000 0.0000000 0.0000000 0.0000000 0.0000000 0.1115025 0.2138172
 22 Y  22 0.0904743 0.1293656 0.0000000 0.0000000 0.0000000 0.0318829 0.0419918 0.0000000 0.0291197 0.0399421 0.0239245 0.0067787 0.0444871 0.0000000 0.0000000 0.0267396 0.0065922 0.0000000 0.2571142 0.0241523 0.2474350
 23 K  23 0.1077630 0.0084654 0.1200264 0.1940185 0.0000000 0.1255360 0.1064623 0.0092887 0.0075937 0.0000000 0.0000000 0.0906228 0.0000000 0.0000000 0.0000000 0.0164060 0.0000000 0.0000000 0.0000000 0.0000000 0.2138172
 24 S  24 0.0464883 0.0291197 0.0087012 0.0472885 0.0000000 0.0251482 0.0000000 0.0075267 0.0000000 0.0000000 0.0052831 0.0703485 0.0126548 0.0057718 0.0000000 0.3160895 0.1994596 0.0000000 0.0000000 0.0000000 0.2261200
 25 L  25 0.0126548 0.0000000 0.0000000 0.0000000 0.0234354 0.0000000 0.0000000 0.0000000 0.0000000 0.0261881 0.5363030 0.0244975 0.0422202 0.0352582 0.0000000 0.0000000 0.0000000 0.0000000 0.0123029 0.0372409 0.2498990
 26 I  26 0.0264086 0.0000000 0.0042023 0.0000000 0.0000000 0.0440189 0.0367724 0.0000000 0.0000000 0.0621834 0.0577143 0.1428849 0.0602621 0.0000000 0.0418842 0.1116075 0.0567286 0.0000000 0.0194071 0.0178953 0.3180304
 27 D  27 0.0819599 0.0000000 0.0000000 0.2525633 0.0000000 0.0000000 0.1420961 0.0208625 0.0000000 0.0123974 0.0000000 0.0410776 0.0000000 0.0000000 0.0880937 0.0210076 0.0325257 0.0000000 0.0000000 0.0476069 0.2598094
 28 R  28 0.0537246 0.1274951 0.0564023 0.0995781 0.0000000 0.0136937 0.1073923 0.0000000 0.0000000 0.0000000 0.0000000 0.1016208 0.0000000 0.0000000 0.0000000 0.0998426 0.0000000 0.0000000 0.0000000 0.0524505 0.2877999
 29 G  29 0.0342671 0.0000000 0.0440655 0.3147832 0.0000000 0.0000000 0.0650748 0.1417432 0.0254094 0.0352582 0.0000000 0.0055027 0.0000000 0.0000000 0.0360819 0.0266930 0.0215806 0.0000000 0.0000000 0.0040050 0.2455355
 30 V  30 0.0910602 0.0403813 0.0000000 0.0528291 0.0000000 0.0000000 0.0457086 0.0000000 0.0000000 0.0556122 0.0277947 0.0489518 0.0000000 0.0129094 0.0251482 0.0076243 0.0399897 0.0000000 0.0000000 0.2608228 0.2911675
 31 N  31 0.0067787 0.0508975 0.0486440 0.0955587 0.0000000 0.0482374 0.0542316 0.0192983 0.0276868 0.0000000 0.0000000 0.2364237 0.0000000 0.0000000 0.0000000 0.0189188 0.1086911 0.0360819 0.0000000 0.0000000 0.2485516
 32 F  32 0.0128597 0.0000000 0.0052045 0.0122627 0.0000000 0.0000000 0.0065922 0.0602881 0.0000000 0.0059525 0.0209570 0.1946558 0.0000000 0.2556504 0.0000000 0.0743824 0.0498480 0.0000000 0.0000000 0.0000000 0.3013468
 33 S  33 0.0000000 0.0000000 0.1149368 0.2359035 0.0000000 0.0000000 0.0000000 0.0000000 0.0000000 0.0000000 0.0000000 0.1501602 0.0000000 0.0000000 0.0000000 0.2307764 0.0370099 0.0000000 0.0000000 0.0000000 0.2312132
 34 L  34 0.0231971 0.0000000 0.0000000 0.0173359 0.0000000 0.0211202 0.0403894 0.0141878 0.0104698 0.0769066 0.0555248 0.0602225 0.0315466 0.0000000 0.1776289 0.0399029 0.0676069 0.0000000 0.0464770 0.0775996 0.2398839
 35 D  35 0.1277435 0.0055694 0.0161040 0.2259644 0.0000000 0.0393590 0.0568549 0.0508379 0.0000000 0.0000000 0.0000000 0.1388362 0.0000000 0.0040488 0.0197579 0.0325945 0.0264971 0.0000000 0.0000000 0.0173359 0.2384966
 36 T  36 0.0989656 0.0176353 0.0280653 0.0094457 0.0000000 0.0626478 0.0173359 0.0126548 0.0000000 0.0311664 0.0697786 0.1732217 0.0000000 0.0085151 0.0000000 0.1318205 0.0924520 0.0000000 0.0000000 0.0217146 0.2245805
 37 I  37 0.0000000 0.0000000 0.0000000 0.0000000 0.0000000 0.0000000 0.0000000 0.0000000 0.0000000 0.5940416 0.0362805 0.0141878 0.0000000 0.0713400 0.0194071 0.0123029 0.0136937 0.0000000 0.0000000 0.0386635 0.2000830
 38 E  38 0.0574379 0.0129094 0.0000000 0.0765661 0.0000000 0.0000000 0.5399065 0.0148460 0.0000000 0.0000000 0.0000000 0.0628243 0.0142108 0.0000000 0.0000000 0.0000000 0.0212161 0.0000000 0.0000000 0.0000000 0.2000830
 39 K  39 0.1390838 0.0192983 0.0415731 0.0549608 0.0000000 0.0282827 0.1602278 0.0117293 0.0360819 0.0000000 0.0000000 0.2498459 0.0000000 0.0000000 0.0000000 0.0181264 0.0360304 0.0000000 0.0000000 0.0046768 0.2000830
 40 E  40 0.2553195 0.0360819 0.0000000 0.0044505 0.0000000 0.0330571 0.2675855 0.0625066 0.0118969 0.0000000 0.0126548 0.0842196 0.0000000 0.0117293 0.0000000 0.0055694 0.0000000 0.0000000 0.0000000 0.0148460 0.2000830
 41 L  41 0.0352582 0.0000000 0.0000000 0.0360819 0.0122627 0.0000000 0.0000000 0.0000000 0.0000000 0.1096099 0.3697827 0.0000000 0.0173359 0.1827314 0.0000000 0.0000000 0.0117061 0.0000000 0.0000000 0.0251482 0.2000830
 42 I  42 0.0105364 0.1343436 0.0000000 0.0137342 0.0000000 0.0000000 0.0000000 0.0461936 0.0000000 0.1555972 0.0617627 0.0956780 0.0683120 0.0000000 0.0000000 0.0212140 0.1383411 0.0136937 0.0000000 0.0282478 0.2123457
 43 S  43 0.0737439 0.0373577 0.0225349 0.0246621 0.0000000 0.0000000 0.1236580 0.0000000 0.0194071 0.0000000 0.0054188 0.3644518 0.0000000 0.0000000 0.0000000 0.0575212 0.0534396 0.0000000 0.0000000 0.0054593 0.2123457
 44 F  44 0.0485306 0.0129094 0.0000000 0.0000000 0.0076243 0.0000000 0.0000000 0.0192983 0.1074832 0.0084654 0.0309608 0.0153034 0.0502697 0.2495927 0.0000000 0.0554402 0.0292118 0.0000000 0.1018388 0.0507258 0.2123457
 45 C  45 0.0000000 0.0000000 0.0000000 0.0000000 0.7515725 0.0000000 0.0000000 0.0000000 0.0000000 0.0000000 0.0000000 0.0000000 0.0000000 0.0000000 0.0000000 0.0000000 0.0000000 0.0000000 0.0000000 0.0000000 0.2484275
 46 L  46 0.1231087 0.0753265 0.0138031 0.0137342 0.0000000 0.0000000 0.0430588 0.0652925 0.0000000 0.0000000 0.0943787 0.2924370 0.0000000 0.0000000 0.0000000 0.0542800 0.0244975 0.0000000 0.0000000 0.0000000 0.2000830
 47 D  47 0.0652443 0.0000000 0.0279461 0.1522549 0.0000000 0.0349482 0.1251897 0.0518005 0.0000000 0.0000000 0.0000000 0.1263139 0.0000000 0.0000000 0.0000000 0.0960571 0.0988244 0.0000000 0.0000000 0.0213380 0.2000830
 48 T  48 0.2665389 0.0000000 0.0244975 0.0000000 0.0000000 0.0325292 0.0000000 0.0000000 0.0000000 0.0076761 0.1229191 0.0212140 0.0000000 0.0000000 0.0000000 0.0941106 0.1427927 0.0000000 0.0352582 0.0523808 0.2000830
 49 K  49 0.0000000 0.0947183 0.0000000 0.0000000 0.0000000 0.0387083 0.0192983 0.0311364 0.0000000 0.0000000 0.0000000 0.4837757 0.0000000 0.0000000 0.0000000 0.0723700 0.0316973 0.0000000 0.0000000 0.0282128 0.2000830
 50 G  50 0.0268954 0.0000000 0.1360473 0.0139602 0.0000000 0.0212140 0.0192983 0.4352708 0.0000000 0.0000000 0.0134114 0.0000000 0.0000000 0.0000000 0.0000000 0.0805631 0.0532565 0.0000000 0.0000000 0.0000000 0.2000830
 51 K  51 0.0000000 0.0894764 0.0244975 0.0000000 0.0000000 0.0085151 0.0212140 0.0000000 0.0000000 0.0000000 0.0000000 0.5918361 0.0000000 0.0000000 0.0643779 0.0000000 0.0000000 0.0000000 0.0000000 0.0000000 0.2000830
 52 E  52 0.0000000 0.0000000 0.0360819 0.1251318 0.0000000 0.0212140 0.5826913 0.0192983 0.0000000 0.0000000 0.0000000 0.0000000 0.0000000 0.0000000 0.0000000 0.0244975 0.0000000 0.0000000 0.0000000 0.0000000 0.1910853
 53 N  53 0.0000000 0.0656037 0.4479669 0.0454442 0.0000000 0.0345765 0.0000000 0.0136937 0.0827798 0.0000000 0.0000000 0.0297736 0.0000000 0.0000000 0.0000000 0.0538182 0.0000000 0.0000000 0.0352582 0.0000000 0.1910853
 54 R  54 0.0360819 0.4590032 0.0000000 0.0153034 0.0000000 0.0089977 0.0000000 0.0000000 0.0247242 0.0000000 0.0000000 0.2150945 0.0000000 0.0000000 0.0000000 0.0252123 0.0000000 0.0000000 0.0000000 0.0000000 0.2155828
 55 L  55 0.0000000 0.0000000 0.0000000 0.0000000 0.0000000 0.0000000 0.0000000 0.0000000 0.0000000 0.0841912 0.2785266 0.0000000 0.0279450 0.3626412 0.0000000 0.0000000 0.0000000 0.0117061 0.0000000 0.0194071 0.2155828
 56 C  56 0.0000000 0.0000000 0.0000000 0.0000000 0.7411852 0.0000000 0.0000000 0.0360819 0.0000000 0.0000000 0.0000000 0.0000000 0.0000000 0.0000000 0.0000000 0.0000000 0.0000000 0.0000000 0.0000000 0.0000000 0.2227329
 57 Y  57 0.0000000 0.0000000 0.0000000 0.0387054 0.0000000 0.0000000 0.0000000 0.0000000 0.0000000 0.0000000 0.0000000 0.0000000 0.0360819 0.0399284 0.0000000 0.0000000 0.0000000 0.0000000 0.6625514 0.0000000 0.2227329
 58 Y  58 0.0000000 0.0000000 0.0445553 0.0000000 0.0000000 0.0000000 0.0352582 0.0000000 0.0212140 0.0000000 0.0000000 0.0000000 0.0000000 0.0239688 0.0000000 0.0192983 0.0000000 0.0000000 0.6436367 0.0000000 0.2120688
 59 L  59 0.0000000 0.0000000 0.0000000 0.0000000 0.0000000 0.0000000 0.0000000 0.0000000 0.0000000 0.3111129 0.3004492 0.0000000 0.0112697 0.0640268 0.0000000 0.0000000 0.0106642 0.0000000 0.0000000 0.1149060 0.1875712
 60 G  60 0.0000000 0.0000000 0.0000000 0.0841912 0.0000000 0.0000000 0.0393590 0.6559404 0.0000000 0.0000000 0.0330325 0.0194071 0.0000000 0.0000000 0.0000000 0.0000000 0.0000000 0.0000000 0.0000000 0.0000000 0.1680699
 61 A  61 0.4067606 0.0000000 0.0000000 0.0000000 0.0000000 0.0000000 0.0000000 0.2514603 0.0000000 0.0360819 0.0000000 0.0244975 0.0000000 0.0000000 0.1012026 0.0000000 0.0000000 0.0000000 0.0000000 0.0000000 0.1799972
 62 T  62 0.0136937 0.0000000 0.0000000 0.0195014 0.0000000 0.0000000 0.0000000 0.0000000 0.0000000 0.1358100 0.2122283 0.0000000 0.0248077 0.0000000 0.0000000 0.0671898 0.3007126 0.0000000 0.0000000 0.0460593 0.1799972
 63 K  63 0.0280165 0.0335090 0.0261157 0.0616796 0.0244975 0.0000000 0.2300961 0.0000000 0.0000000 0.0000000 0.0000000 0.2293080 0.0000000 0.0000000 0.0516577 0.1283029 0.0068198 0.0000000 0.0000000 0.0000000 0.1799972
 64 D  64 0.0142108 0.0000000 0.0000000 0.4125126 0.0000000 0.0713400 0.1557265 0.0000000 0.0000000 0.0000000 0.0000000 0.0000000 0.0000000 0.0000000 0.0000000 0.0000000 0.0405157 0.0000000 0.0000000 0.0000000 0.3056944
 65 A  65 0.3355549 0.0000000 0.0000000 0.0000000 0.0000000 0.0000000 0.0000000 0.0000000 0.0195014 0.0000000 0.0000000 0.0000000 0.0000000 0.0000000 0.0360819 0.3031675 0.0000000 0.0000000 0.0000000 0.0000000 0.3056944
 66 A  66 0.5647559 0.0000000 0.0000000 0.0000000 0.0000000 0.0000000 0.0000000 0.0000000 0.0000000 0.0000000 0.0244975 0.0000000 0.0000000 0.0000000 0.0000000 0.0352582 0.0555832 0.0000000 0.0000000 0.0000000 0.3199051
 67 T  67 0.0406103 0.0000000 0.0000000 0.0000000 0.0000000 0.0352582 0.0000000 0.0000000 0.0000000 0.0000000 0.0605794 0.0000000 0.0000000 0.0000000 0.0000000 0.0117293 0.5124164 0.0000000 0.0000000 0.0195014 0.3199051
 68 K  68 0.0439989 0.0215916 0.0399421 0.0000000 0.0000000 0.0000000 0.0000000 0.1920576 0.0000000 0.0000000 0.0000000 0.2589735 0.0000000 0.0122627 0.0000000 0.0751866 0.0000000 0.0000000 0.0000000 0.0360819 0.3199051
 69 I  69 0.0244975 0.0000000 0.0000000 0.0000000 0.0000000 0.0000000 0.0000000 0.0000000 0.0000000 0.4344030 0.0811868 0.0000000 0.0370616 0.0000000 0.0000000 0.0196619 0.0153034 0.0000000 0.0195014 0.0484793 0.3199051
 70 L  70 0.0000000 0.0244975 0.0000000 0.0000000 0.0000000 0.0000000 0.0000000 0.0000000 0.0000000 0.1692673 0.3344115 0.0000000 0.0516577 0.0000000 0.0000000 0.0000000 0.0421360 0.0000000 0.0000000 0.0581249 0.3199051
 71 S  71 0.0000000 0.1054623 0.2911877 0.0000000 0.0000000 0.0078739 0.0000000 0.1831266 0.0000000 0.0000000 0.0000000 0.0633800 0.0194071 0.0352582 0.0000000 0.1000963 0.0000000 0.0000000 0.0000000 0.0000000 0.1942080
 72 E  72 0.0000000 0.0153034 0.0000000 0.1596810 0.0000000 0.0123029 0.5918611 0.0000000 0.0000000 0.0000000 0.0000000 0.0000000 0.0000000 0.0000000 0.0000000 0.0129094 0.0137342 0.0000000 0.0000000 0.0000000 0.1942080
 73 V  73 0.0000000 0.0000000 0.0000000 0.0000000 0.0000000 0.0000000 0.0000000 0.0000000 0.0000000 0.0898048 0.1410678 0.0000000 0.0589112 0.0000000 0.0000000 0.0000000 0.0000000 0.0000000 0.0000000 0.5302190 0.1799972
 74 T  74 0.0885677 0.0244975 0.0000000 0.0000000 0.0000000 0.0000000 0.0360819 0.0194071 0.0000000 0.0246001 0.0000000 0.0000000 0.0000000 0.0000000 0.0000000 0.3638520 0.1884401 0.0000000 0.0000000 0.0675931 0.1869605
 75 R  75 0.0000000 0.2354362 0.0000000 0.0282128 0.0000000 0.0900580 0.0125381 0.0126548 0.0279220 0.0000000 0.0212140 0.3655964 0.0000000 0.0000000 0.0000000 0.0000000 0.0000000 0.0000000 0.0000000 0.0194071 0.1869605
 76 P  76 0.0000000 0.0000000 0.0000000 0.0000000 0.0000000 0.0690528 0.0000000 0.0352582 0.0000000 0.0000000 0.0000000 0.0000000 0.0000000 0.0000000 0.6584588 0.0141878 0.0360819 0.0000000 0.0000000 0.0000000 0.1869605
 77 M  77 0.0000000 0.0000000 0.0000000 0.0000000 0.0078739 0.0000000 0.0000000 0.0000000 0.0000000 0.0793877 0.3971930 0.0000000 0.1619992 0.0805478 0.0000000 0.0000000 0.0000000 0.0000000 0.0000000 0.0860378 0.1869605
 78 S  78 0.1508869 0.0000000 0.0141878 0.0000000 0.0000000 0.0000000 0.0000000 0.0319452 0.0000000 0.0000000 0.0000000 0.0153034 0.0000000 0.0000000 0.0000000 0.5994139 0.0208036 0.0000000 0.0000000 0.0000000 0.1674592
 79 V  79 0.0502687 0.0388866 0.0099006 0.0000000 0.0000000 0.0000000 0.0000000 0.0000000 0.1234184 0.0000000 0.0578998 0.0000000 0.0085151 0.1043110 0.0000000 0.0000000 0.0279450 0.2234071 0.1157908 0.0721978 0.1674592
 80 H  80 0.0000000 0.0217483 0.0000000 0.0000000 0.0000000 0.0352582 0.0000000 0.2108962 0.2734048 0.0000000 0.0000000 0.0533611 0.0000000 0.0136937 0.0112697 0.1879913 0.0000000 0.0000000 0.0249175 0.0000000 0.1674592
 81 M  81 0.0000000 0.0000000 0.0000000 0.0000000 0.0000000 0.0000000 0.0000000 0.0000000 0.0000000 0.1240815 0.0697313 0.0766585 0.3848724 0.0000000 0.0000000 0.0000000 0.0129144 0.0000000 0.0000000 0.1290246 0.2027173
 82 P  82 0.0000000 0.0000000 0.0000000 0.0604064 0.0000000 0.0000000 0.0319452 0.0000000 0.0000000 0.0000000 0.0195014 0.0000000 0.0000000 0.0000000 0.6577107 0.0000000 0.0629772 0.0000000 0.0000000 0.0000000 0.1674592
 83 A  83 0.2375970 0.0000000 0.0000000 0.0000000 0.0000000 0.0000000 0.0000000 0.0352582 0.0092887 0.0299991 0.0000000 0.0396511 0.0000000 0.0000000 0.1102457 0.0664464 0.0470373 0.0000000 0.0000000 0.2570173 0.1674592
 84 M  84 0.0511654 0.0000000 0.0179962 0.1099362 0.0000000 0.0271722 0.3147197 0.0125381 0.0123974 0.0000000 0.0774447 0.0000000 0.0296485 0.0000000 0.0000000 0.0122627 0.0847362 0.0000000 0.0075937 0.0749299 0.1674592
 85 K  85 0.0263485 0.0448875 0.0089977 0.0572958 0.0000000 0.0000000 0.0000000 0.0000000 0.0000000 0.0000000 0.0000000 0.6827485 0.0000000 0.0000000 0.0000000 0.0122627 0.0000000 0.0000000 0.0000000 0.0000000 0.1674592
 86 I  86 0.0000000 0.0000000 0.0000000 0.0000000 0.0000000 0.0000000 0.0000000 0.0000000 0.0000000 0.4500565 0.0000000 0.0477962 0.0000000 0.0000000 0.0000000 0.0000000 0.0139161 0.0000000 0.0000000 0.3207719 0.1674592
 87 C  87 0.0000000 0.0000000 0.0000000 0.0360819 0.7769576 0.0000000 0.0000000 0.0000000 0.0000000 0.0000000 0.0195014 0.0000000 0.0000000 0.0000000 0.0000000 0.0000000 0.0000000 0.0000000 0.0000000 0.0000000 0.1674592
 88 E  88 0.0926188 0.0212140 0.0136937 0.0112697 0.0000000 0.0553511 0.4975210 0.0000000 0.0075376 0.0000000 0.0000000 0.1072687 0.0000000 0.0000000 0.0000000 0.0126548 0.0000000 0.0000000 0.0000000 0.0134114 0.1674592
 89 K  89 0.0198003 0.1755085 0.0000000 0.0123029 0.0000000 0.0000000 0.0000000 0.0000000 0.0000000 0.0000000 0.0000000 0.5089396 0.0000000 0.0000000 0.0000000 0.0251482 0.0352582 0.0555832 0.0000000 0.0000000 0.1674592
 90 L  90 0.0318363 0.0000000 0.0000000 0.0000000 0.0000000 0.0000000 0.0000000 0.0000000 0.0000000 0.0335280 0.7477694 0.0000000 0.0000000 0.0194071 0.0000000 0.0000000 0.0000000 0.0000000 0.0000000 0.0000000 0.1674592
 91 K  91 0.0000000 0.0370355 0.0463998 0.0324806 0.0000000 0.0258088 0.0368544 0.0244975 0.0000000 0.0000000 0.0092887 0.4967338 0.0000000 0.0282128 0.0000000 0.0747872 0.0000000 0.0000000 0.0000000 0.0204417 0.1674592
 92 K  92 0.0849350 0.0391233 0.0000000 0.0000000 0.0000000 0.0256454 0.0153034 0.0361723 0.0000000 0.0000000 0.0000000 0.5632639 0.0000000 0.0000000 0.0000000 0.0501652 0.0250825 0.0000000 0.0000000 0.0000000 0.1603090
 93 L  93 0.0057718 0.0434018 0.0000000 0.0502926 0.0000000 0.0352582 0.0000000 0.0000000 0.0000000 0.0431564 0.0396018 0.4526610 0.0912222 0.0000000 0.0000000 0.0276503 0.0506749 0.0000000 0.0000000 0.0000000 0.1603090
 94 D  94 0.0000000 0.0000000 0.1311460 0.6372049 0.0000000 0.0000000 0.0000000 0.0000000 0.0360819 0.0000000 0.0000000 0.0000000 0.0000000 0.0000000 0.0000000 0.0000000 0.0000000 0.0000000 0.0352582 0.0000000 0.1603090
 95 S  95 0.1743114 0.0000000 0.0435412 0.0000000 0.0000000 0.0126548 0.0000000 0.0414597 0.0000000 0.0076243 0.0000000 0.0256741 0.0075937 0.0000000 0.1428037 0.3651330 0.0188950 0.0000000 0.0000000 0.0000000 0.1603090
 96 Q  96 0.0195014 0.0000000 0.0000000 0.0445553 0.0000000 0.5719061 0.1358100 0.0000000 0.0000000 0.0000000 0.0192983 0.0000000 0.0000000 0.0000000 0.0000000 0.0000000 0.0360819 0.0000000 0.0000000 0.0000000 0.1728471
 97 I  97 0.0195014 0.0000000 0.0000000 0.0000000 0.0000000 0.0000000 0.0000000 0.0360819 0.0000000 0.5990338 0.0597557 0.0000000 0.0000000 0.0463622 0.0000000 0.0000000 0.0000000 0.0000000 0.0000000 0.0664180 0.1728471
 98 C  98 0.0000000 0.0141878 0.0000000 0.0000000 0.8129651 0.0000000 0.0000000 0.0000000 0.0000000 0.0000000 0.0000000 0.0000000 0.0000000 0.0000000 0.0000000 0.0000000 0.0000000 0.0000000 0.0000000 0.0000000 0.1728471
 99 E  99 0.0244975 0.0547595 0.0000000 0.1708923 0.0000000 0.0000000 0.4377206 0.0000000 0.0000000 0.0000000 0.0000000 0.0105364 0.0000000 0.0000000 0.0000000 0.0593415 0.0694051 0.0000000 0.0000000 0.0000000 0.1728471
100 L 100 0.0000000 0.0000000 0.0000000 0.0352582 0.0000000 0.0000000 0.0000000 0.0000000 0.0000000 0.0417009 0.5684569 0.0000000 0.0251482 0.0141878 0.0555832 0.0000000 0.0000000 0.0000000 0.0000000 0.0868177 0.1728471
101 K 101 0.0122627 0.2343141 0.0105364 0.0000000 0.0000000 0.0126548 0.0136937 0.0000000 0.0000000 0.0000000 0.0000000 0.5657396 0.0000000 0.0000000 0.0000000 0.0000000 0.0000000 0.0000000 0.0000000 0.0000000 0.1507987
102 Y 102 0.0000000 0.0000000 0.0000000 0.0000000 0.0100897 0.0000000 0.0000000 0.0119586 0.0000000 0.0000000 0.0071501 0.0000000 0.0000000 0.0991629 0.0244975 0.0195014 0.0360819 0.0000000 0.6407591 0.0000000 0.1507987
103 E 103 0.0637573 0.0000000 0.0000000 0.3017302 0.0000000 0.0000000 0.2673678 0.1008033 0.0000000 0.0000000 0.0000000 0.0352582 0.0000000 0.0000000 0.0971809 0.0000000 0.0000000 0.0000000 0.0000000 0.0000000 0.1339022
104 K 104 0.0648659 0.0342096 0.0000000 0.0000000 0.0000000 0.0189833 0.0650931 0.0000000 0.0000000 0.0236060 0.0352582 0.5745697 0.0000000 0.0000000 0.0000000 0.0000000 0.0000000 0.0000000 0.0000000 0.0642376 0.1191766
105 T 105 0.0000000 0.0000000 0.0360819 0.0076761 0.0000000 0.2623550 0.0941528 0.0000000 0.0000000 0.0000000 0.0277008 0.2429800 0.0000000 0.0000000 0.0707424 0.0561586 0.0315056 0.0000000 0.0000000 0.0423645 0.1282824
106 L 106 0.0000000 0.0119586 0.0000000 0.0000000 0.0000000 0.0000000 0.0442313 0.0244975 0.0000000 0.3891913 0.2156950 0.0212140 0.0000000 0.0122627 0.0000000 0.0000000 0.0251482 0.0000000 0.0000000 0.1082206 0.1475806
107 D 107 0.0000000 0.0100897 0.0323863 0.7630380 0.0000000 0.0000000 0.0242829 0.0119586 0.0000000 0.0000000 0.0000000 0.0139161 0.0000000 0.0000000 0.0000000 0.0212140 0.0092827 0.0000000 0.0000000 0.0000000 0.1138315
108 L 108 0.0350201 0.0360819 0.0000000 0.0000000 0.0000000 0.0000000 0.0336179 0.0000000 0.0000000 0.0290965 0.4794951 0.0137342 0.0295277 0.0282128 0.0195014 0.0304967 0.0000000 0.1475058 0.0094661 0.0229048 0.0853392
109 A 109 0.0991776 0.0000000 0.1370825 0.0814676 0.0000000 0.0000000 0.1054835 0.0258365 0.0000000 0.0000000 0.0000000 0.1656472 0.0000000 0.0000000 0.0000000 0.2099570 0.0996175 0.0000000 0.0000000 0.0000000 0.0757307
110 S 110 0.0774352 0.0000000 0.1582469 0.0000000 0.0000000 0.0000000 0.0681073 0.0000000 0.0000000 0.0142108 0.0000000 0.0393278 0.0000000 0.0000000 0.0000000 0.1570606 0.4011774 0.0000000 0.0212413 0.0000000 0.0631926
111 V 111 0.0719160 0.0000000 0.0000000 0.0123974 0.0000000 0.0000000 0.0212413 0.0626838 0.0000000 0.0869323 0.0000000 0.0397762 0.0213279 0.0494268 0.0000000 0.0156116 0.0291712 0.0000000 0.0000000 0.3918149 0.1977005
112 D 112 0.0123974 0.0000000 0.1337259 0.7260878 0.0000000 0.0000000 0.0000000 0.0106642 0.0000000 0.0000000 0.0000000 0.0270916 0.0000000 0.0000000 0.0000000 0.0173359 0.0000000 0.0000000 0.0000000 0.0000000 0.0726972
113 L 113 0.0000000 0.0000000 0.0000000 0.0000000 0.0173359 0.0000000 0.0000000 0.0000000 0.0000000 0.0215098 0.6316117 0.0000000 0.0000000 0.1121159 0.0564722 0.0000000 0.0000000 0.0094661 0.0583838 0.0204073 0.0726972
114 R 114 0.0000000 0.0848089 0.0803556 0.0000000 0.0000000 0.0094661 0.0419065 0.0295911 0.0000000 0.0000000 0.0141878 0.3867010 0.0212413 0.0000000 0.0000000 0.1440302 0.0676445 0.0473698 0.0000000 0.0000000 0.0726972
115 K 115 0.0000000 0.0571990 0.0000000 0.0000000 0.0000000 0.0000000 0.0000000 0.0125381 0.0000000 0.0000000 0.0000000 0.7999371 0.0000000 0.0000000 0.0173359 0.0096085 0.0306842 0.0000000 0.0000000 0.0000000 0.0726972
116 M 116 0.0000000 0.0173359 0.0000000 0.0000000 0.0000000 0.0263485 0.0000000 0.0000000 0.0000000 0.0094661 0.4852751 0.0000000 0.3584428 0.0100897 0.0000000 0.0282128 0.0000000 0.0000000 0.0000000 0.0000000 0.0648289
117 R 117 0.0000000 0.4720185 0.0173359 0.0000000 0.0000000 0.0089977 0.0000000 0.0000000 0.0000000 0.0000000 0.0000000 0.3666301 0.0000000 0.0000000 0.0475610 0.0226278 0.0000000 0.0000000 0.0000000 0.0000000 0.0648289
118 V 118 0.0437284 0.0000000 0.0173359 0.0105364 0.0000000 0.0000000 0.0000000 0.0000000 0.0000000 0.0659636 0.0106642 0.0000000 0.0360819 0.0000000 0.0000000 0.0000000 0.0125381 0.0000000 0.0000000 0.7383226 0.0648289
119 A 119 0.1059495 0.1639633 0.0000000 0.0000000 0.0173359 0.0000000 0.0000000 0.0560434 0.0000000 0.0000000 0.0123974 0.5291576 0.0000000 0.0000000 0.0000000 0.0407154 0.0096085 0.0000000 0.0000000 0.0000000 0.0648289
120 E 120 0.0092827 0.0352582 0.0000000 0.2509630 0.0000000 0.2078052 0.3457092 0.0106642 0.0000000 0.0000000 0.0000000 0.0318042 0.0000000 0.0000000 0.0173359 0.0000000 0.0000000 0.0000000 0.0000000 0.0263485 0.0648289
121 L 121 0.0000000 0.0000000 0.0000000 0.0000000 0.0000000 0.0000000 0.0000000 0.0000000 0.0000000 0.0449238 0.8795831 0.0000000 0.0000000 0.0000000 0.0000000 0.0000000 0.0000000 0.0000000 0.0000000 0.0106642 0.0648289
122 K 122 0.0000000 0.1263133 0.0000000 0.0000000 0.0173359 0.0000000 0.0000000 0.0000000 0.0000000 0.0000000 0.0000000 0.7915219 0.0000000 0.0000000 0.0000000 0.0000000 0.0000000 0.0000000 0.0000000 0.0000000 0.0648289
123 Q 123 0.1749906 0.0357274 0.0221198 0.0225895 0.0000000 0.1115644 0.0083177 0.0279450 0.0000000 0.0000000 0.0207491 0.4571695 0.0000000 0.0000000 0.0278245 0.0199368 0.0000000 0.0000000 0.0000000 0.0000000 0.0710657
124 I 124 0.0000000 0.0000000 0.0000000 0.0000000 0.0000000 0.0000000 0.0000000 0.0000000 0.0000000 0.6966932 0.1032544 0.0000000 0.0000000 0.0477628 0.0000000 0.0104886 0.0000000 0.0000000 0.0212140 0.0495213 0.0710657
125 L 125 0.0104886 0.0000000 0.0000000 0.0000000 0.0000000 0.0000000 0.0000000 0.0000000 0.0000000 0.0183810 0.8005500 0.0000000 0.0513853 0.0000000 0.0000000 0.0000000 0.0173359 0.0000000 0.0000000 0.0217958 0.0800634
126 H 126 0.0955289 0.0400520 0.2086713 0.1527166 0.0000000 0.0333274 0.1117409 0.0277056 0.0335116 0.0000000 0.0267563 0.0196982 0.0167159 0.0000000 0.0104886 0.0987287 0.0123029 0.0000000 0.0107504 0.0212413 0.0800634
127 S 127 0.0403571 0.0197292 0.0227455 0.4476596 0.0000000 0.0000000 0.1199958 0.0393343 0.0000000 0.0000000 0.0000000 0.0153034 0.0000000 0.0000000 0.0000000 0.1692636 0.0094661 0.0000000 0.0000000 0.0360819 0.0800634
128 W 128 0.0000000 0.2038106 0.0000000 0.0000000 0.0000000 0.0000000 0.0000000 0.0000000 0.0639009 0.0000000 0.0341534 0.0226278 0.0000000 0.0333732 0.0000000 0.0000000 0.0000000 0.5139317 0.0481390 0.0000000 0.0800634
129 G 129 0.0000000 0.0000000 0.0735388 0.1606348 0.0000000 0.0000000 0.0106424 0.6112142 0.0000000 0.0000000 0.0000000 0.0000000 0.0000000 0.0000000 0.0104886 0.0360819 0.0000000 0.0000000 0.0000000 0.0000000 0.0973993
130 E 130 0.0128808 0.0066752 0.0000000 0.0346662 0.0000000 0.0212140 0.4852795 0.0000000 0.0000000 0.0660718 0.1103095 0.0000000 0.0096085 0.0000000 0.0000000 0.0000000 0.0000000 0.0000000 0.0000000 0.1558951 0.0973993
131 E 131 0.0398133 0.0171924 0.0139673 0.0932238 0.0000000 0.0369204 0.2380983 0.0000000 0.0123029 0.0315795 0.0000000 0.0452966 0.0269457 0.0000000 0.1120399 0.0751221 0.1094253 0.0000000 0.0000000 0.0506733 0.0973993
132 C 132 0.0104886 0.0000000 0.0000000 0.0000000 0.8568539 0.0000000 0.0000000 0.0000000 0.0000000 0.0000000 0.0000000 0.0000000 0.0000000 0.0000000 0.0000000 0.0000000 0.0352582 0.0000000 0.0000000 0.0000000 0.0973993
133 R 133 0.0067696 0.1594151 0.0000000 0.1073641 0.0000000 0.0054716 0.0594260 0.0000000 0.0070247 0.0088420 0.0096085 0.3464963 0.0000000 0.0000000 0.0321512 0.0335040 0.0246764 0.0000000 0.0000000 0.1018512 0.0973993
134 A 134 0.1300762 0.0000000 0.0094661 0.0388195 0.0000000 0.0000000 0.0194803 0.6324625 0.0000000 0.0000000 0.0195014 0.0000000 0.0000000 0.0000000 0.0000000 0.0527945 0.0000000 0.0000000 0.0000000 0.0000000 0.0973993
135 C 135 0.0000000 0.0000000 0.0000000 0.0000000 0.8673425 0.0000000 0.0000000 0.0000000 0.0000000 0.0000000 0.0000000 0.0000000 0.0000000 0.0352582 0.0000000 0.0000000 0.0000000 0.0000000 0.0000000 0.0000000 0.0973993
136 A 136 0.2005819 0.0000000 0.0000000 0.0000000 0.0000000 0.0582513 0.0000000 0.0000000 0.0000000 0.1144680 0.1662121 0.0087012 0.0000000 0.0212413 0.0000000 0.0000000 0.1165172 0.0000000 0.0572958 0.1593317 0.0973993
137 E 137 0.0000000 0.0000000 0.0000000 0.0000000 0.0000000 0.0000000 0.8921121 0.0000000 0.0000000 0.0000000 0.0000000 0.0000000 0.0000000 0.0000000 0.0000000 0.0000000 0.0000000 0.0000000 0.0000000 0.0000000 0.1078879
138 K 138 0.0000000 0.0000000 0.0000000 0.0000000 0.0000000 0.0000000 0.0000000 0.0000000 0.0000000 0.0000000 0.0000000 0.8921121 0.0000000 0.0000000 0.0000000 0.0000000 0.0000000 0.0000000 0.0000000 0.0000000 0.1078879
139 T 139 0.1039192 0.0212271 0.0272490 0.0657118 0.0000000 0.0207548 0.0268954 0.0211904 0.0057169 0.0415933 0.0000000 0.0153034 0.0119586 0.0000000 0.0000000 0.3111226 0.2148898 0.0000000 0.0045798 0.0000000 0.1078879
140 D 140 0.0000000 0.0000000 0.0000000 0.7123100 0.0000000 0.0000000 0.1457073 0.0212140 0.0128808 0.0000000 0.0000000 0.0000000 0.0000000 0.0000000 0.0000000 0.0000000 0.0000000 0.0000000 0.0000000 0.0000000 0.1078879
141 Y 141 0.0000000 0.0000000 0.0212140 0.0000000 0.0000000 0.0000000 0.0000000 0.0000000 0.0000000 0.0000000 0.0620242 0.0000000 0.0000000 0.5361007 0.0000000 0.0000000 0.0000000 0.0000000 0.2727732 0.0000000 0.1078879
142 V 142 0.0312928 0.0000000 0.0000000 0.0000000 0.0000000 0.0000000 0.0083177 0.0106642 0.0000000 0.3968229 0.0122627 0.0000000 0.0000000 0.0000000 0.0000000 0.0000000 0.0000000 0.0000000 0.0000000 0.4327518 0.1078879
143 N 143 0.1181915 0.1802907 0.1493667 0.0368445 0.0000000 0.0350033 0.0075937 0.0000000 0.0000000 0.0000000 0.0000000 0.3152711 0.0096085 0.0000000 0.0000000 0.0399421 0.0000000 0.0000000 0.0000000 0.0000000 0.1078879
144 L 144 0.0908414 0.3691613 0.0000000 0.0000000 0.0000000 0.0000000 0.0000000 0.0000000 0.0000000 0.0078683 0.1373218 0.1977976 0.0159921 0.0212140 0.0000000 0.0000000 0.0000000 0.0000000 0.0100515 0.0284193 0.1213327
145 I 145 0.0409932 0.0000000 0.0000000 0.0000000 0.0137342 0.0000000 0.0000000 0.0000000 0.0000000 0.6302523 0.0355078 0.0000000 0.0054593 0.0000000 0.0000000 0.0000000 0.0000000 0.0000000 0.0000000 0.1527205 0.1213327
146 Q 146 0.0000000 0.1115204 0.1173426 0.0054188 0.0000000 0.0595682 0.2521701 0.0000000 0.0152439 0.0000000 0.0128808 0.1809259 0.0119586 0.0220997 0.0000000 0.0000000 0.0095560 0.0000000 0.0188934 0.0398747 0.1425467
147 E 147 0.0364657 0.0000000 0.0000000 0.0698478 0.0000000 0.0390646 0.5694560 0.0352582 0.0000000 0.0000000 0.0000000 0.0084654 0.0000000 0.0000000 0.0000000 0.0404756 0.0148114 0.0000000 0.0000000 0.0075267 0.1786286
148 L 148 0.0128808 0.0119586 0.0603641 0.0000000 0.0000000 0.0000000 0.0000000 0.0000000 0.0088420 0.0000000 0.4874086 0.0000000 0.0000000 0.0000000 0.0152265 0.0000000 0.0993957 0.0000000 0.0117061 0.0538595 0.2383581
149 A 149 0.0969591 0.0808137 0.0000000 0.0000000 0.0000000 0.0194071 0.0657778 0.0119586 0.0000000 0.0177458 0.0000000 0.2871683 0.1329867 0.0000000 0.0000000 0.0136937 0.0213878 0.0000000 0.0000000 0.0000000 0.2521013
150 P 150 0.0405800 0.0065922 0.0000000 0.0390646 0.0000000 0.0000000 0.0000000 0.0098718 0.1355726 0.0000000 0.0128808 0.0163134 0.0000000 0.0000000 0.4305312 0.0328243 0.0079036 0.0000000 0.0000000 0.0000000 0.2678656
151 K 151 0.0000000 0.0195859 0.0000000 0.0168965 0.0000000 0.0133333 0.0000000 0.0000000 0.0000000 0.0063351 0.0251482 0.5148453 0.0000000 0.0000000 0.0000000 0.0208625 0.0117293 0.0000000 0.0000000 0.0171924 0.3540716
152 Y 152 0.0000000 0.0000000 0.0000000 0.0000000 0.0000000 0.0000000 0.0000000 0.0000000 0.1977889 0.0000000 0.0000000 0.0100515 0.0000000 0.0000000 0.0000000 0.0000000 0.0451300 0.0000000 0.3299989 0.0128808 0.4041499
153 A 153 0.1826390 0.0000000 0.0000000 0.0000000 0.0000000 0.0126548 0.0000000 0.0000000 0.0000000 0.0054006 0.0240321 0.0000000 0.0349631 0.0000000 0.0100515 0.0617198 0.0763721 0.0000000 0.0148502 0.1327978 0.4445189
154 A 154 0.1290255 0.0604136 0.0000000 0.0000000 0.0000000 0.0227526 0.1447669 0.0000000 0.0324340 0.0000000 0.0000000 0.0978599 0.0000000 0.0000000 0.0214006 0.0191078 0.0158233 0.0000000 0.0000000 0.0000000 0.4564158
155 T 155 0.0934538 0.0072000 0.0143966 0.0152434 0.0000000 0.0312678 0.0894248 0.0055694 0.0000000 0.0173562 0.0000000 0.0207358 0.0097965 0.0000000 0.0000000 0.0880951 0.0695880 0.0000000 0.0000000 0.0000000 0.5378728
156 H 156 0.0123588 0.0057169 0.0246106 0.0143054 0.0000000 0.0166573 0.1811076 0.0000000 0.0505629 0.0000000 0.0000000 0.0052831 0.0000000 0.0000000 0.0148504 0.0734069 0.0040981 0.0000000 0.0068198 0.0000000 0.5902223
157 P 157 0.0510369 0.0000000 0.0000000 0.0000000 0.0000000 0.0000000 0.0117293 0.0000000 0.0123974 0.0000000 0.0128808 0.0000000 0.0000000 0.0000000 0.1194106 0.0501841 0.0000000 0.0000000 0.0000000 0.0000000 0.7423609
158 K 158 0.0000000 0.0993477 0.0000000 0.0000000 0.0000000 0.0435097 0.0000000 0.0000000 0.0174094 0.0000000 0.0117293 0.0856430 0.0000000 0.0000000 0.0000000 0.0000000 0.0000000 0.0000000 0.0000000 0.0000000 0.7423609
159 T 159 0.0319063 0.0000000 0.0171672 0.0000000 0.0000000 0.0000000 0.0112697 0.0000000 0.0000000 0.0105364 0.0000000 0.0000000 0.0000000 0.0000000 0.0000000 0.0460151 0.1407443 0.0000000 0.0000000 0.0000000 0.7423609
160 E 160 0.0000000 0.0000000 0.0000000 0.1003015 0.0000000 0.0000000 0.1273249 0.0000000 0.0000000 0.0000000 0.0000000 0.0000000 0.0000000 0.0000000 0.0000000 0.0000000 0.0000000 0.0000000 0.0000000 0.0000000 0.7723736
161 L 161 0.0000000 0.0000000 0.0000000 0.0000000 0.0000000 0.0000000 0.0000000 0.0000000 0.0000000 0.0000000 0.2158971 0.0000000 0.0000000 0.0000000 0.0000000 0.0000000 0.0000000 0.0000000 0.0000000 0.0000000 0.7841029
