  161         A         R         N         D         C         Q         E         G         H         I         L         K         M         F         P         S         T         W         Y         V    
  1 Q   1 0.0000000 0.0000000 0.0000000 0.0000000 0.0000000 0.6645594 0.0000000 0.0000000 0.0000000 0.0000000 0.0000000 0.0000000 0.0000000 0.0000000 0.0000000 0.3354406 0.0000000 0.0000000 0.0000000 0.0000000
  2 E   2 0.0000000 0.0000000 0.0000000 0.0956079 0.0000000 0.1389737 0.3324483 0.0541449 0.0000000 0.0000000 0.0000000 0.0000000 0.0000000 0.0000000 0.0000000 0.1979362 0.1808889 0.0000000 0.0000000 0.0000000
  3 A   3 0.2984357 0.0000000 0.0000000 0.0213952 0.0000000 0.0000000 0.0236149 0.0321045 0.0000000 0.0000000 0.0000000 0.0000000 0.0000000 0.0000000 0.0186066 0.2257304 0.1097288 0.0000000 0.0000000 0.2703837
  4 G   4 0.1581114 0.1045331 0.0653872 0.1474369 0.0000000 0.0291554 0.0431455 0.1389938 0.0123728 0.0141506 0.0731023 0.0869286 0.0000000 0.0312445 0.0200621 0.0217805 0.0235328 0.0000000 0.0172061 0.0128563
  5 G   5 0.5243523 0.0000000 0.0000000 0.0000000 0.0000000 0.0000000 0.0120829 0.1326317 0.0000000 0.0000000 0.0000000 0.0971300 0.0000000 0.0000000 0.0000000 0.1119199 0.0569703 0.0000000 0.0000000 0.0649129
  6 R   6 0.0551408 0.1012516 0.0000000 0.0000000 0.0000000 0.0311615 0.0688162 0.0292067 0.0000000 0.0295654 0.4477178 0.1345518 0.0000000 0.0158335 0.0000000 0.0235702 0.0000000 0.0256288 0.0239022 0.0136535
  7 P   7 0.0360978 0.1427326 0.0559235 0.1907927 0.0000000 0.0000000 0.0000000 0.0000000 0.0000000 0.0161115 0.0185068 0.3227137 0.0000000 0.0628117 0.0893970 0.0356576 0.0144519 0.0000000 0.0000000 0.0148032
  8 G   8 0.1148242 0.0440636 0.0357716 0.0662053 0.0000000 0.0479174 0.4350347 0.0756094 0.0000000 0.0000000 0.0000000 0.0279884 0.0000000 0.0000000 0.1525855 0.0000000 0.0000000 0.0000000 0.0000000 0.0000000
  9 A   9 0.1394213 0.0188498 0.0762249 0.0760717 0.0000000 0.0792995 0.0796967 0.3117122 0.0000000 0.0000000 0.0000000 0.0965791 0.0000000 0.0000000 0.0111320 0.1110128 0.0000000 0.0000000 0.0000000 0.0000000
 10 D  10 0.0000000 0.0000000 0.0418506 0.4046977 0.0000000 0.0335472 0.3427685 0.0283564 0.0000000 0.0000000 0.0000000 0.0550342 0.0000000 0.0000000 0.0287445 0.0520703 0.0129307 0.0000000 0.0000000 0.0000000
 11 C  11 0.0000000 0.0000000 0.0000000 0.0000000 0.9861479 0.0000000 0.0000000 0.0000000 0.0000000 0.0000000 0.0000000 0.0000000 0.0000000 0.0000000 0.0000000 0.0138521 0.0000000 0.0000000 0.0000000 0.0000000
 12 E  12 0.0543594 0.0000000 0.0000000 0.0167308 0.0000000 0.0000000 0.7706941 0.0267004 0.0000000 0.0000000 0.0000000 0.0536819 0.0000000 0.0000000 0.0640638 0.0000000 0.0137696 0.0000000 0.0000000 0.0000000
 13 V  13 0.0000000 0.0000000 0.0000000 0.0000000 0.0000000 0.0000000 0.0000000 0.0000000 0.0000000 0.0000000 0.0120765 0.0000000 0.0000000 0.0000000 0.0000000 0.0497987 0.0000000 0.0000000 0.0000000 0.9381248
 14 C  14 0.0000000 0.0000000 0.0000000 0.0000000 1.0000000 0.0000000 0.0000000 0.0000000 0.0000000 0.0000000 0.0000000 0.0000000 0.0000000 0.0000000 0.0000000 0.0000000 0.0000000 0.0000000 0.0000000 0.0000000
 15 K  15 0.0000000 0.0196465 0.0000000 0.0000000 0.0000000 0.0178843 0.0218644 0.0000000 0.0000000 0.3201469 0.0255920 0.1314436 0.0166876 0.0098479 0.0000000 0.0000000 0.0244107 0.0000000 0.0000000 0.4124760
 16 E  16 0.0626314 0.0000000 0.0080991 0.0541005 0.0000000 0.0082979 0.1082700 0.1079779 0.0088662 0.0000000 0.0112100 0.3721420 0.0000000 0.0000000 0.0000000 0.1459604 0.0631081 0.0000000 0.0000000 0.0493365
 17 F  17 0.0256823 0.0000000 0.0184222 0.0000000 0.0000000 0.0000000 0.0000000 0.0000000 0.0000000 0.0000000 0.0000000 0.0000000 0.0000000 0.4315800 0.0000000 0.0000000 0.0931413 0.0000000 0.0502049 0.3809693
 18 L  18 0.0000000 0.0000000 0.0000000 0.0000000 0.0000000 0.0000000 0.0000000 0.0000000 0.0000000 0.0692903 0.6530617 0.0000000 0.0549602 0.0000000 0.0000000 0.0000000 0.0000000 0.0000000 0.0000000 0.2226877
 19 N  19 0.0000000 0.0411031 0.1478106 0.2030200 0.0000000 0.0553006 0.1242798 0.2198952 0.0119975 0.0000000 0.0000000 0.0420999 0.0000000 0.0000000 0.0000000 0.0897027 0.0647907 0.0000000 0.0000000 0.0000000
 20 R  20 0.0184222 0.3653315 0.0260452 0.2306390 0.0000000 0.0000000 0.0487216 0.0274131 0.0000000 0.0000000 0.0000000 0.2082400 0.0000000 0.0000000 0.0169026 0.0370502 0.0212345 0.0000000 0.0000000 0.0000000
 21 F  21 0.0114475 0.0000000 0.0000000 0.0000000 0.0000000 0.0493365 0.0000000 0.0000000 0.0151849 0.0610923 0.1294530 0.0000000 0.0000000 0.5871961 0.0000000 0.0000000 0.0000000 0.0000000 0.0000000 0.1462897
 22 Y  22 0.1162376 0.1736064 0.0000000 0.0000000 0.0000000 0.0435912 0.0571088 0.0000000 0.0286733 0.0548726 0.0331541 0.0094302 0.0615096 0.0000000 0.0000000 0.0376695 0.0086786 0.0000000 0.3417787 0.0336894
 23 K  23 0.1412077 0.0114825 0.1625823 0.2346048 0.0000000 0.1541374 0.1346395 0.0122110 0.0097847 0.0000000 0.0000000 0.1176933 0.0000000 0.0000000 0.0000000 0.0216569 0.0000000 0.0000000 0.0000000 0.0000000
 24 S  24 0.0528629 0.0278636 0.0116346 0.0523940 0.0000000 0.0331664 0.0000000 0.0100089 0.0000000 0.0000000 0.0075250 0.0965340 0.0167848 0.0080791 0.0000000 0.4145331 0.2686134 0.0000000 0.0000000 0.0000000
 25 L  25 0.0173719 0.0000000 0.0000000 0.0000000 0.0322639 0.0000000 0.0000000 0.0000000 0.0000000 0.0364480 0.7107094 0.0254909 0.0581059 0.0512501 0.0000000 0.0000000 0.0000000 0.0000000 0.0169218 0.0514381
 26 I  26 0.0406910 0.0000000 0.0067676 0.0000000 0.0000000 0.0559809 0.0561477 0.0000000 0.0000000 0.0958486 0.0901688 0.1902581 0.0938437 0.0000000 0.0642243 0.1624044 0.0861544 0.0000000 0.0296065 0.0279040
 27 D  27 0.1176227 0.0000000 0.0000000 0.3432789 0.0000000 0.0000000 0.1887195 0.0291622 0.0000000 0.0174681 0.0000000 0.0575416 0.0000000 0.0000000 0.1214980 0.0308506 0.0473367 0.0000000 0.0000000 0.0465217
 28 R  28 0.0768727 0.1770963 0.0805693 0.1339001 0.0000000 0.0199519 0.1454115 0.0000000 0.0000000 0.0000000 0.0000000 0.1496693 0.0000000 0.0000000 0.0000000 0.1371295 0.0000000 0.0000000 0.0000000 0.0793996
 29 G  29 0.0460133 0.0000000 0.0581469 0.4112988 0.0000000 0.0000000 0.0778653 0.1883670 0.0356425 0.0508918 0.0000000 0.0080542 0.0000000 0.0000000 0.0515341 0.0365603 0.0297912 0.0000000 0.0000000 0.0058347
 30 V  30 0.1250897 0.0464198 0.0000000 0.0752867 0.0000000 0.0000000 0.0661995 0.0000000 0.0000000 0.0834372 0.0402828 0.0736342 0.0000000 0.0186952 0.0360510 0.0112434 0.0586245 0.0000000 0.0000000 0.3650361
 31 N  31 0.0093846 0.0687180 0.0684833 0.1302157 0.0000000 0.0680792 0.0729590 0.0175926 0.0396247 0.0000000 0.0000000 0.3211832 0.0000000 0.0000000 0.0000000 0.0261415 0.1262681 0.0513504 0.0000000 0.0000000
 32 F  32 0.0184859 0.0000000 0.0078886 0.0175784 0.0000000 0.0000000 0.0091924 0.0907534 0.0000000 0.0089722 0.0305320 0.2729141 0.0000000 0.3624038 0.0000000 0.1091844 0.0720949 0.0000000 0.0000000 0.0000000
 33 S  33 0.0000000 0.0000000 0.1290254 0.3168265 0.0000000 0.0000000 0.0000000 0.0000000 0.0000000 0.0000000 0.0000000 0.2048645 0.0000000 0.0000000 0.0000000 0.3011689 0.0481147 0.0000000 0.0000000 0.0000000
 34 L  34 0.0315998 0.0000000 0.0000000 0.0200892 0.0000000 0.0287922 0.0438097 0.0202043 0.0142516 0.1062997 0.0757814 0.0707191 0.0427177 0.0000000 0.2282666 0.0552472 0.0912223 0.0000000 0.0633741 0.1076252
 35 D  35 0.1609778 0.0075518 0.0219016 0.2874906 0.0000000 0.0523978 0.0772424 0.0710158 0.0000000 0.0000000 0.0000000 0.1889981 0.0000000 0.0055419 0.0263801 0.0447212 0.0357326 0.0000000 0.0000000 0.0200483
 36 T  36 0.1306703 0.0232733 0.0374344 0.0128501 0.0000000 0.0770812 0.0196818 0.0166393 0.0000000 0.0429386 0.0921222 0.2294964 0.0000000 0.0114079 0.0000000 0.1638856 0.1128022 0.0000000 0.0000000 0.0297167
 37 I  37 0.0000000 0.0000000 0.0000000 0.0000000 0.0000000 0.0000000 0.0000000 0.0000000 0.0000000 0.7289681 0.0464505 0.0193228 0.0000000 0.0964423 0.0250281 0.0158218 0.0176357 0.0000000 0.0000000 0.0503307
 38 E  38 0.0760250 0.0166438 0.0000000 0.0832629 0.0000000 0.0000000 0.6867185 0.0192001 0.0000000 0.0000000 0.0000000 0.0833209 0.0181187 0.0000000 0.0000000 0.0000000 0.0167101 0.0000000 0.0000000 0.0000000
 39 K  39 0.1604848 0.0166241 0.0505386 0.0705158 0.0000000 0.0362085 0.2035022 0.0151612 0.0485235 0.0000000 0.0000000 0.3216012 0.0000000 0.0000000 0.0000000 0.0233016 0.0473996 0.0000000 0.0000000 0.0061389
 40 E  40 0.3176975 0.0485235 0.0000000 0.0058512 0.0000000 0.0348592 0.3401550 0.0700317 0.0157224 0.0000000 0.0162427 0.1093185 0.0000000 0.0151612 0.0000000 0.0072371 0.0000000 0.0000000 0.0000000 0.0192001
 41 L  41 0.0479187 0.0000000 0.0000000 0.0485235 0.0156063 0.0000000 0.0000000 0.0000000 0.0000000 0.1396072 0.4548745 0.0000000 0.0192127 0.2271563 0.0000000 0.0000000 0.0150056 0.0000000 0.0000000 0.0320952
 42 I  42 0.0143426 0.1779239 0.0000000 0.0167395 0.0000000 0.0000000 0.0000000 0.0516895 0.0000000 0.1950019 0.0771069 0.1270620 0.0790092 0.0000000 0.0000000 0.0273888 0.1759699 0.0179153 0.0000000 0.0398505
 43 S  43 0.0868804 0.0460221 0.0303733 0.0337649 0.0000000 0.0000000 0.1528477 0.0000000 0.0254249 0.0000000 0.0070753 0.4723442 0.0000000 0.0000000 0.0000000 0.0768619 0.0611819 0.0000000 0.0000000 0.0072234
 44 F  44 0.0560429 0.0169077 0.0000000 0.0000000 0.0101684 0.0000000 0.0000000 0.0168876 0.1408078 0.0114723 0.0407764 0.0201097 0.0689219 0.3080129 0.0000000 0.0682970 0.0389835 0.0000000 0.1338314 0.0687804
 45 C  45 0.0000000 0.0000000 0.0000000 0.0000000 1.0000000 0.0000000 0.0000000 0.0000000 0.0000000 0.0000000 0.0000000 0.0000000 0.0000000 0.0000000 0.0000000 0.0000000 0.0000000 0.0000000 0.0000000 0.0000000
 46 L  46 0.1525173 0.0842674 0.0185312 0.0164782 0.0000000 0.0000000 0.0556397 0.0840709 0.0000000 0.0000000 0.1248918 0.3668149 0.0000000 0.0000000 0.0000000 0.0729546 0.0238339 0.0000000 0.0000000 0.0000000
 47 D  47 0.0786146 0.0000000 0.0365298 0.1993992 0.0000000 0.0434396 0.1514504 0.0682655 0.0000000 0.0000000 0.0000000 0.1537605 0.0000000 0.0000000 0.0000000 0.1241466 0.1174913 0.0000000 0.0000000 0.0269027
 48 T  48 0.3134150 0.0000000 0.0238339 0.0000000 0.0000000 0.0426917 0.0000000 0.0000000 0.0000000 0.0098836 0.1567556 0.0269614 0.0000000 0.0000000 0.0000000 0.1233711 0.1853434 0.0000000 0.0479187 0.0698256
 49 K  49 0.0000000 0.1125125 0.0000000 0.0000000 0.0000000 0.0419526 0.0166241 0.0401892 0.0000000 0.0000000 0.0000000 0.6205782 0.0000000 0.0000000 0.0000000 0.0909933 0.0407105 0.0000000 0.0000000 0.0364396
 50 G  50 0.0342588 0.0000000 0.1759155 0.0179813 0.0000000 0.0269614 0.0166241 0.5358454 0.0000000 0.0000000 0.0175881 0.0000000 0.0000000 0.0000000 0.0000000 0.1064434 0.0683821 0.0000000 0.0000000 0.0000000
 51 K  51 0.0000000 0.1058205 0.0238339 0.0000000 0.0000000 0.0111360 0.0269614 0.0000000 0.0000000 0.0000000 0.0000000 0.7573658 0.0000000 0.0000000 0.0748824 0.0000000 0.0000000 0.0000000 0.0000000 0.0000000
 52 E  52 0.0000000 0.0000000 0.0482584 0.1590038 0.0000000 0.0268141 0.7256869 0.0165332 0.0000000 0.0000000 0.0000000 0.0000000 0.0000000 0.0000000 0.0000000 0.0237037 0.0000000 0.0000000 0.0000000 0.0000000
 53 N  53 0.0000000 0.0757949 0.5511344 0.0570149 0.0000000 0.0445269 0.0000000 0.0175393 0.0966220 0.0000000 0.0000000 0.0377791 0.0000000 0.0000000 0.0000000 0.0719316 0.0000000 0.0000000 0.0476569 0.0000000
 54 R  54 0.0494300 0.5831885 0.0000000 0.0201657 0.0000000 0.0055974 0.0000000 0.0000000 0.0340663 0.0000000 0.0000000 0.2744799 0.0000000 0.0000000 0.0000000 0.0330722 0.0000000 0.0000000 0.0000000 0.0000000
 55 L  55 0.0000000 0.0000000 0.0000000 0.0000000 0.0000000 0.0000000 0.0000000 0.0000000 0.0000000 0.1117939 0.3430931 0.0000000 0.0352432 0.4690882 0.0000000 0.0000000 0.0000000 0.0152859 0.0000000 0.0254956
 56 C  56 0.0000000 0.0000000 0.0000000 0.0000000 0.9501853 0.0000000 0.0000000 0.0498147 0.0000000 0.0000000 0.0000000 0.0000000 0.0000000 0.0000000 0.0000000 0.0000000 0.0000000 0.0000000 0.0000000 0.0000000
 57 Y  57 0.0000000 0.0000000 0.0000000 0.0427605 0.0000000 0.0000000 0.0000000 0.0000000 0.0000000 0.0000000 0.0000000 0.0000000 0.0498147 0.0533457 0.0000000 0.0000000 0.0000000 0.0000000 0.8540791 0.0000000
 58 Y  58 0.0000000 0.0000000 0.0579173 0.0000000 0.0000000 0.0000000 0.0485848 0.0000000 0.0273362 0.0000000 0.0000000 0.0000000 0.0000000 0.0310374 0.0000000 0.0168552 0.0000000 0.0000000 0.8182691 0.0000000
 59 L  59 0.0000000 0.0000000 0.0000000 0.0000000 0.0000000 0.0000000 0.0000000 0.0000000 0.0000000 0.3800110 0.3823687 0.0000000 0.0147850 0.0822874 0.0000000 0.0000000 0.0120865 0.0000000 0.0000000 0.1284615
 60 G  60 0.0000000 0.0000000 0.0000000 0.1062122 0.0000000 0.0000000 0.0485980 0.7889300 0.0000000 0.0000000 0.0320371 0.0242227 0.0000000 0.0000000 0.0000000 0.0000000 0.0000000 0.0000000 0.0000000 0.0000000
 61 A  61 0.4893056 0.0000000 0.0000000 0.0000000 0.0000000 0.0000000 0.0000000 0.3159835 0.0000000 0.0471767 0.0000000 0.0231724 0.0000000 0.0000000 0.1243618 0.0000000 0.0000000 0.0000000 0.0000000 0.0000000
 62 T  62 0.0171462 0.0000000 0.0000000 0.0224835 0.0000000 0.0000000 0.0000000 0.0000000 0.0000000 0.1629186 0.2684619 0.0000000 0.0310963 0.0000000 0.0000000 0.0766991 0.3615303 0.0000000 0.0000000 0.0596641
 63 K  63 0.0333104 0.0337784 0.0334149 0.0611391 0.0231724 0.0000000 0.2935111 0.0000000 0.0000000 0.0000000 0.0000000 0.2908896 0.0000000 0.0000000 0.0652611 0.1566962 0.0088267 0.0000000 0.0000000 0.0000000
 64 D  64 0.0206574 0.0000000 0.0000000 0.5777538 0.0000000 0.1099555 0.2320491 0.0000000 0.0000000 0.0000000 0.0000000 0.0000000 0.0000000 0.0000000 0.0000000 0.0000000 0.0595842 0.0000000 0.0000000 0.0000000
 65 A  65 0.4744931 0.0000000 0.0000000 0.0000000 0.0000000 0.0000000 0.0000000 0.0000000 0.0263656 0.0000000 0.0000000 0.0000000 0.0000000 0.0000000 0.0553225 0.4438188 0.0000000 0.0000000 0.0000000 0.0000000
 66 A  66 0.8330569 0.0000000 0.0000000 0.0000000 0.0000000 0.0000000 0.0000000 0.0000000 0.0000000 0.0000000 0.0277466 0.0000000 0.0000000 0.0000000 0.0000000 0.0557853 0.0834112 0.0000000 0.0000000 0.0000000
 67 T  67 0.0611432 0.0000000 0.0000000 0.0000000 0.0000000 0.0557853 0.0000000 0.0000000 0.0000000 0.0000000 0.0842360 0.0000000 0.0000000 0.0000000 0.0000000 0.0176501 0.7542636 0.0000000 0.0000000 0.0269217
 68 K  68 0.0546683 0.0324006 0.0600719 0.0000000 0.0000000 0.0000000 0.0000000 0.2919002 0.0000000 0.0000000 0.0000000 0.3700223 0.0000000 0.0181683 0.0000000 0.1162789 0.0000000 0.0000000 0.0000000 0.0564894
 69 I  69 0.0277466 0.0000000 0.0000000 0.0000000 0.0000000 0.0000000 0.0000000 0.0000000 0.0000000 0.6493112 0.1245277 0.0000000 0.0526263 0.0000000 0.0000000 0.0206099 0.0230456 0.0000000 0.0269217 0.0752108
 70 L  70 0.0000000 0.0277466 0.0000000 0.0000000 0.0000000 0.0000000 0.0000000 0.0000000 0.0000000 0.2302745 0.5140058 0.0000000 0.0781437 0.0000000 0.0000000 0.0000000 0.0616969 0.0000000 0.0000000 0.0881325
 71 S  71 0.0000000 0.1254200 0.3520999 0.0000000 0.0000000 0.0100598 0.0000000 0.2360600 0.0000000 0.0000000 0.0000000 0.0716599 0.0247697 0.0474241 0.0000000 0.1325066 0.0000000 0.0000000 0.0000000 0.0000000
 72 E  72 0.0000000 0.0195915 0.0000000 0.1981119 0.0000000 0.0156585 0.7338579 0.0000000 0.0000000 0.0000000 0.0000000 0.0000000 0.0000000 0.0000000 0.0000000 0.0164720 0.0163081 0.0000000 0.0000000 0.0000000
 73 V  73 0.0000000 0.0000000 0.0000000 0.0000000 0.0000000 0.0000000 0.0000000 0.0000000 0.0000000 0.1139165 0.1714729 0.0000000 0.0745663 0.0000000 0.0000000 0.0000000 0.0000000 0.0000000 0.0000000 0.6400442
 74 T  74 0.1117256 0.0234251 0.0000000 0.0000000 0.0000000 0.0000000 0.0476912 0.0245988 0.0000000 0.0320626 0.0000000 0.0000000 0.0000000 0.0000000 0.0000000 0.4397191 0.2342482 0.0000000 0.0000000 0.0865294
 75 R  75 0.0000000 0.2854260 0.0000000 0.0358146 0.0000000 0.1159089 0.0118230 0.0159641 0.0351869 0.0000000 0.0264989 0.4487789 0.0000000 0.0000000 0.0000000 0.0000000 0.0000000 0.0000000 0.0000000 0.0245988
 76 P  76 0.0000000 0.0000000 0.0000000 0.0000000 0.0000000 0.0795684 0.0000000 0.0470968 0.0000000 0.0000000 0.0000000 0.0000000 0.0000000 0.0000000 0.8066523 0.0189913 0.0476912 0.0000000 0.0000000 0.0000000
 77 M  77 0.0000000 0.0000000 0.0000000 0.0000000 0.0099904 0.0000000 0.0000000 0.0000000 0.0000000 0.1010137 0.4799854 0.0000000 0.1978383 0.1005010 0.0000000 0.0000000 0.0000000 0.0000000 0.0000000 0.1106713
 78 S  78 0.1671394 0.0000000 0.0185693 0.0000000 0.0000000 0.0000000 0.0000000 0.0356123 0.0000000 0.0000000 0.0000000 0.0190239 0.0000000 0.0000000 0.0000000 0.7338819 0.0257733 0.0000000 0.0000000 0.0000000
 79 V  79 0.0637441 0.0441175 0.0130377 0.0000000 0.0000000 0.0000000 0.0000000 0.0000000 0.1289821 0.0000000 0.0633190 0.0000000 0.0107018 0.1238503 0.0000000 0.0000000 0.0332478 0.2800804 0.1453720 0.0935474
 80 H  80 0.0000000 0.0270476 0.0000000 0.0000000 0.0000000 0.0460501 0.0000000 0.2424323 0.3197826 0.0000000 0.0000000 0.0658622 0.0000000 0.0169480 0.0143523 0.2369178 0.0000000 0.0000000 0.0306070 0.0000000
 81 M  81 0.0000000 0.0000000 0.0000000 0.0000000 0.0000000 0.0000000 0.0000000 0.0000000 0.0000000 0.1430574 0.0868481 0.0993069 0.5033590 0.0000000 0.0000000 0.0000000 0.0172817 0.0000000 0.0000000 0.1501469
 82 P  82 0.0000000 0.0000000 0.0000000 0.0768937 0.0000000 0.0000000 0.0356123 0.0000000 0.0000000 0.0000000 0.0222236 0.0000000 0.0000000 0.0000000 0.7857163 0.0000000 0.0795542 0.0000000 0.0000000 0.0000000
 83 A  83 0.2956590 0.0000000 0.0000000 0.0000000 0.0000000 0.0000000 0.0000000 0.0460501 0.0115414 0.0378728 0.0000000 0.0476682 0.0000000 0.0000000 0.1282373 0.0842519 0.0579841 0.0000000 0.0000000 0.2907351
 84 M  84 0.0564303 0.0000000 0.0231328 0.1354128 0.0000000 0.0257442 0.3697502 0.0115602 0.0154543 0.0000000 0.0947416 0.0000000 0.0377408 0.0000000 0.0000000 0.0149977 0.1098141 0.0000000 0.0092482 0.0959726
 85 K  85 0.0325573 0.0558165 0.0052805 0.0725413 0.0000000 0.0000000 0.0000000 0.0000000 0.0000000 0.0000000 0.0000000 0.8188067 0.0000000 0.0000000 0.0000000 0.0149977 0.0000000 0.0000000 0.0000000 0.0000000
 86 I  86 0.0000000 0.0000000 0.0000000 0.0000000 0.0000000 0.0000000 0.0000000 0.0000000 0.0000000 0.5348713 0.0000000 0.0576104 0.0000000 0.0000000 0.0000000 0.0000000 0.0171502 0.0000000 0.0000000 0.3903682
 87 C  87 0.0000000 0.0000000 0.0000000 0.0466313 0.9311451 0.0000000 0.0000000 0.0000000 0.0000000 0.0000000 0.0222236 0.0000000 0.0000000 0.0000000 0.0000000 0.0000000 0.0000000 0.0000000 0.0000000 0.0000000
 88 E  88 0.1033196 0.0259100 0.0169480 0.0143523 0.0000000 0.0674640 0.5954392 0.0000000 0.0096355 0.0000000 0.0000000 0.1344199 0.0000000 0.0000000 0.0000000 0.0156093 0.0000000 0.0000000 0.0000000 0.0169022
 89 K  89 0.0246332 0.2008098 0.0000000 0.0152049 0.0000000 0.0000000 0.0000000 0.0000000 0.0000000 0.0000000 0.0000000 0.6136035 0.0000000 0.0000000 0.0000000 0.0308436 0.0460501 0.0688549 0.0000000 0.0000000
 90 L  90 0.0275361 0.0000000 0.0000000 0.0000000 0.0000000 0.0000000 0.0000000 0.0000000 0.0000000 0.0413029 0.9071089 0.0000000 0.0000000 0.0240521 0.0000000 0.0000000 0.0000000 0.0000000 0.0000000 0.0000000
 91 K  91 0.0000000 0.0462074 0.0574125 0.0379962 0.0000000 0.0323565 0.0452640 0.0229045 0.0000000 0.0000000 0.0115414 0.6032257 0.0000000 0.0350187 0.0000000 0.0866592 0.0000000 0.0000000 0.0000000 0.0214139
 92 K  92 0.0861655 0.0452542 0.0000000 0.0000000 0.0000000 0.0314907 0.0188863 0.0445835 0.0000000 0.0000000 0.0000000 0.6780086 0.0000000 0.0000000 0.0000000 0.0643535 0.0312577 0.0000000 0.0000000 0.0000000
 93 L  93 0.0074590 0.0455189 0.0000000 0.0635803 0.0000000 0.0457171 0.0000000 0.0000000 0.0000000 0.0542699 0.0436570 0.5303373 0.1159788 0.0000000 0.0000000 0.0327473 0.0607344 0.0000000 0.0000000 0.0000000
 94 D  94 0.0000000 0.0000000 0.1593835 0.7486053 0.0000000 0.0000000 0.0000000 0.0000000 0.0462941 0.0000000 0.0000000 0.0000000 0.0000000 0.0000000 0.0000000 0.0000000 0.0000000 0.0000000 0.0457171 0.0000000
 95 S  95 0.2111452 0.0000000 0.0536803 0.0000000 0.0000000 0.0154964 0.0000000 0.0494821 0.0000000 0.0095498 0.0000000 0.0316693 0.0091813 0.0000000 0.1619376 0.4349769 0.0228811 0.0000000 0.0000000 0.0000000
 96 Q  96 0.0223190 0.0000000 0.0000000 0.0551314 0.0000000 0.6979469 0.1617267 0.0000000 0.0000000 0.0000000 0.0160444 0.0000000 0.0000000 0.0000000 0.0000000 0.0000000 0.0468316 0.0000000 0.0000000 0.0000000
 97 I  97 0.0223190 0.0000000 0.0000000 0.0000000 0.0000000 0.0000000 0.0000000 0.0468316 0.0000000 0.7311351 0.0692507 0.0000000 0.0000000 0.0569973 0.0000000 0.0000000 0.0000000 0.0000000 0.0000000 0.0734663
 98 C  98 0.0000000 0.0186490 0.0000000 0.0000000 0.9813510 0.0000000 0.0000000 0.0000000 0.0000000 0.0000000 0.0000000 0.0000000 0.0000000 0.0000000 0.0000000 0.0000000 0.0000000 0.0000000 0.0000000 0.0000000
 99 E  99 0.0230028 0.0685669 0.0000000 0.2148357 0.0000000 0.0000000 0.5189196 0.0000000 0.0000000 0.0000000 0.0000000 0.0136265 0.0000000 0.0000000 0.0000000 0.0728377 0.0882108 0.0000000 0.0000000 0.0000000
100 L 100 0.0000000 0.0000000 0.0000000 0.0462479 0.0000000 0.0000000 0.0000000 0.0000000 0.0000000 0.0506999 0.6847014 0.0000000 0.0309760 0.0186490 0.0691506 0.0000000 0.0000000 0.0000000 0.0000000 0.0995752
101 K 101 0.0147980 0.2808213 0.0133875 0.0000000 0.0000000 0.0154014 0.0167223 0.0000000 0.0000000 0.0000000 0.0000000 0.6588695 0.0000000 0.0000000 0.0000000 0.0000000 0.0000000 0.0000000 0.0000000 0.0000000
102 Y 102 0.0000000 0.0000000 0.0000000 0.0000000 0.0076206 0.0000000 0.0000000 0.0099164 0.0000000 0.0000000 0.0071873 0.0000000 0.0000000 0.1142484 0.0225994 0.0219276 0.0460103 0.0000000 0.7704900 0.0000000
103 E 103 0.0530554 0.0000000 0.0000000 0.3555817 0.0000000 0.0000000 0.3240447 0.1069015 0.0000000 0.0000000 0.0000000 0.0449181 0.0000000 0.0000000 0.1154986 0.0000000 0.0000000 0.0000000 0.0000000 0.0000000
104 K 104 0.0728640 0.0422288 0.0000000 0.0000000 0.0000000 0.0135127 0.0674685 0.0000000 0.0000000 0.0228589 0.0445579 0.6599806 0.0000000 0.0000000 0.0000000 0.0000000 0.0000000 0.0000000 0.0000000 0.0765286
105 T 105 0.0000000 0.0000000 0.0452737 0.0092216 0.0000000 0.2997971 0.0954698 0.0000000 0.0000000 0.0000000 0.0334744 0.2845788 0.0000000 0.0000000 0.0797864 0.0636425 0.0378931 0.0000000 0.0000000 0.0508625
106 L 106 0.0000000 0.0099114 0.0000000 0.0000000 0.0000000 0.0000000 0.0506763 0.0225880 0.0000000 0.4545327 0.2692303 0.0255520 0.0000000 0.0147905 0.0000000 0.0000000 0.0304174 0.0000000 0.0000000 0.1223013
107 D 107 0.0000000 0.0074560 0.0384460 0.8820230 0.0000000 0.0000000 0.0145774 0.0097023 0.0000000 0.0000000 0.0000000 0.0165565 0.0000000 0.0000000 0.0000000 0.0250130 0.0062259 0.0000000 0.0000000 0.0000000
108 L 108 0.0365889 0.0441648 0.0000000 0.0000000 0.0000000 0.0000000 0.0392710 0.0000000 0.0000000 0.0347613 0.5161265 0.0149980 0.0245154 0.0331663 0.0210480 0.0306475 0.0000000 0.1714812 0.0063942 0.0268369
109 A 109 0.1053784 0.0000000 0.1612436 0.0884897 0.0000000 0.0000000 0.1225541 0.0284476 0.0000000 0.0000000 0.0000000 0.1893468 0.0000000 0.0000000 0.0000000 0.2151121 0.0894278 0.0000000 0.0000000 0.0000000
110 S 110 0.0741551 0.0000000 0.1665647 0.0000000 0.0000000 0.0000000 0.0547978 0.0000000 0.0000000 0.0162123 0.0000000 0.0449996 0.0000000 0.0000000 0.0000000 0.1780240 0.4498840 0.0000000 0.0153625 0.0000000
111 V 111 0.0724218 0.0000000 0.0000000 0.0168061 0.0000000 0.0000000 0.0179427 0.0785558 0.0000000 0.1113386 0.0000000 0.0480403 0.0272780 0.0662583 0.0000000 0.0094984 0.0240033 0.0000000 0.0000000 0.5278567
112 D 112 0.0146061 0.0000000 0.1453874 0.7843754 0.0000000 0.0000000 0.0000000 0.0110888 0.0000000 0.0000000 0.0000000 0.0270921 0.0000000 0.0000000 0.0000000 0.0174502 0.0000000 0.0000000 0.0000000 0.0000000
113 L 113 0.0000000 0.0000000 0.0000000 0.0000000 0.0174502 0.0000000 0.0000000 0.0000000 0.0000000 0.0249496 0.7030574 0.0000000 0.0000000 0.0911751 0.0680108 0.0000000 0.0000000 0.0063807 0.0651212 0.0238549
114 R 114 0.0000000 0.0954974 0.0885571 0.0000000 0.0000000 0.0063807 0.0491146 0.0283034 0.0000000 0.0000000 0.0175501 0.4091238 0.0155939 0.0000000 0.0000000 0.1516120 0.0811618 0.0571052 0.0000000 0.0000000
115 K 115 0.0000000 0.0439505 0.0000000 0.0000000 0.0000000 0.0000000 0.0000000 0.0109258 0.0000000 0.0000000 0.0000000 0.8912672 0.0000000 0.0000000 0.0174502 0.0062353 0.0301712 0.0000000 0.0000000 0.0000000
116 M 116 0.0000000 0.0173930 0.0000000 0.0000000 0.0000000 0.0306697 0.0000000 0.0000000 0.0000000 0.0063599 0.5382108 0.0000000 0.3671027 0.0072756 0.0000000 0.0329884 0.0000000 0.0000000 0.0000000 0.0000000
117 R 117 0.0000000 0.5194445 0.0173930 0.0000000 0.0000000 0.0049743 0.0000000 0.0000000 0.0000000 0.0000000 0.0000000 0.3823190 0.0000000 0.0000000 0.0577036 0.0181656 0.0000000 0.0000000 0.0000000 0.0000000
118 V 118 0.0373767 0.0000000 0.0173930 0.0127815 0.0000000 0.0000000 0.0000000 0.0000000 0.0000000 0.0513197 0.0110525 0.0000000 0.0439278 0.0000000 0.0000000 0.0000000 0.0108900 0.0000000 0.0000000 0.8152587
119 A 119 0.1269556 0.1762592 0.0000000 0.0000000 0.0173930 0.0000000 0.0000000 0.0585406 0.0000000 0.0000000 0.0145583 0.5547355 0.0000000 0.0000000 0.0000000 0.0453429 0.0062148 0.0000000 0.0000000 0.0000000
120 E 120 0.0060752 0.0433802 0.0000000 0.2813538 0.0000000 0.2149861 0.3598310 0.0110525 0.0000000 0.0000000 0.0000000 0.0352584 0.0000000 0.0000000 0.0173930 0.0000000 0.0000000 0.0000000 0.0000000 0.0306697
121 L 121 0.0000000 0.0000000 0.0000000 0.0000000 0.0000000 0.0000000 0.0000000 0.0000000 0.0000000 0.0495341 0.9394133 0.0000000 0.0000000 0.0000000 0.0000000 0.0000000 0.0000000 0.0000000 0.0000000 0.0110525
122 K 122 0.0000000 0.1085771 0.0000000 0.0000000 0.0173930 0.0000000 0.0000000 0.0000000 0.0000000 0.0000000 0.0000000 0.8740299 0.0000000 0.0000000 0.0000000 0.0000000 0.0000000 0.0000000 0.0000000 0.0000000
123 Q 123 0.1818159 0.0431455 0.0211721 0.0180944 0.0000000 0.1188228 0.0044122 0.0314190 0.0000000 0.0000000 0.0139196 0.5211587 0.0000000 0.0000000 0.0277709 0.0182689 0.0000000 0.0000000 0.0000000 0.0000000
124 I 124 0.0000000 0.0000000 0.0000000 0.0000000 0.0000000 0.0000000 0.0000000 0.0000000 0.0000000 0.7888209 0.0964783 0.0000000 0.0000000 0.0258089 0.0000000 0.0103230 0.0000000 0.0000000 0.0244848 0.0540840
125 L 125 0.0103748 0.0000000 0.0000000 0.0000000 0.0000000 0.0000000 0.0000000 0.0000000 0.0000000 0.0216334 0.8670707 0.0000000 0.0623550 0.0000000 0.0000000 0.0000000 0.0175354 0.0000000 0.0000000 0.0210307
126 H 126 0.1051768 0.0496678 0.2354230 0.1799990 0.0000000 0.0307474 0.1081369 0.0325031 0.0394557 0.0000000 0.0259041 0.0136009 0.0149296 0.0000000 0.0103748 0.1106088 0.0144406 0.0000000 0.0133614 0.0156700
127 S 127 0.0365200 0.0234769 0.0262948 0.4706423 0.0000000 0.0000000 0.1323699 0.0464195 0.0000000 0.0000000 0.0000000 0.0180676 0.0000000 0.0000000 0.0000000 0.1955098 0.0064119 0.0000000 0.0000000 0.0442874
128 W 128 0.0000000 0.1874970 0.0000000 0.0000000 0.0000000 0.0000000 0.0000000 0.0000000 0.0698282 0.0000000 0.0336154 0.0183143 0.0000000 0.0346389 0.0000000 0.0000000 0.0000000 0.6016832 0.0544229 0.0000000
129 G 129 0.0000000 0.0000000 0.0857176 0.1874506 0.0000000 0.0000000 0.0133511 0.6578430 0.0000000 0.0000000 0.0000000 0.0000000 0.0000000 0.0000000 0.0105599 0.0450778 0.0000000 0.0000000 0.0000000 0.0000000
130 E 130 0.0108783 0.0022214 0.0000000 0.0359861 0.0000000 0.0250468 0.5720357 0.0000000 0.0000000 0.0771209 0.0928345 0.0000000 0.0063775 0.0000000 0.0000000 0.0000000 0.0000000 0.0000000 0.0000000 0.1774986
131 E 131 0.0486351 0.0206824 0.0167613 0.0916354 0.0000000 0.0375953 0.2678395 0.0000000 0.0146983 0.0329590 0.0000000 0.0494082 0.0324216 0.0000000 0.1264688 0.0867197 0.1173480 0.0000000 0.0000000 0.0568273
132 C 132 0.0105599 0.0000000 0.0000000 0.0000000 0.9449241 0.0000000 0.0000000 0.0000000 0.0000000 0.0000000 0.0000000 0.0000000 0.0000000 0.0000000 0.0000000 0.0000000 0.0445160 0.0000000 0.0000000 0.0000000
133 R 133 0.0026902 0.1801484 0.0000000 0.1234855 0.0000000 0.0065577 0.0718358 0.0000000 0.0037846 0.0057532 0.0063775 0.3992593 0.0000000 0.0000000 0.0179579 0.0304478 0.0285106 0.0000000 0.0000000 0.1231915
134 A 134 0.1593033 0.0000000 0.0065264 0.0322821 0.0000000 0.0000000 0.0139068 0.7057698 0.0000000 0.0000000 0.0214832 0.0000000 0.0000000 0.0000000 0.0000000 0.0607284 0.0000000 0.0000000 0.0000000 0.0000000
135 C 135 0.0000000 0.0000000 0.0000000 0.0000000 0.9554840 0.0000000 0.0000000 0.0000000 0.0000000 0.0000000 0.0000000 0.0000000 0.0000000 0.0445160 0.0000000 0.0000000 0.0000000 0.0000000 0.0000000 0.0000000
136 A 136 0.2331349 0.0000000 0.0000000 0.0000000 0.0000000 0.0369612 0.0000000 0.0000000 0.0000000 0.1296649 0.1938552 0.0104593 0.0000000 0.0159497 0.0000000 0.0000000 0.1377324 0.0000000 0.0701246 0.1721177
137 E 137 0.0000000 0.0000000 0.0000000 0.0000000 0.0000000 0.0000000 1.0000000 0.0000000 0.0000000 0.0000000 0.0000000 0.0000000 0.0000000 0.0000000 0.0000000 0.0000000 0.0000000 0.0000000 0.0000000 0.0000000
138 K 138 0.0000000 0.0000000 0.0000000 0.0000000 0.0000000 0.0000000 0.0000000 0.0000000 0.0000000 0.0000000 0.0000000 1.0000000 0.0000000 0.0000000 0.0000000 0.0000000 0.0000000 0.0000000 0.0000000 0.0000000
139 T 139 0.0925784 0.0201886 0.0290738 0.0659468 0.0000000 0.0205381 0.0321657 0.0205641 0.0072006 0.0528076 0.0000000 0.0185864 0.0098191 0.0000000 0.0000000 0.3669099 0.2577825 0.0000000 0.0058385 0.0000000
140 D 140 0.0000000 0.0000000 0.0000000 0.7958431 0.0000000 0.0000000 0.1678483 0.0253141 0.0109944 0.0000000 0.0000000 0.0000000 0.0000000 0.0000000 0.0000000 0.0000000 0.0000000 0.0000000 0.0000000 0.0000000
141 Y 141 0.0000000 0.0000000 0.0253141 0.0000000 0.0000000 0.0000000 0.0000000 0.0000000 0.0000000 0.0000000 0.0619734 0.0000000 0.0000000 0.5978103 0.0000000 0.0000000 0.0000000 0.0000000 0.3149022 0.0000000
142 V 142 0.0235328 0.0000000 0.0000000 0.0000000 0.0000000 0.0000000 0.0045617 0.0114629 0.0000000 0.4767842 0.0146528 0.0000000 0.0000000 0.0000000 0.0000000 0.0000000 0.0000000 0.0000000 0.0000000 0.4690056
143 N 143 0.1315857 0.1744648 0.1762636 0.0405396 0.0000000 0.0365035 0.0090355 0.0000000 0.0000000 0.0000000 0.0000000 0.3767136 0.0064456 0.0000000 0.0000000 0.0484482 0.0000000 0.0000000 0.0000000 0.0000000
144 L 144 0.1128225 0.4126119 0.0000000 0.0000000 0.0000000 0.0000000 0.0000000 0.0000000 0.0000000 0.0034136 0.1715156 0.2281410 0.0129959 0.0254404 0.0000000 0.0000000 0.0000000 0.0000000 0.0074499 0.0256094
145 I 145 0.0240837 0.0000000 0.0000000 0.0000000 0.0155486 0.0000000 0.0000000 0.0000000 0.0000000 0.7521024 0.0290735 0.0000000 0.0067096 0.0000000 0.0000000 0.0000000 0.0000000 0.0000000 0.0000000 0.1724823
146 Q 146 0.0000000 0.1184104 0.1524539 0.0067435 0.0000000 0.0730138 0.3100482 0.0000000 0.0178416 0.0000000 0.0113377 0.2182693 0.0101257 0.0110719 0.0000000 0.0000000 0.0121823 0.0000000 0.0136404 0.0448612
147 E 147 0.0416490 0.0000000 0.0000000 0.0709690 0.0000000 0.0340625 0.7160813 0.0486830 0.0000000 0.0000000 0.0000000 0.0114734 0.0000000 0.0000000 0.0000000 0.0528761 0.0143655 0.0000000 0.0000000 0.0098401
148 L 148 0.0125975 0.0112508 0.0599977 0.0000000 0.0000000 0.0000000 0.0000000 0.0000000 0.0066624 0.0000000 0.6741402 0.0000000 0.0000000 0.0000000 0.0194675 0.0000000 0.1355283 0.0000000 0.0161430 0.0642127
149 A 149 0.1387792 0.0864746 0.0000000 0.0000000 0.0000000 0.0272824 0.0902931 0.0114001 0.0000000 0.0199151 0.0000000 0.3959025 0.1791086 0.0000000 0.0000000 0.0192242 0.0316201 0.0000000 0.0000000 0.0000000
150 P 150 0.0464688 0.0090953 0.0000000 0.0373655 0.0000000 0.0000000 0.0000000 0.0090326 0.1925672 0.0000000 0.0130503 0.0179247 0.0000000 0.0000000 0.6162846 0.0467839 0.0114272 0.0000000 0.0000000 0.0000000
151 K 151 0.0000000 0.0300041 0.0000000 0.0153587 0.0000000 0.0217863 0.0000000 0.0000000 0.0000000 0.0104990 0.0404757 0.8008221 0.0000000 0.0000000 0.0000000 0.0338574 0.0191200 0.0000000 0.0000000 0.0280766
152 Y 152 0.0000000 0.0000000 0.0000000 0.0000000 0.0000000 0.0000000 0.0000000 0.0000000 0.3239027 0.0000000 0.0000000 0.0104466 0.0000000 0.0000000 0.0000000 0.0000000 0.0741276 0.0000000 0.5760292 0.0154939
153 A 153 0.3291209 0.0000000 0.0000000 0.0000000 0.0000000 0.0230778 0.0000000 0.0000000 0.0000000 0.0098832 0.0440211 0.0000000 0.0647142 0.0000000 0.0112177 0.1079652 0.1445497 0.0000000 0.0276507 0.2377995
154 A 154 0.2478420 0.1145951 0.0000000 0.0000000 0.0000000 0.0287963 0.2683719 0.0000000 0.0618836 0.0000000 0.0000000 0.1850733 0.0000000 0.0000000 0.0333034 0.0372983 0.0228360 0.0000000 0.0000000 0.0000000
155 T 155 0.2110047 0.0164413 0.0325267 0.0333969 0.0000000 0.0525444 0.2006211 0.0122862 0.0000000 0.0393819 0.0000000 0.0372808 0.0226745 0.0000000 0.0000000 0.1876899 0.1541517 0.0000000 0.0000000 0.0000000
156 H 156 0.0312835 0.0147952 0.0641425 0.0357931 0.0000000 0.0432210 0.4245753 0.0000000 0.1281349 0.0000000 0.0000000 0.0140481 0.0000000 0.0000000 0.0287951 0.1876141 0.0100828 0.0000000 0.0175144 0.0000000
157 P 157 0.2112574 0.0000000 0.0000000 0.0000000 0.0000000 0.0000000 0.0457234 0.0000000 0.0484987 0.0000000 0.0353149 0.0000000 0.0000000 0.0000000 0.4634444 0.1957611 0.0000000 0.0000000 0.0000000 0.0000000
158 K 158 0.0000000 0.4056330 0.0000000 0.0000000 0.0000000 0.1700827 0.0000000 0.0000000 0.0546810 0.0000000 0.0457234 0.3238798 0.0000000 0.0000000 0.0000000 0.0000000 0.0000000 0.0000000 0.0000000 0.0000000
159 T 159 0.1202629 0.0000000 0.0679441 0.0000000 0.0000000 0.0000000 0.0450404 0.0000000 0.0000000 0.0425798 0.0000000 0.0000000 0.0000000 0.0000000 0.0000000 0.1710369 0.5531359 0.0000000 0.0000000 0.0000000
160 E 160 0.0000000 0.0000000 0.0000000 0.4463791 0.0000000 0.0000000 0.5536209 0.0000000 0.0000000 0.0000000 0.0000000 0.0000000 0.0000000 0.0000000 0.0000000 0.0000000 0.0000000 0.0000000 0.0000000 0.0000000
161 L 161 0.0000000 0.0000000 0.0000000 0.0000000 0.0000000 0.0000000 0.0000000 0.0000000 0.0000000 0.0000000 1.0000000 0.0000000 0.0000000 0.0000000 0.0000000 0.0000000 0.0000000 0.0000000 0.0000000 0.0000000
