   38         A         R         N         D         C         Q         E         G         H         I         L         K         M         F         P         S         T         W         Y         V         X    
  1 E   1 0.0000000 0.0000000 0.0000000 0.0695540 0.0000000 0.0000000 0.5485206 0.0000000 0.0000000 0.0000000 0.0000000 0.0000000 0.0000000 0.0000000 0.0000000 0.0000000 0.0000000 0.0000000 0.0000000 0.0000000 0.3819255
  2 Y   2 0.0000000 0.0105281 0.0130646 0.0160172 0.0000000 0.0038389 0.0050099 0.0000000 0.0308440 0.0131301 0.0357037 0.0067985 0.0137748 0.0598039 0.0000000 0.0490494 0.0000000 0.0155704 0.6260223 0.0000000 0.1008442
  3 R   3 0.0784845 0.1021107 0.1554196 0.1367595 0.0000000 0.0674448 0.0667318 0.0000000 0.0232169 0.0257407 0.0826748 0.0441636 0.0535450 0.0332907 0.0000000 0.0428730 0.0327164 0.0000000 0.0000000 0.0278279 0.0270002
  4 P   4 0.0303379 0.0000000 0.0000000 0.0000000 0.0000000 0.0000000 0.0000000 0.0000000 0.0000000 0.0000000 0.0126764 0.0000000 0.0000000 0.0000000 0.9569858 0.0000000 0.0000000 0.0000000 0.0000000 0.0000000 0.0000000
  5 L   5 0.0000000 0.0000000 0.0000000 0.0000000 0.0000000 0.0218388 0.0000000 0.0000000 0.0990663 0.2261695 0.1628809 0.0000000 0.0000000 0.0181824 0.0000000 0.0000000 0.0000000 0.0000000 0.0000000 0.4718622 0.0000000
  6 C   6 0.0000000 0.0000000 0.0000000 0.0000000 1.0000000 0.0000000 0.0000000 0.0000000 0.0000000 0.0000000 0.0000000 0.0000000 0.0000000 0.0000000 0.0000000 0.0000000 0.0000000 0.0000000 0.0000000 0.0000000 0.0000000
  7 G   7 0.0827484 0.0000000 0.0000000 0.0225967 0.0000000 0.0000000 0.0000000 0.8946549 0.0000000 0.0000000 0.0000000 0.0000000 0.0000000 0.0000000 0.0000000 0.0000000 0.0000000 0.0000000 0.0000000 0.0000000 0.0000000
  8 S   8 0.0000000 0.0000000 0.0454879 0.0133962 0.0000000 0.0000000 0.0000000 0.0000000 0.0000000 0.0171196 0.0000000 0.0000000 0.0000000 0.0000000 0.0000000 0.5710443 0.3366496 0.0000000 0.0000000 0.0163024 0.0000000
  9 D   9 0.0225967 0.0000000 0.2041711 0.7732322 0.0000000 0.0000000 0.0000000 0.0000000 0.0000000 0.0000000 0.0000000 0.0000000 0.0000000 0.0000000 0.0000000 0.0000000 0.0000000 0.0000000 0.0000000 0.0000000 0.0000000
 10 N  10 0.0399984 0.0099072 0.1176827 0.0093415 0.0000000 0.0000000 0.0000000 0.7117739 0.0000000 0.0000000 0.0120077 0.0000000 0.0000000 0.0221364 0.0000000 0.0323818 0.0000000 0.0000000 0.0447704 0.0000000 0.0000000
 11 K  11 0.0000000 0.0752988 0.0503217 0.0000000 0.0105763 0.1030005 0.0185036 0.0000000 0.0358264 0.0748015 0.0000000 0.4290784 0.0000000 0.0089336 0.0000000 0.0000000 0.0139513 0.0000000 0.0000000 0.1797079 0.0000000
 12 T  12 0.0000000 0.0000000 0.0236705 0.0000000 0.0000000 0.0197515 0.0000000 0.0000000 0.0000000 0.0068854 0.0000000 0.0000000 0.0000000 0.0000000 0.0000000 0.0173747 0.9145947 0.0000000 0.0000000 0.0177232 0.0000000
 13 Y  13 0.0000000 0.0000000 0.0000000 0.0000000 0.0000000 0.0000000 0.0000000 0.0000000 0.0186241 0.0000000 0.0000000 0.0000000 0.0000000 0.0227951 0.0000000 0.0000000 0.0000000 0.0000000 0.9585808 0.0000000 0.0000000
 14 G  14 0.0528754 0.0139550 0.0465159 0.1370619 0.0105763 0.0426493 0.0390882 0.2546084 0.0096408 0.0000000 0.0066108 0.0235604 0.0109379 0.0131947 0.0736850 0.2494633 0.0000000 0.0000000 0.0080749 0.0075016 0.0000000
 15 N  15 0.0000000 0.0000000 0.9544095 0.0105281 0.0000000 0.0000000 0.0000000 0.0000000 0.0000000 0.0000000 0.0000000 0.0000000 0.0000000 0.0000000 0.0000000 0.0191564 0.0159061 0.0000000 0.0000000 0.0000000 0.0000000
 16 K  16 0.0000000 0.0959289 0.0154253 0.0624737 0.0000000 0.0145157 0.2562214 0.0000000 0.0000000 0.0000000 0.0349837 0.3566279 0.0000000 0.0000000 0.1405319 0.0000000 0.0000000 0.0000000 0.0000000 0.0232916 0.0000000
 17 C  17 0.0232916 0.0000000 0.0000000 0.0000000 0.9767084 0.0000000 0.0000000 0.0000000 0.0000000 0.0000000 0.0000000 0.0000000 0.0000000 0.0000000 0.0000000 0.0000000 0.0000000 0.0000000 0.0000000 0.0000000 0.0000000
 18 N  18 0.1215583 0.0000000 0.0701573 0.0282778 0.0000000 0.0631110 0.0658185 0.0041276 0.0546364 0.0948744 0.0988653 0.0221895 0.0553739 0.0846643 0.0000000 0.0608965 0.0880101 0.0000000 0.0183887 0.0690504 0.0000000
 19 F  19 0.0000000 0.0000000 0.0000000 0.0000000 0.0000000 0.0000000 0.0000000 0.0000000 0.0000000 0.0334220 0.2969840 0.0000000 0.0000000 0.6562728 0.0000000 0.0000000 0.0000000 0.0000000 0.0000000 0.0133212 0.0000000
 20 C  20 0.0349265 0.0956374 0.0080908 0.0310956 0.7484616 0.0000000 0.0155944 0.0207164 0.0000000 0.0159061 0.0000000 0.0295713 0.0000000 0.0000000 0.0000000 0.0000000 0.0000000 0.0000000 0.0000000 0.0000000 0.0000000
 21 N  21 0.0590442 0.0373072 0.3844612 0.0105763 0.0000000 0.0076188 0.0000000 0.0000000 0.0083832 0.0455748 0.0459982 0.0714807 0.0158166 0.0088598 0.0000000 0.1257031 0.0547828 0.0000000 0.0322664 0.0921266 0.0000000
 22 A  22 0.6097324 0.0000000 0.0000000 0.0000000 0.0000000 0.0340619 0.2399212 0.0097510 0.0069140 0.0000000 0.0094225 0.0209330 0.0000000 0.0000000 0.0000000 0.0334220 0.0133212 0.0000000 0.0000000 0.0225206 0.0000000
 23 V  23 0.0609476 0.0603259 0.0627016 0.0093267 0.0000000 0.1258567 0.0073607 0.0000000 0.0392952 0.0295586 0.0195803 0.1218388 0.0392094 0.0089066 0.0000000 0.0935364 0.0230563 0.0000000 0.0364895 0.2620096 0.0000000
 24 V  24 0.0805827 0.0726222 0.0000000 0.0000000 0.2107512 0.0058447 0.0305866 0.0000000 0.0000000 0.0475596 0.1726942 0.0581817 0.1113463 0.0000000 0.0000000 0.0200877 0.0000000 0.0080049 0.0000000 0.1817381 0.0000000
 25 E  25 0.0260532 0.1130678 0.0407370 0.1387516 0.0073652 0.0647540 0.2106291 0.0131832 0.0199172 0.0000000 0.0083832 0.2779727 0.0000000 0.0000000 0.0000000 0.0000000 0.0198653 0.0000000 0.0000000 0.0000000 0.0593203
 26 S  26 0.0235053 0.0444380 0.0863759 0.0199083 0.0000000 0.0000000 0.0000000 0.0000000 0.0186241 0.0000000 0.0000000 0.0355420 0.0241023 0.0294320 0.0000000 0.5147557 0.0942240 0.0000000 0.0000000 0.0000000 0.1090924
 27 N  27 0.0094225 0.1556243 0.2771480 0.1470246 0.0000000 0.0242725 0.0133421 0.1369653 0.0516629 0.0000000 0.0242367 0.0842127 0.0000000 0.0049525 0.0000000 0.0274547 0.0000000 0.0000000 0.0051491 0.0051100 0.0334220
 28 G  28 0.0373292 0.0160639 0.0360144 0.0178260 0.0000000 0.0275253 0.0619127 0.5107046 0.0325563 0.0067352 0.0089451 0.0364403 0.0000000 0.0000000 0.0335444 0.0464049 0.0148283 0.0147631 0.0227951 0.0261869 0.0494244
 29 T  29 0.0500205 0.0932978 0.0621155 0.0983409 0.0153196 0.0400253 0.0209644 0.0093415 0.0159061 0.0097510 0.0000000 0.2892219 0.0000000 0.0000000 0.0000000 0.0328256 0.1931504 0.0000000 0.0069530 0.0000000 0.0627664
 30 L  30 0.0000000 0.0000000 0.0000000 0.0000000 0.0000000 0.0000000 0.0000000 0.0000000 0.0000000 0.3644715 0.4033986 0.0000000 0.0067889 0.0702053 0.0000000 0.0000000 0.0133962 0.0000000 0.0000000 0.0882297 0.0535097
 31 T  31 0.0186241 0.0764395 0.0640523 0.0872148 0.0000000 0.0970941 0.0393507 0.0890849 0.0417996 0.0180313 0.0421891 0.0732196 0.0141967 0.0367768 0.0000000 0.0353734 0.2159153 0.0000000 0.0134305 0.0000000 0.0372073
 32 L  32 0.0133421 0.0000000 0.0000000 0.0000000 0.0000000 0.0000000 0.0000000 0.0000000 0.0000000 0.1375301 0.2680846 0.0175912 0.0344255 0.3560506 0.0000000 0.0000000 0.0000000 0.0000000 0.0419614 0.1109270 0.0200877
 33 S  33 0.0935938 0.0501951 0.0570733 0.0147586 0.0000000 0.0363772 0.0444928 0.0241578 0.0060656 0.0185567 0.1007255 0.2193050 0.0072309 0.0047296 0.0000000 0.1174482 0.0000000 0.0131301 0.0163483 0.1557238 0.0200877
 34 H  34 0.0000000 0.0214434 0.0167261 0.0000000 0.0000000 0.0176497 0.0000000 0.0000000 0.6331369 0.0000000 0.0000000 0.1458844 0.0000000 0.0078775 0.0000000 0.0885303 0.0000000 0.0000000 0.0486640 0.0000000 0.0200877
 35 F  35 0.0361016 0.0826440 0.0193607 0.1185781 0.0000000 0.0459572 0.1088484 0.0000000 0.0286568 0.0049838 0.0363570 0.0081965 0.0353287 0.1924231 0.0179729 0.0088598 0.0063163 0.0666469 0.1176358 0.0319145 0.0332178
 36 G  36 0.0082218 0.0000000 0.0089066 0.0000000 0.0000000 0.0000000 0.0064650 0.9187891 0.0000000 0.0000000 0.0000000 0.0000000 0.0000000 0.0000000 0.0000000 0.0165576 0.0078420 0.0000000 0.0000000 0.0000000 0.0332178
 37 K  37 0.0703337 0.0669185 0.0142220 0.0000000 0.0000000 0.0312041 0.3171383 0.0000000 0.0254884 0.0063637 0.0090127 0.2898070 0.0000000 0.0000000 0.0402776 0.0432215 0.0065111 0.0000000 0.0000000 0.0221690 0.0573324
 38 C  38 0.0000000 0.0000000 0.0000000 0.0000000 0.9366047 0.0000000 0.0000000 0.0000000 0.0000000 0.0000000 0.0000000 0.0000000 0.0000000 0.0000000 0.0000000 0.0000000 0.0000000 0.0000000 0.0000000 0.0000000 0.0633953
