   38         A         R         N         D         C         Q         E         G         H         I         L         K         M         F         P         S         T         W         Y         V    
  1 E   1 0.0000000 0.0000000 0.0000000 0.1240291 0.0000000 0.0000000 0.8759709 0.0000000 0.0000000 0.0000000 0.0000000 0.0000000 0.0000000 0.0000000 0.0000000 0.0000000 0.0000000 0.0000000 0.0000000 0.0000000
  2 Y   2 0.0000000 0.0119914 0.0153810 0.0187087 0.0000000 0.0045882 0.0059193 0.0000000 0.0350182 0.0093465 0.0416964 0.0079702 0.0159297 0.0651048 0.0000000 0.0583210 0.0000000 0.0183301 0.6916945 0.0000000
  3 R   3 0.0754299 0.1089207 0.1584229 0.1420057 0.0000000 0.0703911 0.0706632 0.0000000 0.0246914 0.0259189 0.0856932 0.0467466 0.0600729 0.0345099 0.0000000 0.0455074 0.0197051 0.0000000 0.0000000 0.0313211
  4 P   4 0.0315561 0.0000000 0.0000000 0.0000000 0.0000000 0.0000000 0.0000000 0.0000000 0.0000000 0.0000000 0.0126993 0.0000000 0.0000000 0.0000000 0.9557446 0.0000000 0.0000000 0.0000000 0.0000000 0.0000000
  5 L   5 0.0000000 0.0000000 0.0000000 0.0000000 0.0000000 0.0195975 0.0000000 0.0000000 0.1070348 0.2172499 0.1653269 0.0000000 0.0000000 0.0190489 0.0000000 0.0000000 0.0000000 0.0000000 0.0000000 0.4717419
  6 C   6 0.0000000 0.0000000 0.0000000 0.0000000 1.0000000 0.0000000 0.0000000 0.0000000 0.0000000 0.0000000 0.0000000 0.0000000 0.0000000 0.0000000 0.0000000 0.0000000 0.0000000 0.0000000 0.0000000 0.0000000
  7 G   7 0.0847079 0.0000000 0.0000000 0.0229252 0.0000000 0.0000000 0.0000000 0.8923669 0.0000000 0.0000000 0.0000000 0.0000000 0.0000000 0.0000000 0.0000000 0.0000000 0.0000000 0.0000000 0.0000000 0.0000000
  8 S   8 0.0000000 0.0000000 0.0469073 0.0141659 0.0000000 0.0000000 0.0000000 0.0000000 0.0000000 0.0138570 0.0000000 0.0000000 0.0000000 0.0000000 0.0000000 0.5731711 0.3385746 0.0000000 0.0000000 0.0133241
  9 D   9 0.0229252 0.0000000 0.2009194 0.7761555 0.0000000 0.0000000 0.0000000 0.0000000 0.0000000 0.0000000 0.0000000 0.0000000 0.0000000 0.0000000 0.0000000 0.0000000 0.0000000 0.0000000 0.0000000 0.0000000
 10 N  10 0.0412520 0.0099952 0.1220710 0.0097919 0.0000000 0.0000000 0.0000000 0.7015211 0.0000000 0.0000000 0.0122271 0.0000000 0.0000000 0.0224983 0.0000000 0.0357649 0.0000000 0.0000000 0.0448785 0.0000000
 11 K  11 0.0000000 0.0592032 0.0526192 0.0000000 0.0108836 0.1074611 0.0162354 0.0000000 0.0312148 0.0759607 0.0000000 0.4363286 0.0000000 0.0094556 0.0000000 0.0000000 0.0147799 0.0000000 0.0000000 0.1858580
 12 T  12 0.0000000 0.0000000 0.0235869 0.0000000 0.0000000 0.0175113 0.0000000 0.0000000 0.0000000 0.0070949 0.0000000 0.0000000 0.0000000 0.0000000 0.0000000 0.0178479 0.9151406 0.0000000 0.0000000 0.0188184
 13 Y  13 0.0000000 0.0000000 0.0000000 0.0000000 0.0000000 0.0000000 0.0000000 0.0000000 0.0190527 0.0000000 0.0000000 0.0000000 0.0000000 0.0217724 0.0000000 0.0000000 0.0000000 0.0000000 0.9591749 0.0000000
 14 G  14 0.0524480 0.0142862 0.0484816 0.1363154 0.0108836 0.0419230 0.0399686 0.2400957 0.0098407 0.0000000 0.0069255 0.0237724 0.0110338 0.0139187 0.0761534 0.2579204 0.0000000 0.0000000 0.0083751 0.0076579
 15 N  15 0.0000000 0.0000000 0.9541834 0.0108399 0.0000000 0.0000000 0.0000000 0.0000000 0.0000000 0.0000000 0.0000000 0.0000000 0.0000000 0.0000000 0.0000000 0.0194019 0.0155749 0.0000000 0.0000000 0.0000000
 16 K  16 0.0000000 0.0999659 0.0151484 0.0640506 0.0000000 0.0124391 0.2575167 0.0000000 0.0000000 0.0000000 0.0354468 0.3469469 0.0000000 0.0000000 0.1445293 0.0000000 0.0000000 0.0000000 0.0000000 0.0239563
 17 C  17 0.0239563 0.0000000 0.0000000 0.0000000 0.9760437 0.0000000 0.0000000 0.0000000 0.0000000 0.0000000 0.0000000 0.0000000 0.0000000 0.0000000 0.0000000 0.0000000 0.0000000 0.0000000 0.0000000 0.0000000
 18 N  18 0.1164759 0.0000000 0.0759621 0.0299383 0.0000000 0.0497607 0.0669116 0.0043441 0.0551637 0.0931717 0.0984489 0.0219972 0.0552069 0.0850878 0.0000000 0.0645818 0.0912866 0.0000000 0.0191303 0.0725325
 19 F  19 0.0000000 0.0000000 0.0000000 0.0000000 0.0000000 0.0000000 0.0000000 0.0000000 0.0000000 0.0271811 0.3012042 0.0000000 0.0000000 0.6583439 0.0000000 0.0000000 0.0000000 0.0000000 0.0000000 0.0132708
 20 C  20 0.0323768 0.0984530 0.0083121 0.0284869 0.7490933 0.0000000 0.0158692 0.0208441 0.0000000 0.0155749 0.0000000 0.0309897 0.0000000 0.0000000 0.0000000 0.0000000 0.0000000 0.0000000 0.0000000 0.0000000
 21 N  21 0.0586680 0.0379260 0.3801255 0.0108836 0.0000000 0.0080760 0.0000000 0.0000000 0.0088786 0.0472436 0.0470417 0.0727672 0.0165114 0.0091426 0.0000000 0.1222067 0.0549167 0.0000000 0.0336668 0.0919455
 22 A  22 0.6103545 0.0000000 0.0000000 0.0000000 0.0000000 0.0343903 0.2449689 0.0100199 0.0072252 0.0000000 0.0101485 0.0218164 0.0000000 0.0000000 0.0000000 0.0271811 0.0132708 0.0000000 0.0000000 0.0206244
 23 V  23 0.0622850 0.0613751 0.0651597 0.0099518 0.0000000 0.1269318 0.0076095 0.0000000 0.0333362 0.0296487 0.0205153 0.1241582 0.0354106 0.0098089 0.0000000 0.0951327 0.0239579 0.0000000 0.0397209 0.2549980
 24 V  24 0.0822358 0.0741822 0.0000000 0.0000000 0.2160213 0.0058810 0.0315149 0.0000000 0.0000000 0.0441955 0.1794529 0.0596504 0.1096004 0.0000000 0.0000000 0.0057792 0.0000000 0.0081853 0.0000000 0.1833011
 25 E  25 0.0246915 0.1065238 0.0416822 0.1531823 0.0081600 0.0721224 0.2305250 0.0148246 0.0215107 0.0000000 0.0094037 0.3010174 0.0000000 0.0000000 0.0000000 0.0000000 0.0163564 0.0000000 0.0000000 0.0000000
 26 S  26 0.0275406 0.0511375 0.0995213 0.0231357 0.0000000 0.0000000 0.0000000 0.0000000 0.0212775 0.0000000 0.0000000 0.0403370 0.0275461 0.0322597 0.0000000 0.5698274 0.1074172 0.0000000 0.0000000 0.0000000
 27 N  27 0.0104321 0.1634303 0.2972759 0.1551792 0.0000000 0.0256506 0.0142647 0.1433535 0.0527754 0.0000000 0.0102937 0.0813057 0.0000000 0.0050832 0.0000000 0.0300672 0.0000000 0.0000000 0.0054831 0.0054053
 28 G  28 0.0401805 0.0187097 0.0385410 0.0192123 0.0000000 0.0297996 0.0674007 0.5304799 0.0336633 0.0073048 0.0093323 0.0390514 0.0000000 0.0000000 0.0331970 0.0502981 0.0159854 0.0158254 0.0227396 0.0282791
 29 T  29 0.0533517 0.0838207 0.0678500 0.1045491 0.0162035 0.0438345 0.0228761 0.0103773 0.0165060 0.0106190 0.0000000 0.3095671 0.0000000 0.0000000 0.0000000 0.0363320 0.2165573 0.0000000 0.0075555 0.0000000
 30 L  30 0.0000000 0.0000000 0.0000000 0.0000000 0.0000000 0.0000000 0.0000000 0.0000000 0.0000000 0.3788272 0.4300661 0.0000000 0.0079056 0.0761358 0.0000000 0.0000000 0.0146487 0.0000000 0.0000000 0.0924166
 31 T  31 0.0194343 0.0782729 0.0669346 0.0875277 0.0000000 0.1010021 0.0411630 0.0936109 0.0439335 0.0188957 0.0444799 0.0740809 0.0155764 0.0382712 0.0000000 0.0370744 0.2281517 0.0000000 0.0115908 0.0000000
 32 L  32 0.0139576 0.0000000 0.0000000 0.0000000 0.0000000 0.0000000 0.0000000 0.0000000 0.0000000 0.1365966 0.2802297 0.0182424 0.0359635 0.3643720 0.0000000 0.0000000 0.0000000 0.0000000 0.0382936 0.1123445
 33 S  33 0.0915005 0.0526685 0.0589044 0.0153966 0.0000000 0.0381660 0.0446763 0.0252552 0.0065292 0.0192209 0.1032401 0.2181991 0.0079342 0.0047134 0.0000000 0.1265712 0.0000000 0.0084981 0.0165895 0.1619368
 34 H  34 0.0000000 0.0229154 0.0171375 0.0000000 0.0000000 0.0186690 0.0000000 0.0000000 0.6446367 0.0000000 0.0000000 0.1463267 0.0000000 0.0083416 0.0000000 0.0914006 0.0000000 0.0000000 0.0505726 0.0000000
 35 F  35 0.0341101 0.0836552 0.0204663 0.1197875 0.0000000 0.0469739 0.1128927 0.0000000 0.0293951 0.0049518 0.0384025 0.0082891 0.0390115 0.2059938 0.0190364 0.0092746 0.0064642 0.0698812 0.1218132 0.0296011
 36 G  36 0.0092935 0.0000000 0.0099504 0.0000000 0.0000000 0.0000000 0.0076670 0.9461126 0.0000000 0.0000000 0.0000000 0.0000000 0.0000000 0.0000000 0.0000000 0.0180976 0.0088790 0.0000000 0.0000000 0.0000000
 37 K  37 0.0775951 0.0717571 0.0150890 0.0000000 0.0000000 0.0344076 0.3266970 0.0000000 0.0269292 0.0067966 0.0098745 0.3113397 0.0000000 0.0000000 0.0436527 0.0450692 0.0069582 0.0000000 0.0000000 0.0238341
 38 C  38 0.0000000 0.0000000 0.0000000 0.0000000 1.0000000 0.0000000 0.0000000 0.0000000 0.0000000 0.0000000 0.0000000 0.0000000 0.0000000 0.0000000 0.0000000 0.0000000 0.0000000 0.0000000 0.0000000 0.0000000
