  141         A         R         N         D         C         Q         E         G         H         I         L         K         M         F         P         S         T         W         Y         V    
  1 M   1 0.0000000 0.0000000 0.0000000 0.0000000 0.0000000 0.0000000 0.0000000 0.0000000 0.0000000 0.0000000 0.2942324 0.0000000 0.5050163 0.1429180 0.0000000 0.0000000 0.0000000 0.0000000 0.0000000 0.0578333
  2 H   2 0.0828551 0.0441708 0.0730122 0.0000000 0.0095348 0.0507394 0.2826781 0.0107083 0.0828235 0.0287958 0.0000000 0.0279547 0.0196891 0.0000000 0.1146441 0.0718348 0.1005594 0.0000000 0.0000000 0.0000000
  3 H   3 0.0215717 0.0000000 0.0246907 0.0000000 0.0000000 0.0289756 0.0000000 0.0490450 0.2544128 0.2391717 0.0189763 0.0402483 0.0265493 0.1507619 0.0000000 0.0073352 0.0605792 0.0000000 0.0497222 0.0279600
  4 H   4 0.0000000 0.0055472 0.0255325 0.7439809 0.0000000 0.0403358 0.0185487 0.0199109 0.0578239 0.0000000 0.0049220 0.0615575 0.0000000 0.0000000 0.0063168 0.0056329 0.0000000 0.0000000 0.0098910 0.0000000
  5 H   5 0.0161054 0.0227479 0.0053915 0.0277483 0.0000000 0.0387988 0.0848562 0.0090134 0.0496661 0.1114366 0.0706821 0.1222442 0.0364650 0.0049634 0.0747735 0.0368947 0.0630834 0.0000000 0.0000000 0.2251295
  6 H   6 0.0000000 0.0355310 0.0910373 0.6738756 0.0000000 0.0122621 0.0325203 0.0075805 0.0261278 0.0087085 0.0109216 0.0386670 0.0047364 0.0000000 0.0000000 0.0135375 0.0078538 0.0000000 0.0000000 0.0366405
  7 H   7 0.0253226 0.0308279 0.1387843 0.0148638 0.0000000 0.0304251 0.0104627 0.5077464 0.0108205 0.0000000 0.0106555 0.0933704 0.0133805 0.0000000 0.0231670 0.0500455 0.0401278 0.0000000 0.0000000 0.0000000
  8 G   8 0.0431963 0.0239970 0.2959067 0.2322827 0.0063795 0.0000000 0.0098059 0.0575797 0.0067482 0.0098943 0.0000000 0.0175198 0.0000000 0.0000000 0.0000000 0.2537654 0.0408044 0.0000000 0.0000000 0.0021201
  9 G   9 0.0134103 0.0110073 0.0098449 0.0047828 0.0000000 0.0000000 0.0336418 0.8570777 0.0052575 0.0000000 0.0000000 0.0299096 0.0000000 0.0000000 0.0000000 0.0168377 0.0156136 0.0000000 0.0000000 0.0026168
 10 L  10 0.0377460 0.1042692 0.0263471 0.0099601 0.0171334 0.0192605 0.0816745 0.0073779 0.0167819 0.0164950 0.0802343 0.0820318 0.0261294 0.0175199 0.0015988 0.0659067 0.3237796 0.0000000 0.0236456 0.0421083
 11 V  11 0.0031789 0.0000000 0.0103397 0.0223590 0.0000000 0.0000000 0.0029739 0.0214350 0.0000000 0.5752291 0.1401913 0.0087568 0.0187456 0.0105405 0.0000000 0.0000000 0.0081225 0.0000000 0.0000000 0.1781277
 12 P  12 0.0199445 0.0054396 0.0512925 0.6586660 0.0000000 0.0061991 0.0273437 0.0327573 0.0023166 0.0000000 0.0049972 0.0000000 0.0000000 0.0043807 0.0245378 0.1044432 0.0231868 0.0000000 0.0344950 0.0000000
 13 R  13 0.0155962 0.0247871 0.0000000 0.0099931 0.0038624 0.0025903 0.0247807 0.0030533 0.0030700 0.0159326 0.0458822 0.0515589 0.0060566 0.5313087 0.0253613 0.0092836 0.0075658 0.0064906 0.2060610 0.0067655
 14 G  14 0.0239180 0.0144268 0.0435265 0.0893993 0.0000000 0.0653717 0.2632396 0.1830778 0.0000000 0.0361599 0.0100822 0.0558945 0.0025316 0.0028104 0.0835939 0.0980558 0.0145236 0.0000000 0.0039845 0.0094039
 15 S  15 0.0086613 0.0077373 0.0600758 0.0387694 0.0000000 0.0256097 0.5994473 0.0111664 0.0120765 0.0047383 0.0031015 0.0142666 0.0018622 0.0096438 0.0073230 0.0650844 0.0936293 0.0070716 0.0000000 0.0297356
 16 M  16 0.0077642 0.0000000 0.0000000 0.0000000 0.0110418 0.0000000 0.0084597 0.0000000 0.0000000 0.0094163 0.0142305 0.0030873 0.0300041 0.8007235 0.0171004 0.0000000 0.0000000 0.0023323 0.0958398 0.0000000
 17 D  17 0.0256403 0.0106255 0.0470954 0.0876400 0.0203329 0.0194156 0.0816648 0.0161002 0.0088612 0.0866002 0.2934866 0.0165122 0.0075343 0.0025856 0.0763965 0.0471828 0.0369780 0.0011738 0.0078741 0.1062998
 18 D  18 0.0475479 0.0288841 0.0514529 0.1383419 0.0099694 0.0256500 0.3523114 0.0134410 0.0184320 0.0114709 0.0155975 0.0223981 0.0196843 0.0097166 0.0933718 0.0454038 0.0696110 0.0000000 0.0124111 0.0143044
 19 I  19 0.0313291 0.0205716 0.0000000 0.0033877 0.0025025 0.0041980 0.0035250 0.0037095 0.0031446 0.1592850 0.1330999 0.0100600 0.1622804 0.3945844 0.0048171 0.0100167 0.0056261 0.0000000 0.0000000 0.0478623
 20 Y  20 0.0242280 0.0012432 0.0134815 0.0022445 0.0130789 0.0099815 0.0000000 0.0020363 0.0000000 0.0684061 0.4098331 0.0072685 0.2246014 0.0215651 0.0103184 0.0368198 0.0144192 0.0086280 0.0405311 0.0913154
 21 K  21 0.0931653 0.1774836 0.0234519 0.0186936 0.0024206 0.0911757 0.0358180 0.0133012 0.0267293 0.0113094 0.0205509 0.1659853 0.0031693 0.0045247 0.0000000 0.1045408 0.1742902 0.0009504 0.0100554 0.0223843
 22 A  22 0.1903279 0.0656619 0.0137440 0.0079199 0.0078452 0.0143543 0.0186379 0.0101636 0.0218774 0.0471888 0.0828569 0.1131868 0.1068547 0.0063926 0.0061905 0.0563445 0.0347005 0.0033220 0.0041368 0.1882935
 23 A  23 0.0949810 0.0258301 0.0085050 0.0059213 0.0014846 0.0396878 0.0105331 0.0033177 0.0016247 0.2052327 0.0213550 0.0743530 0.3578840 0.0078240 0.0032792 0.0183421 0.0521818 0.0027870 0.0040894 0.0607864
 24 V  24 0.3393914 0.0338433 0.0115185 0.0097839 0.0020942 0.0060898 0.0114313 0.0415271 0.0095286 0.0447469 0.0224439 0.0840660 0.1302582 0.0077773 0.0063093 0.0864854 0.0942721 0.0019499 0.0041198 0.0523632
 25 E  25 0.0423758 0.0739163 0.0317197 0.1423215 0.0029498 0.0626199 0.1813244 0.0410865 0.0704646 0.0399800 0.0252304 0.1336370 0.0080099 0.0063187 0.0429099 0.0454551 0.0204394 0.0000000 0.0053719 0.0238691
 26 Q  26 0.0164328 0.0575967 0.1071089 0.0684312 0.0160705 0.1307507 0.1588718 0.0415578 0.0821815 0.0080680 0.0119342 0.1404539 0.0268512 0.0197599 0.0068349 0.0535404 0.0326091 0.0022546 0.0121616 0.0065305
 27 L  27 0.0113957 0.0242262 0.0246286 0.0361184 0.0007346 0.0068107 0.0037534 0.0129346 0.0125527 0.0545207 0.5605994 0.0394881 0.0707507 0.0738765 0.0071296 0.0092433 0.0120354 0.0018389 0.0206820 0.0166804
 28 T  28 0.0360717 0.0493347 0.0812472 0.0606125 0.0010900 0.0085163 0.0172962 0.0218553 0.0033999 0.0028386 0.0072861 0.0693363 0.0015474 0.0000000 0.0256315 0.3341938 0.2730511 0.0000000 0.0011054 0.0055859
 29 E  29 0.0571142 0.0355934 0.0258413 0.1063768 0.0000000 0.0768518 0.4035818 0.0165732 0.0038327 0.0047632 0.0255688 0.0925206 0.0129006 0.0035132 0.0527323 0.0188083 0.0330060 0.0012625 0.0045259 0.0246333
 30 E  30 0.0300138 0.0093523 0.0203254 0.2906619 0.0019641 0.0402084 0.4641444 0.0348976 0.0024942 0.0126894 0.0108827 0.0226923 0.0063150 0.0016245 0.0035274 0.0238401 0.0133299 0.0000000 0.0022308 0.0088058
 31 Q  31 0.0125123 0.0396024 0.0131378 0.0294594 0.0007053 0.3574560 0.2789090 0.0043935 0.0105465 0.0028299 0.0159205 0.0364100 0.0164019 0.0011142 0.0509098 0.0656360 0.0568780 0.0000000 0.0030502 0.0041272
 32 K  32 0.0287711 0.0576509 0.0056385 0.0254671 0.0011427 0.0305435 0.1281842 0.0015271 0.0032907 0.3314924 0.0841834 0.1119455 0.0285350 0.0150259 0.0017260 0.0061501 0.0199751 0.0000000 0.0177324 0.1010187
 33 N  33 0.1965500 0.0376524 0.0391445 0.1074494 0.0026711 0.0949813 0.2681801 0.0210924 0.0063225 0.0105200 0.0126403 0.0914333 0.0115334 0.0018334 0.0014097 0.0544475 0.0197424 0.0000000 0.0006006 0.0217956
 34 E  34 0.0082118 0.0085380 0.0161224 0.1349212 0.0000000 0.0211889 0.6078275 0.1076790 0.0344960 0.0026196 0.0062381 0.0139636 0.0041751 0.0008197 0.0009784 0.0061781 0.0012955 0.0019620 0.0011070 0.0216782
 35 F  35 0.0042425 0.0000000 0.0000000 0.0000000 0.0018975 0.0000000 0.0021168 0.0000000 0.0000000 0.2269701 0.3869082 0.0000000 0.0347693 0.2480146 0.0000000 0.0012631 0.0015949 0.0013057 0.0749620 0.0159553
 36 K  36 0.0110106 0.2923378 0.0026475 0.0000000 0.0010328 0.0533069 0.0107382 0.0000000 0.0110720 0.0212673 0.0697175 0.3899509 0.0172336 0.0225375 0.0000000 0.0111650 0.0102980 0.0097944 0.0273687 0.0385213
 37 A  37 0.0945386 0.0202532 0.0198824 0.1005651 0.0007513 0.0509642 0.5467661 0.0046377 0.0030456 0.0051875 0.0136438 0.0959950 0.0041945 0.0018571 0.0000000 0.0115648 0.0170983 0.0016534 0.0000000 0.0074013
 38 A  38 0.7122724 0.0013198 0.0000000 0.0017030 0.0239821 0.0026153 0.0022779 0.0451645 0.0000000 0.0198602 0.0208093 0.0020395 0.0833878 0.0008735 0.0014509 0.0161448 0.0228431 0.0000000 0.0011983 0.0420577
 39 F  39 0.0016230 0.0000000 0.0000000 0.0000000 0.0000000 0.0000000 0.0000000 0.0000000 0.0000000 0.0027867 0.0449671 0.0000000 0.0096595 0.9330607 0.0000000 0.0000000 0.0000000 0.0026927 0.0025634 0.0026470
 40 D  40 0.0518378 0.2109889 0.0545983 0.1021906 0.0091942 0.0814198 0.0605785 0.0073565 0.0149199 0.0008694 0.0275945 0.1801811 0.0214289 0.0026398 0.0008914 0.1456216 0.0221306 0.0010995 0.0010820 0.0033765
 41 I  41 0.0254481 0.0092983 0.0292607 0.0012471 0.0028103 0.0151521 0.0419008 0.0059418 0.0192593 0.0678661 0.3433919 0.0064907 0.0899039 0.0345506 0.0000000 0.0279909 0.0135145 0.0032446 0.0539927 0.2087356
 42 F  42 0.0081182 0.0000000 0.0000000 0.0000000 0.0000000 0.0000000 0.0000000 0.0000000 0.0000000 0.0652207 0.0423999 0.0000000 0.0713158 0.7460663 0.0000000 0.0062760 0.0084915 0.0016222 0.0396294 0.0108599
 43 V  43 0.0025424 0.0000000 0.0022662 0.9669634 0.0000000 0.0030950 0.0072173 0.0015733 0.0000000 0.0013691 0.0000000 0.0000000 0.0000000 0.0000000 0.0000000 0.0014469 0.0010247 0.0000000 0.0000000 0.0125019
 44 L  44 0.0322979 0.1489274 0.0080530 0.0100068 0.0000000 0.0418288 0.0234994 0.0026311 0.0053977 0.0144392 0.0253716 0.4342383 0.0046895 0.0000000 0.0077714 0.0247544 0.1873940 0.0033384 0.0007852 0.0245759
 45 G  45 0.0045756 0.0086052 0.1379560 0.6622840 0.0000000 0.0130287 0.0903619 0.0074062 0.0085614 0.0000000 0.0000000 0.0181214 0.0000000 0.0000000 0.0000000 0.0093413 0.0315381 0.0000000 0.0000000 0.0082203
 46 A  46 0.0261239 0.0077156 0.1835183 0.0452838 0.0014740 0.0171638 0.0078944 0.6458056 0.0040908 0.0000000 0.0020898 0.0305445 0.0000000 0.0000000 0.0175340 0.0050405 0.0043657 0.0000000 0.0013552 0.0000000
 47 E  47 0.0182759 0.1012858 0.0167084 0.0240649 0.0087585 0.0476422 0.0637215 0.0407928 0.0276892 0.0032293 0.0092618 0.1754845 0.0000000 0.0000000 0.0052071 0.3764337 0.0763565 0.0000000 0.0000000 0.0050880
 48 D  48 0.0018562 0.0127539 0.2953372 0.4893927 0.0049689 0.0033622 0.0164049 0.0125769 0.0017557 0.0000000 0.0000000 0.0096411 0.0000000 0.0000000 0.0033874 0.0799549 0.0603142 0.0010507 0.0038957 0.0033473
 49 G  49 0.0013604 0.0000000 0.0034113 0.0000000 0.0018531 0.0000000 0.0053785 0.9702623 0.0000000 0.0000000 0.0000000 0.0017007 0.0127974 0.0000000 0.0000000 0.0032363 0.0000000 0.0000000 0.0000000 0.0000000
 50 S  50 0.0270868 0.0293096 0.0119894 0.0126334 0.0358786 0.0297469 0.0098188 0.0000000 0.0251763 0.0104558 0.0213492 0.1558784 0.0108735 0.1510941 0.0000000 0.0776755 0.2038013 0.0000000 0.1716325 0.0155998
 51 I  51 0.0025282 0.0000000 0.0000000 0.0000000 0.0000000 0.0000000 0.0000000 0.0000000 0.0014689 0.8953697 0.0193310 0.0000000 0.0051836 0.0017116 0.0000000 0.0018171 0.0011224 0.0000000 0.0000000 0.0714674
 52 S  52 0.0190073 0.0039656 0.0415213 0.1087622 0.0033628 0.0134802 0.0342373 0.0137236 0.0065248 0.0025977 0.0113678 0.0270428 0.0265758 0.0020400 0.0117664 0.2880980 0.3828835 0.0000000 0.0009068 0.0021363
 53 T  53 0.1859595 0.0322718 0.0042393 0.0024937 0.0109613 0.0173106 0.0130039 0.0252732 0.0048594 0.0564480 0.0756280 0.0649001 0.0154080 0.0720998 0.0299058 0.0552451 0.1403946 0.0046015 0.0765608 0.1124357
 54 K  54 0.1271252 0.0500734 0.0251850 0.1354833 0.0000000 0.0611568 0.1961633 0.0335103 0.0120864 0.0036838 0.0082775 0.2000311 0.0025864 0.0015926 0.0057027 0.1023403 0.0242303 0.0012040 0.0005842 0.0089835
 55 E  55 0.0040911 0.0000000 0.0376473 0.0900188 0.0000000 0.0625750 0.7706394 0.0013162 0.0009631 0.0017268 0.0000000 0.0106485 0.0028808 0.0000000 0.0000000 0.0048539 0.0033291 0.0000000 0.0027839 0.0065260
 56 L  56 0.0018391 0.0021105 0.0000000 0.0000000 0.0303167 0.0000000 0.0000000 0.0000000 0.0000000 0.0466845 0.8529624 0.0000000 0.0207758 0.0182155 0.0000000 0.0000000 0.0000000 0.0000000 0.0000000 0.0270956
 57 G  57 0.0367146 0.2391327 0.0139249 0.0016983 0.0041864 0.0404811 0.0457550 0.3043799 0.0126320 0.0103510 0.0116680 0.2480287 0.0039707 0.0029857 0.0015584 0.0135239 0.0034441 0.0000000 0.0024308 0.0031339
 58 K  58 0.0915440 0.0667725 0.0326613 0.0874219 0.0063160 0.0653255 0.0631196 0.0098743 0.1210552 0.0313997 0.0142666 0.0507648 0.0183057 0.0097168 0.0000000 0.0553626 0.1621152 0.0000000 0.0172631 0.0967152
 59 V  59 0.2105309 0.0026157 0.0009355 0.0000000 0.0236740 0.0000000 0.0008193 0.1105776 0.0000000 0.0592582 0.0638409 0.0139300 0.0233706 0.0072164 0.0000000 0.0085442 0.0117260 0.0000000 0.0018339 0.4611268
 60 M  60 0.0510632 0.0016875 0.0000000 0.0000000 0.0255076 0.0000000 0.0000000 0.0000000 0.0000000 0.0279633 0.3813632 0.0000000 0.4649958 0.0160629 0.0000000 0.0016399 0.0098046 0.0009341 0.0009105 0.0180675
 61 R  61 0.0692854 0.4207635 0.0117462 0.0084802 0.0030964 0.0396849 0.0324595 0.0116747 0.0177030 0.0154906 0.0100852 0.1353563 0.0171577 0.0027655 0.0103947 0.0315442 0.1421258 0.0033863 0.0009436 0.0158563
 62 M  62 0.1685665 0.0633815 0.0710492 0.0188863 0.0339182 0.0217106 0.1016094 0.0165302 0.0115778 0.0027083 0.0080773 0.0945050 0.0270649 0.0030152 0.0021747 0.2620223 0.0854556 0.0000000 0.0026860 0.0050610
 63 L  63 0.0073104 0.0016975 0.0018400 0.0050820 0.0062026 0.0165182 0.0051883 0.0000000 0.0053289 0.0457536 0.7095871 0.0051825 0.0529151 0.0474035 0.0027781 0.0052576 0.0161808 0.0013060 0.0177905 0.0466771
 64 G  64 0.0027583 0.0052235 0.0094188 0.0183684 0.0022888 0.0032807 0.0072786 0.9309010 0.0007068 0.0019620 0.0000000 0.0043987 0.0000000 0.0008186 0.0016310 0.0062501 0.0000000 0.0011930 0.0012025 0.0023191
 65 Q  65 0.0309192 0.0121782 0.0054512 0.0451570 0.0099865 0.2215906 0.2792464 0.0100548 0.0377967 0.0167547 0.0437071 0.0201142 0.0287641 0.0714036 0.0064339 0.0679623 0.0296335 0.0046128 0.0475600 0.0106733
 66 N  66 0.0113225 0.0493848 0.3202018 0.0488754 0.0092202 0.0386088 0.0854849 0.0197367 0.0172210 0.0050349 0.0055808 0.2197534 0.0393237 0.0127592 0.0236990 0.0381276 0.0401465 0.0000000 0.0098133 0.0057056
 67 P  67 0.0299565 0.0035542 0.0010844 0.0078957 0.0072268 0.0035794 0.0034674 0.0009058 0.0013597 0.0528522 0.3346604 0.0061266 0.0642971 0.0253521 0.3789097 0.0070703 0.0073187 0.0000000 0.0049927 0.0593905
 68 T  68 0.0168005 0.0213304 0.0316457 0.0395671 0.0012242 0.0066185 0.0085505 0.0172434 0.0009336 0.0038735 0.0067651 0.0673675 0.0078370 0.0013201 0.0210548 0.2139149 0.5258760 0.0000000 0.0000000 0.0080771
 69 P  69 0.0235099 0.0179529 0.0572059 0.2497691 0.0014419 0.0408954 0.3892746 0.0145889 0.0168400 0.0086573 0.0133198 0.0710184 0.0047483 0.0018845 0.0531334 0.0118177 0.0102188 0.0011051 0.0031862 0.0094319
 70 E  70 0.2246174 0.0248493 0.0142238 0.0915565 0.0012576 0.0345776 0.3112775 0.0240674 0.0035761 0.0081186 0.0067361 0.0471165 0.0203267 0.0024218 0.0170085 0.0944544 0.0242909 0.0023647 0.0032817 0.0438771
 71 E  71 0.0010948 0.0060373 0.0029373 0.1015719 0.0038377 0.0384041 0.7749651 0.0030071 0.0133788 0.0007618 0.0008034 0.0094640 0.0035380 0.0030810 0.0006246 0.0068951 0.0149210 0.0000000 0.0016550 0.0130221
 72 L  72 0.0248594 0.0000000 0.0000000 0.0000000 0.0160322 0.0000000 0.0010361 0.0030666 0.0000000 0.2498694 0.3726053 0.0000000 0.0118341 0.0167133 0.0000000 0.0011072 0.0052994 0.0000000 0.0000000 0.2975769
 73 Q  73 0.0366665 0.0930908 0.0335041 0.1687001 0.0019721 0.1962028 0.1537112 0.0046504 0.0173443 0.0192631 0.0510826 0.1479552 0.0100121 0.0038164 0.0036623 0.0128671 0.0130672 0.0007069 0.0205245 0.0112001
 74 E  74 0.0718560 0.0457143 0.0239223 0.1919454 0.0000000 0.1100111 0.3154011 0.0094974 0.0044471 0.0228095 0.0182259 0.0961185 0.0125056 0.0014339 0.0000000 0.0339643 0.0276380 0.0007180 0.0010861 0.0127053
 75 M  75 0.0055929 0.0007882 0.0000000 0.0000000 0.0057429 0.0013105 0.0025912 0.0000000 0.0163367 0.1576624 0.2815978 0.0000000 0.4439011 0.0090734 0.0000000 0.0017304 0.0008056 0.0045706 0.0057925 0.0625038
 76 I  76 0.0052711 0.0020368 0.0000000 0.0000000 0.0030427 0.0034588 0.0011473 0.0022588 0.0006130 0.4705893 0.1702913 0.0056043 0.1977421 0.0283350 0.0000000 0.0178501 0.0090610 0.0000000 0.0047079 0.0779906
 77 D  77 0.1191838 0.1391235 0.1276834 0.0941842 0.0027326 0.1129719 0.1014384 0.0453368 0.0250495 0.0043361 0.0097216 0.1203710 0.0014046 0.0024305 0.0012866 0.0599692 0.0211916 0.0000000 0.0056175 0.0059671
 78 E  78 0.1250867 0.0319850 0.0185380 0.1130785 0.0024778 0.0437966 0.4819744 0.0431025 0.0127427 0.0036119 0.0105147 0.0414398 0.0046278 0.0017940 0.0047934 0.0221577 0.0187172 0.0000000 0.0016922 0.0178690
 79 V  79 0.3467550 0.0000000 0.0026394 0.0000000 0.0027735 0.0019161 0.0029532 0.0183735 0.0392343 0.1045991 0.0500377 0.0020644 0.0112004 0.0199973 0.0230793 0.0193045 0.0072256 0.0000000 0.0146690 0.3331777
 80 D  80 0.0031280 0.0116777 0.0213287 0.8395374 0.0000000 0.0172296 0.0195437 0.0148338 0.0047172 0.0000000 0.0000000 0.0452453 0.0012342 0.0000000 0.0105527 0.0032913 0.0035930 0.0000000 0.0019678 0.0021195
 81 E  81 0.1080082 0.0399276 0.0030047 0.0041748 0.0035245 0.0531284 0.0966585 0.0084484 0.0043264 0.0969850 0.0748511 0.1025408 0.0406280 0.0122863 0.0480500 0.0375578 0.0977090 0.0000000 0.0047711 0.1634195
 82 D  82 0.0055286 0.0086143 0.1061329 0.7328006 0.0000000 0.0078196 0.0702990 0.0161166 0.0034122 0.0000000 0.0018499 0.0091681 0.0159972 0.0013175 0.0024030 0.0052930 0.0095441 0.0000000 0.0000000 0.0037035
 83 G  83 0.0163236 0.0236185 0.1651893 0.0092081 0.0057827 0.0238716 0.0227010 0.5332718 0.0110506 0.0015300 0.0132121 0.0780594 0.0131563 0.0021148 0.0117892 0.0642694 0.0023423 0.0008023 0.0000000 0.0017073
 84 S  84 0.0069135 0.0065382 0.2382347 0.4290527 0.0028191 0.0189505 0.0059288 0.0252433 0.0039071 0.0040874 0.0016306 0.0196101 0.0000000 0.0008371 0.0014531 0.1793790 0.0460262 0.0000000 0.0000000 0.0093887
 85 G  85 0.0099478 0.0122831 0.0091218 0.0081046 0.0000000 0.0027075 0.0056315 0.8901080 0.0047114 0.0000000 0.0011106 0.0391161 0.0018730 0.0009488 0.0027999 0.0095002 0.0007819 0.0000000 0.0000000 0.0012536
 86 T  86 0.0261012 0.1386048 0.0289481 0.0068688 0.0266882 0.1081432 0.0856652 0.0080284 0.0229364 0.0060167 0.0333431 0.1077132 0.0303135 0.0118974 0.0085440 0.0512836 0.2362116 0.0021383 0.0241793 0.0363748
 87 V  87 0.0031143 0.0000000 0.0000000 0.0000000 0.0000000 0.0000000 0.0000000 0.0040106 0.0000000 0.6306236 0.0941277 0.0000000 0.0131289 0.0133369 0.0000000 0.0000000 0.0018789 0.0000000 0.0000000 0.2397791
 88 D  88 0.0083054 0.0118167 0.2058748 0.5275795 0.0041815 0.0037862 0.0537439 0.0093786 0.0113081 0.0014255 0.0016913 0.0291994 0.0005179 0.0000000 0.0009486 0.1125825 0.0126102 0.0000000 0.0040409 0.0010089
 89 F  89 0.0064647 0.0018128 0.0000000 0.0000000 0.0075513 0.0079655 0.0220099 0.0014084 0.0020546 0.0076889 0.0201635 0.0050862 0.0064058 0.5021619 0.0036182 0.0005262 0.0009425 0.0036417 0.3948957 0.0056023
 90 D  90 0.0349450 0.0113471 0.0599788 0.1494986 0.0000000 0.0455695 0.3756216 0.0647032 0.0088320 0.0167604 0.0116627 0.0201516 0.0038438 0.0018473 0.0890153 0.0593811 0.0257593 0.0000000 0.0121565 0.0089260
 91 E  91 0.0123533 0.0042037 0.0046293 0.0914721 0.0000000 0.0235263 0.7724659 0.0059951 0.0057047 0.0000000 0.0018132 0.0052496 0.0045731 0.0000000 0.0000000 0.0065061 0.0449942 0.0000000 0.0006357 0.0158778
 92 F  92 0.0019366 0.0000000 0.0000000 0.0000000 0.0018971 0.0000000 0.0000000 0.0000000 0.0000000 0.0000000 0.0211267 0.0000000 0.0000000 0.9585840 0.0000000 0.0011803 0.0000000 0.0033250 0.0090890 0.0028614
 93 L  93 0.0330844 0.0083722 0.0023986 0.0014672 0.0327700 0.0050778 0.0122719 0.0044773 0.0018313 0.1285288 0.3565336 0.0167340 0.0312873 0.0146263 0.0000000 0.0099908 0.0137622 0.0010028 0.0070399 0.3187436
 94 V  94 0.1814316 0.1055474 0.0496152 0.0258180 0.0097805 0.0530829 0.0640246 0.0116091 0.0248725 0.0085371 0.0089513 0.0986078 0.0116211 0.0028853 0.0629070 0.0541756 0.1845367 0.0018847 0.0141425 0.0259692
 95 M  95 0.1065306 0.0039152 0.0000000 0.0000000 0.0010022 0.0000000 0.0025711 0.0000000 0.0007674 0.1730272 0.1866605 0.0088325 0.4144515 0.0134350 0.0032985 0.0031672 0.0029846 0.0030735 0.0038409 0.0724422
 96 M  96 0.0060044 0.0000000 0.0074043 0.0000000 0.0015801 0.0000000 0.0000000 0.0000000 0.0215364 0.0521549 0.1248540 0.0009679 0.6659686 0.0119741 0.0000000 0.0045889 0.0505161 0.0042138 0.0124362 0.0358003
 97 V  97 0.1656275 0.0517520 0.0272924 0.0020403 0.0080229 0.0889923 0.0154940 0.0710506 0.0402134 0.0228141 0.0652735 0.0786967 0.0279442 0.0016092 0.0009586 0.1040790 0.1642645 0.0000000 0.0083807 0.0554941
 98 R  98 0.0727450 0.2523016 0.0271283 0.0124896 0.0010995 0.0574076 0.0492920 0.0167070 0.0940725 0.0081187 0.0065715 0.2027794 0.0146565 0.0000000 0.0612645 0.0425319 0.0692005 0.0000000 0.0016102 0.0100237
 99 C  99 0.0092039 0.0619384 0.0168743 0.0039118 0.0163023 0.0897094 0.0142503 0.0314035 0.0326039 0.0670270 0.0681852 0.4366662 0.0385509 0.0097413 0.0183844 0.0204558 0.0092496 0.0013062 0.0186960 0.0355394
100 M 100 0.0495344 0.0438180 0.0888842 0.0188366 0.0000000 0.0315308 0.0275031 0.0071754 0.0072288 0.0873516 0.1612044 0.0307232 0.2839826 0.0024870 0.0047745 0.0693337 0.0451796 0.0000000 0.0115700 0.0288821
101 K 101 0.0547122 0.1023752 0.0536466 0.0166151 0.0000000 0.0670763 0.0415896 0.0570946 0.0104772 0.0057091 0.0896796 0.3678104 0.0047092 0.0030928 0.0076519 0.0771946 0.0243532 0.0000000 0.0048563 0.0113560
102 D 102 0.0279577 0.0738707 0.1127672 0.2101464 0.0015108 0.0361866 0.2945006 0.0414249 0.0069925 0.0206727 0.0302039 0.0342248 0.0269624 0.0044557 0.0106704 0.0237805 0.0273907 0.0000000 0.0000000 0.0162816
103 D 103 0.0128845 0.0786123 0.0213351 0.3633055 0.0012959 0.0269010 0.2111829 0.0177633 0.0012235 0.0029729 0.0103106 0.1267273 0.0012103 0.0053036 0.0135106 0.0237679 0.0789217 0.0013606 0.0000000 0.0014105
104 S 104 0.3387453 0.0628831 0.0324381 0.1976547 0.0000000 0.0083413 0.0528516 0.0189083 0.0021427 0.0123067 0.0031015 0.0202807 0.0016350 0.0139116 0.0604608 0.1098592 0.0506468 0.0000000 0.0013500 0.0124826
105 E 105 0.0181248 0.0135277 0.0015387 0.0498434 0.0000000 0.0564449 0.2722541 0.0037964 0.0033528 0.0026258 0.0069128 0.0582619 0.0069678 0.4408660 0.0066720 0.0227309 0.0106224 0.0000000 0.0200256 0.0054319
106 N 106 0.0214733 0.2108186 0.0465581 0.1187368 0.0000000 0.0611070 0.3098183 0.0050128 0.0280441 0.0000000 0.0032314 0.1295379 0.0064906 0.0000000 0.0000000 0.0388254 0.0140643 0.0000000 0.0018674 0.0044141
107 L 107 0.0189155 0.0038037 0.0041119 0.0574874 0.0000000 0.0129941 0.2697383 0.0017339 0.0841642 0.0641015 0.1118661 0.0018799 0.0387537 0.0382204 0.0000000 0.0059206 0.0094654 0.0000000 0.0498541 0.2269892
108 Y 108 0.0034642 0.0030247 0.0000000 0.0032234 0.0000000 0.0000000 0.0000000 0.0000000 0.0000000 0.1352847 0.1013767 0.0000000 0.0108234 0.7081303 0.0000000 0.0039837 0.0046942 0.0000000 0.0224955 0.0034992
109 F 109 0.0054762 0.0751528 0.0000000 0.7203809 0.0000000 0.0050581 0.0023631 0.0000000 0.0077677 0.0069372 0.0504636 0.0222385 0.0178680 0.0066745 0.0000000 0.0078513 0.0011039 0.0309625 0.0000000 0.0397018
110 Q 110 0.0162168 0.1067479 0.0207309 0.0499720 0.0000000 0.0644416 0.1519408 0.0023034 0.0036282 0.0106582 0.0251469 0.4756848 0.0036574 0.0000000 0.0000000 0.0147383 0.0372643 0.0000000 0.0019128 0.0149556
111 G 111 0.1804820 0.0013560 0.1481490 0.5000325 0.0171054 0.0052065 0.0586557 0.0476808 0.0124739 0.0000000 0.0000000 0.0031266 0.0000000 0.0155340 0.0000000 0.0067431 0.0000000 0.0000000 0.0000000 0.0034546
112 R 112 0.0278506 0.0253490 0.1053650 0.0519363 0.0029699 0.0496488 0.0096786 0.4123224 0.0117790 0.0000000 0.0423617 0.0598245 0.0000000 0.1764578 0.0000000 0.0218181 0.0000000 0.0000000 0.0000000 0.0026384
113 R 113 0.0053322 0.1631037 0.2009085 0.2089372 0.0000000 0.0045977 0.0068982 0.0000000 0.0038917 0.0000000 0.0072834 0.0639469 0.0314757 0.0000000 0.0000000 0.2267611 0.0768635 0.0000000 0.0000000 0.0000000
114 V 114 0.0021179 0.0000000 0.0000000 0.0000000 0.0000000 0.0319786 0.0020750 0.8504944 0.0000000 0.0090042 0.0067240 0.0000000 0.0048137 0.0000000 0.0000000 0.0020345 0.0052453 0.0017984 0.0000000 0.0837140
115 R 115 0.0045075 0.0401351 0.0000000 0.0068197 0.0084285 0.0210282 0.0185194 0.0000000 0.0269716 0.0053206 0.0213049 0.1121570 0.0058446 0.2921295 0.0000000 0.0335747 0.0607150 0.0000000 0.3338892 0.0086545
116 I 116 0.0032246 0.0000000 0.0000000 0.0629423 0.0000000 0.0000000 0.0040046 0.0000000 0.0000000 0.8054483 0.0423261 0.0000000 0.0029836 0.0034336 0.0000000 0.0000000 0.0000000 0.0000000 0.0000000 0.0756369
117 S 117 0.0108234 0.0000000 0.0323997 0.0562485 0.0080055 0.0176879 0.0456111 0.0077749 0.0064818 0.0000000 0.0061740 0.0597146 0.0313187 0.0023856 0.0185965 0.3749390 0.3203064 0.0000000 0.0000000 0.0015323
118 A 118 0.2575855 0.0557130 0.0032648 0.0113762 0.0024125 0.0214500 0.0603642 0.0262480 0.0070975 0.0585457 0.0815838 0.0286379 0.0203231 0.0614258 0.0446484 0.0617374 0.0546266 0.0092675 0.0080594 0.1256326
119 D 119 0.2531733 0.0244297 0.0338721 0.2175532 0.0000000 0.0359000 0.1695087 0.0276180 0.0052302 0.0085797 0.0041570 0.0809844 0.0021137 0.0020249 0.0080449 0.0925981 0.0251258 0.0010546 0.0014585 0.0065732
120 A 120 0.0101605 0.0000000 0.0807977 0.0711772 0.0023009 0.0030563 0.7826573 0.0030953 0.0034027 0.0000000 0.0000000 0.0113765 0.0000000 0.0000000 0.0000000 0.0051719 0.0093713 0.0000000 0.0079981 0.0094343
121 M 121 0.0000000 0.0052372 0.0000000 0.0000000 0.0000000 0.0000000 0.0000000 0.0000000 0.0000000 0.0600344 0.8594175 0.0000000 0.0431053 0.0235298 0.0000000 0.0000000 0.0000000 0.0000000 0.0000000 0.0086758
122 M 122 0.0130403 0.4559524 0.0028485 0.0037793 0.0090526 0.0906457 0.0879666 0.0185758 0.0122637 0.0082039 0.0036882 0.2478180 0.0066353 0.0042395 0.0000000 0.0122428 0.0049661 0.0000000 0.0073086 0.0107725
123 Q 123 0.0578483 0.1305535 0.0200280 0.0260458 0.0056212 0.1439481 0.0831173 0.0000000 0.2939661 0.0184761 0.0139426 0.0424580 0.0128193 0.0125761 0.0000000 0.0539697 0.0368101 0.0000000 0.0298291 0.0179907
124 A 124 0.2589711 0.0021292 0.0023532 0.0000000 0.0056312 0.0000000 0.0021532 0.0063086 0.0000000 0.0924929 0.0648557 0.0230385 0.0333479 0.0102381 0.0037844 0.0116986 0.0147230 0.0000000 0.0024276 0.4658469
125 L 125 0.1044842 0.0043387 0.0000000 0.0026286 0.0532825 0.0000000 0.0000000 0.0000000 0.0000000 0.0101668 0.4504855 0.0000000 0.3267915 0.0113408 0.0000000 0.0041555 0.0130465 0.0014091 0.0023507 0.0155195
126 L 126 0.0951033 0.0880714 0.0224985 0.0292119 0.0056761 0.0402664 0.0546389 0.0094074 0.0143740 0.0379400 0.0107366 0.1553717 0.0334832 0.0086226 0.0104991 0.0467257 0.2819582 0.0022404 0.0148136 0.0383607
127 G 127 0.0496038 0.0289456 0.1737940 0.0505475 0.0208431 0.0266995 0.2140339 0.0275484 0.0345365 0.0066048 0.0046861 0.0692435 0.0044882 0.0027429 0.0016884 0.1320003 0.1408354 0.0000000 0.0000000 0.0111582
128 A 128 0.0262307 0.0016255 0.0038224 0.0149043 0.0035586 0.0071980 0.0166758 0.0026744 0.0168014 0.0559697 0.5755670 0.0052964 0.0644064 0.0891765 0.0038256 0.0111678 0.0334134 0.0000000 0.0460627 0.0216232
129 R 129 0.0031155 0.0137651 0.0124263 0.0210818 0.0173350 0.0064437 0.0128263 0.8519836 0.0019177 0.0026660 0.0112607 0.0076040 0.0050751 0.0178345 0.0020044 0.0083946 0.0000000 0.0000000 0.0000000 0.0042658
130 A 130 0.0153250 0.0163546 0.0068982 0.0954193 0.0061836 0.0274848 0.5921147 0.0059831 0.0205564 0.0265637 0.0586084 0.0124435 0.0713504 0.0073528 0.0016206 0.0041235 0.0045987 0.0045617 0.0000000 0.0224569
131 K 131 0.0179065 0.0866266 0.1353615 0.0782926 0.0015332 0.0403598 0.0287486 0.0634086 0.0439402 0.0038493 0.0021687 0.3444389 0.0070042 0.0000000 0.0392193 0.0243208 0.0620762 0.0000000 0.0136194 0.0071256
132 E 132 0.0106234 0.0016769 0.0085526 0.1405534 0.0109657 0.0081965 0.0051433 0.0000000 0.0204718 0.0528777 0.4897781 0.0122460 0.1040197 0.0399992 0.0234607 0.0047203 0.0077192 0.0000000 0.0045481 0.0544474
133 S 133 0.0347548 0.0069198 0.0239552 0.0228669 0.0083600 0.0109879 0.0451799 0.0239179 0.0019842 0.0232621 0.0223097 0.0202036 0.0014855 0.0000000 0.0177498 0.2563721 0.4732327 0.0000000 0.0022426 0.0042153
134 L 134 0.0534184 0.0190032 0.0303514 0.3815966 0.0034601 0.0413085 0.2412701 0.0071724 0.0104620 0.0199246 0.0308970 0.0248683 0.0252415 0.0000000 0.0353478 0.0102318 0.0341235 0.0028159 0.0050858 0.0234212
135 D 135 0.0534989 0.0397114 0.0091300 0.1993659 0.0014980 0.0310833 0.4527618 0.0078255 0.0154790 0.0000000 0.0024959 0.0806566 0.0000000 0.0000000 0.0058648 0.0429982 0.0409181 0.0058790 0.0000000 0.0108336
136 L 136 0.0025873 0.0046849 0.0000000 0.0780784 0.0000000 0.0188558 0.7410490 0.0000000 0.0000000 0.0885788 0.0263246 0.0043745 0.0056743 0.0000000 0.0000000 0.0000000 0.0107582 0.0000000 0.0000000 0.0190341
137 R 137 0.0439463 0.0097641 0.0077045 0.0122259 0.0171392 0.0143680 0.0121288 0.0076836 0.0000000 0.1701995 0.1880775 0.0601170 0.0331773 0.0229966 0.0000000 0.0030848 0.0108303 0.0000000 0.0000000 0.3865566
138 A 138 0.0372469 0.0356857 0.0138090 0.3358570 0.0000000 0.0995126 0.3719582 0.0029901 0.0051545 0.0000000 0.0063821 0.0289486 0.0014188 0.0102876 0.0090719 0.0152200 0.0103682 0.0000000 0.0025604 0.0135283
139 H 139 0.0687506 0.0114121 0.0430638 0.0991832 0.0000000 0.1015741 0.4259371 0.0076481 0.0192092 0.0661632 0.0083113 0.0278440 0.0461408 0.0000000 0.0000000 0.0289365 0.0223925 0.0000000 0.0000000 0.0234336
140 L 140 0.0000000 0.0000000 0.0000000 0.0000000 0.0000000 0.0000000 0.0000000 0.0000000 0.0000000 0.1576330 0.2839242 0.0000000 0.5584428 0.0000000 0.0000000 0.0000000 0.0000000 0.0000000 0.0000000 0.0000000
141 K 141 0.0000000 0.3036926 0.0000000 0.0000000 0.0000000 0.1755867 0.1361850 0.0000000 0.0000000 0.0000000 0.0000000 0.3845357 0.0000000 0.0000000 0.0000000 0.0000000 0.0000000 0.0000000 0.0000000 0.0000000
