  141         A         R         N         D         C         Q         E         G         H         I         L         K         M         F         P         S         T         W         Y         V         X    
  1 M   1 0.0000000 0.0000000 0.0000000 0.0000000 0.0000000 0.0000000 0.0000000 0.0000000 0.0000000 0.0000000 0.0137462 0.0000000 0.0237465 0.0066305 0.0000000 0.0000000 0.0000000 0.0000000 0.0000000 0.0025327 0.9533441
  2 H   2 0.0093894 0.0049700 0.0080042 0.0000000 0.0010723 0.0057417 0.0335789 0.0011543 0.0091716 0.0031538 0.0000000 0.0029990 0.0021426 0.0000000 0.0124135 0.0076538 0.0111545 0.0000000 0.0000000 0.0000000 0.8874005
  3 H   3 0.0027092 0.0000000 0.0032070 0.0000000 0.0000000 0.0038134 0.0000000 0.0065055 0.0327092 0.0326381 0.0024487 0.0051300 0.0032243 0.0201996 0.0000000 0.0009378 0.0077466 0.0000000 0.0067140 0.0036910 0.8683256
  4 H   4 0.0000000 0.0017157 0.0079815 0.2487114 0.0000000 0.0127613 0.0058007 0.0062122 0.0176613 0.0000000 0.0014969 0.0194033 0.0000000 0.0000000 0.0019479 0.0017382 0.0000000 0.0000000 0.0029990 0.0000000 0.6715707
  5 H   5 0.0058418 0.0076386 0.0017607 0.0088893 0.0000000 0.0133947 0.0281717 0.0028575 0.0154652 0.0371929 0.0230627 0.0407720 0.0119882 0.0016271 0.0238640 0.0121936 0.0205813 0.0000000 0.0000000 0.0766998 0.6679989
  6 H   6 0.0000000 0.0129681 0.0341740 0.2644104 0.0000000 0.0043957 0.0125535 0.0027281 0.0092750 0.0032492 0.0041417 0.0140640 0.0017707 0.0000000 0.0000000 0.0050155 0.0028150 0.0000000 0.0000000 0.0129225 0.6155168
  7 H   7 0.0093569 0.0115695 0.0554576 0.0055844 0.0000000 0.0114244 0.0038888 0.2049076 0.0039501 0.0000000 0.0040349 0.0362379 0.0050920 0.0000000 0.0086138 0.0191945 0.0145771 0.0000000 0.0000000 0.0000000 0.6061103
  8 G   8 0.0161229 0.0089271 0.1230565 0.0901895 0.0023172 0.0000000 0.0037194 0.0218944 0.0024559 0.0036664 0.0000000 0.0067191 0.0000000 0.0000000 0.0000000 0.1017156 0.0158011 0.0000000 0.0000000 0.0008057 0.6026092
  9 G   9 0.0050568 0.0043176 0.0037045 0.0018070 0.0000000 0.0000000 0.0126353 0.3439178 0.0020134 0.0000000 0.0000000 0.0119351 0.0000000 0.0000000 0.0000000 0.0062469 0.0056812 0.0000000 0.0000000 0.0009696 0.6017150
 10 L  10 0.0149884 0.0405259 0.0102973 0.0037899 0.0066561 0.0075335 0.0316791 0.0028388 0.0067383 0.0066488 0.0304043 0.0322551 0.0105347 0.0074260 0.0006261 0.0267136 0.1382996 0.0000000 0.0092446 0.0169353 0.5958645
 11 V  11 0.0012120 0.0000000 0.0038490 0.0085929 0.0000000 0.0000000 0.0011086 0.0080846 0.0000000 0.2408582 0.0558955 0.0033097 0.0072451 0.0041399 0.0000000 0.0000000 0.0031098 0.0000000 0.0000000 0.0700603 0.5925343
 12 P  12 0.0076170 0.0021072 0.0199946 0.2712784 0.0000000 0.0024920 0.0111901 0.0125780 0.0008931 0.0000000 0.0018699 0.0000000 0.0000000 0.0016357 0.0092819 0.0411530 0.0089860 0.0000000 0.0129535 0.0000000 0.5959696
 13 R  13 0.0052504 0.0074957 0.0000000 0.0029990 0.0012241 0.0008205 0.0076331 0.0010154 0.0009627 0.0049461 0.0143753 0.0157450 0.0018919 0.1746006 0.0077317 0.0029351 0.0023462 0.0020842 0.0671547 0.0021192 0.6766693
 14 G  14 0.0080752 0.0045592 0.0138605 0.0282813 0.0000000 0.0209993 0.0838627 0.0584033 0.0000000 0.0113577 0.0031057 0.0174474 0.0007993 0.0008844 0.0301681 0.0307669 0.0046742 0.0000000 0.0012293 0.0030112 0.6785142
 15 S  15 0.0029668 0.0025985 0.0203320 0.0136232 0.0000000 0.0091496 0.2163122 0.0041086 0.0043555 0.0015600 0.0010372 0.0048012 0.0006790 0.0032409 0.0024155 0.0224171 0.0324027 0.0023172 0.0000000 0.0101075 0.6455753
 16 M  16 0.0034119 0.0000000 0.0000000 0.0000000 0.0049128 0.0000000 0.0036871 0.0000000 0.0000000 0.0043792 0.0069389 0.0017557 0.0127150 0.3800914 0.0075669 0.0000000 0.0000000 0.0010336 0.0472533 0.0000000 0.5262543
 17 D  17 0.0124406 0.0055694 0.0223042 0.0403696 0.0096825 0.0090643 0.0384744 0.0074861 0.0040704 0.0422608 0.1415180 0.0075846 0.0035224 0.0012176 0.0374134 0.0226468 0.0174255 0.0005549 0.0037715 0.0513173 0.5213056
 18 D  18 0.0216570 0.0126545 0.0236715 0.0613342 0.0043475 0.0115895 0.1649614 0.0059517 0.0087464 0.0050297 0.0073602 0.0099227 0.0089119 0.0041919 0.0428843 0.0200859 0.0333415 0.0000000 0.0054218 0.0064091 0.5415273
 19 I  19 0.0138520 0.0088545 0.0000000 0.0014696 0.0011173 0.0018787 0.0015484 0.0015956 0.0017557 0.0702286 0.0625978 0.0043384 0.0762591 0.1863293 0.0027934 0.0043253 0.0024155 0.0000000 0.0000000 0.0220770 0.5365638
 20 Y  20 0.0145836 0.0007191 0.0079185 0.0012526 0.0075751 0.0055732 0.0000000 0.0011551 0.0000000 0.0420575 0.2385015 0.0041502 0.1341632 0.0118588 0.0056703 0.0214404 0.0080404 0.0047781 0.0221671 0.0542788 0.4141163
 21 K  21 0.0579553 0.1116034 0.0149000 0.0115213 0.0015669 0.0571187 0.0225613 0.0084298 0.0163336 0.0071590 0.0126639 0.1004540 0.0019576 0.0027000 0.0000000 0.0655149 0.1135425 0.0005972 0.0063300 0.0142904 0.3728001
 22 A  22 0.1300053 0.0437492 0.0096532 0.0059744 0.0052257 0.0097471 0.0121705 0.0066035 0.0152884 0.0305979 0.0570062 0.0779044 0.0745646 0.0041918 0.0039621 0.0363879 0.0232054 0.0021441 0.0026243 0.1223542 0.3266398
 23 A  23 0.0714758 0.0197693 0.0063336 0.0043406 0.0011173 0.0299157 0.0077623 0.0027821 0.0012824 0.1530727 0.0167025 0.0565448 0.2791218 0.0059641 0.0024672 0.0137554 0.0429697 0.0022082 0.0030823 0.0463932 0.2329391
 24 V  24 0.2757194 0.0273152 0.0093919 0.0078412 0.0017324 0.0057795 0.0090315 0.0340176 0.0074798 0.0363741 0.0183384 0.0707281 0.1089563 0.0061858 0.0050035 0.0698073 0.0802623 0.0015484 0.0033730 0.0419120 0.1792022
 25 E  25 0.0350410 0.0643659 0.0267016 0.1207662 0.0023520 0.0515723 0.1475298 0.0335026 0.0611928 0.0327359 0.0224350 0.1120028 0.0066491 0.0045076 0.0353724 0.0371672 0.0168114 0.0000000 0.0043803 0.0198518 0.1650623
 26 Q  26 0.0141871 0.0516407 0.0916927 0.0586428 0.0135433 0.1116551 0.1364131 0.0358420 0.0720371 0.0071734 0.0104480 0.1266100 0.0252792 0.0166885 0.0061542 0.0464198 0.0307782 0.0019449 0.0105064 0.0056636 0.1266799
 27 L  27 0.0099888 0.0210700 0.0230701 0.0354517 0.0006322 0.0060741 0.0033034 0.0118379 0.0124660 0.0469894 0.4842698 0.0363678 0.0652982 0.0629468 0.0063030 0.0082535 0.0108103 0.0016089 0.0184329 0.0146065 0.1202187
 28 T  28 0.0316748 0.0461959 0.0746189 0.0553035 0.0009543 0.0080537 0.0156072 0.0196803 0.0030228 0.0024987 0.0067038 0.0659238 0.0013518 0.0000000 0.0223918 0.2959443 0.2400689 0.0000000 0.0010125 0.0049646 0.1040284
 29 E  29 0.0543453 0.0335852 0.0237018 0.1013175 0.0000000 0.0709910 0.3743393 0.0156194 0.0035559 0.0044331 0.0261688 0.0872174 0.0127790 0.0033186 0.0484535 0.0173793 0.0311107 0.0011638 0.0042905 0.0223803 0.0638495
 30 E  30 0.0285331 0.0086435 0.0188932 0.2740167 0.0018312 0.0367876 0.4318096 0.0331974 0.0025001 0.0124143 0.0110580 0.0207300 0.0062247 0.0014990 0.0033631 0.0221361 0.0124922 0.0000000 0.0020595 0.0085836 0.0632270
 31 Q  31 0.0119313 0.0372576 0.0118803 0.0268085 0.0006559 0.3181666 0.2518728 0.0043675 0.0101238 0.0024873 0.0143553 0.0339410 0.0151395 0.0010282 0.0462371 0.0631987 0.0526366 0.0000000 0.0026744 0.0038048 0.0914328
 32 K  32 0.0250867 0.0529953 0.0052848 0.0237594 0.0009858 0.0267502 0.1198120 0.0013757 0.0029316 0.2901967 0.0733454 0.0985158 0.0250484 0.0135399 0.0014833 0.0056158 0.0176206 0.0000000 0.0163399 0.0888569 0.1104557
 33 N  33 0.1768645 0.0338145 0.0337803 0.0990772 0.0023701 0.0861160 0.2535084 0.0188117 0.0056556 0.0094281 0.0115275 0.0835257 0.0101454 0.0016170 0.0012385 0.0488354 0.0175167 0.0000000 0.0009896 0.0197167 0.0854610
 34 E  34 0.0076410 0.0080220 0.0162385 0.1292257 0.0000000 0.0198211 0.5813930 0.0993128 0.0345263 0.0024623 0.0058052 0.0131258 0.0040258 0.0007599 0.0009202 0.0058255 0.0012172 0.0018470 0.0010800 0.0202478 0.0465028
 35 F  35 0.0038950 0.0000000 0.0000000 0.0000000 0.0019030 0.0000000 0.0019504 0.0000000 0.0000000 0.2221075 0.3762237 0.0000000 0.0336410 0.2342617 0.0000000 0.0011747 0.0015364 0.0012141 0.0713785 0.0156815 0.0350328
 36 K  36 0.0107489 0.2855692 0.0025731 0.0000000 0.0009960 0.0516958 0.0102782 0.0000000 0.0112073 0.0213035 0.0684527 0.3728873 0.0173034 0.0223227 0.0000000 0.0111277 0.0096943 0.0093590 0.0282053 0.0389480 0.0273275
 37 A  37 0.0915050 0.0206188 0.0193269 0.0975269 0.0008360 0.0488892 0.5333883 0.0051189 0.0029516 0.0050657 0.0133228 0.0969662 0.0040691 0.0017874 0.0000000 0.0117077 0.0173863 0.0015170 0.0000000 0.0073241 0.0206921
 38 A  38 0.7044664 0.0012960 0.0000000 0.0016176 0.0230497 0.0024480 0.0021503 0.0446662 0.0000000 0.0190005 0.0199613 0.0019077 0.0794666 0.0008325 0.0013736 0.0158193 0.0220571 0.0000000 0.0011530 0.0419851 0.0167490
 39 F  39 0.0014996 0.0000000 0.0000000 0.0000000 0.0000000 0.0000000 0.0000000 0.0000000 0.0000000 0.0026006 0.0445824 0.0000000 0.0092968 0.9171371 0.0000000 0.0000000 0.0000000 0.0025318 0.0023978 0.0024559 0.0174981
 40 D  40 0.0506672 0.2147564 0.0526105 0.0973558 0.0088438 0.0822078 0.0599729 0.0070436 0.0145007 0.0008301 0.0265328 0.1761267 0.0207881 0.0024985 0.0008675 0.1419074 0.0215176 0.0010883 0.0010494 0.0032731 0.0155619
 41 I  41 0.0249762 0.0090355 0.0281599 0.0011873 0.0027186 0.0145137 0.0416949 0.0055143 0.0194458 0.0650836 0.3331168 0.0063042 0.0870630 0.0345779 0.0000000 0.0266973 0.0131380 0.0031229 0.0566607 0.2119056 0.0150837
 42 F  42 0.0077990 0.0000000 0.0000000 0.0000000 0.0000000 0.0000000 0.0000000 0.0000000 0.0000000 0.0625780 0.0408109 0.0000000 0.0681792 0.7417426 0.0000000 0.0058922 0.0080930 0.0015329 0.0380583 0.0102302 0.0150837
 43 V  43 0.0027014 0.0000000 0.0021034 0.9532690 0.0000000 0.0028523 0.0068728 0.0014617 0.0000000 0.0012640 0.0000000 0.0000000 0.0000000 0.0000000 0.0000000 0.0013416 0.0009674 0.0000000 0.0000000 0.0108135 0.0163529
 44 L  44 0.0303268 0.1406998 0.0075185 0.0095737 0.0000000 0.0397742 0.0228630 0.0024823 0.0050075 0.0138682 0.0234100 0.4222440 0.0044350 0.0000000 0.0071746 0.0232780 0.1741032 0.0029990 0.0007593 0.0229410 0.0465420
 45 G  45 0.0042960 0.0084087 0.1328611 0.6460518 0.0000000 0.0122221 0.0870914 0.0058719 0.0082822 0.0000000 0.0000000 0.0171455 0.0000000 0.0000000 0.0000000 0.0086555 0.0292348 0.0000000 0.0000000 0.0076910 0.0321880
 46 A  46 0.0191797 0.0061096 0.1453606 0.0378677 0.0012318 0.0136068 0.0062754 0.5127679 0.0031359 0.0000000 0.0016218 0.0235288 0.0000000 0.0000000 0.0133111 0.0038212 0.0033919 0.0000000 0.0010344 0.0000000 0.2077554
 47 E  47 0.0119297 0.0636055 0.0104703 0.0151309 0.0057737 0.0313171 0.0390967 0.0259795 0.0174519 0.0019403 0.0058752 0.1083833 0.0000000 0.0000000 0.0031659 0.2378543 0.0478407 0.0000000 0.0000000 0.0030032 0.3711819
 48 D  48 0.0012230 0.0082163 0.2013742 0.3209747 0.0032373 0.0021968 0.0103980 0.0080859 0.0011559 0.0000000 0.0000000 0.0062787 0.0000000 0.0000000 0.0021426 0.0534824 0.0409609 0.0007149 0.0024873 0.0020970 0.3349742
 49 G  49 0.0012837 0.0000000 0.0031845 0.0000000 0.0016709 0.0000000 0.0049259 0.9399455 0.0000000 0.0000000 0.0000000 0.0016218 0.0118675 0.0000000 0.0000000 0.0030471 0.0000000 0.0000000 0.0000000 0.0000000 0.0324530
 50 S  50 0.0261395 0.0286177 0.0115384 0.0122444 0.0343505 0.0290113 0.0099780 0.0000000 0.0251571 0.0102949 0.0213596 0.1528076 0.0106408 0.1531445 0.0000000 0.0754665 0.1923497 0.0000000 0.1758938 0.0156167 0.0153889
 51 I  51 0.0024854 0.0000000 0.0000000 0.0000000 0.0000000 0.0000000 0.0000000 0.0000000 0.0010456 0.8833673 0.0189163 0.0000000 0.0051368 0.0016138 0.0000000 0.0015760 0.0010574 0.0000000 0.0000000 0.0712844 0.0135171
 52 S  52 0.0185009 0.0038256 0.0407891 0.1065657 0.0033190 0.0131533 0.0342831 0.0136597 0.0065270 0.0024873 0.0109103 0.0256025 0.0270282 0.0019695 0.0113642 0.2909282 0.3726238 0.0000000 0.0008649 0.0020805 0.0135171
 53 T  53 0.1896848 0.0337650 0.0042181 0.0024916 0.0105846 0.0171222 0.0126875 0.0259871 0.0045405 0.0564373 0.0747012 0.0634109 0.0154768 0.0717410 0.0294685 0.0548413 0.1298347 0.0044692 0.0743395 0.1120982 0.0120999
 54 K  54 0.1314165 0.0491014 0.0245043 0.1371137 0.0000000 0.0590441 0.1940037 0.0329026 0.0116464 0.0037363 0.0080587 0.1900128 0.0029295 0.0015465 0.0057111 0.1005116 0.0238520 0.0011562 0.0005842 0.0087846 0.0133836
 55 E  55 0.0039018 0.0000000 0.0387533 0.0882755 0.0000000 0.0603183 0.7622622 0.0012654 0.0009322 0.0016459 0.0000000 0.0108372 0.0027658 0.0000000 0.0000000 0.0046606 0.0031965 0.0000000 0.0027186 0.0063667 0.0120999
 56 L  56 0.0016936 0.0019563 0.0000000 0.0000000 0.0288717 0.0000000 0.0000000 0.0000000 0.0000000 0.0458449 0.8442270 0.0000000 0.0201893 0.0180712 0.0000000 0.0000000 0.0000000 0.0000000 0.0000000 0.0261505 0.0129956
 57 G  57 0.0356983 0.2454346 0.0134657 0.0017076 0.0040662 0.0421104 0.0474341 0.2902239 0.0127048 0.0100878 0.0113154 0.2452908 0.0038347 0.0029362 0.0015180 0.0134175 0.0033846 0.0000000 0.0024052 0.0031286 0.0098356
 58 K  58 0.0898666 0.0676256 0.0319677 0.0853220 0.0061317 0.0678295 0.0630002 0.0095305 0.1273939 0.0309041 0.0142078 0.0478376 0.0179838 0.0095593 0.0000000 0.0550396 0.1534738 0.0000000 0.0172357 0.0945910 0.0104996
 59 V  59 0.2116563 0.0024559 0.0009827 0.0000000 0.0231783 0.0000000 0.0008211 0.1065384 0.0000000 0.0588880 0.0620511 0.0135808 0.0232889 0.0072941 0.0000000 0.0089087 0.0115027 0.0000000 0.0017431 0.4535819 0.0135279
 60 M  60 0.0524500 0.0016176 0.0000000 0.0000000 0.0266719 0.0000000 0.0000000 0.0000000 0.0000000 0.0271481 0.3750087 0.0000000 0.4556898 0.0155275 0.0000000 0.0016475 0.0091037 0.0009090 0.0008787 0.0173725 0.0159749
 61 R  61 0.0693583 0.4030767 0.0116376 0.0086557 0.0031854 0.0391723 0.0318896 0.0117103 0.0173119 0.0159812 0.0098389 0.1352555 0.0169915 0.0027332 0.0101491 0.0312162 0.1447630 0.0032830 0.0009561 0.0161729 0.0166616
 62 M  62 0.1630366 0.0607239 0.0742757 0.0187494 0.0329464 0.0216756 0.1052946 0.0162448 0.0117129 0.0026428 0.0079688 0.0926911 0.0249293 0.0030214 0.0021373 0.2510580 0.0842261 0.0000000 0.0025306 0.0050022 0.0191328
 63 L  63 0.0069424 0.0016312 0.0018617 0.0051555 0.0059848 0.0159043 0.0051882 0.0000000 0.0054505 0.0451064 0.6903408 0.0051357 0.0531630 0.0466541 0.0026006 0.0052119 0.0162027 0.0012427 0.0181846 0.0448009 0.0232382
 64 G  64 0.0026541 0.0049849 0.0091730 0.0182265 0.0023050 0.0031416 0.0072279 0.9112599 0.0006874 0.0018808 0.0000000 0.0043544 0.0000000 0.0008165 0.0015329 0.0059466 0.0000000 0.0011469 0.0011530 0.0022921 0.0212166
 65 Q  65 0.0295304 0.0115471 0.0052945 0.0460357 0.0095779 0.2078059 0.2819876 0.0098213 0.0369192 0.0167936 0.0425357 0.0193418 0.0284487 0.0687427 0.0061929 0.0649728 0.0282298 0.0043911 0.0455191 0.0104602 0.0258520
 66 N  66 0.0111694 0.0487358 0.3029043 0.0486314 0.0088172 0.0372925 0.0827132 0.0202961 0.0171815 0.0046624 0.0053909 0.2177917 0.0374152 0.0122578 0.0232750 0.0369801 0.0404220 0.0000000 0.0096018 0.0054746 0.0289870
 67 P  67 0.0295638 0.0034606 0.0010913 0.0080280 0.0070609 0.0033546 0.0034427 0.0009339 0.0013142 0.0511565 0.3274285 0.0061478 0.0639022 0.0245050 0.3527588 0.0070092 0.0070210 0.0000000 0.0046500 0.0569125 0.0402584
 68 T  68 0.0163883 0.0204310 0.0306481 0.0403654 0.0012272 0.0063286 0.0083827 0.0174306 0.0008897 0.0038374 0.0064673 0.0647015 0.0074890 0.0013572 0.0207130 0.2093981 0.5128289 0.0000000 0.0000000 0.0077602 0.0233557
 69 P  69 0.0230706 0.0173845 0.0548848 0.2506166 0.0014355 0.0398995 0.3738772 0.0144992 0.0163055 0.0092585 0.0132194 0.0684298 0.0046911 0.0017985 0.0499108 0.0115166 0.0101701 0.0010675 0.0031410 0.0092673 0.0255560
 70 E  70 0.2115248 0.0245485 0.0144360 0.0912003 0.0011745 0.0339747 0.3074146 0.0232203 0.0034789 0.0079532 0.0066217 0.0455061 0.0196722 0.0023571 0.0163441 0.0914972 0.0233674 0.0023746 0.0032488 0.0427617 0.0273234
 71 E  71 0.0010672 0.0063264 0.0029357 0.0995619 0.0036626 0.0370888 0.7510458 0.0029131 0.0128434 0.0007267 0.0008465 0.0092400 0.0034585 0.0035659 0.0006282 0.0076279 0.0148952 0.0000000 0.0017203 0.0130824 0.0267636
 72 L  72 0.0247265 0.0000000 0.0000000 0.0000000 0.0158415 0.0000000 0.0009792 0.0028699 0.0000000 0.2485958 0.3612522 0.0000000 0.0115646 0.0166866 0.0000000 0.0010584 0.0051675 0.0000000 0.0000000 0.2972013 0.0140567
 73 Q  73 0.0356622 0.0912617 0.0329041 0.1722338 0.0019026 0.1858286 0.1530200 0.0045373 0.0168737 0.0187990 0.0491488 0.1466284 0.0095953 0.0038515 0.0034900 0.0127235 0.0127535 0.0006965 0.0196158 0.0107685 0.0177052
 74 E  74 0.0706567 0.0441794 0.0234036 0.1861834 0.0000000 0.1074748 0.3160851 0.0092134 0.0043679 0.0218402 0.0178906 0.0934161 0.0124452 0.0012789 0.0000000 0.0331975 0.0269487 0.0006955 0.0010566 0.0121616 0.0175045
 75 M  75 0.0056222 0.0007768 0.0000000 0.0000000 0.0057074 0.0013572 0.0024480 0.0000000 0.0156867 0.1577005 0.2742235 0.0000000 0.4364754 0.0088700 0.0000000 0.0016459 0.0008086 0.0044644 0.0055365 0.0611724 0.0175045
 76 I  76 0.0051327 0.0019608 0.0000000 0.0000000 0.0029362 0.0032951 0.0010972 0.0022132 0.0006051 0.4649697 0.1666200 0.0053317 0.1924140 0.0280576 0.0000000 0.0173683 0.0090402 0.0000000 0.0045142 0.0776425 0.0168015
 77 D  77 0.1177996 0.1427501 0.1202126 0.0927659 0.0026414 0.1093718 0.0987688 0.0441161 0.0252930 0.0043113 0.0096742 0.1196930 0.0013751 0.0023753 0.0012213 0.0598437 0.0211520 0.0000000 0.0053849 0.0059568 0.0152932
 78 E  78 0.1210295 0.0308072 0.0180638 0.1134309 0.0024085 0.0428493 0.4796313 0.0435057 0.0125399 0.0034569 0.0105082 0.0397440 0.0044696 0.0017698 0.0045865 0.0214294 0.0180003 0.0000000 0.0017202 0.0175592 0.0124899
 79 V  79 0.3398763 0.0000000 0.0025233 0.0000000 0.0026466 0.0018136 0.0027928 0.0179944 0.0378694 0.1036380 0.0476969 0.0019760 0.0107149 0.0195530 0.0216633 0.0183063 0.0069403 0.0000000 0.0140151 0.3198702 0.0301096
 80 D  80 0.0028983 0.0118673 0.0200980 0.8036682 0.0000000 0.0170375 0.0183365 0.0140476 0.0044990 0.0000000 0.0000000 0.0433083 0.0011620 0.0000000 0.0100982 0.0030993 0.0031935 0.0000000 0.0018254 0.0019675 0.0428934
 81 E  81 0.0994272 0.0408682 0.0028369 0.0038998 0.0034874 0.0529221 0.0927080 0.0083358 0.0042841 0.0959715 0.0736709 0.1001109 0.0397424 0.0121200 0.0459104 0.0369469 0.0990475 0.0000000 0.0045923 0.1579418 0.0251758
 82 D  82 0.0052978 0.0082549 0.1064156 0.7186184 0.0000000 0.0073453 0.0671643 0.0155260 0.0033132 0.0000000 0.0017621 0.0088551 0.0151471 0.0012498 0.0023066 0.0051364 0.0089328 0.0000000 0.0000000 0.0036107 0.0210637
 83 G  83 0.0160823 0.0226963 0.1631992 0.0089704 0.0055258 0.0232847 0.0220378 0.5168213 0.0116155 0.0014988 0.0136168 0.0772348 0.0123638 0.0020138 0.0113988 0.0624528 0.0023204 0.0007621 0.0000000 0.0016312 0.0244732
 84 S  84 0.0065298 0.0061198 0.2246805 0.4256584 0.0026006 0.0180134 0.0056812 0.0249241 0.0036852 0.0038316 0.0015383 0.0185317 0.0000000 0.0007832 0.0013724 0.1687472 0.0435852 0.0000000 0.0000000 0.0088400 0.0348772
 85 G  85 0.0097031 0.0117934 0.0087731 0.0077294 0.0000000 0.0025812 0.0054524 0.8675091 0.0045318 0.0000000 0.0010898 0.0367644 0.0017850 0.0008947 0.0026006 0.0091459 0.0007389 0.0000000 0.0000000 0.0011767 0.0277303
 86 T  86 0.0250913 0.1419257 0.0283058 0.0066034 0.0271872 0.1099485 0.0858909 0.0074304 0.0220686 0.0059008 0.0327618 0.1063896 0.0295192 0.0123610 0.0083398 0.0506214 0.2244998 0.0020080 0.0231516 0.0352502 0.0147450
 87 V  87 0.0031600 0.0000000 0.0000000 0.0000000 0.0000000 0.0000000 0.0000000 0.0036835 0.0000000 0.6204245 0.0907647 0.0000000 0.0125879 0.0137677 0.0000000 0.0000000 0.0017430 0.0000000 0.0000000 0.2397619 0.0141067
 88 D  88 0.0079410 0.0114028 0.2103269 0.5124175 0.0042062 0.0036182 0.0526808 0.0091504 0.0110311 0.0013508 0.0016301 0.0279327 0.0005198 0.0000000 0.0009418 0.1115927 0.0122863 0.0000000 0.0039017 0.0009626 0.0161068
 89 F  89 0.0063554 0.0017503 0.0000000 0.0000000 0.0081005 0.0081951 0.0224370 0.0013330 0.0019965 0.0077022 0.0196209 0.0048623 0.0061432 0.4843784 0.0036277 0.0005085 0.0008986 0.0035256 0.3955442 0.0055719 0.0174487
 90 D  90 0.0343164 0.0109263 0.0589550 0.1477796 0.0000000 0.0461635 0.3728023 0.0628087 0.0086278 0.0161826 0.0111805 0.0196875 0.0037395 0.0018056 0.0825085 0.0590867 0.0251391 0.0000000 0.0117634 0.0085031 0.0180239
 91 E  91 0.0121631 0.0040649 0.0043315 0.0882201 0.0000000 0.0221679 0.7508887 0.0054913 0.0053304 0.0000000 0.0017591 0.0049386 0.0043114 0.0000000 0.0000000 0.0070616 0.0421160 0.0000000 0.0006262 0.0152847 0.0312446
 92 F  92 0.0017273 0.0000000 0.0000000 0.0000000 0.0017474 0.0000000 0.0000000 0.0000000 0.0000000 0.0000000 0.0202486 0.0000000 0.0000000 0.9244357 0.0000000 0.0010570 0.0000000 0.0032328 0.0085105 0.0026985 0.0363423
 93 L  93 0.0332044 0.0083200 0.0022868 0.0013490 0.0324679 0.0048797 0.0114432 0.0043187 0.0017500 0.1216898 0.3375782 0.0159957 0.0299357 0.0139135 0.0000000 0.0097760 0.0132878 0.0009360 0.0069243 0.3133864 0.0365568
 94 V  94 0.1751835 0.1027275 0.0473302 0.0245620 0.0091220 0.0521708 0.0614482 0.0123352 0.0236481 0.0080394 0.0083076 0.0950311 0.0110404 0.0027235 0.0584719 0.0510414 0.1703992 0.0018502 0.0133730 0.0233607 0.0478340
 95 M  95 0.0975574 0.0035998 0.0000000 0.0000000 0.0009247 0.0000000 0.0023057 0.0000000 0.0008184 0.1608112 0.1739825 0.0080291 0.3857507 0.0125854 0.0031600 0.0028803 0.0028301 0.0027219 0.0034811 0.0669819 0.0715798
 96 M  96 0.0053279 0.0000000 0.0066504 0.0000000 0.0013939 0.0000000 0.0000000 0.0000000 0.0190147 0.0467939 0.1118795 0.0008450 0.6080735 0.0107293 0.0000000 0.0040983 0.0445938 0.0037715 0.0113272 0.0319409 0.0935602
 97 V  97 0.1335846 0.0448040 0.0221149 0.0016673 0.0065364 0.0733056 0.0125942 0.0584054 0.0326301 0.0186489 0.0531012 0.0666462 0.0235680 0.0011783 0.0008189 0.0857029 0.1382609 0.0000000 0.0067119 0.0443125 0.1754078
 98 R  98 0.0593551 0.1950413 0.0213524 0.0098361 0.0008819 0.0456968 0.0392702 0.0131850 0.0733304 0.0064634 0.0051991 0.1644974 0.0114146 0.0000000 0.0489417 0.0343063 0.0548437 0.0000000 0.0012506 0.0079086 0.2072253
 99 C  99 0.0063804 0.0430544 0.0115737 0.0026803 0.0101316 0.0621831 0.0098325 0.0218820 0.0228019 0.0464739 0.0468463 0.3067219 0.0267742 0.0067387 0.0125629 0.0140960 0.0064053 0.0009026 0.0128683 0.0244461 0.3046437
100 M 100 0.0320390 0.0279131 0.0557105 0.0119021 0.0000000 0.0199660 0.0173702 0.0048148 0.0045687 0.0551872 0.1036248 0.0194048 0.1769213 0.0015792 0.0031345 0.0440509 0.0286968 0.0000000 0.0073382 0.0193220 0.3664558
101 K 101 0.0346461 0.0647063 0.0330240 0.0105007 0.0000000 0.0435579 0.0262160 0.0356128 0.0066224 0.0036154 0.0567639 0.2284687 0.0039444 0.0019174 0.0047221 0.0490353 0.0153983 0.0000000 0.0030984 0.0071495 0.3710005
102 D 102 0.0177177 0.0478714 0.0697085 0.1280695 0.0009284 0.0226692 0.1850534 0.0262820 0.0043710 0.0126891 0.0190372 0.0212883 0.0169035 0.0027189 0.0067022 0.0148113 0.0168347 0.0000000 0.0000000 0.0100731 0.3762705
103 D 103 0.0078519 0.0486013 0.0134870 0.2266906 0.0008085 0.0172420 0.1305842 0.0109949 0.0007536 0.0019100 0.0062623 0.0780073 0.0007384 0.0032741 0.0084693 0.0147734 0.0433922 0.0008353 0.0000000 0.0008644 0.3844596
104 S 104 0.2113323 0.0385919 0.0209232 0.1165319 0.0000000 0.0051504 0.0325574 0.0117547 0.0013039 0.0075080 0.0018686 0.0125674 0.0010229 0.0084288 0.0372724 0.0695070 0.0313406 0.0000000 0.0008316 0.0077007 0.3838063
105 E 105 0.0111693 0.0082614 0.0009644 0.0303975 0.0000000 0.0347832 0.1712254 0.0024417 0.0020762 0.0016184 0.0042608 0.0360123 0.0041658 0.2651643 0.0041969 0.0154471 0.0068277 0.0000000 0.0122472 0.0033328 0.3854076
106 N 106 0.0129747 0.1276125 0.0278035 0.0715813 0.0000000 0.0362731 0.1923705 0.0030008 0.0168471 0.0000000 0.0019277 0.0799396 0.0038204 0.0000000 0.0000000 0.0229577 0.0083838 0.0000000 0.0011342 0.0025614 0.3908115
107 L 107 0.0114562 0.0024326 0.0024738 0.0345840 0.0000000 0.0079633 0.1699984 0.0010640 0.0512207 0.0386271 0.0677860 0.0011249 0.0236590 0.0229699 0.0000000 0.0035417 0.0056819 0.0000000 0.0299213 0.1318720 0.3936234
108 Y 108 0.0020451 0.0017808 0.0000000 0.0019209 0.0000000 0.0000000 0.0000000 0.0000000 0.0000000 0.0849066 0.0615958 0.0000000 0.0065642 0.4225026 0.0000000 0.0014230 0.0027475 0.0000000 0.0132370 0.0021016 0.3991749
109 F 109 0.0031823 0.0480983 0.0000000 0.4305486 0.0000000 0.0029918 0.0014209 0.0000000 0.0035832 0.0040150 0.0299848 0.0137158 0.0105230 0.0038822 0.0000000 0.0045651 0.0006636 0.0180364 0.0000000 0.0231550 0.4016338
110 Q 110 0.0097508 0.0629184 0.0122092 0.0299367 0.0000000 0.0396010 0.0941963 0.0013633 0.0021034 0.0062803 0.0149603 0.2789059 0.0022155 0.0000000 0.0000000 0.0088119 0.0233253 0.0000000 0.0011302 0.0088632 0.4034283
111 G 111 0.1116642 0.0007944 0.0881428 0.2943459 0.0100902 0.0030648 0.0355452 0.0279592 0.0075136 0.0000000 0.0000000 0.0018095 0.0000000 0.0091252 0.0000000 0.0039551 0.0000000 0.0000000 0.0000000 0.0020080 0.4039818
112 R 112 0.0156705 0.0149252 0.0614839 0.0302294 0.0017407 0.0293764 0.0056938 0.2399466 0.0069433 0.0000000 0.0246739 0.0351190 0.0000000 0.1077295 0.0000000 0.0126153 0.0000000 0.0000000 0.0000000 0.0015296 0.4123229
113 R 113 0.0030741 0.0981377 0.1194082 0.1231738 0.0000000 0.0026386 0.0039198 0.0000000 0.0022192 0.0000000 0.0042210 0.0383628 0.0180364 0.0000000 0.0000000 0.1315747 0.0449672 0.0000000 0.0000000 0.0000000 0.4102666
114 V 114 0.0012104 0.0000000 0.0000000 0.0000000 0.0000000 0.0184989 0.0011815 0.4996258 0.0000000 0.0052471 0.0039011 0.0000000 0.0027475 0.0000000 0.0000000 0.0011748 0.0029732 0.0010259 0.0000000 0.0492335 0.4131803
115 R 115 0.0026407 0.0233637 0.0000000 0.0039560 0.0050375 0.0123153 0.0116477 0.0000000 0.0158330 0.0030809 0.0124902 0.0660793 0.0034198 0.1745849 0.0000000 0.0197812 0.0358701 0.0000000 0.1919365 0.0050434 0.4129197
116 I 116 0.0018095 0.0000000 0.0000000 0.0362750 0.0000000 0.0000000 0.0022151 0.0000000 0.0000000 0.4729624 0.0243327 0.0000000 0.0016742 0.0019096 0.0000000 0.0000000 0.0000000 0.0000000 0.0000000 0.0445540 0.4142676
117 S 117 0.0062970 0.0000000 0.0185959 0.0319960 0.0045086 0.0101605 0.0261883 0.0046331 0.0036880 0.0000000 0.0035341 0.0341174 0.0179005 0.0013633 0.0104308 0.2243721 0.1851528 0.0000000 0.0000000 0.0008908 0.4161708
118 A 118 0.1501537 0.0325006 0.0019027 0.0066825 0.0014494 0.0124494 0.0349699 0.0154067 0.0039959 0.0339856 0.0477277 0.0167889 0.0118414 0.0362133 0.0261366 0.0364583 0.0314463 0.0060325 0.0047796 0.0735993 0.4154796
119 D 119 0.1468623 0.0143174 0.0197599 0.1260562 0.0000000 0.0210047 0.0981544 0.0162250 0.0030558 0.0049879 0.0024021 0.0473631 0.0012256 0.0011652 0.0046580 0.0538515 0.0145749 0.0006162 0.0008396 0.0037701 0.4191100
120 A 120 0.0056260 0.0000000 0.0468109 0.0407322 0.0012885 0.0017358 0.4549965 0.0017431 0.0019077 0.0000000 0.0000000 0.0064976 0.0000000 0.0000000 0.0000000 0.0029363 0.0059416 0.0000000 0.0046396 0.0053430 0.4198012
121 M 121 0.0000000 0.0031600 0.0000000 0.0000000 0.0000000 0.0000000 0.0000000 0.0000000 0.0000000 0.0344833 0.4998862 0.0000000 0.0244882 0.0139075 0.0000000 0.0000000 0.0000000 0.0000000 0.0000000 0.0048928 0.4191819
122 M 122 0.0074770 0.2690671 0.0016425 0.0020961 0.0053286 0.0526113 0.0501186 0.0105982 0.0070788 0.0046378 0.0021070 0.1417008 0.0036889 0.0024325 0.0000000 0.0069972 0.0028385 0.0000000 0.0041589 0.0062382 0.4191819
123 Q 123 0.0339861 0.0766109 0.0116253 0.0151546 0.0032147 0.0840670 0.0482275 0.0000000 0.1691385 0.0097017 0.0080625 0.0242947 0.0073717 0.0072703 0.0000000 0.0313484 0.0210957 0.0000000 0.0183571 0.0114530 0.4190203
124 A 124 0.1506017 0.0012333 0.0013519 0.0000000 0.0032419 0.0000000 0.0012427 0.0036554 0.0000000 0.0538144 0.0379273 0.0133363 0.0181830 0.0062863 0.0021603 0.0067947 0.0085280 0.0000000 0.0013897 0.2711288 0.4191246
125 L 125 0.0605280 0.0024480 0.0000000 0.0014833 0.0304161 0.0000000 0.0000000 0.0000000 0.0000000 0.0057462 0.2585065 0.0000000 0.1888122 0.0065137 0.0000000 0.0024048 0.0075001 0.0008022 0.0013330 0.0088666 0.4246392
126 L 126 0.0548245 0.0498710 0.0127236 0.0165530 0.0033156 0.0230945 0.0307252 0.0053817 0.0082284 0.0216521 0.0060309 0.0895759 0.0197224 0.0048924 0.0059746 0.0265049 0.1599899 0.0012621 0.0083174 0.0219752 0.4293846
127 G 127 0.0274267 0.0185324 0.0975693 0.0285802 0.0119130 0.0150146 0.1217253 0.0155156 0.0198662 0.0037109 0.0026508 0.0390953 0.0025354 0.0015672 0.0009534 0.0757555 0.0797831 0.0000000 0.0000000 0.0064255 0.4313796
128 A 128 0.0152786 0.0009152 0.0021254 0.0083688 0.0020095 0.0040709 0.0094314 0.0014833 0.0095578 0.0324146 0.3261545 0.0029989 0.0368617 0.0498220 0.0021034 0.0062835 0.0177778 0.0000000 0.0255809 0.0122423 0.4345194
129 R 129 0.0017469 0.0074700 0.0067624 0.0116900 0.0096216 0.0035904 0.0073037 0.4821123 0.0010647 0.0015067 0.0062302 0.0041800 0.0027475 0.0097925 0.0011105 0.0045865 0.0000000 0.0000000 0.0000000 0.0023465 0.4361375
130 A 130 0.0082483 0.0087340 0.0037868 0.0523292 0.0033366 0.0149501 0.3331237 0.0032481 0.0111198 0.0143985 0.0319678 0.0067088 0.0384900 0.0039639 0.0008813 0.0022660 0.0024851 0.0024480 0.0000000 0.0121638 0.4453502
131 K 131 0.0096709 0.0494615 0.0736159 0.0422063 0.0008444 0.0220021 0.0154445 0.0341155 0.0236707 0.0020896 0.0011957 0.1925708 0.0037557 0.0000000 0.0220959 0.0131477 0.0326604 0.0000000 0.0073743 0.0038784 0.4501996
132 E 132 0.0058081 0.0009121 0.0046509 0.0758872 0.0060271 0.0044398 0.0027032 0.0000000 0.0110415 0.0276807 0.2686800 0.0066972 0.0576962 0.0221616 0.0126122 0.0025980 0.0042514 0.0000000 0.0025338 0.0296373 0.4539819
133 S 133 0.0179711 0.0036329 0.0131931 0.0118739 0.0043441 0.0056746 0.0235969 0.0124395 0.0010000 0.0120866 0.0115230 0.0105256 0.0007804 0.0000000 0.0092327 0.1360783 0.2543270 0.0000000 0.0011652 0.0022028 0.4683521
134 L 134 0.0279345 0.0098849 0.0163951 0.2021246 0.0018208 0.0220171 0.1266726 0.0038143 0.0055020 0.0106621 0.0161627 0.0131028 0.0132191 0.0000000 0.0195322 0.0054266 0.0178795 0.0014684 0.0026585 0.0120638 0.4716584
135 D 135 0.0286486 0.0216468 0.0047631 0.1027388 0.0007706 0.0160183 0.2340085 0.0040847 0.0078549 0.0000000 0.0012986 0.0417263 0.0000000 0.0000000 0.0030475 0.0222517 0.0209962 0.0030054 0.0000000 0.0062241 0.4809159
136 L 136 0.0012633 0.0022908 0.0000000 0.0380323 0.0000000 0.0094267 0.3811872 0.0000000 0.0000000 0.0437087 0.0126849 0.0021592 0.0027704 0.0000000 0.0000000 0.0000000 0.0052267 0.0000000 0.0000000 0.0092866 0.4919633
137 R 137 0.0218064 0.0046234 0.0036440 0.0055806 0.0083198 0.0068881 0.0056585 0.0038779 0.0000000 0.0824713 0.0918017 0.0287804 0.0159831 0.0111995 0.0000000 0.0014833 0.0051819 0.0000000 0.0000000 0.1872149 0.5154854
138 A 138 0.0172558 0.0166318 0.0064478 0.1643690 0.0000000 0.0467938 0.1712978 0.0014091 0.0024328 0.0000000 0.0030165 0.0133835 0.0006437 0.0047338 0.0041142 0.0079706 0.0046836 0.0000000 0.0011717 0.0061822 0.5274625
139 H 139 0.0311731 0.0051991 0.0193710 0.0454655 0.0000000 0.0470551 0.2025236 0.0034845 0.0085208 0.0296443 0.0037673 0.0124980 0.0204964 0.0000000 0.0000000 0.0132139 0.0102474 0.0000000 0.0000000 0.0105992 0.5367409
140 L 140 0.0000000 0.0000000 0.0000000 0.0000000 0.0000000 0.0000000 0.0000000 0.0000000 0.0000000 0.0705183 0.1265752 0.0000000 0.2537553 0.0000000 0.0000000 0.0000000 0.0000000 0.0000000 0.0000000 0.0000000 0.5491512
141 K 141 0.0000000 0.0072398 0.0000000 0.0000000 0.0000000 0.0041049 0.0030986 0.0000000 0.0000000 0.0000000 0.0000000 0.0091807 0.0000000 0.0000000 0.0000000 0.0000000 0.0000000 0.0000000 0.0000000 0.0000000 0.9763760
