  125         A         R         N         D         C         Q         E         G         H         I         L         K         M         F         P         S         T         W         Y         V         X    
  1 G   1 0.0555052 0.0000000 0.0000000 0.0000000 0.0000000 0.0000000 0.0000000 0.0042095 0.0000000 0.0000000 0.0000000 0.0000000 0.0000000 0.0000000 0.0000000 0.0000000 0.0000000 0.0000000 0.0000000 0.0000000 0.9402853
  2 S   2 0.0038383 0.0072399 0.0017369 0.0031728 0.0000000 0.0000000 0.0099891 0.0020752 0.0000000 0.0000000 0.0000000 0.0020132 0.0000000 0.0000000 0.0271979 0.0333716 0.0000000 0.0000000 0.0000000 0.0000000 0.9093652
  3 C   3 0.0061776 0.0000000 0.0000000 0.0000000 0.1305358 0.0000000 0.0000000 0.0000000 0.0000000 0.0000000 0.0000000 0.0000000 0.0000000 0.0000000 0.0000000 0.0000000 0.0000000 0.0000000 0.0000000 0.0000000 0.8632867
  4 K   4 0.0122754 0.0064620 0.0025733 0.0012082 0.0000000 0.0068523 0.0026964 0.0010365 0.0090418 0.0011297 0.0104638 0.0454873 0.0013122 0.0000000 0.0264000 0.0102036 0.0062788 0.0000000 0.0024326 0.0017449 0.8524014
  5 L   5 0.0048476 0.0000000 0.0000000 0.0047639 0.0305051 0.0000000 0.0000000 0.0000000 0.0024293 0.0264373 0.0191833 0.0025486 0.0041893 0.0062089 0.0160175 0.0026155 0.0019714 0.0000000 0.0025605 0.0323425 0.8433794
  6 P   6 0.0104922 0.0027815 0.0040044 0.0052338 0.0000000 0.0000000 0.0048811 0.0220246 0.0060222 0.0122242 0.0019599 0.0051024 0.0000000 0.0000000 0.0581072 0.0201948 0.0072779 0.0000000 0.0017194 0.0000000 0.8379745
  7 V   7 0.0249128 0.0000000 0.0023959 0.0024227 0.0054944 0.0014966 0.0043266 0.0216395 0.0045712 0.0210819 0.0044475 0.0000000 0.0094286 0.0000000 0.0000000 0.0152764 0.0080034 0.0000000 0.0010669 0.0276666 0.8457690
  8 K   8 0.0073482 0.0057076 0.0044932 0.0058252 0.0031659 0.0170965 0.0268780 0.0013928 0.0040600 0.0000000 0.0000000 0.0339468 0.0020132 0.0097824 0.0032908 0.0076279 0.0118472 0.0000000 0.0027694 0.0042843 0.8484706
  9 K   9 0.0066588 0.0313569 0.0105738 0.0125858 0.0000000 0.0195094 0.0054624 0.0114647 0.0000000 0.0000000 0.0029325 0.0416809 0.0000000 0.0020752 0.0052521 0.0148273 0.0011920 0.0000000 0.0000000 0.0000000 0.8344280
 10 A  10 0.0256856 0.0111127 0.0139420 0.0000000 0.0220762 0.0017449 0.0000000 0.0378722 0.0027390 0.0000000 0.0016455 0.0023658 0.0000000 0.0000000 0.0000000 0.0268722 0.0087439 0.0000000 0.0013071 0.0168848 0.8270079
 11 T  11 0.0074845 0.0378823 0.0012096 0.0024321 0.0000000 0.0000000 0.0063643 0.0047364 0.0000000 0.0000000 0.0042231 0.0049659 0.0098894 0.0000000 0.0043584 0.0127911 0.0611000 0.0113432 0.0000000 0.0110525 0.8201673
 12 V  12 0.0028054 0.0024711 0.0046932 0.0013134 0.0152176 0.0027481 0.0038836 0.0027460 0.0000000 0.0150572 0.0051197 0.0017025 0.0000000 0.0000000 0.0000000 0.0121096 0.0183264 0.0000000 0.0151207 0.0778580 0.8188274
 13 V  13 0.0045676 0.0035511 0.0122329 0.0012891 0.0066990 0.0014477 0.0056679 0.0170091 0.0031768 0.0176740 0.0738006 0.0042749 0.0114201 0.0094210 0.0031728 0.0000000 0.0049194 0.0000000 0.0000000 0.0135564 0.8061197
 14 Y  14 0.0330841 0.0054812 0.0025899 0.0000000 0.0053630 0.0046053 0.0078578 0.0040571 0.0046527 0.0055555 0.0317265 0.0014270 0.0011167 0.0129818 0.0060586 0.0071671 0.0141648 0.0000000 0.0422693 0.0033836 0.8064581
 15 Q  15 0.0100246 0.0122891 0.0524592 0.0185360 0.0364112 0.0164644 0.0123302 0.0041976 0.0000000 0.0000000 0.0029610 0.0099499 0.0000000 0.0000000 0.0048714 0.0140666 0.0000000 0.0000000 0.0048940 0.0011688 0.7993760
 16 G  16 0.0036399 0.0000000 0.0269717 0.0097477 0.0014127 0.0037450 0.0012864 0.0728751 0.0000000 0.0168809 0.0056211 0.0037775 0.0000000 0.0000000 0.0055908 0.0142778 0.0061974 0.0000000 0.0057079 0.0201619 0.8021062
 17 E  17 0.0081844 0.0104609 0.0249702 0.0107723 0.0010775 0.0217180 0.0610101 0.0029001 0.0117465 0.0037450 0.0056521 0.0262040 0.0048797 0.0042003 0.0055193 0.0053536 0.0056812 0.0014957 0.0075605 0.0099216 0.7669469
 18 R  18 0.0021385 0.0998581 0.0027565 0.0050284 0.0194960 0.0381181 0.0119636 0.0066028 0.0050405 0.0014274 0.0022237 0.1038430 0.0029746 0.0000000 0.0093375 0.0173286 0.0076932 0.0000000 0.0000000 0.0013403 0.6628291
 19 V  19 0.0148788 0.0526404 0.0045067 0.0101595 0.0123412 0.0123315 0.0097747 0.0029008 0.0174654 0.0156128 0.0264717 0.0257219 0.0085472 0.0193340 0.0156693 0.1080550 0.0439549 0.0010275 0.0141882 0.0435919 0.5408267
 20 K  20 0.0247545 0.0142298 0.0112684 0.0005009 0.0362262 0.0098315 0.0045944 0.0011424 0.0019020 0.0016492 0.0160179 0.0490620 0.0013994 0.0086044 0.0096721 0.0038355 0.0010625 0.2987316 0.0240632 0.0000000 0.4814520
 21 I  21 0.0118127 0.0823211 0.0005352 0.0033517 0.0044424 0.0162211 0.0043053 0.0104254 0.0058152 0.0802114 0.0741703 0.0548992 0.0198545 0.0101225 0.0330882 0.0066897 0.0063192 0.0020876 0.0068421 0.1648540 0.4016313
 22 Q  22 0.0040330 0.0034728 0.0111854 0.0051383 0.6082168 0.0273663 0.0191687 0.0101170 0.0055145 0.0009517 0.0000000 0.0032455 0.0029590 0.0086364 0.0000000 0.0206541 0.0062571 0.0019792 0.0116448 0.0014425 0.2480173
 23 E  23 0.0029422 0.0045497 0.0923597 0.5704484 0.0000000 0.0014425 0.0385897 0.0138904 0.0051280 0.0000000 0.0024812 0.0020130 0.0000000 0.0096260 0.0053300 0.0037434 0.0046598 0.0000000 0.0000000 0.0000000 0.2427961
 24 K  24 0.0102320 0.0275157 0.0278079 0.0188276 0.0127358 0.0170210 0.0156308 0.4342810 0.0304454 0.0275024 0.0278091 0.0302609 0.0032175 0.0163949 0.0020114 0.0326299 0.0095781 0.0007207 0.0108188 0.0108248 0.2337342
 25 F  25 0.0156766 0.0476103 0.0190541 0.1437113 0.0116280 0.0417958 0.0948256 0.0069107 0.0403449 0.0512959 0.0182180 0.0398831 0.0130814 0.0465990 0.0070918 0.0327087 0.0384468 0.0051907 0.0417460 0.0518458 0.2323356
 26 K  26 0.0563362 0.0376503 0.1420163 0.1151169 0.0071816 0.0186099 0.0438432 0.0034952 0.0148549 0.0156269 0.0093537 0.0740248 0.0082561 0.0088582 0.1037302 0.0383383 0.0187856 0.0036942 0.0124120 0.0405042 0.2273114
 27 N  27 0.0081311 0.0017853 0.0613008 0.5343558 0.0186730 0.0145846 0.0438323 0.0166538 0.0284954 0.0000000 0.0079786 0.0040339 0.0007318 0.0020039 0.0010879 0.0088148 0.0021392 0.0000000 0.0224265 0.0025872 0.2203842
 28 G  28 0.0072393 0.0138868 0.0019269 0.0112346 0.6115718 0.0093388 0.0057322 0.0501205 0.0070848 0.0027677 0.0094835 0.0060147 0.0051542 0.0008962 0.0023496 0.0141747 0.0132528 0.0000000 0.0012870 0.0102410 0.2162429
 29 M  29 0.0569177 0.0415100 0.0352106 0.0294137 0.0061628 0.0178438 0.0397440 0.1465408 0.0157726 0.0238025 0.0384879 0.0334679 0.0314313 0.0177138 0.0859835 0.0658853 0.0229712 0.0041427 0.0125611 0.0626890 0.2117480
 30 L  30 0.0058581 0.0129484 0.0428837 0.5223060 0.0067223 0.0210671 0.0120925 0.0285069 0.0037868 0.0038809 0.0416245 0.0065442 0.0070973 0.0032004 0.0165859 0.0242770 0.0124661 0.0008155 0.0137508 0.0042156 0.2093701
 31 H  31 0.0338524 0.0407534 0.0847904 0.0158156 0.0116454 0.0233909 0.0276066 0.3069962 0.0970904 0.0016471 0.0111935 0.0270507 0.0133190 0.0134611 0.0105146 0.0201235 0.0181993 0.0106343 0.0209361 0.0033223 0.2076570
 32 G  32 0.0283966 0.0061984 0.0054230 0.0280832 0.0271924 0.0216920 0.0469788 0.0863186 0.0066613 0.0135720 0.0092013 0.0106446 0.0008440 0.0210561 0.0012617 0.4474567 0.0258294 0.0020423 0.0044069 0.0029604 0.2037804
 33 D  33 0.0088202 0.0034946 0.0082202 0.6252290 0.0085495 0.0266289 0.0384130 0.0069707 0.0023382 0.0034881 0.0047563 0.0073403 0.0000000 0.0158811 0.0149454 0.0106560 0.0072180 0.0000000 0.0017813 0.0067484 0.1985210
 34 K  34 0.0037345 0.0348521 0.0129521 0.0072040 0.0234644 0.0100839 0.5776060 0.0026242 0.0125171 0.0156650 0.0074290 0.0310689 0.0000000 0.0035270 0.0156608 0.0141154 0.0068701 0.0000000 0.0068688 0.0115102 0.2022463
 35 V  35 0.0542431 0.0364479 0.0238425 0.0561651 0.0200569 0.0352239 0.0622137 0.0194680 0.0091845 0.0430480 0.1163587 0.0502182 0.0195136 0.0092768 0.0346833 0.0509970 0.0375254 0.0045432 0.0104113 0.0659767 0.2406022
 36 S  36 0.0442515 0.0111713 0.1268496 0.0732620 0.0030394 0.0298898 0.0979764 0.0817692 0.0419909 0.0044480 0.0105646 0.0129724 0.0035323 0.0060497 0.0389559 0.1004950 0.0465039 0.0012968 0.0049717 0.0075922 0.2524174
 37 F  37 0.0185746 0.0053184 0.0654662 0.0100537 0.2414851 0.0245676 0.0382072 0.0234356 0.0485895 0.0047041 0.0193058 0.0080754 0.0023334 0.0654335 0.0124349 0.0325352 0.0240020 0.0010906 0.0226565 0.0242566 0.3074742
 38 F  38 0.0297005 0.0341576 0.0329238 0.0118413 0.0033079 0.0315719 0.0301385 0.0169037 0.0151550 0.0104538 0.0477579 0.0436479 0.0194704 0.0591483 0.1181334 0.0281252 0.0800268 0.0044749 0.0432110 0.0229515 0.3168985
 39 C  39 0.0219352 0.0018301 0.0076007 0.0042837 0.6342360 0.0005347 0.0025969 0.0228745 0.0005164 0.0036333 0.0076655 0.0020602 0.0005936 0.0034541 0.0040407 0.0092240 0.0078304 0.0000000 0.0015887 0.0044888 0.2590126
 40 K  40 0.0396846 0.0686651 0.0160055 0.0269765 0.0018382 0.0366466 0.0480540 0.0489436 0.0064659 0.0612864 0.0623348 0.0736379 0.0127714 0.0157894 0.0540521 0.0725544 0.0399993 0.0007847 0.0213658 0.0461340 0.2460098
 41 N  41 0.0417516 0.0195798 0.1237260 0.0683034 0.0018348 0.0150261 0.0748198 0.0256323 0.0209569 0.0065453 0.0062235 0.0319642 0.0011986 0.0091327 0.1519833 0.1068367 0.0434009 0.0008951 0.0099194 0.0147978 0.2254720
 42 K  42 0.0184316 0.0541850 0.0922636 0.1067095 0.0822723 0.0295319 0.0400567 0.0316207 0.0298757 0.0126105 0.0159142 0.0889578 0.0066682 0.0079079 0.0570796 0.0549924 0.0231588 0.0111774 0.0123825 0.0129672 0.2112364
 43 E  43 0.0558651 0.0266420 0.0662081 0.0275393 0.0018275 0.1183463 0.1915715 0.0084929 0.0272770 0.0035360 0.0122622 0.0425768 0.0108131 0.0057083 0.0662207 0.0508597 0.0691320 0.0037505 0.0090565 0.0096425 0.1926720
 44 K  44 0.0268427 0.0446811 0.0225279 0.0161853 0.0060117 0.0468363 0.0236042 0.0423723 0.0373483 0.0092041 0.0289153 0.0559240 0.0089979 0.2172146 0.0353345 0.0324014 0.0307136 0.0378624 0.0572878 0.0115553 0.2081792
 45 K  45 0.0335804 0.1602560 0.0272439 0.0132505 0.0070089 0.0683402 0.0218276 0.0415257 0.0250321 0.0064220 0.0332061 0.1269308 0.0118366 0.0144765 0.0226005 0.0512907 0.0978268 0.0011472 0.0071190 0.0436843 0.1853942
 46 C  46 0.0215775 0.0046049 0.0092062 0.0004885 0.5952557 0.0055738 0.0032208 0.0046702 0.0055529 0.0033968 0.0052747 0.0053786 0.0044132 0.0066464 0.0261633 0.0311036 0.0788832 0.0005421 0.0101425 0.0101247 0.1677804
 47 S  47 0.0350020 0.0301689 0.0462555 0.1372339 0.3236522 0.0081119 0.0090967 0.0456712 0.0057455 0.0024187 0.0122010 0.0114488 0.0006506 0.0075191 0.0398227 0.1067804 0.0100774 0.0000000 0.0023977 0.0055685 0.1601774
 48 Y  48 0.0380744 0.0339208 0.0508396 0.0150550 0.0098957 0.0228078 0.0318669 0.1278706 0.0373466 0.0180743 0.0272003 0.0245732 0.0059367 0.0138708 0.1191876 0.1008006 0.0397047 0.0000000 0.0596208 0.0110319 0.2123216
 49 T  49 0.0685271 0.0183098 0.0199394 0.0589790 0.0156162 0.0301714 0.0766836 0.0443432 0.0129064 0.0249548 0.0416444 0.0246442 0.0117489 0.0047875 0.0986646 0.1155699 0.0669280 0.0070149 0.0147478 0.0345999 0.2092191
 50 E  50 0.0282535 0.0471785 0.1160352 0.1123529 0.0191495 0.0297477 0.0800899 0.0741818 0.0249458 0.0081332 0.0209239 0.0343476 0.0086113 0.0185578 0.0106586 0.0598895 0.0697572 0.0096645 0.0285720 0.0330042 0.1659456
 51 D  51 0.0222102 0.0204382 0.0716551 0.1301043 0.0117451 0.1607908 0.1870493 0.0098692 0.0220152 0.0038756 0.0196902 0.0421651 0.0183374 0.0147282 0.0086338 0.0567191 0.0252473 0.0046536 0.0312714 0.0040305 0.1347705
 52 A  52 0.0474064 0.0037582 0.0088345 0.0017042 0.0108781 0.0049275 0.0058715 0.1064653 0.0152797 0.0225780 0.0340263 0.0114129 0.0064048 0.4518385 0.0139151 0.0135918 0.0102661 0.0225701 0.0369255 0.0205636 0.1507818
 53 Q  53 0.0452882 0.1664198 0.0169349 0.0182184 0.0010897 0.1909995 0.0478247 0.0143793 0.0327678 0.0110709 0.0232486 0.0707585 0.0194583 0.0061971 0.0105820 0.0428631 0.1210985 0.0004982 0.0058583 0.0197319 0.1347123
 54 C  54 0.0005518 0.0013256 0.0005923 0.0027444 0.8599814 0.0044322 0.0014076 0.0044527 0.0000000 0.0013685 0.0025973 0.0013706 0.0007546 0.0024227 0.0041967 0.0025048 0.0006669 0.0007248 0.0031295 0.0030724 0.1017034
 55 I  55 0.0777828 0.0564239 0.0575297 0.0529889 0.0040323 0.0387434 0.0227933 0.0768339 0.0269770 0.1118784 0.0474966 0.0722733 0.0154132 0.0147555 0.0552498 0.0599430 0.0223258 0.0010053 0.0061071 0.0530661 0.1263807
 56 D  56 0.0200201 0.0150470 0.2805829 0.2687800 0.0028791 0.0103015 0.0224094 0.0537067 0.0174440 0.0058578 0.0111018 0.0100979 0.0024420 0.0084205 0.0468277 0.0986834 0.0306330 0.0010801 0.0043859 0.0044564 0.0848427
 57 G  57 0.0101147 0.0558536 0.0620237 0.0333417 0.0016102 0.0204267 0.0148648 0.4356342 0.0161101 0.0228316 0.0244630 0.0431448 0.0076108 0.0031794 0.0073325 0.0859981 0.0301269 0.0009462 0.0116994 0.0098707 0.1028169
 58 T  58 0.0327844 0.0620800 0.0618612 0.0194519 0.0059046 0.0410436 0.0760196 0.0720467 0.0315871 0.0165673 0.0157474 0.0962016 0.0026548 0.0041758 0.0089291 0.1713992 0.0775921 0.0037035 0.0122601 0.0248546 0.1631355
 59 I  59 0.0110591 0.1577775 0.0070693 0.1353565 0.0759867 0.0354571 0.0133989 0.0091298 0.0235325 0.0381389 0.0725484 0.0563396 0.0090133 0.0304339 0.0031280 0.0260831 0.0219601 0.0404561 0.0240924 0.0270822 0.1819566
 60 E  60 0.0081499 0.0225763 0.0065540 0.0021112 0.5878288 0.0177410 0.0941781 0.0105081 0.0065821 0.0469618 0.0292894 0.0157166 0.0024589 0.0064738 0.0059710 0.0096291 0.0177329 0.0023235 0.0029675 0.0547488 0.0494973
 61 V  61 0.0240480 0.0089931 0.0049427 0.0123237 0.1453632 0.0146676 0.0067754 0.0058213 0.0023082 0.4499301 0.0847312 0.0107472 0.0070375 0.0052192 0.0244514 0.0180933 0.0153501 0.0017576 0.0080697 0.0936283 0.0557410
 62 P  62 0.0390559 0.0190534 0.0625639 0.1586654 0.0163840 0.0202722 0.0187457 0.0189703 0.0255440 0.0045940 0.0203751 0.0302954 0.0073602 0.0097963 0.3720103 0.0762551 0.0150653 0.0040183 0.0132576 0.0047412 0.0629762
 63 K  63 0.0760432 0.0856676 0.0378760 0.0214830 0.0198205 0.0510405 0.0621540 0.1464195 0.0246933 0.0304124 0.0675679 0.1110883 0.0153140 0.0229941 0.0197349 0.0793822 0.0210152 0.0063150 0.0221097 0.0204291 0.0584397
 64 C  64 0.0514884 0.0531211 0.0353014 0.0362938 0.1050130 0.0408916 0.0577903 0.0292479 0.0270091 0.0221278 0.0344240 0.0312156 0.0081091 0.0229448 0.0110045 0.1882167 0.0531976 0.0370030 0.0382841 0.0263810 0.0909355
 65 F  65 0.0257052 0.0362015 0.0274906 0.0973948 0.0151147 0.0416873 0.0165836 0.0196899 0.0173241 0.0213556 0.0473378 0.0440648 0.0147042 0.0750810 0.0142337 0.0285656 0.0153438 0.2802725 0.0523973 0.0225727 0.0868795
 66 K  66 0.0115187 0.1236309 0.0176467 0.0834763 0.0577778 0.0565994 0.0741484 0.0268090 0.0292531 0.0382580 0.0558475 0.1124217 0.0121424 0.0097000 0.0178165 0.0189991 0.0327256 0.0102375 0.0146396 0.1375365 0.0588154
 67 E  67 0.0188190 0.0172862 0.0347504 0.0470918 0.6033767 0.0140376 0.0439026 0.0102665 0.0120952 0.0116167 0.0138950 0.0123198 0.0081421 0.0124608 0.0129540 0.0168811 0.0109612 0.0035138 0.0110769 0.0173892 0.0671634
 68 H  68 0.0074978 0.0321374 0.0956133 0.5693407 0.0073705 0.0069145 0.0157870 0.0351447 0.0481004 0.0060268 0.0121740 0.0119030 0.0017818 0.0073552 0.0395969 0.0212348 0.0071896 0.0000000 0.0085279 0.0078765 0.0584273
 69 S  69 0.0139544 0.0221861 0.0420797 0.1049017 0.1164578 0.0187469 0.0208077 0.4108210 0.0242984 0.0055047 0.0126498 0.0175613 0.0083806 0.0169871 0.0036992 0.0551742 0.0203425 0.0026391 0.0124781 0.0111558 0.0591740
 70 S  70 0.0290903 0.0404890 0.0573280 0.1748997 0.0311007 0.0479974 0.0926790 0.0448669 0.0348255 0.0569163 0.0155269 0.0388083 0.0191023 0.0254036 0.0316468 0.0473905 0.0335295 0.0155278 0.0419923 0.0572959 0.0635834
 71 L  71 0.0467907 0.0408659 0.1305269 0.2033956 0.0387797 0.0291450 0.0370144 0.0296822 0.0170714 0.0233284 0.0375431 0.0427269 0.0112689 0.0172235 0.0796285 0.0636929 0.0210791 0.0046588 0.0210049 0.0357176 0.0688557
 72 A  72 0.0325783 0.0144885 0.0463062 0.5028402 0.0501637 0.0322205 0.0390390 0.0386040 0.0327952 0.0123368 0.0186320 0.0103296 0.0061090 0.0046329 0.0123222 0.0297246 0.0225818 0.0015242 0.0083871 0.0137247 0.0706594
 73 F  73 0.0213207 0.0130935 0.0184606 0.0281343 0.5428681 0.0068826 0.0433095 0.0389377 0.0143952 0.0108421 0.0091686 0.0151274 0.0055860 0.0314654 0.0141665 0.0601652 0.0226363 0.0025540 0.0192264 0.0189791 0.0626809
 74 W  74 0.0434891 0.0336809 0.0282929 0.1772859 0.0134898 0.0226059 0.0699868 0.1762698 0.0266980 0.0086539 0.0508908 0.0317477 0.0084089 0.0156664 0.0610324 0.0856498 0.0381776 0.0252101 0.0101238 0.0178471 0.0547924
 75 K  75 0.0280890 0.0184988 0.0404749 0.4893821 0.0786508 0.0122848 0.0696892 0.0567957 0.0139250 0.0059324 0.0116151 0.0236403 0.0012543 0.0121478 0.0192854 0.0268307 0.0143999 0.0036460 0.0089381 0.0100595 0.0544602
 76 T  76 0.0376245 0.0392693 0.1027871 0.0419636 0.0197730 0.0266136 0.0425451 0.2743145 0.0319512 0.0082270 0.0292787 0.0408730 0.0245320 0.0142726 0.0284581 0.0753428 0.0428899 0.0132347 0.0205115 0.0149010 0.0706367
 77 D  77 0.0445969 0.0125926 0.0363462 0.1416180 0.0187007 0.0218179 0.0648475 0.0251335 0.0126059 0.0157726 0.0210917 0.0140755 0.0072150 0.0119793 0.0175257 0.3966496 0.0366598 0.0028336 0.0131748 0.0105467 0.0742165
 78 A  78 0.0357350 0.0104800 0.0238718 0.5244416 0.0535434 0.0112395 0.0791079 0.0546849 0.0072729 0.0071798 0.0182495 0.0094569 0.0047133 0.0130850 0.0153904 0.0180607 0.0232337 0.0020345 0.0085826 0.0119061 0.0677306
 79 S  79 0.0263549 0.0159598 0.0175003 0.0240869 0.0113718 0.0196432 0.5482046 0.0104109 0.0063915 0.0065380 0.0224423 0.0147277 0.0059412 0.0022313 0.0345312 0.1265176 0.0321458 0.0044537 0.0026754 0.0088329 0.0590391
 80 D  80 0.0732119 0.0338678 0.0559761 0.1861253 0.0664265 0.0348825 0.0777502 0.0282574 0.0280387 0.0226452 0.0522619 0.0436669 0.0140058 0.0069429 0.0426659 0.0765517 0.0542333 0.0028077 0.0069971 0.0269779 0.0657074
 81 V  81 0.0257238 0.0192085 0.1236993 0.0709001 0.1054499 0.0227906 0.1611767 0.0821905 0.0377043 0.0168554 0.0305676 0.0425682 0.0107040 0.0056546 0.0511551 0.0420299 0.0324767 0.0031282 0.0241257 0.0331226 0.0587682
 82 K  82 0.0374990 0.0268990 0.0569846 0.0214377 0.4068707 0.0285234 0.0338337 0.0228958 0.0135574 0.0070891 0.0279455 0.0354016 0.0091419 0.0103949 0.0560053 0.0591983 0.0578920 0.0010485 0.0079328 0.0308070 0.0486417
 83 P  83 0.0661135 0.0256779 0.0720573 0.0452045 0.0729383 0.0321071 0.0821136 0.0561372 0.0318879 0.0157113 0.0268884 0.0260762 0.0122143 0.0102756 0.1580712 0.0640257 0.0742500 0.0040983 0.0133814 0.0449980 0.0657722
 84 C  84 0.0489611 0.0575685 0.0672201 0.0315337 0.0946380 0.0354771 0.0535089 0.0654529 0.0294557 0.0215291 0.0410373 0.0414448 0.0122918 0.0283684 0.0876128 0.0620210 0.0847675 0.0040191 0.0318662 0.0380148 0.0632113
 85 A  85 0.0512465 0.1091506 0.0390442 0.0237939 0.0398148 0.0512736 0.0366171 0.0355923 0.0547990 0.0319836 0.0349525 0.0584708 0.0157672 0.0302993 0.0894813 0.0710316 0.0710225 0.0029975 0.0186443 0.0552938 0.0787237
 86 T  86 0.0486182 0.0459302 0.0476378 0.0335072 0.1314355 0.0425779 0.0399819 0.0280677 0.0231265 0.0179318 0.0222577 0.0554767 0.0112687 0.0203273 0.0678814 0.0647467 0.1777579 0.0040319 0.0122343 0.0346456 0.0705570
 87 C  87 0.0084969 0.0128624 0.0396946 0.0376344 0.6631344 0.0064627 0.0243804 0.0113305 0.0121765 0.0049779 0.0085132 0.0096266 0.0056558 0.0056627 0.0228465 0.0200530 0.0194209 0.0021260 0.0074951 0.0089505 0.0684989
 88 G  88 0.0558049 0.0702100 0.0353874 0.0445611 0.0477748 0.0670842 0.0512688 0.0866537 0.0289065 0.0100679 0.0483013 0.0346211 0.0120188 0.0099637 0.1136044 0.1257443 0.0585832 0.0040237 0.0108565 0.0073903 0.0771734
 89 P  89 0.0877563 0.0209882 0.0406059 0.0485260 0.0235859 0.0325291 0.1054407 0.0304539 0.0146471 0.0075511 0.0151703 0.0360825 0.0049669 0.0067290 0.2670899 0.1086754 0.0420328 0.0018058 0.0153535 0.0207622 0.0692474
 90 A  90 0.0251272 0.0195157 0.1554099 0.1724504 0.0146880 0.0156690 0.0406160 0.1655659 0.0494092 0.0039713 0.0104464 0.0186013 0.0063033 0.0217899 0.0127831 0.0889185 0.0804632 0.0116180 0.0252309 0.0046302 0.0567927
 91 S  91 0.0267692 0.0294691 0.0247719 0.0396898 0.0072076 0.2378505 0.2711918 0.0182241 0.0342380 0.0029137 0.0206019 0.0526475 0.0210296 0.0185043 0.0056600 0.0383529 0.0487777 0.0086578 0.0352386 0.0087268 0.0494773
 92 F  92 0.0033058 0.0045601 0.0006629 0.0035861 0.0009089 0.0073074 0.0009328 0.0007331 0.0233087 0.0122114 0.0196383 0.0034266 0.0060219 0.7335971 0.0020598 0.0028199 0.0073118 0.0323964 0.0741602 0.0097764 0.0512743
 93 Q  93 0.0517539 0.2154040 0.0072309 0.0135591 0.0038627 0.1947027 0.0491339 0.0031545 0.0360134 0.0031929 0.0415255 0.1096981 0.0291719 0.0054020 0.0238418 0.0322458 0.1074921 0.0000000 0.0136150 0.0145691 0.0444308
 94 C  94 0.0014018 0.0010190 0.0014995 0.0012788 0.9475083 0.0018010 0.0000000 0.0000000 0.0000000 0.0000000 0.0000000 0.0000000 0.0000000 0.0017574 0.0000000 0.0000000 0.0012731 0.0000000 0.0000000 0.0012880 0.0411731
 95 N  95 0.1123367 0.0851826 0.0988562 0.1096659 0.0018010 0.0442631 0.0257539 0.1228091 0.0239565 0.0031305 0.0339746 0.0931841 0.0029115 0.0036580 0.0332836 0.1112531 0.0364703 0.0029452 0.0031084 0.0068760 0.0445797
 96 S  96 0.0052973 0.0060194 0.4245085 0.1549326 0.0000000 0.0065400 0.0141688 0.0231134 0.0071197 0.0022776 0.0052170 0.0064860 0.0015038 0.0012534 0.0036149 0.2126068 0.0649276 0.0000000 0.0175484 0.0030943 0.0397708
 97 S  97 0.0093319 0.0374256 0.0647161 0.0186645 0.0000000 0.0147619 0.0176191 0.5914943 0.0262317 0.0034596 0.0076041 0.0382477 0.0032581 0.0044996 0.0034280 0.0836198 0.0238569 0.0007017 0.0057868 0.0011859 0.0441069
 98 T  98 0.0408880 0.2245815 0.0391356 0.0221113 0.0000000 0.0980731 0.0850136 0.0196226 0.0458207 0.0261177 0.0462195 0.1283090 0.0110011 0.0139976 0.0088862 0.0457501 0.0600259 0.0018376 0.0120220 0.0307094 0.0398775
 99 C  99 0.0016387 0.0007997 0.0018959 0.0018233 0.9386095 0.0000000 0.0008324 0.0000000 0.0000000 0.0018312 0.0020724 0.0008690 0.0006527 0.0021323 0.0000000 0.0007783 0.0025148 0.0000000 0.0033045 0.0014199 0.0388255
100 I 100 0.0049831 0.0077302 0.0000000 0.0000000 0.0000000 0.0009545 0.0000000 0.0008202 0.0007489 0.6417355 0.0743041 0.0108939 0.0070412 0.0065944 0.0000000 0.0007206 0.0122884 0.0000000 0.0098551 0.1839147 0.0374152
101 P 101 0.0528393 0.0263975 0.0429803 0.0659546 0.0005607 0.0279666 0.0316045 0.0085471 0.0312418 0.0060417 0.0326056 0.0208145 0.0069425 0.0131541 0.4151210 0.1413958 0.0169407 0.0013074 0.0148392 0.0053299 0.0374152
102 Q 102 0.0627953 0.0970891 0.0438748 0.0281412 0.0012690 0.0632544 0.0712449 0.0440542 0.0153471 0.0412217 0.1131485 0.1400471 0.0323754 0.0146900 0.0320994 0.0951975 0.0181176 0.0067671 0.0216321 0.0202182 0.0374152
103 L 103 0.0806233 0.0797342 0.0440000 0.0579882 0.0004501 0.0343912 0.0739538 0.0244766 0.0424721 0.0167426 0.0305287 0.0401637 0.0063075 0.0224333 0.0117594 0.2374296 0.0824272 0.0231087 0.0329257 0.0202234 0.0378609
104 W 104 0.0367438 0.0443775 0.0237828 0.0158916 0.0000000 0.0672554 0.0149358 0.0033172 0.0169381 0.0073792 0.1059118 0.0813603 0.0089594 0.0784453 0.0016380 0.0233127 0.0058098 0.3492208 0.0686397 0.0082201 0.0378609
105 A 105 0.0181332 0.2122189 0.0012381 0.0007930 0.0005240 0.0623137 0.0202861 0.0029928 0.0325538 0.0451391 0.1078413 0.1161362 0.0189809 0.0180257 0.0042220 0.0033065 0.0185563 0.0100235 0.0140289 0.2548250 0.0378609
106 C 106 0.0000000 0.0018312 0.0065950 0.0000000 0.9478271 0.0019773 0.0000000 0.0014509 0.0000000 0.0000000 0.0014862 0.0000000 0.0000000 0.0000000 0.0000000 0.0000000 0.0000000 0.0000000 0.0000000 0.0000000 0.0388322
107 D 107 0.0000000 0.0000000 0.1610006 0.7897289 0.0000000 0.0000000 0.0016928 0.0000000 0.0000000 0.0000000 0.0000000 0.0000000 0.0000000 0.0000000 0.0000000 0.0067664 0.0000000 0.0000000 0.0000000 0.0019792 0.0388322
108 N 108 0.0150500 0.0351755 0.0506403 0.0199867 0.0007899 0.0261595 0.0139038 0.6408929 0.0322517 0.0014578 0.0192224 0.0278075 0.0067078 0.0164075 0.0000000 0.0297524 0.0088993 0.0007509 0.0089993 0.0060312 0.0391136
109 D 109 0.0210845 0.0651898 0.0359648 0.1661427 0.0000000 0.0524140 0.1479701 0.0033745 0.0457919 0.0843129 0.0189037 0.0582377 0.0117043 0.0265040 0.0005321 0.0266500 0.0393040 0.0072160 0.0493546 0.1002349 0.0391136
110 P 110 0.0561413 0.0772718 0.1933998 0.1567327 0.0075466 0.0313860 0.0292724 0.0026099 0.0156249 0.0351200 0.0176867 0.0656072 0.0127909 0.0196290 0.0924860 0.0454767 0.0262069 0.0042066 0.0251948 0.0462792 0.0393309
111 D 111 0.0010158 0.0008898 0.0371923 0.8286375 0.0000000 0.0242288 0.0269668 0.0059321 0.0271267 0.0008811 0.0000000 0.0000000 0.0000000 0.0007403 0.0000000 0.0025708 0.0044687 0.0000000 0.0000000 0.0000000 0.0393494
112 C 112 0.0022103 0.0021622 0.0000000 0.0000000 0.9562780 0.0000000 0.0000000 0.0000000 0.0000000 0.0000000 0.0000000 0.0000000 0.0000000 0.0000000 0.0000000 0.0000000 0.0000000 0.0000000 0.0000000 0.0000000 0.0393494
113 E 113 0.0817858 0.0590568 0.0191504 0.0281440 0.0116512 0.0302411 0.0512647 0.2424706 0.0208221 0.0173681 0.0582169 0.0426151 0.0097705 0.0108372 0.1176363 0.0854726 0.0327538 0.0050512 0.0127086 0.0236337 0.0393494
114 D 114 0.0067092 0.0019790 0.0489815 0.8439739 0.0000000 0.0030747 0.0047276 0.0150480 0.0042558 0.0008616 0.0015867 0.0020616 0.0008663 0.0035785 0.0000000 0.0129194 0.0031304 0.0016705 0.0038770 0.0000000 0.0406984
115 G 115 0.0464329 0.0389849 0.1442756 0.0155398 0.0007975 0.0167008 0.0160186 0.4863484 0.0273595 0.0037447 0.0184476 0.0265030 0.0230181 0.0186734 0.0004596 0.0314192 0.0032262 0.0203773 0.0180597 0.0011278 0.0424852
116 S 116 0.0271786 0.0066607 0.0023132 0.0155887 0.0000000 0.0087134 0.0650130 0.0101822 0.0023345 0.0022480 0.0066509 0.0073759 0.0015011 0.0066210 0.0000000 0.7338475 0.0540930 0.0017325 0.0042650 0.0014048 0.0422762
117 D 117 0.0000000 0.0000000 0.0014565 0.9518374 0.0000000 0.0000000 0.0017966 0.0000000 0.0014573 0.0000000 0.0000000 0.0000000 0.0000000 0.0000000 0.0016342 0.0000000 0.0000000 0.0000000 0.0000000 0.0000000 0.0418179
118 E 118 0.0000000 0.0000000 0.0000000 0.0000000 0.0000000 0.0027787 0.9520748 0.0000000 0.0000000 0.0000000 0.0000000 0.0000000 0.0000000 0.0000000 0.0000000 0.0000000 0.0000000 0.0000000 0.0000000 0.0000000 0.0451464
119 W 119 0.0921448 0.0529711 0.0273872 0.0646968 0.0005971 0.0503086 0.0658231 0.0169613 0.0217793 0.0420357 0.1022411 0.0621632 0.0295280 0.0178127 0.0353682 0.0726272 0.0480187 0.0200174 0.0142207 0.0354604 0.1278374
120 P 120 0.0394997 0.0136352 0.1977549 0.1009151 0.0016351 0.0222272 0.0430457 0.1181569 0.0323070 0.0134310 0.0298891 0.0225313 0.0040318 0.0076076 0.1086900 0.0565093 0.0129915 0.0006445 0.0096227 0.0101273 0.1547472
121 Q 121 0.0267468 0.0148447 0.0069777 0.0240151 0.5656770 0.0395198 0.0824391 0.0108419 0.0094479 0.0059498 0.0100181 0.0159061 0.0013480 0.0025026 0.0073490 0.0342597 0.0099827 0.0005495 0.0026467 0.0076252 0.1213527
122 R 122 0.0119719 0.0344184 0.0918451 0.0186347 0.0006987 0.0213776 0.0673477 0.0092473 0.0515635 0.0162811 0.0610652 0.0119946 0.0208099 0.0051488 0.0039980 0.0170295 0.0872382 0.0014347 0.0212460 0.0596127 0.3870364
123 C 123 0.0019946 0.0000000 0.0000000 0.0000000 0.3945409 0.0000000 0.0000000 0.0000000 0.0000000 0.0000000 0.0031258 0.0000000 0.0000000 0.0000000 0.0000000 0.0000000 0.0000000 0.0000000 0.0000000 0.0017313 0.5986074
124 R 124 0.0040399 0.0376257 0.0013580 0.0039601 0.0000000 0.0184827 0.0496547 0.0767479 0.0225863 0.0007621 0.0017008 0.0243194 0.0080171 0.0039888 0.0074827 0.0031073 0.0072495 0.0000000 0.0007890 0.0000000 0.7281277
125 G 125 0.0129122 0.0000000 0.0563469 0.0000000 0.0000000 0.0000000 0.0000000 0.0628412 0.0000000 0.0000000 0.0000000 0.0000000 0.0000000 0.0000000 0.0000000 0.0000000 0.0000000 0.0000000 0.0000000 0.0000000 0.8678998
