  125         A         R         N         D         C         Q         E         G         H         I         L         K         M         F         P         S         T         W         Y         V    
  1 G   1 0.9035438 0.0000000 0.0000000 0.0000000 0.0000000 0.0000000 0.0000000 0.0964562 0.0000000 0.0000000 0.0000000 0.0000000 0.0000000 0.0000000 0.0000000 0.0000000 0.0000000 0.0000000 0.0000000 0.0000000
  2 S   2 0.0479939 0.0752485 0.0173482 0.0396259 0.0000000 0.0000000 0.1252163 0.0263007 0.0000000 0.0000000 0.0000000 0.0253914 0.0000000 0.0000000 0.2966526 0.3462225 0.0000000 0.0000000 0.0000000 0.0000000
  3 C   3 0.0567304 0.0000000 0.0000000 0.0000000 0.9432696 0.0000000 0.0000000 0.0000000 0.0000000 0.0000000 0.0000000 0.0000000 0.0000000 0.0000000 0.0000000 0.0000000 0.0000000 0.0000000 0.0000000 0.0000000
  4 K   4 0.0863618 0.0412089 0.0185649 0.0086683 0.0000000 0.0506077 0.0194726 0.0074721 0.0650837 0.0083387 0.0724875 0.2775923 0.0094442 0.0000000 0.1881119 0.0781244 0.0342979 0.0000000 0.0213650 0.0127980
  5 L   5 0.0329601 0.0000000 0.0000000 0.0326380 0.2079631 0.0000000 0.0000000 0.0000000 0.0164874 0.1598582 0.1063000 0.0175032 0.0283665 0.0424210 0.1090743 0.0207988 0.0133323 0.0000000 0.0171558 0.1951413
  6 P   6 0.0726945 0.0184777 0.0211313 0.0317939 0.0000000 0.0000000 0.0354098 0.1378869 0.0393297 0.0801501 0.0128303 0.0332582 0.0000000 0.0000000 0.3546709 0.1038246 0.0472588 0.0000000 0.0112834 0.0000000
  7 V   7 0.1645231 0.0000000 0.0166770 0.0197793 0.0381859 0.0103242 0.0302125 0.1515640 0.0319711 0.1228644 0.0305811 0.0000000 0.0687915 0.0000000 0.0000000 0.1061541 0.0553358 0.0000000 0.0073528 0.1456833
  8 K   8 0.0521352 0.0349332 0.0315762 0.0388304 0.0225550 0.1152598 0.1879182 0.0098972 0.0287269 0.0000000 0.0000000 0.1809043 0.0145520 0.0689945 0.0229771 0.0539158 0.0870491 0.0000000 0.0195582 0.0302167
  9 K   9 0.0426430 0.1723973 0.0678518 0.0838329 0.0000000 0.1274155 0.0351722 0.0773917 0.0000000 0.0000000 0.0188534 0.2247607 0.0000000 0.0136826 0.0332547 0.0951609 0.0075834 0.0000000 0.0000000 0.0000000
 10 A  10 0.1080394 0.0688369 0.0852147 0.0000000 0.1354834 0.0108398 0.0000000 0.2231953 0.0168962 0.0000000 0.0099824 0.0144195 0.0000000 0.0000000 0.0000000 0.1571867 0.0531217 0.0000000 0.0080060 0.1087781
 11 T  11 0.0441314 0.2074476 0.0070354 0.0144078 0.0000000 0.0000000 0.0375680 0.0277670 0.0000000 0.0000000 0.0247465 0.0295366 0.0576997 0.0000000 0.0253743 0.0749330 0.3208058 0.0675113 0.0000000 0.0610354
 12 V  12 0.0162944 0.0143731 0.0273316 0.0076579 0.0887385 0.0159792 0.0224166 0.0158729 0.0000000 0.0774788 0.0295414 0.0098478 0.0000000 0.0000000 0.0000000 0.0711047 0.1104987 0.0000000 0.0884377 0.4044267
 13 V  13 0.0247370 0.0192696 0.0707194 0.0068990 0.0366788 0.0077863 0.0305496 0.0927597 0.0172081 0.0871716 0.3645834 0.0231150 0.0613053 0.0450203 0.0174847 0.0000000 0.0265969 0.0000000 0.0000000 0.0681154
 14 Y  14 0.1806127 0.0320007 0.0140170 0.0000000 0.0291803 0.0252789 0.0429299 0.0219001 0.0251763 0.0280855 0.1778097 0.0077408 0.0059776 0.0673523 0.0329071 0.0387617 0.0767511 0.0000000 0.1773140 0.0162044
 15 Q  15 0.0506955 0.0645366 0.2592242 0.0968636 0.1934448 0.0673668 0.0566214 0.0198678 0.0000000 0.0000000 0.0134831 0.0442936 0.0000000 0.0000000 0.0283938 0.0734805 0.0000000 0.0000000 0.0256393 0.0060890
 16 G  16 0.0172675 0.0000000 0.1413652 0.0511569 0.0074567 0.0228146 0.0068401 0.3367501 0.0000000 0.0922707 0.0299066 0.0200684 0.0000000 0.0000000 0.0300040 0.0723732 0.0326932 0.0000000 0.0300045 0.1090284
 17 E  17 0.0369134 0.0409372 0.1111042 0.0484514 0.0048215 0.0950991 0.2502080 0.0129351 0.0512712 0.0192794 0.0249869 0.1074580 0.0194514 0.0188359 0.0266242 0.0239893 0.0252615 0.0065556 0.0345471 0.0412695
 18 R  18 0.0064273 0.2925291 0.0083931 0.0152998 0.0592205 0.1148727 0.0379856 0.0203044 0.0154649 0.0043048 0.0068429 0.2974464 0.0090909 0.0000000 0.0283671 0.0555681 0.0237892 0.0000000 0.0000000 0.0040933
 19 V  19 0.0325944 0.1121656 0.0094562 0.0250342 0.0277214 0.0266035 0.0215076 0.0071148 0.0385743 0.0311091 0.0553482 0.0612932 0.0182498 0.0445333 0.0367408 0.2406060 0.0940733 0.0022099 0.0326619 0.0824024
 20 K  20 0.0483690 0.0264900 0.0199589 0.0009720 0.0720477 0.0191949 0.0090601 0.0022740 0.0037282 0.0033321 0.0328232 0.0853006 0.0027031 0.0175295 0.0193291 0.0073279 0.0020839 0.5779716 0.0495042 0.0000000
 21 I  21 0.0197548 0.1412033 0.0009058 0.0057345 0.0076475 0.0265877 0.0069408 0.0187355 0.0101064 0.1294600 0.1280112 0.0910083 0.0309611 0.0171817 0.0555814 0.0113842 0.0104824 0.0035243 0.0111157 0.2736733
 22 Q  22 0.0048497 0.0047455 0.0153615 0.0065803 0.8158424 0.0277302 0.0260170 0.0128561 0.0076262 0.0012821 0.0000000 0.0043815 0.0042511 0.0115520 0.0000000 0.0286597 0.0080683 0.0028711 0.0153614 0.0019639
 23 E  23 0.0039533 0.0061815 0.1200005 0.7565751 0.0000000 0.0019503 0.0460495 0.0191591 0.0076637 0.0000000 0.0033588 0.0027431 0.0000000 0.0130316 0.0072449 0.0049876 0.0071011 0.0000000 0.0000000 0.0000000
 24 K  24 0.0133833 0.0346152 0.0374126 0.0236254 0.0166628 0.0202122 0.0206587 0.5756030 0.0387520 0.0354286 0.0346568 0.0368048 0.0042613 0.0205570 0.0026785 0.0432836 0.0125462 0.0009298 0.0140697 0.0138584
 25 F  25 0.0196968 0.0637500 0.0241128 0.1900331 0.0162577 0.0569652 0.1263522 0.0090431 0.0524655 0.0664737 0.0222263 0.0492784 0.0173069 0.0549021 0.0089081 0.0432935 0.0495488 0.0064535 0.0545103 0.0684222
 26 K  26 0.0739952 0.0487228 0.1870937 0.1502931 0.0095028 0.0244155 0.0577128 0.0044500 0.0180893 0.0190551 0.0120194 0.0890375 0.0110859 0.0115392 0.1350834 0.0503841 0.0241961 0.0047305 0.0161305 0.0524629
 27 N  27 0.0096363 0.0024033 0.0700723 0.6913087 0.0246385 0.0187373 0.0580231 0.0202349 0.0368317 0.0000000 0.0106418 0.0053601 0.0009500 0.0026485 0.0013924 0.0114944 0.0023572 0.0000000 0.0298736 0.0033959
 28 G  28 0.0094576 0.0169568 0.0024871 0.0149121 0.7872851 0.0120340 0.0074897 0.0563839 0.0092391 0.0036157 0.0119419 0.0075743 0.0057277 0.0011580 0.0030540 0.0185931 0.0175156 0.0000000 0.0017011 0.0128731
 29 M  29 0.0716960 0.0535189 0.0455879 0.0377844 0.0080695 0.0224331 0.0517622 0.1846739 0.0201114 0.0277590 0.0502653 0.0421334 0.0352503 0.0236333 0.1092849 0.0832032 0.0287852 0.0052759 0.0161103 0.0826620
 30 L  30 0.0067207 0.0168215 0.0554549 0.6654194 0.0085436 0.0255357 0.0154520 0.0376381 0.0049848 0.0051279 0.0460673 0.0079096 0.0077510 0.0040729 0.0217523 0.0308871 0.0155441 0.0010466 0.0177983 0.0054722
 31 H  31 0.0431153 0.0513805 0.1079937 0.0201120 0.0147210 0.0306382 0.0352323 0.3938724 0.1115721 0.0020780 0.0139874 0.0351627 0.0168495 0.0175646 0.0136965 0.0244439 0.0230677 0.0128742 0.0274181 0.0042200
 32 G  32 0.0395404 0.0075621 0.0069454 0.0357030 0.0353516 0.0286089 0.0583912 0.1001229 0.0086651 0.0180674 0.0115665 0.0127694 0.0010639 0.0265367 0.0015725 0.5628880 0.0327238 0.0025902 0.0056312 0.0036998
 33 D  33 0.0113224 0.0043583 0.0103781 0.7840490 0.0109405 0.0323124 0.0413497 0.0086599 0.0029499 0.0044377 0.0061217 0.0093867 0.0000000 0.0202398 0.0191154 0.0142667 0.0093297 0.0000000 0.0022838 0.0084982
 34 K  34 0.0046936 0.0441563 0.0160469 0.0092605 0.0300188 0.0123612 0.7303109 0.0033261 0.0141728 0.0175136 0.0102709 0.0349848 0.0000000 0.0046007 0.0197740 0.0178303 0.0069692 0.0000000 0.0088762 0.0148333
 35 V  35 0.0726127 0.0485062 0.0310804 0.0737714 0.0267197 0.0475257 0.0825863 0.0264911 0.0118880 0.0527864 0.1584482 0.0683151 0.0256399 0.0122612 0.0457705 0.0669784 0.0498410 0.0061292 0.0138235 0.0788252
 36 S  36 0.0591651 0.0149366 0.1683841 0.1026260 0.0041155 0.0398363 0.1333345 0.1098617 0.0585670 0.0059400 0.0140638 0.0181860 0.0042248 0.0084458 0.0519067 0.1273131 0.0614915 0.0012601 0.0066628 0.0096785
 37 F  37 0.0261783 0.0077247 0.0953076 0.0145812 0.3514279 0.0355460 0.0556737 0.0353128 0.0746206 0.0067655 0.0276086 0.0117180 0.0034564 0.0843332 0.0191861 0.0474913 0.0347441 0.0015858 0.0320572 0.0346808
 38 F  38 0.0442859 0.0502251 0.0479647 0.0174621 0.0048469 0.0470086 0.0457984 0.0254166 0.0218495 0.0149061 0.0733011 0.0651548 0.0292500 0.0797954 0.1766076 0.0410568 0.1169286 0.0061301 0.0584934 0.0335183
 39 C  39 0.0300952 0.0024870 0.0107311 0.0058062 0.8512579 0.0007356 0.0036503 0.0329932 0.0007115 0.0048655 0.0102707 0.0028146 0.0008089 0.0047959 0.0054582 0.0123393 0.0118731 0.0000000 0.0021584 0.0061472
 40 K  40 0.0542239 0.0916185 0.0217086 0.0363342 0.0024409 0.0487045 0.0645171 0.0689686 0.0089519 0.0808065 0.0833400 0.0868701 0.0162682 0.0224016 0.0727624 0.0953222 0.0528025 0.0010382 0.0292153 0.0617047
 41 N  41 0.0538949 0.0251552 0.1506555 0.0891589 0.0023577 0.0191047 0.0969260 0.0326352 0.0261981 0.0084947 0.0080642 0.0412476 0.0015568 0.0130571 0.1988945 0.1403224 0.0587999 0.0011601 0.0127630 0.0195536
 42 K  42 0.0234904 0.0694457 0.1181095 0.1354683 0.1034474 0.0379135 0.0506348 0.0398620 0.0398418 0.0185135 0.0201312 0.1035642 0.0084817 0.0103107 0.0760904 0.0686089 0.0294918 0.0143533 0.0157457 0.0164953
 43 E  43 0.0685005 0.0332053 0.0832965 0.0334058 0.0022849 0.1468143 0.2313035 0.0105224 0.0340611 0.0043018 0.0150131 0.0519145 0.0134414 0.0074629 0.0885241 0.0630175 0.0850260 0.0047388 0.0109078 0.0122578
 44 K  44 0.0338386 0.0556050 0.0292042 0.0202917 0.0084155 0.0580966 0.0291688 0.0544451 0.0477160 0.0115707 0.0385704 0.0620790 0.0113367 0.2755463 0.0482226 0.0408900 0.0388887 0.0477037 0.0738691 0.0145413
 45 K  45 0.0414957 0.1967178 0.0350665 0.0161028 0.0088296 0.0844426 0.0270979 0.0518747 0.0298084 0.0078327 0.0394825 0.1504661 0.0145827 0.0182466 0.0281598 0.0636390 0.1222810 0.0014164 0.0086101 0.0538470
 46 C  46 0.0271413 0.0064203 0.0110416 0.0005960 0.7063836 0.0066709 0.0042565 0.0057442 0.0066702 0.0041472 0.0063397 0.0065481 0.0055577 0.0079151 0.0329900 0.0373899 0.0967518 0.0006655 0.0138837 0.0128866
 47 S  47 0.0398926 0.0370735 0.0548300 0.1619744 0.3903008 0.0097780 0.0133835 0.0522942 0.0068525 0.0028521 0.0145718 0.0142090 0.0007906 0.0125075 0.0467000 0.1205410 0.0119568 0.0000000 0.0028906 0.0066011
 48 Y  48 0.0487454 0.0431817 0.0642397 0.0205796 0.0123898 0.0303047 0.0405133 0.1614928 0.0466567 0.0220989 0.0353605 0.0313756 0.0074893 0.0167687 0.1564701 0.1300543 0.0533001 0.0000000 0.0653726 0.0136061
 49 T  49 0.0872304 0.0234964 0.0257869 0.0745357 0.0242071 0.0396282 0.0963659 0.0561195 0.0162831 0.0314086 0.0536889 0.0317415 0.0154252 0.0056016 0.1238309 0.1449791 0.0757018 0.0090322 0.0188566 0.0460803
 50 E  50 0.0341470 0.0571042 0.1411781 0.1349258 0.0242166 0.0370107 0.0905682 0.0883069 0.0325615 0.0099787 0.0252000 0.0410057 0.0102445 0.0223577 0.0131280 0.0718128 0.0840341 0.0109220 0.0357476 0.0355500
 51 D  51 0.0246583 0.0249914 0.0853198 0.1464758 0.0139410 0.1869968 0.2138330 0.0115813 0.0252965 0.0045315 0.0234357 0.0492049 0.0224914 0.0175587 0.0086454 0.0648295 0.0283625 0.0057697 0.0374497 0.0046270
 52 A  52 0.0494740 0.0043401 0.0113375 0.0019889 0.0130901 0.0050742 0.0065769 0.1237369 0.0180067 0.0268730 0.0407576 0.0134262 0.0074284 0.5400453 0.0176629 0.0139543 0.0111416 0.0275490 0.0430717 0.0244645
 53 Q  53 0.0553387 0.1922052 0.0199175 0.0210302 0.0012783 0.2140697 0.0569952 0.0165052 0.0378874 0.0127316 0.0262383 0.0838922 0.0219963 0.0079862 0.0122780 0.0503012 0.1397733 0.0005770 0.0067133 0.0222851
 54 C  54 0.0006196 0.0019095 0.0006612 0.0031517 0.9566770 0.0048270 0.0016016 0.0050610 0.0000000 0.0015498 0.0028319 0.0014943 0.0008441 0.0027928 0.0046869 0.0027924 0.0007448 0.0008211 0.0035091 0.0034241
 55 I  55 0.0896544 0.0632882 0.0636362 0.0616158 0.0047291 0.0441933 0.0259705 0.0909236 0.0311119 0.1270347 0.0546162 0.0849463 0.0178424 0.0159899 0.0653031 0.0681078 0.0246626 0.0011467 0.0066801 0.0585474
 56 D  56 0.0223703 0.0192777 0.3091525 0.2866397 0.0035674 0.0112794 0.0251034 0.0596118 0.0187920 0.0064104 0.0121503 0.0110138 0.0026683 0.0093437 0.0515855 0.1068875 0.0335913 0.0011918 0.0047864 0.0045767
 57 G  57 0.0111922 0.0633771 0.0703426 0.0376012 0.0017905 0.0228378 0.0168301 0.4790748 0.0182575 0.0261421 0.0273362 0.0505061 0.0083327 0.0035271 0.0080785 0.0963912 0.0332288 0.0010636 0.0131122 0.0109778
 58 T  58 0.0383317 0.0746271 0.0719922 0.0231051 0.0074015 0.0526632 0.0924525 0.0862269 0.0400315 0.0192095 0.0187665 0.1147493 0.0031409 0.0047924 0.0105634 0.2063386 0.0868749 0.0043988 0.0145302 0.0298037
 59 I  59 0.0134732 0.1948685 0.0086604 0.1661126 0.0951911 0.0439912 0.0164406 0.0110964 0.0280358 0.0419018 0.0835328 0.0691539 0.0116702 0.0390187 0.0038942 0.0320969 0.0269199 0.0487166 0.0305840 0.0346409
 60 E  60 0.0082327 0.0245775 0.0072462 0.0018519 0.6223928 0.0182138 0.0946512 0.0109753 0.0097640 0.0495707 0.0306569 0.0159420 0.0025994 0.0067741 0.0051962 0.0110448 0.0174294 0.0025204 0.0034762 0.0568844
 61 V  61 0.0252417 0.0096651 0.0052341 0.0134491 0.1580162 0.0156536 0.0070350 0.0065438 0.0024371 0.4737734 0.0897235 0.0112910 0.0074697 0.0055506 0.0257273 0.0192343 0.0162325 0.0019035 0.0084105 0.0974080
 62 P  62 0.0423675 0.0200125 0.0684222 0.1715794 0.0180868 0.0225448 0.0210861 0.0212124 0.0274745 0.0053243 0.0216579 0.0331908 0.0088962 0.0103909 0.3855556 0.0811256 0.0161938 0.0045615 0.0151745 0.0051426
 63 K  63 0.0786978 0.0907700 0.0405231 0.0228474 0.0210104 0.0543763 0.0641959 0.1603274 0.0266252 0.0324088 0.0715975 0.1140681 0.0166050 0.0255401 0.0213848 0.0848905 0.0222651 0.0067852 0.0234427 0.0216388
 64 C  64 0.0557316 0.0586353 0.0394222 0.0405518 0.1048480 0.0485052 0.0634410 0.0322763 0.0309389 0.0246397 0.0386861 0.0340806 0.0086302 0.0261219 0.0120489 0.2104557 0.0590282 0.0410033 0.0422825 0.0286726
 65 F  65 0.0288010 0.0397989 0.0300111 0.1096331 0.0179964 0.0466909 0.0180305 0.0224303 0.0190341 0.0242415 0.0527976 0.0487326 0.0159961 0.0735046 0.0157161 0.0319824 0.0169194 0.3075676 0.0548788 0.0252370
 66 K  66 0.0120814 0.1305454 0.0186328 0.0906879 0.0615278 0.0615154 0.0759945 0.0306247 0.0307989 0.0433200 0.0593266 0.1120472 0.0126174 0.0101870 0.0196154 0.0209854 0.0367638 0.0110018 0.0154586 0.1462680
 67 E  67 0.0200684 0.0180834 0.0380198 0.0502355 0.6516697 0.0160606 0.0390535 0.0116170 0.0129921 0.0126452 0.0150877 0.0130911 0.0087431 0.0138331 0.0141934 0.0188523 0.0117882 0.0036717 0.0118177 0.0184766
 68 H  68 0.0079649 0.0327425 0.1025329 0.6096871 0.0078994 0.0072297 0.0175642 0.0380214 0.0466855 0.0065828 0.0134101 0.0125711 0.0018900 0.0074829 0.0394901 0.0227869 0.0077656 0.0000000 0.0091071 0.0085859
 69 S  69 0.0148308 0.0233253 0.0447144 0.1115577 0.1236556 0.0202159 0.0234137 0.4425774 0.0239408 0.0058329 0.0137190 0.0182455 0.0094179 0.0183258 0.0039126 0.0531307 0.0206238 0.0028401 0.0136681 0.0120519
 70 S  70 0.0303187 0.0429243 0.0616483 0.1892771 0.0327101 0.0518839 0.0996166 0.0483494 0.0369847 0.0607842 0.0163366 0.0421390 0.0205720 0.0263613 0.0338585 0.0456125 0.0375532 0.0146598 0.0447428 0.0636671
 71 L  71 0.0509873 0.0442147 0.1409233 0.2190103 0.0423200 0.0322256 0.0396520 0.0320539 0.0209368 0.0241409 0.0358490 0.0453447 0.0116679 0.0171672 0.0872849 0.0702195 0.0223258 0.0046395 0.0221443 0.0368924
 72 A  72 0.0299361 0.0152637 0.0504432 0.5429217 0.0552053 0.0336019 0.0409129 0.0421782 0.0364387 0.0132931 0.0200285 0.0113096 0.0072893 0.0048461 0.0125293 0.0345064 0.0243373 0.0016335 0.0091648 0.0141602
 73 F  73 0.0224196 0.0139590 0.0196174 0.0327708 0.5823158 0.0067987 0.0457269 0.0417837 0.0166031 0.0128112 0.0095087 0.0161405 0.0059845 0.0294167 0.0151496 0.0642755 0.0227481 0.0027010 0.0186168 0.0206523
 74 W  74 0.0454676 0.0348907 0.0297280 0.1881930 0.0141557 0.0232548 0.0767360 0.1863478 0.0283938 0.0091745 0.0539128 0.0358676 0.0088816 0.0157800 0.0665316 0.0915049 0.0401824 0.0213661 0.0105412 0.0190898
 75 K  75 0.0312411 0.0196464 0.0427809 0.5211880 0.0847896 0.0132086 0.0743571 0.0594664 0.0155975 0.0058424 0.0116667 0.0198965 0.0013231 0.0120277 0.0205522 0.0279946 0.0154632 0.0038602 0.0093540 0.0097440
 76 T  76 0.0408687 0.0421857 0.1104939 0.0450707 0.0207635 0.0281855 0.0446228 0.3016610 0.0337749 0.0086520 0.0329043 0.0439496 0.0260164 0.0154968 0.0306612 0.0810934 0.0410077 0.0143182 0.0215430 0.0167305
 77 D  77 0.0475315 0.0133775 0.0385940 0.1485621 0.0234203 0.0241504 0.0705203 0.0281033 0.0138785 0.0170262 0.0224063 0.0145925 0.0080556 0.0128952 0.0182470 0.4289003 0.0406066 0.0039372 0.0140977 0.0110974
 78 A  78 0.0335785 0.0111625 0.0257995 0.5633113 0.0567868 0.0118210 0.0848832 0.0589384 0.0076394 0.0076624 0.0196513 0.0098751 0.0052233 0.0140135 0.0198561 0.0187949 0.0252771 0.0021916 0.0099329 0.0136013
 79 S  79 0.0289192 0.0168152 0.0183806 0.0254373 0.0119871 0.0209583 0.5848057 0.0108313 0.0066765 0.0066524 0.0246156 0.0157020 0.0065919 0.0023572 0.0387809 0.1310982 0.0339844 0.0032625 0.0027596 0.0093843
 80 D  80 0.0786469 0.0355329 0.0595869 0.1964948 0.0701076 0.0370354 0.0817279 0.0303320 0.0301399 0.0241622 0.0554889 0.0505210 0.0145639 0.0073846 0.0466487 0.0821145 0.0605597 0.0029050 0.0073044 0.0287429
 81 V  81 0.0268362 0.0200646 0.1299915 0.0757613 0.1134867 0.0253706 0.1708910 0.0879642 0.0404514 0.0176421 0.0319969 0.0460583 0.0146000 0.0059034 0.0542128 0.0443034 0.0336222 0.0034217 0.0258994 0.0315223
 82 K  82 0.0386219 0.0286621 0.0595169 0.0220339 0.4304395 0.0303116 0.0355524 0.0246813 0.0142829 0.0069923 0.0298756 0.0366413 0.0084277 0.0117943 0.0588865 0.0620469 0.0593542 0.0011041 0.0082707 0.0325040
 83 P  83 0.0716305 0.0272442 0.0823469 0.0481188 0.0781026 0.0347230 0.0864661 0.0606047 0.0351833 0.0164279 0.0294308 0.0268447 0.0127049 0.0111759 0.1661541 0.0679280 0.0789235 0.0042885 0.0142031 0.0474984
 84 C  84 0.0528703 0.0609191 0.0739258 0.0335209 0.0973907 0.0373069 0.0578916 0.0700791 0.0313567 0.0229032 0.0435374 0.0434552 0.0166676 0.0304189 0.0923887 0.0669416 0.0910708 0.0044093 0.0327066 0.0402399
 85 A  85 0.0558241 0.1219101 0.0419230 0.0249164 0.0412757 0.0543011 0.0407344 0.0385438 0.0601093 0.0342975 0.0374364 0.0636386 0.0171378 0.0322917 0.0979067 0.0763286 0.0793398 0.0031904 0.0194752 0.0594194
 86 T  86 0.0530596 0.0507456 0.0505852 0.0358233 0.1452268 0.0455829 0.0418440 0.0293175 0.0238639 0.0193168 0.0234897 0.0590345 0.0117345 0.0226072 0.0725239 0.0699499 0.1903824 0.0042760 0.0125772 0.0380593
 87 C  87 0.0099761 0.0145722 0.0429044 0.0395500 0.7102314 0.0065045 0.0272898 0.0115671 0.0125290 0.0052964 0.0089477 0.0103084 0.0060385 0.0056691 0.0235516 0.0244278 0.0210193 0.0022874 0.0080615 0.0092676
 88 G  88 0.0592894 0.0753876 0.0398231 0.0481657 0.0505222 0.0744287 0.0543976 0.0960558 0.0315529 0.0109072 0.0516926 0.0376662 0.0125604 0.0107047 0.1212202 0.1373094 0.0643580 0.0043339 0.0118278 0.0077966
 89 P  89 0.0945885 0.0217555 0.0430261 0.0525452 0.0249564 0.0342361 0.1131289 0.0314022 0.0155317 0.0079508 0.0157043 0.0398200 0.0052972 0.0071525 0.2932537 0.1156824 0.0438874 0.0018974 0.0162235 0.0219600
 90 A  90 0.0287287 0.0208960 0.1626755 0.1785139 0.0163889 0.0172182 0.0424516 0.1726215 0.0533220 0.0041502 0.0107619 0.0227910 0.0064833 0.0234581 0.0132510 0.0936692 0.0893265 0.0122212 0.0265731 0.0044983
 91 S  91 0.0282255 0.0313830 0.0255027 0.0407950 0.0077253 0.2487399 0.2852748 0.0189184 0.0369284 0.0034656 0.0223711 0.0545743 0.0219578 0.0199942 0.0061251 0.0411494 0.0508189 0.0090202 0.0377970 0.0092333
 92 F  92 0.0033820 0.0062247 0.0006998 0.0039754 0.0010017 0.0084902 0.0009706 0.0007666 0.0243963 0.0127323 0.0205581 0.0035572 0.0060259 0.7712143 0.0022886 0.0029820 0.0077595 0.0338091 0.0790448 0.0101209
 93 Q  93 0.0549628 0.2277561 0.0074293 0.0142976 0.0042511 0.2017631 0.0522716 0.0031276 0.0367274 0.0033065 0.0436346 0.1152721 0.0328729 0.0056734 0.0249707 0.0334075 0.1085286 0.0000000 0.0145091 0.0152380
 94 C  94 0.0015359 0.0011114 0.0016382 0.0014048 0.9876290 0.0019736 0.0000000 0.0000000 0.0000000 0.0000000 0.0000000 0.0000000 0.0000000 0.0018813 0.0000000 0.0000000 0.0014080 0.0000000 0.0000000 0.0014178
 95 N  95 0.1195373 0.0902879 0.1058308 0.1142445 0.0019799 0.0463971 0.0263821 0.1263785 0.0242793 0.0032890 0.0354178 0.0975345 0.0030134 0.0037856 0.0336176 0.1169291 0.0378309 0.0031282 0.0031549 0.0069814
 96 S  96 0.0055754 0.0060004 0.4439905 0.1588616 0.0000000 0.0066279 0.0149254 0.0242281 0.0073398 0.0022653 0.0051684 0.0067746 0.0014262 0.0013148 0.0037333 0.2235822 0.0667006 0.0000000 0.0183068 0.0031788
 97 S  97 0.0096776 0.0389351 0.0675542 0.0193663 0.0000000 0.0153190 0.0181417 0.6169066 0.0280975 0.0037998 0.0079347 0.0393426 0.0034929 0.0045656 0.0035872 0.0905949 0.0247131 0.0007418 0.0060269 0.0012024
 98 T  98 0.0431597 0.2340900 0.0416251 0.0231392 0.0000000 0.1009604 0.0879449 0.0204686 0.0467474 0.0301186 0.0472731 0.1315934 0.0114517 0.0151470 0.0091997 0.0470490 0.0641207 0.0018986 0.0122976 0.0317151
 99 C  99 0.0016869 0.0008498 0.0020390 0.0020132 0.9757184 0.0000000 0.0008859 0.0000000 0.0000000 0.0020870 0.0021864 0.0009192 0.0006906 0.0023945 0.0000000 0.0008343 0.0027274 0.0000000 0.0034650 0.0015022
100 I 100 0.0050243 0.0082767 0.0000000 0.0000000 0.0000000 0.0010055 0.0000000 0.0008655 0.0008049 0.6651504 0.0754412 0.0111557 0.0072803 0.0068790 0.0000000 0.0007545 0.0125144 0.0000000 0.0100676 0.1947801
101 P 101 0.0552398 0.0270718 0.0435137 0.0706521 0.0005892 0.0297812 0.0326989 0.0085727 0.0321945 0.0064024 0.0334119 0.0210315 0.0071766 0.0133416 0.4290494 0.1489026 0.0169351 0.0013601 0.0165307 0.0055442
102 Q 102 0.0649034 0.1011523 0.0457823 0.0298162 0.0013483 0.0688769 0.0735782 0.0465992 0.0154688 0.0429608 0.1166774 0.1446970 0.0333959 0.0150356 0.0330606 0.0985704 0.0187149 0.0067491 0.0218705 0.0207423
103 L 103 0.0838431 0.0813620 0.0452893 0.0594544 0.0004422 0.0390070 0.0760104 0.0261396 0.0454113 0.0169424 0.0329460 0.0415617 0.0078375 0.0235103 0.0122164 0.2438746 0.0849086 0.0241640 0.0343558 0.0207234
104 W 104 0.0378681 0.0456432 0.0248049 0.0164348 0.0000000 0.0698549 0.0152482 0.0033851 0.0172677 0.0076972 0.1140896 0.0829994 0.0090980 0.0813925 0.0017567 0.0237520 0.0060152 0.3621261 0.0720856 0.0084807
105 A 105 0.0204463 0.2191687 0.0012041 0.0008248 0.0005371 0.0640152 0.0209137 0.0031850 0.0358129 0.0460370 0.1114331 0.1197512 0.0191729 0.0182126 0.0044054 0.0033658 0.0189381 0.0118136 0.0144902 0.2662723
106 C 106 0.0000000 0.0020848 0.0069269 0.0000000 0.9853913 0.0022132 0.0000000 0.0016742 0.0000000 0.0000000 0.0017097 0.0000000 0.0000000 0.0000000 0.0000000 0.0000000 0.0000000 0.0000000 0.0000000 0.0000000
107 D 107 0.0000000 0.0000000 0.1702397 0.8181152 0.0000000 0.0000000 0.0019880 0.0000000 0.0000000 0.0000000 0.0000000 0.0000000 0.0000000 0.0000000 0.0000000 0.0074034 0.0000000 0.0000000 0.0000000 0.0022538
108 N 108 0.0155830 0.0360618 0.0543283 0.0208336 0.0008355 0.0271922 0.0150671 0.6648187 0.0332402 0.0015420 0.0203175 0.0311548 0.0071052 0.0164497 0.0000000 0.0300778 0.0090608 0.0007807 0.0090882 0.0064629
109 D 109 0.0228082 0.0672172 0.0369178 0.1749222 0.0000000 0.0541391 0.1559548 0.0034008 0.0463539 0.0872226 0.0194172 0.0593761 0.0117020 0.0273282 0.0005596 0.0284710 0.0409050 0.0071586 0.0512002 0.1049455
110 P 110 0.0571713 0.0813509 0.2003335 0.1645925 0.0080598 0.0321381 0.0298028 0.0025330 0.0162092 0.0360341 0.0175015 0.0679887 0.0134221 0.0200525 0.0993857 0.0478246 0.0277162 0.0043840 0.0259969 0.0475026
111 D 111 0.0008486 0.0009599 0.0382205 0.8645325 0.0000000 0.0256355 0.0261348 0.0062839 0.0276363 0.0009562 0.0000000 0.0000000 0.0000000 0.0008035 0.0000000 0.0026934 0.0052948 0.0000000 0.0000000 0.0000000
112 C 112 0.0029221 0.0028710 0.0000000 0.0000000 0.9942069 0.0000000 0.0000000 0.0000000 0.0000000 0.0000000 0.0000000 0.0000000 0.0000000 0.0000000 0.0000000 0.0000000 0.0000000 0.0000000 0.0000000 0.0000000
113 E 113 0.0873168 0.0603161 0.0194800 0.0291703 0.0127356 0.0301667 0.0528243 0.2544441 0.0218780 0.0183273 0.0596703 0.0450138 0.0098726 0.0110310 0.1243970 0.0871350 0.0337611 0.0051175 0.0131507 0.0241920
114 D 114 0.0076874 0.0024514 0.0506884 0.8788689 0.0000000 0.0031610 0.0047730 0.0151472 0.0044205 0.0008088 0.0016414 0.0021520 0.0009119 0.0036001 0.0000000 0.0146776 0.0032827 0.0017394 0.0039884 0.0000000
115 G 115 0.0487598 0.0410704 0.1515872 0.0157587 0.0008405 0.0166425 0.0189311 0.5059304 0.0285310 0.0038858 0.0200219 0.0278006 0.0241593 0.0192980 0.0004789 0.0324296 0.0033502 0.0208039 0.0185568 0.0011634
116 S 116 0.0283390 0.0066769 0.0025229 0.0161786 0.0000000 0.0093745 0.0676682 0.0118455 0.0024247 0.0023913 0.0068516 0.0077482 0.0015670 0.0069479 0.0000000 0.7668206 0.0553263 0.0018040 0.0040613 0.0014516
117 D 117 0.0000000 0.0000000 0.0017430 0.9924897 0.0000000 0.0000000 0.0020652 0.0000000 0.0017625 0.0000000 0.0000000 0.0000000 0.0000000 0.0000000 0.0019396 0.0000000 0.0000000 0.0000000 0.0000000 0.0000000
118 E 118 0.0000000 0.0000000 0.0000000 0.0000000 0.0000000 0.0041908 0.9958092 0.0000000 0.0000000 0.0000000 0.0000000 0.0000000 0.0000000 0.0000000 0.0000000 0.0000000 0.0000000 0.0000000 0.0000000 0.0000000
119 W 119 0.1057548 0.0594397 0.0307562 0.0729860 0.0006958 0.0587068 0.0752553 0.0206189 0.0249728 0.0497819 0.1171507 0.0711349 0.0341427 0.0217225 0.0399987 0.0819646 0.0542870 0.0247652 0.0161621 0.0397035
120 P 120 0.0468481 0.0158161 0.2303973 0.1209171 0.0018637 0.0258146 0.0500516 0.1404168 0.0373882 0.0156135 0.0347113 0.0259101 0.0044680 0.0087213 0.1344067 0.0680296 0.0152827 0.0007732 0.0108368 0.0117332
121 Q 121 0.0337411 0.0166485 0.0079478 0.0273486 0.6431245 0.0457375 0.0927275 0.0125525 0.0106480 0.0067081 0.0115269 0.0176344 0.0014795 0.0027021 0.0080537 0.0386471 0.0109042 0.0006411 0.0028870 0.0083399
122 R 122 0.0193185 0.0585194 0.1502830 0.0296850 0.0011417 0.0340891 0.1074676 0.0153870 0.0913450 0.0255770 0.0984697 0.0187678 0.0351417 0.0081565 0.0064157 0.0268317 0.1404035 0.0023185 0.0340580 0.0966235
123 C 123 0.0056561 0.0000000 0.0000000 0.0000000 0.9808325 0.0000000 0.0000000 0.0000000 0.0000000 0.0000000 0.0083713 0.0000000 0.0000000 0.0000000 0.0000000 0.0000000 0.0000000 0.0000000 0.0000000 0.0051401
124 R 124 0.0143380 0.1446398 0.0049161 0.0140930 0.0000000 0.0669943 0.1813523 0.2840019 0.0826038 0.0028230 0.0061887 0.0870548 0.0281831 0.0147528 0.0278459 0.0108604 0.0264720 0.0000000 0.0028799 0.0000000
125 G 125 0.0982943 0.0000000 0.4150708 0.0000000 0.0000000 0.0000000 0.0000000 0.4866349 0.0000000 0.0000000 0.0000000 0.0000000 0.0000000 0.0000000 0.0000000 0.0000000 0.0000000 0.0000000 0.0000000 0.0000000
