  123         A         R         N         D         C         Q         E         G         H         I         L         K         M         F         P         S         T         W         Y         V         X    
  1 A   1 0.0544258 0.0000000 0.0000000 0.0000000 0.0000000 0.0000000 0.0000000 0.0190189 0.0000000 0.0000000 0.0000000 0.0000000 0.0000000 0.0000000 0.0930429 0.0453124 0.0000000 0.0000000 0.0000000 0.0000000 0.7882000
  2 S   2 0.0031552 0.0000000 0.0071275 0.0000000 0.0000000 0.0000000 0.0000000 0.0020073 0.0000000 0.0000000 0.0000000 0.0000000 0.0000000 0.0000000 0.0395215 0.2613314 0.3083568 0.0000000 0.0000000 0.0000000 0.3785004
  3 L   3 0.0130242 0.0000000 0.0000000 0.0000000 0.0000000 0.0032640 0.0000000 0.0000000 0.0061911 0.0699132 0.4417461 0.0000000 0.0270720 0.0715430 0.0771049 0.0000000 0.0052006 0.0000000 0.0026585 0.0266121 0.2556704
  4 Y   4 0.0013698 0.0000000 0.0033299 0.0000000 0.0000000 0.0000000 0.0000000 0.0000000 0.0027676 0.0149541 0.0398947 0.0000000 0.0000000 0.2146319 0.0000000 0.0000000 0.0000000 0.0091216 0.5181094 0.0033754 0.1924455
  5 E   5 0.0372942 0.0196491 0.0132409 0.1937090 0.0017158 0.0906475 0.3726251 0.0107183 0.0089950 0.0029742 0.0049145 0.0205261 0.0040436 0.0000000 0.0000000 0.0070016 0.0145284 0.0000000 0.0098824 0.0046884 0.1828459
  6 K   6 0.1256310 0.2744719 0.0044013 0.0179910 0.0011166 0.0792451 0.0425229 0.0071510 0.0081669 0.0213886 0.0524453 0.0945077 0.0107099 0.0038826 0.0000000 0.0125966 0.0178843 0.0417515 0.0019539 0.0075912 0.1745910
  7 L   7 0.0566545 0.0000000 0.0000000 0.0000000 0.0000000 0.0000000 0.0000000 0.0000000 0.0000000 0.2307781 0.3287870 0.0000000 0.0429566 0.0376085 0.0000000 0.0000000 0.0000000 0.0023758 0.0178083 0.1166444 0.1663867
  8 G   8 0.0000000 0.0011057 0.0061146 0.0034760 0.0000000 0.0000000 0.0034970 0.8092301 0.0028787 0.0000000 0.0019090 0.0021426 0.0000000 0.0032985 0.0000000 0.0014229 0.0000000 0.0000000 0.0000000 0.0000000 0.1649248
  9 G   9 0.0086989 0.0041466 0.0017261 0.0063994 0.0000000 0.0128582 0.0411680 0.7011389 0.0000000 0.0000000 0.0061760 0.0069540 0.0000000 0.0000000 0.0000000 0.0019258 0.0000000 0.0000000 0.0023386 0.0000000 0.2064697
 10 A  10 0.0970756 0.0635003 0.0100643 0.0974957 0.0000000 0.0568275 0.3427249 0.0041683 0.0351827 0.0192083 0.0401418 0.0482086 0.0149301 0.0122138 0.0149502 0.0221211 0.0202466 0.0035070 0.0196061 0.0168236 0.0610035
 11 A  11 0.1889278 0.0053996 0.0140101 0.1324900 0.0000000 0.0500382 0.2601350 0.0152935 0.0057521 0.0039296 0.0090177 0.0560921 0.0121944 0.0053104 0.0966792 0.0416391 0.0325115 0.0000000 0.0115229 0.0117054 0.0473514
 12 A  12 0.2229768 0.0362139 0.0409453 0.0410910 0.0009099 0.0241351 0.0101328 0.2414199 0.0029912 0.0078843 0.0025239 0.0274706 0.0071474 0.0149969 0.0117231 0.0401066 0.1380791 0.0000000 0.0048529 0.0771260 0.0472733
 13 V  13 0.0076931 0.0000000 0.0000000 0.0000000 0.0020391 0.0000000 0.0000000 0.0000000 0.0000000 0.3951763 0.2146696 0.0000000 0.0178177 0.1053340 0.0000000 0.0000000 0.0035415 0.0000000 0.0000000 0.2357735 0.0179552
 14 D  14 0.1085850 0.2414700 0.0376519 0.0495713 0.0031955 0.0542602 0.1394978 0.0197845 0.0332048 0.0077143 0.0162681 0.0700189 0.0108198 0.0013993 0.0000000 0.0653559 0.0636316 0.0016816 0.0198643 0.0390728 0.0169523
 15 L  15 0.2400614 0.2043784 0.0262762 0.0371219 0.0041538 0.0668255 0.0604662 0.0184329 0.0148869 0.0123195 0.0442665 0.1290060 0.0038850 0.0113932 0.0088387 0.0298762 0.0454410 0.0017697 0.0012356 0.0171055 0.0222599
 16 A  16 0.0784726 0.0000000 0.0000000 0.0000000 0.0056032 0.0013729 0.0000000 0.0000000 0.0000000 0.1402698 0.5224841 0.0000000 0.0389914 0.0466467 0.0000000 0.0126110 0.0144586 0.0025010 0.0000000 0.1215315 0.0150571
 17 V  17 0.0756222 0.0000000 0.0029771 0.0000000 0.0133567 0.0000000 0.0039114 0.0000000 0.0044417 0.0747865 0.0345982 0.0000000 0.0385982 0.0091677 0.0000000 0.0336611 0.0778513 0.0000000 0.0031007 0.6135933 0.0143339
 18 E  18 0.0494928 0.0529948 0.0665100 0.3586568 0.0000000 0.0115177 0.1947857 0.0219180 0.0656398 0.0013144 0.0037121 0.0402262 0.0041921 0.0000000 0.0060379 0.0338114 0.0511000 0.0027797 0.0142936 0.0081347 0.0128823
 19 K  19 0.1382694 0.2073152 0.0385454 0.1112365 0.0035488 0.0322303 0.0665372 0.0339426 0.0229309 0.0436306 0.0500179 0.0380582 0.0098597 0.0000000 0.0000000 0.0462666 0.0939218 0.0000000 0.0172056 0.0347599 0.0117233
 20 F  20 0.0143068 0.0000000 0.0000000 0.0000000 0.0000000 0.0000000 0.0000000 0.0000000 0.0065873 0.0080481 0.1112701 0.0000000 0.0381903 0.7511789 0.0000000 0.0085494 0.0115681 0.0092764 0.0055333 0.0237680 0.0117233
 21 Y  21 0.0069439 0.0000000 0.0000000 0.0000000 0.0049855 0.0000000 0.0000000 0.0017686 0.0160215 0.0339881 0.0477345 0.0033699 0.0096582 0.0410568 0.0000000 0.0053377 0.0026209 0.0042549 0.7665516 0.0439847 0.0117233
 22 G  22 0.1118949 0.0900425 0.0500011 0.2698902 0.0000000 0.0665035 0.1259900 0.0497773 0.0139223 0.0048138 0.0141973 0.0392681 0.0042800 0.0109758 0.0184600 0.0315155 0.0452611 0.0000000 0.0261617 0.0177002 0.0093447
 23 K  23 0.0205150 0.2945346 0.0454456 0.0047715 0.0041800 0.0417236 0.0295533 0.0472597 0.0134354 0.0409509 0.1344978 0.2254288 0.0066686 0.0121423 0.0000000 0.0091543 0.0155644 0.0000000 0.0240752 0.0207544 0.0093447
 24 V  24 0.0669394 0.0000000 0.0057226 0.0000000 0.0178005 0.0000000 0.0000000 0.0053835 0.0132982 0.1421985 0.1056564 0.0000000 0.1781910 0.0044849 0.0000000 0.0135616 0.0035416 0.0000000 0.0000000 0.4338772 0.0093447
 25 L  25 0.1231398 0.1242164 0.0079171 0.1023777 0.0055267 0.0468022 0.0738961 0.0265982 0.0096395 0.0191668 0.2084978 0.0203129 0.0359873 0.0304117 0.0137976 0.0294578 0.0225581 0.0012196 0.0550161 0.0329942 0.0104664
 26 A  26 0.2273924 0.0576784 0.0543644 0.0588227 0.0015686 0.0883636 0.1110393 0.0249156 0.0075421 0.0081172 0.0383333 0.0825400 0.0051279 0.0158092 0.0015871 0.0741806 0.0921475 0.0000000 0.0036145 0.0353824 0.0114733
 27 D  27 0.0055415 0.0074782 0.0748057 0.6965928 0.0000000 0.0013781 0.0595999 0.0015307 0.0557017 0.0097651 0.0449790 0.0000000 0.0000000 0.0000000 0.0000000 0.0135737 0.0084337 0.0000000 0.0000000 0.0011134 0.0195065
 28 E  28 0.0626466 0.0174628 0.0228035 0.1089072 0.0000000 0.0337966 0.1708699 0.0106189 0.0075687 0.0000000 0.0000000 0.0432566 0.0000000 0.0014671 0.4250021 0.0490991 0.0251060 0.0021200 0.0020777 0.0102023 0.0069949
 29 R  29 0.0538112 0.2192507 0.0106819 0.0647253 0.0031556 0.0799612 0.1301140 0.0080982 0.0062305 0.0342975 0.1493827 0.0275529 0.0089180 0.0033342 0.0017965 0.0267781 0.0485945 0.0069326 0.0087811 0.0993132 0.0082902
 30 V  30 0.0476995 0.0011835 0.0000000 0.0000000 0.0044532 0.0000000 0.0000000 0.0025782 0.0000000 0.3044275 0.4105215 0.0018144 0.0134377 0.0440776 0.0000000 0.0013580 0.0270913 0.0000000 0.0280208 0.1063419 0.0069949
 31 N  31 0.1797185 0.1775570 0.0664127 0.0051113 0.0053303 0.0293466 0.0196887 0.2127595 0.0062678 0.0161898 0.0207026 0.1324748 0.0000000 0.0067399 0.0010212 0.0690086 0.0069339 0.0011109 0.0092643 0.0273667 0.0069949
 32 R  32 0.0719761 0.0663049 0.0193012 0.0469193 0.0000000 0.0193144 0.0572360 0.0510586 0.1225428 0.0047294 0.0094235 0.0304458 0.0089226 0.0256090 0.3486286 0.0420759 0.0172006 0.0065968 0.0290969 0.0096267 0.0129908
 33 F  33 0.0212846 0.0206670 0.0015781 0.0013996 0.0000000 0.0055301 0.0000000 0.0042174 0.0323218 0.1752272 0.1808171 0.0111999 0.0946520 0.2305377 0.0049348 0.0054252 0.0088076 0.0000000 0.1006358 0.0908412 0.0099231
 34 F  34 0.0021466 0.0231454 0.0000000 0.0000000 0.0016095 0.0000000 0.0000000 0.0026360 0.0487583 0.0025125 0.0540015 0.0000000 0.0369806 0.6862386 0.0000000 0.0000000 0.0000000 0.0145510 0.0999509 0.0053328 0.0221363
 35 V  35 0.1632561 0.0398178 0.0555604 0.0666656 0.0000000 0.0226786 0.1162469 0.0078941 0.1290461 0.0145408 0.0152937 0.0766813 0.0026097 0.0000000 0.1691927 0.0437221 0.0302692 0.0000000 0.0000000 0.0282563 0.0182686
 36 N  36 0.0606346 0.0387691 0.1005666 0.1271259 0.0000000 0.0154125 0.1112564 0.2229462 0.0586515 0.0056495 0.0025046 0.0868295 0.0000000 0.0018124 0.0711626 0.0266912 0.0181614 0.0033699 0.0048761 0.0076122 0.0359679
 37 T  37 0.1249970 0.0335940 0.0030820 0.0510330 0.0000000 0.0242970 0.0585694 0.0224044 0.0332054 0.0698331 0.0176079 0.0412044 0.0453090 0.0099836 0.0470141 0.0832084 0.1195524 0.0000000 0.0014170 0.1415001 0.0721879
 38 D  38 0.0141553 0.0222170 0.1035673 0.5356316 0.0000000 0.0087526 0.0309316 0.0385435 0.0067541 0.0040246 0.0000000 0.0666783 0.0027555 0.0022424 0.0318569 0.0709849 0.0328974 0.0000000 0.0023815 0.0085763 0.0170492
 39 M  39 0.0184428 0.0251528 0.0021258 0.0059823 0.0000000 0.0240693 0.0237725 0.0024119 0.0113985 0.1198166 0.2920021 0.0373088 0.1510836 0.0294528 0.0470984 0.0063409 0.0143258 0.1326374 0.0000000 0.0468317 0.0097462
 40 A  40 0.1178247 0.0178747 0.0324536 0.1773920 0.0000000 0.0527088 0.1668402 0.0675776 0.0084925 0.0124675 0.0023131 0.0520836 0.0044938 0.0017012 0.0787180 0.0789129 0.0891984 0.0000000 0.0013230 0.0331395 0.0044849
 41 K  41 0.0710400 0.1234713 0.0136204 0.0354984 0.0020391 0.0562652 0.1228861 0.0797531 0.1108599 0.0145827 0.0320475 0.1161509 0.0114181 0.0035362 0.0936632 0.0479733 0.0361838 0.0000000 0.0094495 0.0150765 0.0044849
 42 Q  42 0.1490805 0.0025146 0.0000000 0.0000000 0.0018961 0.0859010 0.0026164 0.0043641 0.1743027 0.0855976 0.1720836 0.0000000 0.0207111 0.0479815 0.0038978 0.0788923 0.0543963 0.0040246 0.0137726 0.0809126 0.0170546
 43 K  43 0.0577179 0.2435104 0.0082089 0.0064632 0.0000000 0.0202199 0.1021558 0.0050528 0.0112185 0.0806120 0.1074432 0.2505725 0.0186984 0.0038515 0.0170364 0.0159941 0.0100876 0.0000000 0.0019061 0.0217267 0.0175241
 44 Q  44 0.1184447 0.0933728 0.0147895 0.1245205 0.0008432 0.1143345 0.2164925 0.0276592 0.0122012 0.0069562 0.0171274 0.0689473 0.0085842 0.0148509 0.0514111 0.0232058 0.0263492 0.0029000 0.0150385 0.0216389 0.0203324
 45 H  45 0.0271946 0.1653393 0.0350076 0.0000000 0.0027616 0.0512826 0.0135584 0.0329992 0.1541486 0.0165534 0.0440664 0.3277223 0.0226649 0.0000000 0.0000000 0.0356588 0.0269612 0.0000000 0.0011968 0.0286396 0.0142447
 46 Q  46 0.0012669 0.0018407 0.0105634 0.0000000 0.0000000 0.2566541 0.0058233 0.0000000 0.0016707 0.0602607 0.3718644 0.0032985 0.0986911 0.0737514 0.0000000 0.0076622 0.0099162 0.0000000 0.0055333 0.0811799 0.0100231
 47 K  47 0.1495864 0.0641647 0.0058823 0.0020984 0.0267076 0.0221960 0.0073913 0.0243175 0.0043465 0.0517673 0.0275071 0.1050981 0.0030859 0.1046889 0.0032098 0.0466535 0.1510622 0.0000000 0.0880785 0.1021351 0.0100231
 48 D  48 0.1328377 0.0365770 0.0380663 0.1250592 0.0077018 0.0958210 0.1410278 0.0212411 0.0076651 0.0103190 0.0844332 0.0569901 0.0679776 0.0072108 0.0000000 0.0467461 0.0391354 0.0416495 0.0100434 0.0194747 0.0100231
 49 F  49 0.0000000 0.0000000 0.0000000 0.0000000 0.0000000 0.0758598 0.0000000 0.0000000 0.0158676 0.0101766 0.0164597 0.0080632 0.0082216 0.6930019 0.0000000 0.0000000 0.0000000 0.0440770 0.1092458 0.0085905 0.0104363
 50 M  50 0.0033699 0.0000000 0.0033299 0.0000000 0.0042246 0.0032454 0.0000000 0.0000000 0.0000000 0.0829583 0.5125710 0.0000000 0.0488725 0.1028603 0.0000000 0.0045313 0.0102625 0.1612312 0.0039023 0.0482044 0.0104363
 51 T  51 0.0916381 0.0139147 0.0093795 0.0034133 0.1711124 0.0163688 0.0684263 0.0349757 0.0068769 0.0620312 0.0150947 0.0146795 0.0141587 0.0000000 0.0000000 0.2592813 0.1441565 0.0000000 0.0061235 0.0568360 0.0115329
 52 Y  52 0.0604076 0.0055439 0.0216416 0.0137824 0.0035070 0.2134288 0.1258309 0.1932205 0.0146206 0.0033244 0.0170175 0.0112506 0.0541958 0.0152567 0.0000000 0.1102277 0.0314003 0.0077728 0.0477195 0.0376548 0.0121966
 53 A  53 0.1442389 0.0236436 0.0036116 0.0015968 0.0059154 0.0109593 0.0085054 0.0135611 0.0117626 0.0730831 0.1319911 0.0044417 0.0381960 0.0584797 0.0000000 0.0145038 0.0135538 0.1487939 0.1049170 0.1778088 0.0104363
 54 F  54 0.0577187 0.0000000 0.0000000 0.0000000 0.0132597 0.0000000 0.0019214 0.0028665 0.0000000 0.0255350 0.3586742 0.0000000 0.0866682 0.1931723 0.0000000 0.0500178 0.0937423 0.0743131 0.0000000 0.0316745 0.0104363
 55 G  55 0.0027382 0.0108655 0.0057366 0.0303142 0.0000000 0.0014591 0.0049990 0.7809961 0.0018123 0.0000000 0.1088012 0.0015105 0.0000000 0.0232032 0.0000000 0.0054839 0.0050205 0.0014743 0.0014733 0.0000000 0.0141119
 56 G  56 0.0107413 0.0151355 0.0023367 0.0080266 0.0030574 0.0069975 0.0042526 0.8400810 0.0039267 0.0000000 0.0070891 0.0234453 0.0098678 0.0000000 0.0058155 0.0269395 0.0092095 0.0068769 0.0017827 0.0000000 0.0144186
 57 T  57 0.0283816 0.0199767 0.0112320 0.0133285 0.0000000 0.0111934 0.0408066 0.0205391 0.0036993 0.0032498 0.0033458 0.0156228 0.0000000 0.0000000 0.6791826 0.0406312 0.0875493 0.0000000 0.0000000 0.0068579 0.0144034
 58 D  58 0.0840192 0.0761182 0.0890625 0.0635691 0.1110709 0.0709186 0.0364399 0.0769822 0.0218110 0.0058946 0.0052155 0.1042954 0.0096396 0.0080168 0.0784290 0.0549622 0.0475873 0.0000000 0.0020306 0.0402821 0.0136554
 59 R  59 0.0505916 0.1126594 0.0396668 0.0542217 0.0059412 0.0462281 0.0732235 0.0218779 0.0354751 0.0153843 0.1735363 0.0640520 0.0083013 0.0058213 0.0222463 0.0354319 0.1545793 0.0026831 0.0178904 0.0423775 0.0178110
 60 F  60 0.0000000 0.0019714 0.0017603 0.0040055 0.0000000 0.0050797 0.0000000 0.0028424 0.0000000 0.0077655 0.0049255 0.0000000 0.0000000 0.1138557 0.0045354 0.0023682 0.0000000 0.0272969 0.8106291 0.0020533 0.0109108
 61 P  61 0.0412633 0.0636266 0.0363146 0.0647050 0.0000000 0.0437754 0.0495472 0.0254219 0.0230536 0.0307324 0.0118636 0.0840815 0.0061391 0.0123299 0.0304470 0.1958019 0.2148600 0.0013032 0.0082094 0.0398091 0.0167155
 62 G  62 0.0387041 0.0200113 0.0049956 0.0559611 0.0064094 0.0683076 0.1633872 0.5378381 0.0021273 0.0057210 0.0155915 0.0016530 0.0000000 0.0000000 0.0047146 0.0160819 0.0061994 0.0012627 0.0013029 0.0129402 0.0367911
 63 R  63 0.0736187 0.1805563 0.0582092 0.0450561 0.0000000 0.0716383 0.1024863 0.0164384 0.0405363 0.0091999 0.0193158 0.1609089 0.0235465 0.0024454 0.0171724 0.0334675 0.0145167 0.0000000 0.0073742 0.0147613 0.1087518
 64 S  64 0.0199831 0.0287752 0.0901758 0.1515763 0.0124148 0.0182308 0.0237343 0.0164609 0.0887396 0.0054001 0.0020259 0.0072394 0.0061225 0.0052914 0.1592756 0.1060838 0.0367435 0.0023758 0.0619174 0.0033758 0.1540579
 65 M  65 0.0063210 0.0000000 0.0060938 0.0000000 0.0000000 0.0010164 0.0045424 0.0864292 0.0000000 0.0417263 0.1826810 0.0000000 0.3615150 0.0033005 0.0409171 0.0018249 0.0059350 0.0014425 0.0025010 0.0469799 0.2067739
 66 R  66 0.0522445 0.2157511 0.0151553 0.0164524 0.0000000 0.0347916 0.0462368 0.0262511 0.0412158 0.0166543 0.0646618 0.1335734 0.0209900 0.0316146 0.0577753 0.0275497 0.0186778 0.0000000 0.0145275 0.0369932 0.1288837
 67 A  67 0.0819380 0.1318916 0.0137841 0.0545965 0.0041882 0.0583348 0.1389304 0.0352144 0.0043802 0.0227872 0.0408645 0.0706334 0.0197532 0.0302999 0.1059923 0.0396410 0.0534665 0.0021784 0.0100027 0.0180461 0.0630766
 68 A  68 0.2700127 0.0429781 0.0034874 0.0064463 0.0120559 0.0031938 0.0015461 0.1969194 0.0098538 0.0626685 0.0179537 0.0362770 0.0291029 0.0023136 0.0107209 0.1028008 0.0201326 0.0000000 0.0095864 0.0948306 0.0671195
 69 H  69 0.0100885 0.0000000 0.0000000 0.0000000 0.0000000 0.0071593 0.0000000 0.0042968 0.8037467 0.0178809 0.0355610 0.0000000 0.0424944 0.0000000 0.0000000 0.0014737 0.0026437 0.0000000 0.0058575 0.0078300 0.0609675
 70 Q  70 0.1511724 0.1812820 0.0018861 0.0069669 0.0029697 0.0714545 0.0396175 0.0046137 0.0110779 0.0182691 0.0451651 0.0903996 0.0195715 0.0163075 0.1841400 0.0426667 0.0263059 0.0000000 0.0299347 0.0152719 0.0409271
 71 D  71 0.0881520 0.2106640 0.0477160 0.0579671 0.0013580 0.0210368 0.0232904 0.1685220 0.1596270 0.0033317 0.0080524 0.0354629 0.0159803 0.0050806 0.0466913 0.0265287 0.0175770 0.0031552 0.0041249 0.0027005 0.0529813
 72 L  72 0.0201693 0.0526950 0.0022167 0.0000000 0.0000000 0.0076608 0.0000000 0.0000000 0.0010264 0.0209058 0.5097422 0.0013292 0.2242863 0.0266381 0.0053573 0.0042375 0.0000000 0.0011005 0.0000000 0.0293836 0.0932512
 73 V  73 0.0146852 0.1583505 0.0175915 0.0053660 0.0052357 0.0106020 0.0013923 0.0070999 0.1610837 0.0407869 0.0163028 0.0498379 0.0011859 0.0057056 0.0918731 0.0060994 0.0020542 0.0000000 0.0064723 0.0401828 0.3580922
 74 E  74 0.0948442 0.0276825 0.0017190 0.0092120 0.0000000 0.0241552 0.0212681 0.0170885 0.0080900 0.0219401 0.0384686 0.0279417 0.1245893 0.0541069 0.0025596 0.0161902 0.0054984 0.0000000 0.0056509 0.0226546 0.4763400
 75 N  75 0.0127201 0.1915142 0.0213769 0.0145264 0.0000000 0.0398988 0.0388080 0.0281647 0.0293537 0.0087626 0.0117973 0.0332719 0.0087632 0.0020954 0.0470276 0.0193256 0.0090054 0.0000000 0.0000000 0.0086776 0.4749105
 76 A  76 0.0168591 0.0437079 0.0049606 0.0088741 0.0000000 0.0199194 0.0137353 0.0082825 0.2022722 0.0318032 0.0278292 0.0289782 0.0086470 0.0552701 0.0020934 0.0129324 0.0040799 0.0076069 0.0297105 0.0182370 0.4542013
 77 G  77 0.1147656 0.0147791 0.1485832 0.0509769 0.0000000 0.0158333 0.0341340 0.2327702 0.0219955 0.0011332 0.0013509 0.0212939 0.0049535 0.0000000 0.1120059 0.0354490 0.0229983 0.0000000 0.0015960 0.0042288 0.1611527
 78 L  78 0.0045014 0.0000000 0.0000000 0.0000000 0.0000000 0.0000000 0.0027181 0.0027555 0.0000000 0.5673130 0.2128033 0.0000000 0.0159331 0.0296719 0.0044135 0.0000000 0.0016614 0.0000000 0.0020984 0.1255793 0.0305510
 79 T  79 0.0273563 0.0335500 0.1060800 0.1039923 0.0028411 0.0340014 0.0288831 0.1281540 0.0082665 0.0019416 0.0036018 0.0260264 0.0032738 0.0000000 0.0044148 0.1130086 0.3273355 0.0000000 0.0015874 0.0060545 0.0396310
 80 D  80 0.0535370 0.0283653 0.0651288 0.1888949 0.0000000 0.0442132 0.2054693 0.0223545 0.0178476 0.0082066 0.0231595 0.0286093 0.0142495 0.0041243 0.1810665 0.0271118 0.0283950 0.0033730 0.0044913 0.0174194 0.0339834
 81 V  81 0.2294224 0.0392203 0.0110531 0.0395964 0.0000000 0.0516424 0.1871574 0.0166546 0.0248547 0.0172463 0.0235070 0.0559857 0.0065854 0.0362254 0.0304272 0.0637790 0.0485034 0.0036698 0.0430023 0.0445811 0.0268864
 82 H  82 0.0912527 0.0290608 0.0097810 0.1060600 0.0000000 0.1125113 0.1880178 0.0021910 0.3058900 0.0033476 0.0524030 0.0077646 0.0256109 0.0043465 0.0000000 0.0076427 0.0095343 0.0026768 0.0080839 0.0103893 0.0234357
 83 F  83 0.0802037 0.2447170 0.0000000 0.0049606 0.0000000 0.0013993 0.0027555 0.0000000 0.0119818 0.0035404 0.0191754 0.0192340 0.0018693 0.5224494 0.0000000 0.0141307 0.0026768 0.0247448 0.0209699 0.0116042 0.0135872
 84 D  84 0.0387703 0.0363870 0.1311377 0.4760814 0.0000000 0.0415246 0.1349243 0.0152152 0.0029545 0.0106211 0.0076312 0.0169510 0.0023527 0.0010247 0.0042796 0.0175662 0.0260239 0.0000000 0.0084632 0.0100999 0.0179915
 85 A  85 0.3211916 0.2473299 0.0105868 0.0000000 0.0249462 0.0958211 0.0426083 0.0069742 0.0268730 0.0460003 0.0578522 0.0213218 0.0094041 0.0030518 0.0000000 0.0126000 0.0169807 0.0000000 0.0068924 0.0337909 0.0157748
 86 I  86 0.0228513 0.0098173 0.0021466 0.0000000 0.0055333 0.0000000 0.0000000 0.0132191 0.0000000 0.0398810 0.0934862 0.0000000 0.0213207 0.1158368 0.0000000 0.0017300 0.0160291 0.5151814 0.0088494 0.1208338 0.0132839
 87 A  87 0.0894010 0.0014761 0.0026855 0.0000000 0.0125030 0.0078404 0.0068306 0.0099563 0.0000000 0.0571918 0.4538185 0.0493075 0.0826385 0.0080999 0.0000000 0.0060364 0.0072276 0.0000000 0.0018953 0.1898077 0.0132839
 88 E  88 0.1207173 0.0649331 0.0462525 0.0940942 0.0025411 0.0504492 0.2144228 0.0855234 0.0311067 0.0045160 0.0516601 0.0358483 0.0228766 0.0127991 0.0000000 0.0620494 0.0412289 0.0012925 0.0253362 0.0190686 0.0132839
 89 N  89 0.0313486 0.0008718 0.0630866 0.0773890 0.2421783 0.0097151 0.0138012 0.0027513 0.1846924 0.0210964 0.2493771 0.0000000 0.0060797 0.0023337 0.0000000 0.0039156 0.0195355 0.0000000 0.0360183 0.0225256 0.0132839
 90 L  90 0.0186356 0.0000000 0.0000000 0.0000000 0.0100894 0.0000000 0.0000000 0.0000000 0.0000000 0.0550587 0.2843409 0.0000000 0.3350554 0.2051721 0.0000000 0.0024132 0.0036970 0.0413341 0.0095040 0.0191378 0.0155618
 91 V  91 0.0854013 0.1376837 0.0398539 0.0585897 0.0077630 0.0917460 0.0857504 0.0395607 0.0365080 0.0545519 0.0664783 0.0681852 0.0214933 0.0110316 0.0000000 0.0483115 0.0516103 0.0000000 0.0076449 0.0722500 0.0155865
 92 L  92 0.1545078 0.0822192 0.0391444 0.0848430 0.0043401 0.1511691 0.1549779 0.0385979 0.0072486 0.0156028 0.0347991 0.0976613 0.0088055 0.0031168 0.0012801 0.0205319 0.0483909 0.0088467 0.0015307 0.0245959 0.0177904
 93 T  93 0.5373923 0.0000000 0.0048234 0.0000000 0.0210346 0.0000000 0.0020954 0.0124529 0.0015199 0.0162564 0.0000000 0.0000000 0.0000000 0.0000000 0.0000000 0.1023242 0.2525499 0.0000000 0.0000000 0.0330681 0.0164829
 94 L  94 0.0885812 0.0000000 0.0000000 0.0026768 0.0135528 0.0000000 0.0000000 0.0017056 0.0000000 0.0708117 0.4343119 0.0000000 0.2119474 0.0318125 0.0000000 0.0019967 0.0196545 0.0023506 0.0072473 0.0949256 0.0184256
 95 Q  95 0.1005226 0.0710468 0.0408230 0.3061263 0.0017611 0.0642351 0.1210123 0.0204400 0.0169619 0.0136327 0.0218766 0.0929136 0.0091827 0.0058651 0.0047924 0.0273954 0.0407605 0.0000000 0.0081948 0.0128641 0.0195932
 96 E  96 0.0805086 0.0243651 0.0133356 0.1548855 0.0018961 0.0479693 0.3997675 0.0287407 0.0200160 0.0035483 0.0110875 0.0788583 0.0080377 0.0026360 0.0011744 0.0577231 0.0302454 0.0000000 0.0033843 0.0074585 0.0243621
 97 L  97 0.0775512 0.0299301 0.0523789 0.0050560 0.0295668 0.0596548 0.0425326 0.0020542 0.0652676 0.0702849 0.2364973 0.0030358 0.0495194 0.0453056 0.0066218 0.0092418 0.0633027 0.0032168 0.0120462 0.1110158 0.0259198
 98 N  98 0.0343213 0.0115606 0.0748251 0.0955046 0.0168359 0.0261445 0.0873583 0.3682606 0.0193677 0.0203450 0.0089206 0.0502598 0.0071009 0.0242608 0.0238986 0.0180757 0.0095014 0.0000000 0.0122653 0.0203397 0.0708537
 99 V  99 0.0623353 0.0036236 0.0093908 0.0069731 0.0015437 0.0072349 0.0152929 0.0012338 0.0071810 0.1530031 0.2295455 0.0185646 0.0363085 0.0306732 0.0203825 0.0094319 0.0184764 0.0015274 0.0353782 0.2916627 0.0402368
100 S 100 0.0858033 0.0029954 0.0309029 0.1972253 0.0000000 0.0159593 0.0874737 0.0467159 0.0116913 0.0000000 0.0029409 0.0235519 0.0000000 0.0018613 0.3297101 0.0917287 0.0310487 0.0000000 0.0000000 0.0031868 0.0372046
101 Q 101 0.1265047 0.0163820 0.0154679 0.1260088 0.0000000 0.0591180 0.1971271 0.0511301 0.0194608 0.0086904 0.0154964 0.0312561 0.0025054 0.0193183 0.1773943 0.0268907 0.0327464 0.0049299 0.0058219 0.0258958 0.0378549
102 D 102 0.1443733 0.0523393 0.0216846 0.1682654 0.0000000 0.0627476 0.2278726 0.0352766 0.0179144 0.0082421 0.0192315 0.0317351 0.0039543 0.0000000 0.0803383 0.0374212 0.0278801 0.0011617 0.0012206 0.0125981 0.0457433
103 L 103 0.1402092 0.0036047 0.0179875 0.0524735 0.0000000 0.0302284 0.0734341 0.0018498 0.0477705 0.0476042 0.2432057 0.0026026 0.0134989 0.0721430 0.0053849 0.0294760 0.0791843 0.0011475 0.0159996 0.0714298 0.0507656
104 I 104 0.1068333 0.2218815 0.0039706 0.0128591 0.0019580 0.1048561 0.0167090 0.0160817 0.0151093 0.1724541 0.0211870 0.1114536 0.0101241 0.0094506 0.0000000 0.0074124 0.0156174 0.0016708 0.0034453 0.0923777 0.0545483
105 D 105 0.1073695 0.0664776 0.1289851 0.1586246 0.0000000 0.0687171 0.1637966 0.0299801 0.0058913 0.0164384 0.0139981 0.0471438 0.0023463 0.0046456 0.0044189 0.0557791 0.0342237 0.0000000 0.0033562 0.0226403 0.0651676
106 E 106 0.1213158 0.1164661 0.0074555 0.0692686 0.0000000 0.0948538 0.2566657 0.0038568 0.0073113 0.0180556 0.0202605 0.0575189 0.0103721 0.0110776 0.0186963 0.0165872 0.0352750 0.0018956 0.0533004 0.0117892 0.0679780
107 V 107 0.1294715 0.0023522 0.0000000 0.0000000 0.0126158 0.0000000 0.0000000 0.0000000 0.0000000 0.1220453 0.3267363 0.0000000 0.0534323 0.1122119 0.0000000 0.0020007 0.0079363 0.0096601 0.0032110 0.1502153 0.0681112
108 V 108 0.0666210 0.0392893 0.0113857 0.0098752 0.0016330 0.0154757 0.0205680 0.0223554 0.0107517 0.0862292 0.2731939 0.0115331 0.1101100 0.0273109 0.0000000 0.0168092 0.0257377 0.0642120 0.0355064 0.0738953 0.0775071
109 T 109 0.2297057 0.0886443 0.0422224 0.0626022 0.0000000 0.0884109 0.0897303 0.0766391 0.0096217 0.0190886 0.0070326 0.0686438 0.0106789 0.0054041 0.0020191 0.0559419 0.0239590 0.0026026 0.0039858 0.0281230 0.0849439
110 I 110 0.1090216 0.1378713 0.0021913 0.0028006 0.0043758 0.0334504 0.0134298 0.0013565 0.0260657 0.1332561 0.0739921 0.0551543 0.0208062 0.0436955 0.0058608 0.0083397 0.0488050 0.0000000 0.1166643 0.0756069 0.0872563
111 V 111 0.1879092 0.0000000 0.0033299 0.0000000 0.0048918 0.0000000 0.0000000 0.0030883 0.0000000 0.0895638 0.3529684 0.0000000 0.0617074 0.0935565 0.0000000 0.0023063 0.0057174 0.0028937 0.0000000 0.0917872 0.1002801
112 G 112 0.1786027 0.0563969 0.0225637 0.1030637 0.0000000 0.0590144 0.2647399 0.0384491 0.0094340 0.0034649 0.0122992 0.0076898 0.0000000 0.0042365 0.0012522 0.0231347 0.0232896 0.0094046 0.0145402 0.0059013 0.1625224
113 S 113 0.0401816 0.0559256 0.0107280 0.0082778 0.0055333 0.0121980 0.0049507 0.0461407 0.0504928 0.0163413 0.0069657 0.0180656 0.0201727 0.0178257 0.1254180 0.1590691 0.0591233 0.0675981 0.0024590 0.0264127 0.2461200
114 V 114 0.0233760 0.0013865 0.0026855 0.0000000 0.0000000 0.0024132 0.0024909 0.0097384 0.0000000 0.0390850 0.2019294 0.0041778 0.1846021 0.0118649 0.0421836 0.0055123 0.0645676 0.0000000 0.0141745 0.0587453 0.3310671
115 Q 115 0.1931209 0.1270799 0.0045552 0.0000000 0.0021342 0.0632394 0.0245087 0.0128584 0.0118670 0.0036623 0.0038872 0.0700694 0.0009082 0.0070093 0.0000000 0.0196348 0.0041951 0.0020784 0.0043213 0.0087725 0.4360979
116 H 116 0.0084228 0.0555102 0.0795577 0.0078065 0.0000000 0.0331989 0.0367199 0.0073694 0.0711615 0.0049345 0.0021328 0.0088802 0.0062761 0.0112970 0.0458909 0.0147558 0.0096673 0.0040601 0.0674495 0.0054525 0.5194565
117 R 117 0.0115251 0.3033849 0.0018780 0.0000000 0.0000000 0.0280264 0.0011659 0.0015441 0.0084879 0.0000000 0.0045760 0.0634453 0.0000000 0.0031115 0.0000000 0.0000000 0.0036496 0.0000000 0.0162535 0.0043984 0.5485534
118 N 118 0.0539268 0.0031449 0.0243403 0.0619350 0.0017611 0.0095242 0.0081690 0.0570532 0.0039364 0.0241429 0.0066549 0.0409824 0.0077389 0.0020640 0.0126489 0.0523970 0.0044911 0.0000000 0.0029771 0.0104479 0.6116640
119 D 119 0.0254242 0.0058060 0.0092677 0.1800071 0.0077441 0.0332751 0.0539210 0.0025978 0.0042908 0.0075605 0.0057911 0.0023815 0.0000000 0.0000000 0.0019411 0.0085050 0.0080827 0.0000000 0.0083731 0.0372987 0.5977326
120 V 120 0.0000000 0.0000000 0.0000000 0.0000000 0.0015338 0.0179986 0.0000000 0.0000000 0.0000000 0.1985597 0.0054509 0.0000000 0.0196112 0.0000000 0.0000000 0.0015771 0.0039438 0.0000000 0.0025902 0.1321651 0.6165696
121 L 121 0.0039529 0.0000000 0.0045760 0.0000000 0.0000000 0.0038441 0.0033298 0.0000000 0.0000000 0.0499508 0.0895084 0.0000000 0.0023682 0.0000000 0.0029697 0.0029754 0.0267166 0.0000000 0.0000000 0.1714541 0.6383540
122 N 122 0.0033129 0.0015968 0.0788763 0.0131752 0.0017860 0.0082391 0.0093588 0.0500867 0.0014500 0.0011333 0.0013316 0.0000000 0.0000000 0.0030944 0.0000000 0.0441428 0.0456763 0.0000000 0.0237245 0.0070907 0.7059245
123 R 123 0.0000000 0.0883568 0.0000000 0.0000000 0.0000000 0.0470152 0.0000000 0.0000000 0.0000000 0.0000000 0.0000000 0.0576906 0.0000000 0.0000000 0.0000000 0.0000000 0.0000000 0.0000000 0.0000000 0.0000000 0.8069374
