   71         A         R         N         D         C         Q         E         G         H         I         L         K         M         F         P         S         T         W         Y         V         X    
  1 D   1 0.0000000 0.0000000 0.0140005 0.1485993 0.0000000 0.0000000 0.1078800 0.0000000 0.0000000 0.0000000 0.0000000 0.0000000 0.0000000 0.0000000 0.0000000 0.0000000 0.0000000 0.0000000 0.0000000 0.0000000 0.7295202
  2 T   2 0.0034514 0.0614654 0.0068565 0.0062857 0.0009898 0.0356884 0.0117952 0.0072236 0.0065501 0.0024833 0.0019556 0.0454166 0.0043196 0.0000000 0.0262390 0.0313062 0.0998563 0.0000000 0.0000000 0.0052577 0.6428598
  3 D   3 0.0013321 0.0000000 0.0184087 0.2734365 0.0000000 0.0057522 0.2073789 0.0108631 0.0027029 0.0000000 0.0512671 0.0023869 0.0000000 0.0000000 0.0017850 0.0046721 0.0000000 0.0000000 0.0058999 0.0000000 0.4141146
  4 S   4 0.0129455 0.0639427 0.0497996 0.0055628 0.0000000 0.1534284 0.0718540 0.0043232 0.0039217 0.0040510 0.0039205 0.0308316 0.0021472 0.0034640 0.0368496 0.1764678 0.0641587 0.0000000 0.0065231 0.0078714 0.2979374
  5 E   5 0.0094286 0.0253125 0.0032328 0.0742035 0.0000000 0.0255825 0.3336626 0.0021956 0.0000000 0.0609830 0.0381908 0.1024262 0.0260434 0.0000000 0.0045458 0.0035337 0.0054076 0.0000000 0.0048049 0.0206782 0.2597683
  6 E   6 0.0510265 0.0148887 0.0208467 0.1046039 0.0000000 0.0860297 0.4162952 0.0108059 0.0029801 0.0010604 0.0041100 0.0464220 0.0012450 0.0000000 0.0013343 0.0162011 0.0072677 0.0000000 0.0000000 0.0038111 0.2110717
  7 E   7 0.0021887 0.0048528 0.0242872 0.0947002 0.0015178 0.0279849 0.5907206 0.0040626 0.0850985 0.0129840 0.0048170 0.0144031 0.0077949 0.0000000 0.0000000 0.0073844 0.0019379 0.0000000 0.0062771 0.0140150 0.0949733
  8 I   8 0.0014753 0.0024833 0.0000000 0.0000000 0.0060709 0.0000000 0.0015113 0.0000000 0.0000000 0.2530636 0.4635126 0.0000000 0.0412354 0.1302078 0.0000000 0.0015215 0.0061181 0.0000000 0.0328698 0.0181883 0.0417421
  9 R   9 0.0186870 0.3249125 0.0032062 0.0014515 0.0012081 0.0440909 0.0187221 0.0021733 0.0174695 0.0214070 0.0476187 0.3291866 0.0210743 0.0268055 0.0032111 0.0046434 0.0090338 0.0121084 0.0308654 0.0229317 0.0391928
 10 E  10 0.0856393 0.0546341 0.0126537 0.0845075 0.0000000 0.0444389 0.4610472 0.0063511 0.0066756 0.0038430 0.0085591 0.1436025 0.0075731 0.0049401 0.0000000 0.0084528 0.0193258 0.0033542 0.0010630 0.0071669 0.0361720
 11 A  11 0.7187754 0.0016503 0.0000000 0.0031702 0.0035944 0.0025255 0.0015737 0.0228038 0.0000000 0.0293448 0.0204872 0.0000000 0.0706331 0.0000000 0.0000000 0.0082040 0.0165328 0.0000000 0.0027898 0.0703038 0.0276113
 12 F  12 0.0000000 0.0000000 0.0000000 0.0000000 0.0000000 0.0000000 0.0000000 0.0000000 0.0000000 0.0052814 0.0078187 0.0000000 0.0000000 0.9613077 0.0000000 0.0000000 0.0000000 0.0000000 0.0042974 0.0000000 0.0212948
 13 R  13 0.0588717 0.2253521 0.0431727 0.1038915 0.0081539 0.1003484 0.0649341 0.0106939 0.0204234 0.0020518 0.0140401 0.1601124 0.0152051 0.0000000 0.0000000 0.1259014 0.0161067 0.0000000 0.0033387 0.0069455 0.0204564
 14 V  14 0.0357583 0.0274478 0.0187726 0.0019516 0.0020546 0.0112540 0.0366686 0.0048851 0.0150407 0.0550349 0.2950485 0.0243569 0.0756959 0.0366769 0.0000000 0.0210415 0.0161994 0.0022569 0.0700597 0.2303729 0.0194233
 15 F  15 0.0020031 0.0000000 0.0000000 0.0000000 0.0000000 0.0000000 0.0000000 0.0000000 0.0000000 0.0559272 0.0388995 0.0000000 0.0616088 0.7675912 0.0000000 0.0059480 0.0000000 0.0000000 0.0394401 0.0098178 0.0187642
 16 D  16 0.0017063 0.0000000 0.0026088 0.9587834 0.0000000 0.0025435 0.0039646 0.0028910 0.0000000 0.0000000 0.0000000 0.0000000 0.0000000 0.0000000 0.0000000 0.0023967 0.0020969 0.0000000 0.0000000 0.0036371 0.0193717
 17 K  17 0.0401146 0.1092356 0.0070005 0.0365349 0.0000000 0.0343356 0.0283129 0.0041272 0.0150389 0.0190925 0.0292154 0.4082204 0.0184292 0.0000000 0.0094552 0.0278301 0.1589950 0.0000000 0.0000000 0.0352978 0.0187642
 18 D  18 0.0028627 0.0022426 0.1869410 0.6522704 0.0000000 0.0060347 0.0875070 0.0047719 0.0061982 0.0000000 0.0000000 0.0083966 0.0000000 0.0000000 0.0000000 0.0147066 0.0047897 0.0000000 0.0000000 0.0020119 0.0212667
 19 G  19 0.0125213 0.0334879 0.1563602 0.0128490 0.0064023 0.0478612 0.0271762 0.5150038 0.0139646 0.0028910 0.0017313 0.1105580 0.0022420 0.0000000 0.0000000 0.0322044 0.0000000 0.0000000 0.0021630 0.0000000 0.0225837
 20 N  20 0.0031862 0.0218523 0.2285982 0.3395555 0.0000000 0.0042289 0.0091276 0.0030952 0.0038039 0.0029583 0.0000000 0.0306708 0.0000000 0.0000000 0.0000000 0.2540091 0.0772055 0.0000000 0.0000000 0.0000000 0.0217086
 21 G  21 0.0000000 0.0037583 0.0080372 0.0023959 0.0000000 0.0018559 0.0025263 0.9486700 0.0014608 0.0000000 0.0000000 0.0023567 0.0000000 0.0000000 0.0000000 0.0051677 0.0015758 0.0013647 0.0023089 0.0000000 0.0185218
 22 Y  22 0.0268941 0.0426106 0.0104936 0.0044575 0.0267217 0.0267648 0.0163461 0.0027275 0.0221292 0.0117282 0.0267174 0.1194690 0.0101589 0.1606863 0.0000000 0.0786265 0.1468737 0.0000000 0.2202212 0.0302486 0.0161252
 23 I  23 0.0000000 0.0000000 0.0000000 0.0000000 0.0000000 0.0000000 0.0000000 0.0000000 0.0000000 0.8604079 0.0488724 0.0000000 0.0111140 0.0036524 0.0000000 0.0000000 0.0000000 0.0000000 0.0000000 0.0607261 0.0152273
 24 S  24 0.0099325 0.0017250 0.0427397 0.1071773 0.0040845 0.0020318 0.0478305 0.0209194 0.0033627 0.0023089 0.0013793 0.0098159 0.0055263 0.0000000 0.0125335 0.3246389 0.3860334 0.0000000 0.0000000 0.0010830 0.0168775
 25 A  25 0.2202460 0.0454114 0.0039985 0.0029196 0.0143206 0.0176651 0.0116304 0.0057571 0.0088708 0.0677694 0.0631181 0.0521723 0.0295213 0.0621015 0.0343066 0.0490969 0.1216547 0.0063341 0.0611259 0.1051021 0.0168775
 26 A  26 0.1362041 0.0494967 0.0240658 0.1539380 0.0011831 0.0481894 0.1939891 0.0307674 0.0353574 0.0038757 0.0218095 0.1634942 0.0054340 0.0010292 0.0050305 0.0711751 0.0258532 0.0012018 0.0011166 0.0099118 0.0168775
 27 E  27 0.0049376 0.0000000 0.0450164 0.0697968 0.0019689 0.0089730 0.8083275 0.0000000 0.0000000 0.0038746 0.0000000 0.0161114 0.0086965 0.0016735 0.0000000 0.0040704 0.0065268 0.0000000 0.0000000 0.0031490 0.0168775
 28 L  28 0.0000000 0.0051564 0.0000000 0.0000000 0.0020991 0.0000000 0.0000000 0.0000000 0.0000000 0.0519518 0.8405121 0.0000000 0.0187559 0.0250227 0.0000000 0.0000000 0.0021993 0.0000000 0.0043502 0.0330749 0.0168775
 29 R  29 0.0738428 0.2404506 0.0133844 0.0077342 0.0177138 0.0594106 0.0523426 0.1846332 0.0161680 0.0022256 0.0047249 0.2574514 0.0029789 0.0011344 0.0000000 0.0283101 0.0073038 0.0014129 0.0021857 0.0056714 0.0209208
 30 H  30 0.1025865 0.0839462 0.0352350 0.0547471 0.0068942 0.0861272 0.0790610 0.0123727 0.1006803 0.0254021 0.0148103 0.0293685 0.0082502 0.0106395 0.0000000 0.0633880 0.1292441 0.0027002 0.0249139 0.1059768 0.0236563
 31 V  31 0.2407569 0.0000000 0.0015802 0.0000000 0.0254285 0.0000000 0.0016108 0.1006431 0.0000000 0.0925336 0.0630267 0.0000000 0.0183207 0.0110641 0.0000000 0.0257342 0.0069024 0.0000000 0.0000000 0.3947266 0.0176720
 32 M  32 0.0562721 0.0031702 0.0000000 0.0000000 0.0338258 0.0000000 0.0000000 0.0000000 0.0000000 0.0325447 0.3724083 0.0000000 0.4384900 0.0255365 0.0000000 0.0056360 0.0050887 0.0018477 0.0022331 0.0115234 0.0114234
 33 T  33 0.0891513 0.3646246 0.0190460 0.0145300 0.0037208 0.0374064 0.0409339 0.0290759 0.0207569 0.0176324 0.0074208 0.1504900 0.0161563 0.0024613 0.0045715 0.0337821 0.1126625 0.0024931 0.0021345 0.0162954 0.0146547
 34 N  34 0.1670064 0.0572098 0.1110435 0.0337124 0.0116409 0.0209987 0.1276401 0.0132091 0.0076450 0.0117070 0.0168444 0.0975619 0.0146548 0.0029403 0.0035591 0.2232002 0.0581007 0.0000000 0.0017637 0.0051371 0.0144247
 35 L  35 0.0042854 0.0013573 0.0097681 0.0147806 0.0032215 0.0103229 0.0126951 0.0000000 0.0089057 0.0439843 0.6765618 0.0040474 0.0590612 0.0435244 0.0065289 0.0043984 0.0079500 0.0000000 0.0278441 0.0373531 0.0234099
 36 G  36 0.0033715 0.0084360 0.0074049 0.0342646 0.0041100 0.0021719 0.0122946 0.8594521 0.0032900 0.0036088 0.0039153 0.0031593 0.0028662 0.0017266 0.0019516 0.0101876 0.0010724 0.0000000 0.0025624 0.0055793 0.0285749
 37 E  37 0.0208906 0.0146644 0.0087706 0.0535301 0.0059267 0.1631424 0.2616994 0.0140222 0.0540427 0.0329972 0.0502002 0.0104659 0.0410233 0.0954184 0.0084146 0.0564685 0.0156373 0.0056007 0.0330608 0.0123371 0.0416868
 38 K  38 0.0409744 0.0462363 0.2091408 0.0592567 0.0055458 0.0579181 0.1022130 0.0418177 0.0224734 0.0023380 0.0129477 0.1961891 0.0290097 0.0094273 0.0429369 0.0223502 0.0454370 0.0000000 0.0072707 0.0044054 0.0421117
 39 L  39 0.0377784 0.0046478 0.0069982 0.0075860 0.0205578 0.0137832 0.0033685 0.0062581 0.0022909 0.0536332 0.3207947 0.0086957 0.0642545 0.0414163 0.2604818 0.0085793 0.0160494 0.0000000 0.0110652 0.0674733 0.0442877
 40 T  40 0.0222213 0.0257526 0.0326479 0.0724788 0.0068118 0.0026115 0.0254626 0.0209689 0.0017506 0.0058655 0.0034318 0.0790985 0.0058230 0.0027355 0.0394828 0.2036956 0.4258909 0.0000000 0.0000000 0.0061443 0.0171263
 41 D  41 0.0309310 0.0070942 0.0182122 0.2786094 0.0041100 0.0264094 0.3569261 0.0190746 0.0077726 0.0126586 0.0219609 0.1111421 0.0055472 0.0020248 0.0250611 0.0083812 0.0071190 0.0000000 0.0088320 0.0252393 0.0228945
 42 E  42 0.1915161 0.0391793 0.0180251 0.1156267 0.0022180 0.0406075 0.3015960 0.0191572 0.0031343 0.0065844 0.0063168 0.0371537 0.0211807 0.0016292 0.0227543 0.0728817 0.0358382 0.0000000 0.0036981 0.0325676 0.0283351
 43 E  43 0.0087501 0.0097936 0.0041831 0.1048019 0.0028009 0.0450862 0.6918740 0.0025260 0.0123448 0.0059551 0.0038656 0.0064354 0.0052635 0.0060843 0.0016835 0.0104989 0.0207339 0.0000000 0.0047941 0.0297280 0.0227972
 44 V  44 0.0175247 0.0000000 0.0000000 0.0000000 0.0446705 0.0000000 0.0014238 0.0065332 0.0000000 0.2646607 0.3774811 0.0000000 0.0077813 0.0133109 0.0000000 0.0023150 0.0073226 0.0027661 0.0000000 0.2420907 0.0121196
 45 D  45 0.0404628 0.1069909 0.0388325 0.1590014 0.0025799 0.1842726 0.1316275 0.0064171 0.0186043 0.0229915 0.0520984 0.1471484 0.0042080 0.0018008 0.0090726 0.0192272 0.0200842 0.0009415 0.0085488 0.0129700 0.0121196
 46 E  46 0.0728112 0.0600548 0.0208380 0.2052152 0.0000000 0.0808269 0.3265103 0.0229307 0.0062501 0.0206288 0.0105910 0.0748953 0.0171023 0.0012317 0.0000000 0.0378878 0.0202836 0.0012373 0.0000000 0.0079048 0.0128002
 47 M  47 0.0083745 0.0000000 0.0000000 0.0000000 0.0022115 0.0027355 0.0025255 0.0000000 0.0000000 0.1884284 0.2260079 0.0000000 0.5089083 0.0066052 0.0000000 0.0038746 0.0035516 0.0000000 0.0000000 0.0339767 0.0128002
 48 I  48 0.0129334 0.0017236 0.0000000 0.0000000 0.0000000 0.0000000 0.0000000 0.0000000 0.0016873 0.5757297 0.0978629 0.0000000 0.1886477 0.0149463 0.0000000 0.0178021 0.0035274 0.0000000 0.0000000 0.0710136 0.0141261
 49 R  49 0.1113888 0.1850073 0.1039077 0.0943539 0.0087353 0.0913263 0.1089319 0.0186543 0.0238114 0.0034241 0.0102042 0.1223568 0.0034256 0.0035159 0.0000000 0.0683570 0.0220919 0.0000000 0.0029391 0.0034426 0.0141261
 50 E  50 0.1093464 0.0187632 0.0153143 0.1074750 0.0000000 0.0416158 0.5474763 0.0349486 0.0071752 0.0022392 0.0114780 0.0244436 0.0098863 0.0000000 0.0045143 0.0242308 0.0068829 0.0000000 0.0013755 0.0187086 0.0141261
 51 A  51 0.3217829 0.0000000 0.0042216 0.0000000 0.0060052 0.0076748 0.0050517 0.0171293 0.0061271 0.1154678 0.0350594 0.0017385 0.0213730 0.0335335 0.0000000 0.0104595 0.0076667 0.0000000 0.0379551 0.3525962 0.0161578
 52 D  52 0.0021630 0.0000000 0.0099742 0.8996702 0.0027297 0.0046391 0.0104697 0.0120533 0.0020931 0.0012630 0.0000000 0.0067948 0.0000000 0.0000000 0.0055104 0.0041294 0.0014236 0.0000000 0.0028336 0.0020245 0.0322283
 53 I  53 0.1244672 0.0644822 0.0053507 0.0037204 0.0028408 0.0537411 0.0261306 0.0188624 0.0062508 0.0694154 0.0769686 0.1145801 0.0272457 0.0111756 0.0174950 0.0609514 0.1607415 0.0000000 0.0036439 0.1282537 0.0236831
 54 D  54 0.0036461 0.0087248 0.1233502 0.7276676 0.0000000 0.0091681 0.0434851 0.0136082 0.0087595 0.0000000 0.0000000 0.0047362 0.0011879 0.0000000 0.0020778 0.0054730 0.0089259 0.0018655 0.0000000 0.0015944 0.0357296
 55 G  55 0.0103194 0.0191585 0.1412408 0.0119041 0.0034247 0.0214291 0.0215249 0.5901480 0.0147596 0.0000000 0.0083311 0.0697389 0.0074657 0.0000000 0.0027126 0.0403740 0.0067713 0.0013060 0.0000000 0.0000000 0.0293915
 56 D  56 0.0017548 0.0090499 0.1882017 0.5277065 0.0052814 0.0041664 0.0099453 0.0166655 0.0000000 0.0017778 0.0035789 0.0214948 0.0000000 0.0011142 0.0013890 0.1247223 0.0491851 0.0000000 0.0000000 0.0020318 0.0319346
 57 G  57 0.0022751 0.0067062 0.0136244 0.0046431 0.0000000 0.0000000 0.0064017 0.8991768 0.0054576 0.0026160 0.0011836 0.0041132 0.0027544 0.0000000 0.0091937 0.0063383 0.0012632 0.0000000 0.0000000 0.0057656 0.0284870
 58 Q  58 0.0215622 0.1485583 0.0226292 0.0037297 0.0282491 0.1140291 0.0757397 0.0066302 0.0225822 0.0045877 0.0478806 0.0923891 0.0185786 0.0423235 0.0026091 0.0600923 0.2041025 0.0000000 0.0226679 0.0325719 0.0284870
 59 V  59 0.0042418 0.0000000 0.0000000 0.0000000 0.0000000 0.0000000 0.0000000 0.0051564 0.0000000 0.6151563 0.0826832 0.0000000 0.0085788 0.0070087 0.0000000 0.0000000 0.0024868 0.0000000 0.0000000 0.2479025 0.0267856
 60 N  60 0.0077562 0.0037562 0.2261022 0.4473424 0.0086610 0.0049365 0.0639650 0.0124552 0.0093620 0.0000000 0.0033185 0.0090003 0.0009667 0.0000000 0.0019590 0.1459810 0.0226102 0.0000000 0.0030746 0.0016364 0.0271166
 61 Y  61 0.0104350 0.0024680 0.0000000 0.0000000 0.0148550 0.0120413 0.0359028 0.0015289 0.0020558 0.0095955 0.0431287 0.0010726 0.0067520 0.4323175 0.0020097 0.0008735 0.0038390 0.0028237 0.3816357 0.0078083 0.0288571
 62 E  62 0.0341368 0.0124585 0.0605042 0.1802013 0.0000000 0.0578599 0.3435568 0.0720178 0.0088021 0.0096866 0.0131998 0.0248356 0.0029415 0.0019764 0.0666442 0.0458907 0.0230071 0.0000000 0.0069917 0.0064318 0.0288571
 63 E  63 0.0066691 0.0016279 0.0112955 0.0872690 0.0000000 0.0138138 0.8001294 0.0135206 0.0000000 0.0000000 0.0018348 0.0067740 0.0000000 0.0016405 0.0000000 0.0053587 0.0076115 0.0000000 0.0024909 0.0049885 0.0349757
 64 F  64 0.0000000 0.0000000 0.0000000 0.0000000 0.0000000 0.0000000 0.0000000 0.0000000 0.0000000 0.0000000 0.0073606 0.0000000 0.0000000 0.9395501 0.0000000 0.0026877 0.0000000 0.0000000 0.0057835 0.0026357 0.0419825
 65 V  65 0.0619591 0.0116985 0.0073045 0.0000000 0.0519510 0.0082255 0.0090869 0.0028662 0.0020117 0.1002769 0.2301747 0.0327185 0.0364149 0.0159011 0.0000000 0.0192819 0.0232332 0.0028757 0.0147539 0.3107164 0.0585495
 66 Q  66 0.2384362 0.1021651 0.0456317 0.0190851 0.0083798 0.0637157 0.0779237 0.0145891 0.0127887 0.0118588 0.0081990 0.0950477 0.0056911 0.0012320 0.0022420 0.0410004 0.1357932 0.0022665 0.0084055 0.0149432 0.0906055
 67 M  67 0.0274982 0.0016316 0.0000000 0.0000000 0.0022038 0.0000000 0.0012925 0.0000000 0.0033362 0.1341698 0.1761320 0.0026972 0.3904361 0.0043665 0.0042418 0.0034086 0.0057410 0.0031991 0.0014500 0.0847218 0.1534739
 68 M  68 0.0024675 0.0000000 0.0000000 0.0000000 0.0073081 0.0000000 0.0000000 0.0000000 0.0000000 0.0447956 0.0540121 0.0061337 0.6054168 0.0023339 0.0000000 0.0000000 0.0024757 0.0000000 0.0000000 0.0482300 0.2268266
 69 T  69 0.1322751 0.0755961 0.0054613 0.0021401 0.0020883 0.0202477 0.0020155 0.0325198 0.0000000 0.0055864 0.0522260 0.0936279 0.0508585 0.0000000 0.0013201 0.0730734 0.1493181 0.0012116 0.0000000 0.0118374 0.2885968
 70 A  70 0.0782069 0.1176094 0.0066864 0.0065312 0.0009000 0.0232042 0.0150633 0.0415133 0.0070635 0.0067127 0.0018079 0.1378538 0.0040015 0.0009086 0.0387352 0.0750849 0.0405260 0.0000000 0.0000000 0.0090521 0.3885392
 71 K  71 0.0000000 0.0396547 0.0000000 0.0000000 0.0000000 0.0348768 0.0000000 0.0000000 0.0000000 0.0000000 0.0000000 0.2673776 0.0000000 0.0000000 0.0000000 0.0000000 0.0000000 0.0000000 0.0000000 0.0000000 0.6580910
