  179         A         R         N         D         C         Q         E         G         H         I         L         K         M         F         P         S         T         W         Y         V         X    
  1 M   1 0.0000000 0.0000000 0.0000000 0.0000000 0.0000000 0.0000000 0.0000000 0.0000000 0.0000000 0.0000000 0.0044597 0.0000000 0.0035452 0.0000000 0.0000000 0.0000000 0.0000000 0.0000000 0.0000000 0.0083203 0.9836747
  2 Q   2 0.0000000 0.0042717 0.0000000 0.0000000 0.0000000 0.0930157 0.0000000 0.0000000 0.0000000 0.0000000 0.0000000 0.0025139 0.0000000 0.0000000 0.0000000 0.0000000 0.0000000 0.0000000 0.0000000 0.0000000 0.9001986
  3 D   3 0.0052307 0.0275061 0.0078314 0.0385679 0.0000000 0.0000000 0.0019692 0.0058440 0.0016730 0.0000000 0.0056227 0.0012560 0.0000000 0.0000000 0.0176213 0.0031642 0.0029618 0.0000000 0.0000000 0.0034620 0.8772894
  4 S   4 0.0088124 0.0039815 0.0000000 0.0000000 0.0000000 0.0110542 0.0016409 0.0173092 0.0013244 0.0091423 0.0000000 0.0000000 0.0000000 0.0020462 0.0270514 0.0434676 0.0154443 0.0000000 0.0000000 0.0063586 0.8523670
  5 T   5 0.0081657 0.0182747 0.0000000 0.0030727 0.0011812 0.0104122 0.0023323 0.0048403 0.0000000 0.0050609 0.0055418 0.0118986 0.0000000 0.0114995 0.0094691 0.0513818 0.0248085 0.0000000 0.0010406 0.0115449 0.8194750
  6 S   6 0.0276755 0.0187754 0.0013891 0.0000000 0.0000000 0.0122146 0.0067024 0.0031101 0.0000000 0.0026611 0.0150931 0.0118852 0.0000000 0.0000000 0.0462226 0.0346453 0.0043116 0.0000000 0.0000000 0.0059788 0.8093352
  7 D   7 0.0271882 0.0025502 0.0089931 0.0102173 0.0000000 0.0286145 0.0104662 0.0194623 0.0077017 0.0061696 0.0019705 0.0064152 0.0000000 0.0025514 0.0350370 0.0176536 0.0147046 0.0000000 0.0018130 0.0182280 0.7802635
  8 L   8 0.0064693 0.0127351 0.0000000 0.0000000 0.0000000 0.0073355 0.0137888 0.0000000 0.0000000 0.0176423 0.0820716 0.0000000 0.0033868 0.0036766 0.0304649 0.0033252 0.0077017 0.0030201 0.0012556 0.0464537 0.7606728
  9 I   9 0.0073696 0.0242826 0.0000000 0.0014019 0.0138550 0.0033808 0.0000000 0.0078633 0.0027182 0.0744299 0.0302446 0.0020815 0.0014684 0.0070280 0.0098410 0.0016068 0.0132078 0.0112640 0.0032420 0.0640895 0.7206251
 10 P  10 0.0175749 0.0037790 0.0014001 0.0000000 0.0767699 0.0129186 0.0024652 0.0000000 0.0133435 0.0033628 0.0205276 0.0015738 0.0000000 0.0134131 0.1399296 0.0307592 0.0078053 0.0000000 0.0000000 0.0089811 0.6453963
 11 A  11 0.0633983 0.0276360 0.0114067 0.0091915 0.0009085 0.0088108 0.0120359 0.0422652 0.0000000 0.0079581 0.0123423 0.0021686 0.0059328 0.0044101 0.0215504 0.0342416 0.0934407 0.0016869 0.0000000 0.0421901 0.5984256
 12 P  12 0.0076984 0.0019692 0.0049584 0.0000000 0.0076220 0.0407142 0.0081327 0.1149773 0.0173887 0.0091235 0.0265416 0.0022812 0.0016647 0.0000000 0.1326910 0.0455292 0.0163144 0.0000000 0.0000000 0.0113097 0.5510836
 13 P  13 0.1054290 0.0086255 0.0000000 0.0054867 0.0275917 0.0268929 0.0072449 0.0217218 0.0031286 0.0125656 0.0060694 0.0105068 0.0028813 0.0020815 0.1768924 0.0383105 0.0155568 0.0000000 0.0000000 0.0189884 0.5100261
 14 L  14 0.0194037 0.0128922 0.0025802 0.0167680 0.1865064 0.0444914 0.0437975 0.0035871 0.0000000 0.0411690 0.0847479 0.0134089 0.0049101 0.0000000 0.0681556 0.0082112 0.0048123 0.0025180 0.0000000 0.0104793 0.4315613
 15 S  15 0.1128318 0.0082130 0.0061633 0.0568739 0.0000000 0.0114861 0.0629137 0.0358031 0.0024941 0.0090092 0.0065664 0.0136274 0.0052916 0.0011915 0.1825774 0.1056290 0.0291876 0.0000000 0.0039844 0.0035837 0.3425727
 16 K  16 0.0264527 0.0242138 0.1092117 0.1257510 0.0000000 0.0249035 0.0629866 0.0350035 0.0049678 0.0184476 0.0140601 0.0551418 0.0016506 0.0074332 0.0092881 0.0388016 0.0872204 0.0000000 0.0010767 0.0277224 0.3256668
 17 V  17 0.0078457 0.0070217 0.0042814 0.0056254 0.0000000 0.0071683 0.0065737 0.0033255 0.0014895 0.1735635 0.0477007 0.0064673 0.0127601 0.0368567 0.0429272 0.0142714 0.0180744 0.0012943 0.0181253 0.2824960 0.3021320
 18 P  18 0.0303536 0.0327787 0.0119581 0.0064294 0.0000000 0.1132419 0.0474559 0.0033718 0.0085826 0.0059098 0.0229727 0.0687519 0.0135431 0.0000000 0.2308126 0.0587608 0.0479336 0.0000000 0.0000000 0.0196183 0.2775251
 19 L  19 0.0566698 0.0042833 0.0036766 0.0000000 0.0000000 0.0060855 0.0087414 0.0158203 0.0014684 0.0233025 0.0636356 0.0016753 0.0084513 0.0048424 0.1598464 0.0068540 0.0881529 0.0000000 0.0000000 0.3182758 0.2282185
 20 Q  20 0.0155351 0.0190822 0.0000000 0.0072994 0.0000000 0.2335014 0.0250374 0.0061418 0.0062665 0.0392147 0.0129929 0.0608787 0.1050889 0.0000000 0.0010553 0.0028894 0.0148741 0.0000000 0.0000000 0.2210635 0.2290787
 21 Q  21 0.0716622 0.0671243 0.0146109 0.0487284 0.0000000 0.1328443 0.1310902 0.0155483 0.0000000 0.0000000 0.0076154 0.0721370 0.0022486 0.0016746 0.1482597 0.0549203 0.0290684 0.0000000 0.0000000 0.0051649 0.1973025
 22 N  22 0.0076237 0.0108853 0.3706304 0.2148940 0.0000000 0.0083439 0.0173452 0.0626242 0.0108594 0.0012393 0.0000000 0.0135762 0.0010110 0.0000000 0.0134468 0.0510895 0.0113593 0.0000000 0.0100205 0.0000000 0.1950514
 23 F  23 0.0000000 0.0014555 0.0000000 0.0021393 0.0000000 0.0028728 0.0000000 0.0000000 0.0000000 0.0151158 0.0887905 0.0013571 0.0029897 0.6474008 0.0028790 0.0000000 0.0000000 0.0014001 0.0110166 0.0416276 0.1809552
 24 Q  24 0.0061889 0.0096911 0.1387122 0.4657348 0.0022155 0.0883487 0.1036890 0.0014665 0.0024718 0.0031543 0.0000000 0.0158985 0.0000000 0.0000000 0.0043046 0.0283056 0.0085238 0.0011755 0.0023095 0.0106193 0.1071905
 25 D  25 0.0941876 0.0159986 0.0046333 0.0397242 0.0000000 0.0228306 0.0381214 0.0071405 0.0024103 0.0806837 0.2945133 0.0300392 0.0413469 0.0099177 0.0598600 0.0159694 0.0231019 0.0146453 0.0059837 0.1040079 0.0948846
 26 N  26 0.0522964 0.0200129 0.1188027 0.1375591 0.0000000 0.1215540 0.1638382 0.0079594 0.0139610 0.0062781 0.0015350 0.0586619 0.0008949 0.0010955 0.0440173 0.1004987 0.0518071 0.0000000 0.0036376 0.0123038 0.0832866
 27 Q  27 0.0451309 0.3419552 0.0157907 0.0201933 0.0000000 0.1707310 0.0248662 0.0071688 0.0000000 0.0000000 0.0102729 0.2637203 0.0037257 0.0000000 0.0071113 0.0149906 0.0049415 0.0000000 0.0000000 0.0019552 0.0674464
 28 F  28 0.0017625 0.0000000 0.0000000 0.0000000 0.0000000 0.0000000 0.0025689 0.0000000 0.0000000 0.0941263 0.0598634 0.0000000 0.0403706 0.2625499 0.0000000 0.0000000 0.0058440 0.0017133 0.4166032 0.0606055 0.0539925
 29 Q  29 0.1479612 0.0050442 0.0127317 0.0013303 0.0011716 0.1098253 0.0179111 0.0151588 0.0037866 0.0101255 0.2883065 0.0074524 0.1057517 0.0036145 0.0000000 0.1305974 0.0604398 0.0000000 0.0176908 0.0168627 0.0442379
 30 G  30 0.0000000 0.0039685 0.0017431 0.0016449 0.0000000 0.0000000 0.0022640 0.9616382 0.0000000 0.0000000 0.0000000 0.0000000 0.0000000 0.0000000 0.0000000 0.0000000 0.0016787 0.0000000 0.0000000 0.0000000 0.0270624
 31 K  31 0.0081164 0.1408866 0.0166990 0.0230111 0.0036150 0.0101263 0.0461299 0.0000000 0.0127459 0.0317764 0.0468023 0.2438989 0.0110269 0.0336017 0.0159874 0.0286547 0.2357899 0.0056157 0.0039255 0.0575062 0.0240842
 32 W  32 0.0000000 0.0030472 0.0000000 0.0000000 0.0000000 0.0000000 0.0000000 0.0000000 0.0000000 0.0000000 0.0000000 0.0000000 0.0016516 0.0000000 0.0000000 0.0000000 0.0000000 0.9627581 0.0053911 0.0026775 0.0244745
 33 Y  33 0.0000000 0.0144416 0.0049356 0.0035043 0.0000000 0.0000000 0.0000000 0.0000000 0.1035434 0.0069393 0.0260109 0.0036208 0.0018215 0.0963372 0.0000000 0.0051227 0.0023744 0.0060147 0.6963115 0.0075821 0.0214401
 34 V  34 0.0417691 0.0064375 0.0162324 0.0205098 0.0000000 0.0077838 0.4253131 0.0135182 0.0032714 0.0435091 0.0766953 0.0014037 0.0100169 0.0031514 0.0137763 0.0714286 0.0738393 0.0000000 0.0000000 0.1469791 0.0243649
 35 V  35 0.0155826 0.0041438 0.0026784 0.0012375 0.0000000 0.0095395 0.0000000 0.0000000 0.0013217 0.4492687 0.1137694 0.0662018 0.0328738 0.0044417 0.0000000 0.0086490 0.0129130 0.0000000 0.0062044 0.2306704 0.0405042
 36 G  36 0.5248713 0.0041939 0.0066883 0.0000000 0.0044520 0.0547019 0.0570774 0.1484407 0.0070247 0.0056962 0.0237146 0.0056118 0.0037817 0.0053729 0.0000000 0.0392780 0.0015779 0.0000000 0.0082808 0.0169372 0.0822985
 37 L  37 0.0298174 0.2543063 0.0023775 0.0000000 0.0037077 0.0000000 0.0094140 0.0022395 0.0066715 0.0560532 0.1150442 0.0446554 0.1010271 0.0298231 0.0000000 0.0293947 0.0332841 0.0073998 0.0162848 0.1290444 0.1294554
 38 A  38 0.3963621 0.0051427 0.0008295 0.0000000 0.0034205 0.0014930 0.0013810 0.0294640 0.0008850 0.0409852 0.1436500 0.0019935 0.0074960 0.0487931 0.0000000 0.0028874 0.0204287 0.0000000 0.0675568 0.0623871 0.1648443
 39 G  39 0.0438285 0.0088921 0.0059794 0.1373823 0.0090460 0.0050873 0.0385968 0.0620036 0.0031228 0.0035169 0.0020021 0.0000000 0.0000000 0.0035462 0.1479549 0.2995206 0.0490311 0.0029598 0.0118391 0.0192957 0.1463946
 40 N  40 0.0188375 0.0151438 0.2520730 0.1873252 0.0000000 0.0214327 0.0571200 0.0054167 0.1034022 0.0037682 0.0011627 0.0256915 0.0023435 0.0113427 0.0040581 0.0756971 0.0755697 0.0000000 0.0064307 0.0105303 0.1226545
 41 A  41 0.0524188 0.1496968 0.0147217 0.0185418 0.1093095 0.0553703 0.0206432 0.0142501 0.0130595 0.0273991 0.0140121 0.1435428 0.0195098 0.0134213 0.0086915 0.1843744 0.0421750 0.0082660 0.0035647 0.0150274 0.0720041
 42 I  42 0.0030936 0.0516127 0.0352168 0.0321724 0.0016133 0.0000000 0.0532434 0.0275953 0.0312313 0.0596255 0.0164269 0.0556752 0.0150616 0.2644308 0.0501282 0.0609628 0.0169834 0.0665865 0.0751519 0.0354711 0.0477175
 43 L  43 0.0080159 0.0204673 0.0082282 0.0363507 0.0025689 0.0934379 0.2651885 0.0011762 0.0191271 0.0205503 0.1199945 0.0187473 0.0225721 0.1995419 0.0290027 0.0029157 0.0398725 0.0103465 0.0299614 0.0148167 0.0371178
 44 R  44 0.0460010 0.1539659 0.0280129 0.0190417 0.0000000 0.0504156 0.0041504 0.0000000 0.0039920 0.0363352 0.1188430 0.1470966 0.0269411 0.0207624 0.1613545 0.0125600 0.0416624 0.0000000 0.0285720 0.0527263 0.0475670
 45 E  45 0.0434389 0.0471760 0.0356366 0.0633417 0.0098933 0.0320761 0.2143019 0.2049178 0.0081625 0.0084342 0.0172983 0.0510676 0.0090241 0.0279983 0.0347168 0.0468458 0.0167055 0.0041141 0.0145565 0.0407478 0.0695462
 46 D  46 0.0186229 0.0226693 0.0328825 0.0456911 0.0250960 0.0263382 0.1646304 0.0592146 0.0354706 0.0153942 0.0301255 0.0709135 0.0322262 0.0675156 0.0264313 0.0491862 0.0330285 0.0009437 0.0358069 0.0078265 0.1999862
 47 K  47 0.0114317 0.0967873 0.0603242 0.0111912 0.0201579 0.0733871 0.1022971 0.0598792 0.0107164 0.0118633 0.0434168 0.1974859 0.0088977 0.0130697 0.0089393 0.0187476 0.0336856 0.0016097 0.0089184 0.0048127 0.2023812
 48 D  48 0.0876403 0.0788476 0.0265578 0.0926647 0.0216340 0.0322963 0.0479327 0.1378685 0.0090846 0.0192861 0.0095242 0.0444410 0.0018197 0.0421604 0.0162078 0.0747997 0.0323863 0.0037143 0.0000000 0.0217062 0.1994279
 49 P  49 0.0343356 0.0274895 0.0778062 0.0523634 0.0277209 0.0457788 0.0347697 0.0689080 0.0472000 0.0186074 0.0679889 0.0346550 0.0202909 0.0079763 0.1169179 0.0631228 0.0278319 0.0000000 0.0033204 0.0197001 0.2032164
 50 Q  50 0.0253076 0.0806082 0.0021334 0.0109678 0.0171015 0.0276004 0.0319897 0.0533220 0.0068040 0.0205554 0.2990558 0.0405877 0.1073897 0.0349971 0.0036932 0.0158047 0.0314494 0.0022789 0.0239719 0.0381453 0.1262364
 51 K  51 0.0465445 0.1641007 0.0412375 0.0881338 0.0000000 0.0425172 0.0681560 0.0070713 0.0106693 0.0125565 0.0111047 0.1830555 0.0021334 0.0017696 0.0081223 0.1380030 0.0684597 0.0000000 0.0079712 0.0215333 0.0768606
 52 M  52 0.0299834 0.0118260 0.0962313 0.0230014 0.1714679 0.0463245 0.0264953 0.0115425 0.0073837 0.0385966 0.0522629 0.0120761 0.1388330 0.0082435 0.0361335 0.0233698 0.0134923 0.0000000 0.0048875 0.1595602 0.0882885
 53 Y  53 0.0552787 0.0028895 0.0168964 0.0129032 0.0195217 0.0040854 0.0324588 0.0851718 0.0051226 0.0827894 0.0073087 0.0000000 0.0000000 0.1255099 0.0183510 0.1048331 0.0664247 0.0000000 0.0939013 0.2046205 0.0619334
 54 A  54 0.0443002 0.0182234 0.0215702 0.0000000 0.0000000 0.0223198 0.0378184 0.0306771 0.0014538 0.0855001 0.0152134 0.0274850 0.0401250 0.0041426 0.0946014 0.1197307 0.2854579 0.0011598 0.0079027 0.0823748 0.0599438
 55 T  55 0.4328905 0.0312841 0.0063213 0.0147891 0.0016430 0.0191592 0.0531664 0.0064375 0.0215970 0.0216831 0.0508009 0.0049708 0.0498799 0.0207768 0.0015219 0.0609435 0.0959839 0.0000000 0.0158243 0.0660396 0.0242873
 56 I  56 0.0130370 0.0315801 0.1084811 0.0337393 0.0118339 0.0332635 0.1430703 0.0067479 0.0472146 0.0473066 0.0545341 0.0357912 0.0206710 0.0182738 0.0000000 0.0592482 0.2269018 0.0000000 0.0074866 0.0805284 0.0202905
 57 Y  57 0.0034120 0.0031093 0.0000000 0.0053450 0.0000000 0.0097511 0.0000000 0.0000000 0.0161084 0.1383443 0.1126933 0.0059315 0.0121100 0.0792275 0.0029418 0.0000000 0.0030467 0.0022344 0.4654028 0.1279575 0.0123845
 58 E  58 0.0469364 0.0505755 0.0244207 0.0174069 0.0000000 0.0377278 0.1284156 0.0261917 0.0339665 0.0155887 0.0119857 0.0512824 0.0103022 0.0074590 0.0000000 0.1872344 0.2786696 0.0097604 0.0076451 0.0409299 0.0135014
 59 L  59 0.1092089 0.0227837 0.0036468 0.0037445 0.0174504 0.0325203 0.0133524 0.0261071 0.0070807 0.0498775 0.3576149 0.0147411 0.0152301 0.0178442 0.1199972 0.0189879 0.0149551 0.0121282 0.0081581 0.1176042 0.0169666
 60 K  60 0.0296670 0.1282821 0.1291793 0.0405636 0.0008324 0.0502934 0.0216760 0.0302066 0.0183493 0.0148002 0.1647378 0.0940942 0.0230124 0.0044179 0.0338706 0.0333007 0.1272324 0.0030472 0.0012598 0.0186513 0.0325260
 61 E  61 0.0778029 0.0097098 0.0351570 0.1873076 0.0000000 0.0383779 0.2424136 0.0607030 0.0025431 0.0032755 0.0062548 0.0458322 0.0188320 0.0000000 0.1285738 0.0721421 0.0367003 0.0017078 0.0030060 0.0088832 0.0207775
 62 D  62 0.0063877 0.0074378 0.2137754 0.4428454 0.0052284 0.0177020 0.0912291 0.1252014 0.0018363 0.0000000 0.0031306 0.0127617 0.0000000 0.0000000 0.0153132 0.0221297 0.0101692 0.0000000 0.0000000 0.0098866 0.0149656
 63 K  63 0.0304256 0.0169765 0.0478408 0.0414008 0.0000000 0.0154133 0.0124350 0.6156833 0.0477662 0.0000000 0.0014029 0.0173816 0.0000000 0.0197077 0.0063984 0.0645957 0.0201076 0.0000000 0.0036766 0.0039549 0.0348331
 64 S  64 0.0385458 0.0328687 0.1426336 0.0867309 0.0000000 0.0307947 0.0337523 0.1102726 0.0299986 0.0081829 0.0077471 0.0701081 0.0031381 0.0009768 0.0088574 0.1964131 0.1560761 0.0000000 0.0044465 0.0217231 0.0167337
 65 Y  65 0.0061905 0.0000000 0.0000000 0.0000000 0.0000000 0.0000000 0.0014801 0.0000000 0.0000000 0.2244341 0.3215300 0.0024973 0.0776109 0.0537435 0.0000000 0.0015307 0.0017866 0.0044784 0.0724704 0.2196099 0.0126377
 66 N  66 0.0497249 0.0994984 0.1046469 0.0455507 0.0000000 0.0542915 0.1434899 0.0390253 0.0253565 0.0300502 0.0221685 0.1443346 0.0022638 0.0045797 0.0012915 0.1194506 0.0643265 0.0012419 0.0133242 0.0157121 0.0196722
 67 V  67 0.0898284 0.0000000 0.0000000 0.0000000 0.0023798 0.0000000 0.0000000 0.0154827 0.0000000 0.0675619 0.0916413 0.0024973 0.0436905 0.0790165 0.0000000 0.0045078 0.0162980 0.0000000 0.0029011 0.5749130 0.0092818
 68 T  68 0.0276346 0.0483079 0.0241050 0.0355157 0.0012036 0.0246302 0.0172649 0.0162391 0.0202846 0.0880959 0.1285212 0.1001226 0.0087609 0.0155035 0.0000000 0.1008598 0.2217460 0.0034093 0.0047451 0.1026672 0.0103827
 69 S  69 0.0535076 0.0088887 0.3954036 0.0146539 0.0047582 0.0021739 0.0132124 0.0023651 0.0058556 0.0239368 0.0663592 0.0046872 0.0364316 0.1020843 0.0000000 0.0907295 0.0784919 0.0000000 0.0459407 0.0377418 0.0127779
 70 V  70 0.0816341 0.1899460 0.0159775 0.0217174 0.0032916 0.0418425 0.0613261 0.0173510 0.0366185 0.0172691 0.0244923 0.0659973 0.0019656 0.0451985 0.0000000 0.1213006 0.1872891 0.0172007 0.0230968 0.0181394 0.0083461
 71 L  71 0.0309163 0.0655725 0.0157391 0.0066312 0.0717969 0.0518523 0.0379323 0.2080508 0.0252623 0.0452272 0.0476816 0.0164925 0.0577554 0.1101022 0.0387942 0.0234050 0.0562381 0.0063359 0.0310963 0.0412328 0.0118853
 72 F  72 0.0080396 0.0942088 0.0536282 0.0069537 0.0027527 0.0130043 0.0011934 0.0020266 0.0220277 0.0717979 0.1591671 0.0803483 0.0517004 0.0801233 0.0363608 0.0124857 0.0557284 0.0599563 0.1047216 0.0735761 0.0101992
 73 R  73 0.0217443 0.1907376 0.1381007 0.0624296 0.0014997 0.0184430 0.0557240 0.0360986 0.0106435 0.0516212 0.0677169 0.0798502 0.0200342 0.0072295 0.0049415 0.0941055 0.0457400 0.0030472 0.0088883 0.0690157 0.0123887
 74 K  74 0.0612504 0.0509940 0.1710794 0.1221985 0.0000000 0.0261972 0.0761444 0.0499372 0.0347380 0.0085793 0.0254150 0.0940319 0.0062957 0.0029699 0.0848886 0.0814307 0.0309264 0.0252120 0.0101939 0.0181265 0.0193910
 75 K  75 0.0174300 0.0195683 0.0498479 0.1791699 0.0016746 0.0758968 0.1217539 0.3485049 0.0154372 0.0049348 0.0122147 0.0655023 0.0000000 0.0172935 0.0044871 0.0180248 0.0131070 0.0016466 0.0025113 0.0140396 0.0169549
 76 K  76 0.0242340 0.0900344 0.0329407 0.0243563 0.0016746 0.0980164 0.0962030 0.1854761 0.0185551 0.0393465 0.0344655 0.1161085 0.0130070 0.0068682 0.0052671 0.0371424 0.0579730 0.0010412 0.0203181 0.0764601 0.0205118
 77 C  77 0.0048260 0.0344528 0.0218040 0.0147561 0.5294297 0.0519431 0.0145768 0.0383199 0.0168353 0.0126133 0.0518122 0.0288183 0.0048855 0.0053584 0.0136027 0.0330002 0.0277489 0.0291783 0.0026296 0.0340191 0.0293899
 78 D  78 0.0559256 0.0623954 0.0235129 0.0763609 0.0084139 0.0901245 0.1283475 0.0337649 0.0382698 0.0373439 0.0214265 0.0803419 0.0235879 0.0148366 0.0000000 0.0687020 0.0392673 0.0568389 0.0263257 0.0980819 0.0161319
 79 Y  79 0.0217047 0.0450714 0.0775773 0.0341126 0.0000000 0.1048923 0.1941608 0.0088611 0.0247113 0.0193121 0.0280618 0.0731780 0.0024932 0.0123713 0.0167441 0.0614851 0.1149717 0.0919935 0.0343074 0.0199645 0.0140256
 80 W  80 0.0769543 0.0523117 0.0094598 0.0094775 0.0000000 0.0593298 0.0533489 0.0396360 0.0120615 0.1547828 0.0445882 0.1036547 0.0913709 0.0256434 0.0000000 0.0516183 0.0328369 0.0579743 0.0069797 0.1039457 0.0140256
 81 I  81 0.0377311 0.0562063 0.0474005 0.0509194 0.0000000 0.0276373 0.1531062 0.0092003 0.0082125 0.0813199 0.0168142 0.1031796 0.0077082 0.0230762 0.0081074 0.1294034 0.1387927 0.0000000 0.0183625 0.0705821 0.0122403
 82 R  82 0.1448441 0.0424107 0.0052412 0.0072355 0.0000000 0.0383185 0.0253470 0.2320814 0.0117708 0.0826058 0.0889178 0.0139111 0.0426126 0.0120669 0.0079547 0.0333289 0.0376964 0.0209983 0.0374403 0.1004821 0.0147360
 83 T  83 0.0294843 0.0451922 0.0183509 0.0300973 0.0000000 0.0316407 0.1084548 0.0446800 0.0138495 0.0688473 0.0897976 0.0417470 0.0195699 0.0082210 0.0031617 0.0380640 0.2181750 0.0037966 0.0047709 0.1688149 0.0132845
 84 F  84 0.2465483 0.0026513 0.0017330 0.0050895 0.0229552 0.0036526 0.0204345 0.1585110 0.0030553 0.0498513 0.1520982 0.0010856 0.0446776 0.1092269 0.0054693 0.0096247 0.0142868 0.0000000 0.0911670 0.0456416 0.0122403
 85 V  85 0.0525969 0.0811781 0.0123862 0.0367727 0.0009699 0.0636779 0.1334547 0.0226055 0.0227999 0.0476444 0.0344729 0.1382538 0.0068144 0.0123698 0.0447742 0.0306371 0.0689731 0.0117669 0.0445489 0.1126842 0.0206186
 86 P  86 0.1066794 0.0661631 0.0156344 0.0631196 0.0000000 0.0208722 0.0492753 0.0084269 0.0081583 0.0250411 0.0303160 0.3058310 0.0025169 0.0470419 0.1323204 0.0366832 0.0157192 0.0000000 0.0028081 0.0412159 0.0221772
 87 G  87 0.0968472 0.0322489 0.0173723 0.0351445 0.0013304 0.0506214 0.0205193 0.0345839 0.0056557 0.0266290 0.0061821 0.0281733 0.0147394 0.0148144 0.0602701 0.0571966 0.3490351 0.0000000 0.0488407 0.0760254 0.0237703
 88 C  88 0.0630082 0.0154902 0.0426409 0.1931592 0.0051721 0.0289329 0.1630414 0.1580622 0.0012657 0.0188857 0.0025165 0.0349679 0.0010747 0.0319779 0.0480011 0.0998347 0.0193088 0.0000000 0.0073793 0.0439734 0.0213074
 89 Q  89 0.0376197 0.0208356 0.0657535 0.1280202 0.0021550 0.0745377 0.1417663 0.0250355 0.0044022 0.0251078 0.0253939 0.0867402 0.0106819 0.0061181 0.0253747 0.0869095 0.0927275 0.0000000 0.0052821 0.0985463 0.0369925
 90 P  90 0.0461320 0.0083657 0.0364284 0.0963222 0.0020462 0.0138793 0.0795966 0.0034339 0.0075528 0.0271090 0.0212355 0.0338950 0.0030813 0.0000000 0.4895772 0.0379864 0.0235896 0.0012712 0.0000000 0.0241860 0.0443120
 91 G  91 0.1688060 0.0164844 0.0372666 0.0272206 0.0000000 0.0113487 0.0170777 0.5377185 0.0054414 0.0045041 0.0093881 0.0197421 0.0000000 0.0047457 0.0065520 0.0342694 0.0407204 0.0039677 0.0014106 0.0074478 0.0458882
 92 E  92 0.0105599 0.1614953 0.0290196 0.0065573 0.0067925 0.1252085 0.1182997 0.0065562 0.0586333 0.0146581 0.0052856 0.2602525 0.0047781 0.0060019 0.0195173 0.0267482 0.0334992 0.0000000 0.0038848 0.0567960 0.0454560
 93 F  93 0.1198972 0.0068095 0.0097391 0.0029952 0.0011977 0.0000000 0.0056635 0.0546821 0.0007792 0.0159874 0.1214322 0.0102266 0.0296038 0.3249652 0.0308305 0.0166774 0.0083244 0.0220325 0.1676564 0.0016767 0.0488234
 94 T  94 0.0984627 0.0581017 0.0234969 0.0187462 0.0097232 0.0268887 0.0237061 0.0025454 0.0173519 0.0242887 0.0661589 0.1751911 0.0131498 0.0167337 0.0025134 0.1031305 0.1927384 0.0011716 0.0187699 0.0209117 0.0862194
 95 L  95 0.0645488 0.0061141 0.0073601 0.0000000 0.0000000 0.0028924 0.0000000 0.0152465 0.0000000 0.0529368 0.2774943 0.0340330 0.0129228 0.0317255 0.0168479 0.0087634 0.0220370 0.0066540 0.1031654 0.2196288 0.1176292
 96 G  96 0.0169975 0.0445168 0.0588749 0.0478503 0.0000000 0.0395713 0.0270386 0.0593079 0.0527973 0.0091176 0.0639477 0.1720793 0.0053237 0.0166366 0.0050208 0.0616785 0.0548437 0.0363594 0.0161888 0.0164050 0.1954443
 97 N  97 0.0263254 0.0271133 0.0628337 0.0125225 0.0048962 0.0075849 0.0106795 0.0605410 0.0143023 0.0274943 0.0234213 0.0189795 0.0165449 0.1178979 0.0109140 0.0365623 0.0177277 0.0351173 0.0721548 0.1836410 0.2127463
 98 I  98 0.0463072 0.0374202 0.0086512 0.0244546 0.0016068 0.0266812 0.0235000 0.0230073 0.0191169 0.0308157 0.0518242 0.0261081 0.0139195 0.0369837 0.0661430 0.2105379 0.0572116 0.0034684 0.0155138 0.0744666 0.2022622
 99 K  99 0.0519456 0.0654715 0.0151184 0.0135065 0.0033473 0.0219058 0.0121776 0.0785548 0.0113883 0.0189583 0.0506081 0.0692217 0.0032690 0.2219874 0.0319835 0.0286053 0.0468763 0.0020334 0.0074285 0.0413783 0.2042343
100 S 100 0.0263280 0.0238641 0.0116909 0.0152971 0.0000000 0.0075369 0.0709696 0.0289859 0.0131495 0.0253633 0.0253837 0.0137434 0.0044812 0.1899760 0.0464673 0.1691575 0.0217905 0.0737887 0.0056092 0.0186164 0.2078009
101 Y 101 0.0123087 0.0237818 0.1100865 0.0203187 0.0000000 0.0074101 0.0027773 0.1870057 0.0130736 0.0231313 0.0553060 0.0105921 0.0074729 0.0799052 0.0696807 0.0175609 0.0076844 0.0220815 0.0936372 0.0246443 0.2115414
102 P 102 0.0496621 0.0339770 0.0152662 0.0316028 0.0000000 0.0134702 0.0460988 0.0220799 0.0090551 0.0284293 0.0666706 0.0154881 0.0054405 0.0246298 0.3064501 0.0236176 0.0520566 0.0161264 0.0086437 0.0280230 0.2032122
103 G 103 0.0708193 0.0037545 0.0161010 0.0218300 0.0038186 0.0384560 0.0289819 0.1313355 0.0056525 0.0133115 0.0301114 0.0036586 0.0045736 0.2343460 0.0482865 0.0371371 0.0371794 0.0230518 0.0829132 0.0309096 0.1337719
104 L 104 0.0385023 0.0536270 0.0155146 0.0090322 0.0000000 0.0132269 0.0593069 0.0669787 0.0098679 0.0414039 0.0735281 0.0710934 0.0380444 0.0160840 0.0372543 0.0574499 0.0726017 0.0104714 0.1433865 0.0694889 0.1031369
105 T 105 0.0832149 0.0119125 0.0538346 0.0569333 0.0000000 0.0507916 0.0287617 0.4104078 0.0000000 0.0094799 0.0069168 0.0098049 0.0161002 0.0072930 0.0676050 0.0515424 0.0269868 0.0000000 0.0082804 0.0121302 0.0880042
106 S 106 0.0464276 0.0306797 0.0782193 0.1106386 0.0000000 0.0214053 0.0570931 0.0864034 0.0261260 0.0234751 0.0045700 0.0861716 0.0035366 0.0038103 0.0356016 0.1385932 0.0442359 0.0024420 0.0442577 0.0662828 0.0900301
107 Y 107 0.0444549 0.0392352 0.0686063 0.0356540 0.0000000 0.0089697 0.0434591 0.0193900 0.0380938 0.0142269 0.0417894 0.0541386 0.0091525 0.0141088 0.0082118 0.0465613 0.0349751 0.0000000 0.3482008 0.0232647 0.1075071
108 L 108 0.0088630 0.0105543 0.1344223 0.1446364 0.0011010 0.0172199 0.0815605 0.0115147 0.0449351 0.0313308 0.0415441 0.0293019 0.0011166 0.0100093 0.0741233 0.0202050 0.0520501 0.0801921 0.0099874 0.0892582 0.1060740
109 V 109 0.0027656 0.0000000 0.0000000 0.0000000 0.0000000 0.0000000 0.0000000 0.0000000 0.0281071 0.1747118 0.0453443 0.0000000 0.0519840 0.0593182 0.0027877 0.0000000 0.0322572 0.0000000 0.1588781 0.3410415 0.1028045
110 R 110 0.0156667 0.1395855 0.0097626 0.0099423 0.0033316 0.0282978 0.0061574 0.0000000 0.0365703 0.0766968 0.0938908 0.0103974 0.0192613 0.0886310 0.0042907 0.0324355 0.0250479 0.1783636 0.0952087 0.0483472 0.0781149
111 V 111 0.0611456 0.0087991 0.0031385 0.0265255 0.0000000 0.0029465 0.0466146 0.0095839 0.0048442 0.1603429 0.0499862 0.0184510 0.0168604 0.0137125 0.0000000 0.0043142 0.0060153 0.0037753 0.0307516 0.4894982 0.0426946
112 V 112 0.0540327 0.0019357 0.0044212 0.0000000 0.0000000 0.0177955 0.0251332 0.0176296 0.0098852 0.1154143 0.4506663 0.0049423 0.0170189 0.0071434 0.0038715 0.0137882 0.0186043 0.0000000 0.0118845 0.1842768 0.0415563
113 S 113 0.0957736 0.0200563 0.0081397 0.4199201 0.0016430 0.0042468 0.1501172 0.0394162 0.0228886 0.0051869 0.0034304 0.0436795 0.0014083 0.0065616 0.0207129 0.0737227 0.0171605 0.0000000 0.0203019 0.0101074 0.0355264
114 T 114 0.0290061 0.0214342 0.0031292 0.0362463 0.0000000 0.0132703 0.0460489 0.0119084 0.0102427 0.0181331 0.0381682 0.0259604 0.0035707 0.0046457 0.0477922 0.0544103 0.5763006 0.0000000 0.0000000 0.0351524 0.0245805
115 N 115 0.0185749 0.0029154 0.1169093 0.6243317 0.0000000 0.0180425 0.0563730 0.0096019 0.0085957 0.0018879 0.0088292 0.0244793 0.0000000 0.0000000 0.0368509 0.0303737 0.0063822 0.0000000 0.0000000 0.0105673 0.0252855
116 Y 116 0.0114102 0.0044140 0.0255917 0.0205474 0.0058920 0.0015392 0.0095717 0.0223790 0.0024040 0.0000000 0.0009929 0.0020672 0.0022640 0.0190738 0.0191756 0.0075367 0.0009957 0.0000000 0.7512975 0.0616735 0.0311739
117 N 117 0.0057799 0.0744173 0.0634005 0.2116018 0.0000000 0.0622135 0.1002251 0.0015114 0.0061685 0.0074000 0.0107574 0.1320610 0.0021160 0.0018130 0.0024475 0.0632913 0.0711070 0.0041481 0.0619110 0.0153403 0.1022894
118 Q 118 0.0131346 0.0257067 0.1703682 0.1333083 0.0000000 0.1244612 0.0935799 0.0215761 0.0316082 0.0018642 0.0108416 0.0312990 0.0092568 0.0010486 0.0000000 0.1557821 0.0879327 0.0000000 0.0010594 0.0068530 0.0803196
119 H 119 0.0109514 0.0000000 0.0000000 0.0022875 0.0000000 0.0000000 0.0025689 0.0017789 0.1053641 0.0068358 0.0053442 0.0000000 0.0000000 0.1630587 0.0000000 0.0117882 0.0137915 0.0582070 0.5280117 0.0248694 0.0651427
120 A 120 0.6116567 0.0018313 0.0000000 0.0000000 0.0012478 0.0029513 0.0000000 0.0324856 0.0027149 0.0398265 0.0557479 0.0000000 0.0104238 0.0106333 0.0019308 0.0744964 0.0252247 0.0107479 0.0522537 0.0255656 0.0402617
121 M 121 0.0103211 0.0000000 0.0000000 0.0000000 0.0036766 0.0013394 0.0030902 0.0147195 0.0000000 0.2755444 0.2884196 0.0017874 0.0706977 0.0618102 0.0000000 0.0012677 0.0182321 0.0000000 0.0041260 0.2025160 0.0424520
122 V 122 0.0199611 0.0000000 0.0024362 0.0000000 0.0052427 0.0085103 0.0050258 0.0119993 0.0146249 0.1269773 0.1466115 0.0000000 0.0562304 0.1110550 0.0000000 0.0051421 0.0183444 0.0000000 0.0000000 0.4034523 0.0643869
123 F 123 0.0059339 0.0095167 0.0058670 0.0109532 0.0562835 0.0075751 0.0022885 0.0067778 0.0794252 0.0096580 0.0572027 0.0036208 0.0049698 0.0845624 0.0000000 0.0123574 0.0000000 0.0546332 0.3742896 0.0083896 0.2056957
124 F 124 0.0300020 0.0064528 0.0094447 0.0053474 0.0900339 0.0028563 0.0010890 0.0215888 0.0031268 0.0268120 0.1071993 0.0062699 0.0361208 0.0358075 0.0000000 0.2195862 0.0995580 0.0026913 0.0240156 0.0428115 0.2291860
125 K 125 0.0322684 0.0500961 0.0078491 0.0054283 0.2341180 0.0417151 0.1231592 0.0013380 0.0125497 0.0447834 0.0177748 0.0884145 0.0035704 0.0051355 0.0061271 0.0255414 0.0300858 0.0025606 0.0192375 0.0221175 0.2261295
126 K 126 0.0102979 0.0591481 0.1428851 0.0321126 0.0010538 0.0395557 0.0284467 0.0694275 0.0125683 0.0192161 0.0486150 0.1321439 0.0124648 0.0051451 0.0024808 0.0611239 0.0576920 0.0013495 0.0009994 0.0364956 0.2267785
127 V 127 0.0462481 0.0084169 0.0358533 0.0435423 0.0000000 0.0866644 0.0876756 0.1193098 0.0101458 0.0361407 0.0486931 0.0701525 0.0133051 0.0398815 0.0114130 0.0726450 0.1035968 0.0000000 0.0120743 0.0735199 0.0807221
128 S 128 0.0215587 0.0840617 0.0380301 0.0465686 0.0000000 0.0204233 0.0248779 0.1164431 0.0204040 0.0395717 0.1169862 0.1108833 0.0078678 0.0711552 0.0190568 0.1054283 0.0375298 0.0188506 0.0114379 0.0345681 0.0542970
129 Q 129 0.0650547 0.0525314 0.0723373 0.0848079 0.0016117 0.0365048 0.0556554 0.1392835 0.0326868 0.0082921 0.0184494 0.0744934 0.0031637 0.0243095 0.1681956 0.0473726 0.0297150 0.0025792 0.0170997 0.0090287 0.0568276
130 N 130 0.0235821 0.0338324 0.1479216 0.0938742 0.0021955 0.0113893 0.0332412 0.2577477 0.0322934 0.0051944 0.0064734 0.0217904 0.0000000 0.0405470 0.0370851 0.1069097 0.0399583 0.0062811 0.0024074 0.0210004 0.0762754
131 R 131 0.0463279 0.1899248 0.0250849 0.0218929 0.0108151 0.0495510 0.0904100 0.0785664 0.0419349 0.0206151 0.0393110 0.1136623 0.0125383 0.0292529 0.0303424 0.0182703 0.0455477 0.0000000 0.0135646 0.0448516 0.0775358
132 E 132 0.0343177 0.0704885 0.0660335 0.1341610 0.0029418 0.0484338 0.0742632 0.0179954 0.0690729 0.0111815 0.0258832 0.0856345 0.0036757 0.0217129 0.0360298 0.1003515 0.0757348 0.0069986 0.0021955 0.0430602 0.0698340
133 Y 133 0.0234302 0.0564330 0.0272963 0.0175230 0.0144892 0.0102251 0.0112598 0.0092126 0.0429975 0.0455387 0.0314512 0.0048470 0.0098120 0.1385180 0.0000000 0.0784979 0.0971481 0.0000000 0.2890998 0.0263519 0.0658687
134 F 134 0.0169977 0.0894178 0.0296391 0.0129479 0.0079941 0.0887071 0.0494770 0.0098091 0.0293318 0.0409404 0.2648380 0.0491404 0.0077822 0.0690327 0.0029418 0.0387597 0.0461597 0.0000000 0.0122987 0.0914379 0.0423468
135 K 135 0.0245123 0.0242938 0.0329427 0.0035364 0.0024245 0.0121366 0.0286232 0.0163192 0.0000000 0.0199862 0.0663692 0.0429783 0.1019064 0.0420364 0.0035858 0.1055684 0.0573440 0.2264419 0.0551576 0.0935647 0.0402723
136 I 136 0.1952681 0.0021955 0.0223760 0.0000000 0.0290296 0.0000000 0.0000000 0.0437040 0.0000000 0.1683408 0.1168045 0.0000000 0.0507022 0.0087935 0.0000000 0.0569044 0.0366881 0.0049843 0.0089330 0.1637279 0.0915482
137 T 137 0.0291344 0.0100873 0.0128650 0.0055265 0.0000000 0.0757792 0.0442599 0.0067218 0.0055938 0.0108604 0.0368564 0.1577661 0.0055931 0.0372168 0.0000000 0.0305624 0.0685095 0.2090919 0.0095287 0.0057123 0.2383343
138 L 138 0.0052313 0.0028751 0.0000000 0.0000000 0.0044909 0.0012786 0.0000000 0.0000000 0.0000000 0.1456806 0.4879765 0.0325082 0.0084053 0.0252641 0.0060201 0.0033787 0.0024973 0.0000000 0.0352219 0.0622534 0.1769180
139 Y 139 0.0047172 0.0000000 0.0029221 0.0011966 0.0022885 0.0000000 0.0000000 0.0000000 0.0177674 0.0214210 0.4913530 0.0042461 0.0512600 0.0819525 0.0000000 0.0043169 0.0013119 0.0000000 0.2443325 0.0398175 0.0310968
140 G 140 0.1779792 0.0039458 0.0015411 0.0000000 0.0214517 0.0000000 0.0021955 0.2731588 0.0064392 0.0000000 0.0000000 0.0047542 0.0000000 0.0000000 0.0000000 0.4149721 0.0535502 0.0000000 0.0000000 0.0086999 0.0313123
141 R 141 0.0000000 0.9026071 0.0000000 0.0000000 0.0000000 0.0021832 0.0022988 0.0000000 0.0000000 0.0016498 0.0012352 0.0403619 0.0000000 0.0000000 0.0092187 0.0021811 0.0016539 0.0000000 0.0000000 0.0000000 0.0366104
142 T 142 0.0277777 0.0230346 0.0654230 0.0761706 0.0052604 0.0601842 0.1215086 0.0330728 0.0175470 0.0091466 0.0045025 0.0305132 0.0027656 0.0029879 0.0012300 0.1225999 0.3444813 0.0000000 0.0024504 0.0086723 0.0406715
143 K 143 0.0156109 0.1010680 0.0163054 0.0062852 0.0000000 0.0553392 0.0184974 0.0026165 0.0033332 0.0057768 0.0772610 0.1266029 0.0110401 0.0024420 0.4172178 0.0267640 0.0332652 0.0201248 0.0021510 0.0145281 0.0437703
144 E 144 0.0154983 0.0230777 0.0451662 0.1170296 0.0008223 0.0941596 0.2046245 0.0075626 0.0288071 0.0105306 0.0243211 0.0594018 0.0132315 0.0106066 0.0263860 0.0605530 0.1630499 0.0032802 0.0124953 0.0312915 0.0481044
145 L 145 0.0446306 0.0016097 0.0155577 0.0172942 0.0033849 0.0094422 0.0377663 0.0216744 0.0038639 0.0913355 0.3769096 0.0037211 0.0489051 0.0034149 0.0840125 0.0153481 0.0247100 0.0000000 0.0029364 0.1358068 0.0576761
146 T 146 0.0245930 0.0466678 0.1068401 0.1408906 0.0000000 0.0173606 0.0423518 0.0393356 0.0094230 0.0073322 0.0168875 0.0201252 0.0000000 0.0049438 0.1305209 0.2748694 0.0576447 0.0000000 0.0000000 0.0010350 0.0591788
147 S 147 0.0753254 0.0216927 0.0241984 0.1315717 0.0052547 0.0805427 0.1171913 0.0404951 0.0130215 0.0059112 0.0318342 0.0384485 0.0034075 0.0153335 0.2365670 0.0471336 0.0329573 0.0000000 0.0038289 0.0118723 0.0634126
148 E 148 0.0817043 0.0094412 0.0454843 0.0957019 0.0000000 0.0578280 0.3572942 0.0293644 0.0066873 0.0081762 0.0170577 0.0476973 0.0036758 0.0025905 0.0315203 0.0754276 0.0428519 0.0017055 0.0022931 0.0161928 0.0673056
149 L 149 0.1856643 0.0074463 0.0056158 0.0118489 0.0036448 0.0278075 0.0177654 0.0248931 0.0038566 0.1119999 0.1329209 0.0138121 0.0130476 0.0246037 0.0012033 0.0281852 0.0909672 0.0017997 0.0182298 0.2064697 0.0682184
150 K 150 0.0142900 0.0716503 0.0014733 0.0035539 0.0021240 0.0239580 0.0105843 0.0000000 0.0045529 0.1100715 0.2599723 0.1774978 0.0708055 0.0213519 0.0013491 0.0049315 0.0079736 0.0081202 0.0555143 0.0706359 0.0795897
151 E 151 0.0536707 0.0326729 0.0570326 0.1244933 0.0000000 0.1378121 0.2912366 0.0155053 0.0084192 0.0000000 0.0095882 0.0640608 0.0042435 0.0000000 0.0036691 0.0521442 0.0360784 0.0119887 0.0060352 0.0055846 0.0857647
152 N 152 0.0690747 0.1294837 0.0323174 0.0655687 0.0000000 0.0463032 0.1312464 0.0156438 0.0328764 0.0060880 0.0254486 0.2350199 0.0054429 0.0162068 0.0049671 0.0214414 0.0254876 0.0000000 0.0329508 0.0163006 0.0881321
153 F 153 0.0645043 0.0000000 0.0000000 0.0000000 0.0023240 0.0023800 0.0032828 0.0016869 0.0000000 0.0635067 0.1644789 0.0000000 0.0308218 0.4618643 0.0010816 0.0000000 0.0048334 0.0000000 0.0691429 0.0334669 0.0966256
154 I 154 0.0202323 0.1121749 0.0178235 0.0254672 0.0042896 0.0396467 0.0810015 0.0000000 0.0109009 0.0675876 0.1512205 0.1397225 0.0207707 0.0083611 0.0000000 0.0153783 0.0336848 0.0000000 0.0317547 0.1287409 0.0912421
155 R 155 0.0896857 0.0704390 0.0726517 0.0747403 0.0174312 0.1122616 0.1606283 0.0228722 0.0112695 0.0034171 0.0110134 0.1309421 0.0114368 0.0038391 0.0000000 0.0665318 0.0340139 0.0000000 0.0080373 0.0070104 0.0917785
156 F 156 0.0585378 0.0892940 0.0026234 0.0082288 0.0009374 0.0161422 0.0179270 0.0000000 0.0168771 0.0710422 0.1220069 0.0873471 0.0193863 0.1999657 0.0000000 0.0069016 0.0273069 0.0147422 0.0566814 0.0904561 0.0935959
157 S 157 0.3229505 0.0068557 0.0032141 0.0000000 0.0730326 0.0020688 0.0000000 0.0031729 0.0000000 0.0448871 0.1704142 0.0030090 0.0108065 0.0209872 0.0000000 0.0718578 0.0490131 0.0012972 0.0153389 0.1074986 0.0935959
158 K 158 0.0530762 0.1446328 0.0125014 0.0419845 0.0021822 0.1039630 0.0818376 0.0201765 0.0148348 0.0182210 0.0505465 0.1951237 0.0078468 0.0000000 0.0341617 0.0412048 0.0597567 0.0029709 0.0096299 0.0084382 0.0969110
159 S 159 0.0938384 0.0826259 0.0265572 0.0797976 0.0014663 0.0599522 0.1530192 0.0394568 0.0184695 0.0105431 0.0148891 0.0968653 0.0028466 0.0019308 0.0021961 0.1369571 0.0618686 0.0024074 0.0057373 0.0082328 0.1003427
160 L 160 0.0396181 0.0618725 0.0522370 0.0026841 0.0009581 0.1192019 0.0365170 0.0050991 0.0409858 0.0172116 0.2133549 0.0711573 0.0179087 0.0295795 0.0000000 0.0166785 0.0322202 0.0042119 0.0765681 0.0522747 0.1096610
161 G 161 0.0017389 0.0168505 0.0604663 0.0318543 0.0202786 0.0035099 0.0176495 0.6394022 0.0124565 0.0020301 0.0042408 0.0264335 0.0000000 0.0020940 0.0138871 0.0124988 0.0024420 0.0000000 0.0093286 0.0000000 0.1228384
162 L 162 0.0016616 0.0046035 0.0000000 0.0000000 0.0042408 0.0000000 0.0000000 0.0000000 0.0022593 0.2046142 0.2653472 0.0000000 0.0169951 0.1954784 0.0000000 0.0000000 0.0000000 0.0000000 0.1202669 0.0699503 0.1145827
163 P 163 0.0345452 0.0276489 0.0519396 0.2803952 0.0000000 0.0166612 0.0180487 0.0239496 0.0202673 0.0122202 0.0530980 0.0280634 0.0000000 0.0044674 0.0989316 0.0926591 0.0829003 0.0000000 0.0012934 0.0232534 0.1296576
164 E 164 0.0182527 0.0526349 0.0025743 0.0692775 0.0000000 0.0389590 0.1376651 0.0019721 0.0029932 0.0409799 0.0723586 0.0601462 0.0139501 0.0036766 0.1024488 0.0268947 0.1143195 0.0000000 0.0017844 0.0967067 0.1424057
165 N 165 0.0490028 0.0295597 0.0460139 0.2204727 0.0016658 0.0395710 0.2092348 0.0188348 0.0153624 0.0000000 0.0021822 0.0128346 0.0000000 0.0155281 0.0030656 0.1492270 0.0234389 0.0021961 0.0030689 0.0014663 0.1572745
166 H 166 0.0400522 0.0505446 0.2008774 0.0792809 0.0000000 0.0696307 0.0486716 0.0063130 0.0355268 0.0105813 0.0090630 0.1333314 0.0256387 0.0171300 0.0073795 0.0469350 0.0198553 0.0000000 0.0332435 0.0062410 0.1597043
167 I 167 0.0093749 0.0082130 0.0000000 0.0000000 0.0000000 0.0138797 0.0017562 0.0060700 0.0020239 0.3477026 0.2496874 0.0049149 0.0512966 0.0533489 0.0000000 0.0015350 0.0116105 0.0035083 0.0126210 0.0642455 0.1582115
168 V 168 0.0312305 0.0439551 0.0015725 0.0000000 0.0000000 0.0112890 0.0203038 0.0033654 0.0179561 0.2642886 0.0787234 0.0308156 0.0093625 0.0923182 0.0000000 0.0206960 0.0342576 0.0012566 0.0142718 0.1659517 0.1583856
169 F 169 0.0099792 0.0402951 0.0198341 0.0976936 0.0000000 0.0135911 0.0075067 0.0016021 0.0147322 0.1018192 0.0458676 0.0307145 0.0317535 0.1686550 0.0129384 0.0115526 0.0561081 0.0821861 0.0401863 0.0539637 0.1590211
170 P 170 0.0026897 0.0028411 0.0057083 0.0029093 0.0000000 0.0109341 0.0039705 0.0011329 0.0000000 0.0314700 0.1834720 0.0121418 0.0300253 0.0630455 0.1531079 0.0143334 0.1679354 0.0032382 0.0000000 0.1340012 0.1770434
171 V 171 0.0413320 0.0224283 0.0398651 0.0910887 0.0000000 0.0435160 0.0791200 0.0015669 0.0040886 0.0253695 0.0174647 0.0751919 0.0045338 0.0015725 0.1786429 0.0418562 0.0835182 0.0000000 0.0015766 0.0518600 0.1954079
172 P 172 0.0094750 0.0228557 0.0437012 0.0542670 0.0000000 0.3402085 0.0171521 0.0012503 0.0783122 0.0022554 0.0151005 0.0990502 0.0065728 0.0021822 0.0685578 0.0125543 0.0227391 0.0000000 0.0000000 0.0080705 0.1956953
173 I 173 0.0234326 0.0409982 0.0491223 0.0813590 0.0000000 0.0480924 0.0103440 0.0193887 0.0096460 0.0292103 0.0110095 0.0614820 0.0148215 0.0000000 0.0100082 0.0841245 0.1670914 0.0000000 0.0338295 0.0306215 0.2754185
174 D 174 0.0205282 0.0062328 0.0136450 0.1941667 0.0019452 0.0054451 0.1161829 0.1824780 0.0000000 0.0015998 0.0104546 0.0013685 0.0028739 0.0034308 0.0000000 0.0080095 0.0046706 0.0000000 0.0000000 0.0138631 0.4131052
175 Q 175 0.0147481 0.0614686 0.0920769 0.0125896 0.0027758 0.0620778 0.0851864 0.0000000 0.0086580 0.0074061 0.0097178 0.0449441 0.0000000 0.0319207 0.0040955 0.0212923 0.0635176 0.0016647 0.0056493 0.0077528 0.4624581
176 C 176 0.0018410 0.0000000 0.0000000 0.0000000 0.4540590 0.0000000 0.0000000 0.0028465 0.0024169 0.0000000 0.0098401 0.0000000 0.0015059 0.0000000 0.0010171 0.0000000 0.0016395 0.0000000 0.0000000 0.0019452 0.5228887
177 I 177 0.0111889 0.0014542 0.0032121 0.0077666 0.0014275 0.0011876 0.0061405 0.0020239 0.0000000 0.0380494 0.0473625 0.0021961 0.0219958 0.0031025 0.0987948 0.0190424 0.0101662 0.0000000 0.0021811 0.0686508 0.6540571
178 D 178 0.0011626 0.0041135 0.0000000 0.0388862 0.0000000 0.0033352 0.0512682 0.0000000 0.0037478 0.0011577 0.0163667 0.0021448 0.0000000 0.0000000 0.1045020 0.0168228 0.0000000 0.0000000 0.0000000 0.0000000 0.7564925
179 G 179 0.0166813 0.0000000 0.0000000 0.0000000 0.0000000 0.0000000 0.0000000 0.0927329 0.0000000 0.0000000 0.0000000 0.0000000 0.0000000 0.0000000 0.0000000 0.0000000 0.0000000 0.0000000 0.0000000 0.0000000 0.8905858
