  172         A         R         N         D         C         Q         E         G         H         I         L         K         M         F         P         S         T         W         Y         V    
  1 G   1 0.2831570 0.0000000 0.0000000 0.0000000 0.0000000 0.0000000 0.0000000 0.7168430 0.0000000 0.0000000 0.0000000 0.0000000 0.0000000 0.0000000 0.0000000 0.0000000 0.0000000 0.0000000 0.0000000 0.0000000
  2 P   2 0.1382563 0.0863313 0.0000000 0.0206302 0.0000000 0.0439208 0.0501171 0.0832972 0.0000000 0.0180477 0.0000000 0.0143323 0.0000000 0.0000000 0.4731022 0.0365193 0.0354456 0.0000000 0.0000000 0.0000000
  3 L   3 0.0584790 0.0380575 0.0159909 0.0320142 0.0000000 0.0135836 0.0116757 0.0173133 0.0000000 0.0074370 0.0206195 0.0340520 0.4605472 0.0140262 0.1720575 0.0470362 0.0571103 0.0000000 0.0000000 0.0000000
  4 G   4 0.1819711 0.0283250 0.0922916 0.0286435 0.0056123 0.0375703 0.0130138 0.1158221 0.0085441 0.0042864 0.0000000 0.0138234 0.0155216 0.0000000 0.1913931 0.2155808 0.0281031 0.0000000 0.0194978 0.0000000
  5 S   5 0.0575215 0.0113429 0.0871559 0.1253288 0.0023053 0.0458265 0.1477444 0.0872089 0.0087135 0.0052508 0.0000000 0.0287984 0.0000000 0.0000000 0.0265526 0.2745380 0.0840226 0.0000000 0.0029996 0.0046904
  6 D   6 0.0054426 0.0197384 0.0162642 0.0162341 0.0030730 0.0399754 0.0147118 0.0378387 0.0094290 0.0037039 0.0050444 0.1187288 0.0000000 0.0314467 0.0457547 0.0452141 0.0035176 0.0000000 0.5747766 0.0091058
  7 M   7 0.0558335 0.0012210 0.0400108 0.4494131 0.0000000 0.0238441 0.0178292 0.0043928 0.0165963 0.0321631 0.0864753 0.0105942 0.1746930 0.0000000 0.0191361 0.0430199 0.0130959 0.0000000 0.0000000 0.0116814
  8 T   8 0.0439753 0.1639116 0.0179354 0.0046490 0.0279491 0.0131079 0.0098654 0.0015336 0.0545211 0.0050097 0.0321802 0.0311026 0.0249050 0.0386763 0.0184492 0.0123479 0.0705279 0.0000000 0.4122988 0.0170540
  9 E   9 0.0022640 0.0124193 0.0124948 0.0448547 0.0000000 0.0480007 0.1618031 0.0000000 0.0025225 0.0280585 0.5599913 0.0054769 0.0069059 0.0000000 0.0000000 0.0137053 0.0339866 0.0000000 0.0022066 0.0653098
 10 Y  10 0.0000000 0.0028738 0.0000000 0.0000000 0.0013093 0.0000000 0.0000000 0.0000000 0.0596724 0.0473169 0.0637209 0.0000000 0.0106199 0.5193928 0.0000000 0.0000000 0.0000000 0.0026857 0.2838945 0.0085139
 11 K  11 0.0028095 0.0148918 0.0000000 0.0000000 0.0013975 0.0040606 0.0000000 0.0000000 0.0214724 0.0000000 0.0000000 0.9484934 0.0000000 0.0016177 0.0000000 0.0000000 0.0052573 0.0000000 0.0000000 0.0000000
 12 L  12 0.0014207 0.0000000 0.0000000 0.0000000 0.0000000 0.0000000 0.0000000 0.0000000 0.0000000 0.2344143 0.4896624 0.0000000 0.0044363 0.0083617 0.0000000 0.0000000 0.0018339 0.0000000 0.0908877 0.1689831
 13 V  13 0.0139242 0.0000000 0.0000000 0.0000000 0.0146701 0.0000000 0.0000000 0.0000000 0.0000000 0.1713042 0.3263611 0.0000000 0.0113148 0.0000000 0.0000000 0.0027414 0.0071604 0.0000000 0.0000000 0.4525237
 14 V  14 0.0000000 0.0000000 0.0000000 0.0000000 0.0046025 0.0000000 0.0000000 0.0000000 0.0000000 0.1763363 0.4717189 0.0000000 0.1021924 0.0000000 0.0000000 0.0000000 0.0000000 0.0000000 0.0000000 0.2451499
 15 V  15 0.0000000 0.0000000 0.0000000 0.0000000 0.0000000 0.0000000 0.0000000 0.0000000 0.0000000 0.5538919 0.2710409 0.0000000 0.0151440 0.0100920 0.0000000 0.0000000 0.0041459 0.0000000 0.0000000 0.1456853
 16 G  16 0.0071071 0.0000000 0.0000000 0.0000000 0.0000000 0.0000000 0.0000000 0.9928929 0.0000000 0.0000000 0.0000000 0.0000000 0.0000000 0.0000000 0.0000000 0.0000000 0.0000000 0.0000000 0.0000000 0.0000000
 17 A  17 0.0740882 0.0000000 0.0200136 0.6467419 0.0071285 0.0051115 0.0628009 0.0215352 0.0000000 0.0000000 0.0000000 0.0000000 0.0000000 0.0000000 0.0076619 0.1448882 0.0074576 0.0000000 0.0000000 0.0025723
 18 G  18 0.0059930 0.0019880 0.0000000 0.0000000 0.0014589 0.0031192 0.0000000 0.3553118 0.0000000 0.0000000 0.0025587 0.0000000 0.0095135 0.0000000 0.0027018 0.5476679 0.0696872 0.0000000 0.0000000 0.0000000
 19 G  19 0.0940030 0.0000000 0.0068162 0.0027124 0.0072554 0.0000000 0.0000000 0.8602643 0.0000000 0.0000000 0.0000000 0.0000000 0.0000000 0.0000000 0.0000000 0.0227907 0.0061579 0.0000000 0.0000000 0.0000000
 20 V  20 0.0029354 0.0000000 0.0000000 0.0000000 0.0000000 0.0000000 0.0000000 0.0045545 0.0000000 0.0039553 0.0012576 0.0000000 0.0020741 0.0040255 0.0070875 0.0000000 0.0038189 0.0000000 0.0000000 0.9702912
 21 G  21 0.0000000 0.0000000 0.0000000 0.0000000 0.0000000 0.0000000 0.0000000 1.0000000 0.0000000 0.0000000 0.0000000 0.0000000 0.0000000 0.0000000 0.0000000 0.0000000 0.0000000 0.0000000 0.0000000 0.0000000
 22 K  22 0.0000000 0.0000000 0.0000000 0.0000000 0.0000000 0.0000000 0.0000000 0.0000000 0.0000000 0.0000000 0.0000000 0.9936942 0.0000000 0.0000000 0.0000000 0.0063058 0.0000000 0.0000000 0.0000000 0.0000000
 23 S  23 0.0000000 0.0000000 0.0000000 0.0000000 0.0000000 0.0000000 0.0000000 0.0000000 0.0000000 0.0000000 0.0000000 0.0000000 0.0000000 0.0000000 0.0000000 0.8537588 0.1462412 0.0000000 0.0000000 0.0000000
 24 A  24 0.3519402 0.0000000 0.1251681 0.0000000 0.3668018 0.0185718 0.0000000 0.0000000 0.0000000 0.0000000 0.0000000 0.0000000 0.0000000 0.0000000 0.0000000 0.1332493 0.0042688 0.0000000 0.0000000 0.0000000
 25 L  25 0.0013461 0.0000000 0.0000000 0.0000000 0.0091405 0.0000000 0.0000000 0.0000000 0.0000000 0.0886803 0.8234371 0.0000000 0.0227112 0.0037841 0.0000000 0.0000000 0.0000000 0.0000000 0.0000000 0.0509007
 26 T  26 0.0000000 0.0022520 0.0000000 0.0000000 0.0033517 0.0021407 0.0000000 0.0000000 0.0000000 0.0166586 0.5205515 0.0000000 0.0058589 0.0000000 0.0000000 0.0000000 0.4159507 0.0000000 0.0000000 0.0332359
 27 I  27 0.0361048 0.0085825 0.0025186 0.0000000 0.0000000 0.0000000 0.0000000 0.0015273 0.0145520 0.2274485 0.4020961 0.0000000 0.0284528 0.0395493 0.0000000 0.1046601 0.0091765 0.0000000 0.0030820 0.1222496
 28 Q  28 0.0000000 0.4934374 0.0000000 0.0000000 0.0000000 0.4958199 0.0000000 0.0000000 0.0000000 0.0000000 0.0000000 0.0055769 0.0000000 0.0000000 0.0000000 0.0051658 0.0000000 0.0000000 0.0000000 0.0000000
 29 L  29 0.0000000 0.0000000 0.0000000 0.0000000 0.0000000 0.0000000 0.0000000 0.0000000 0.0000000 0.0000000 0.1281558 0.0000000 0.0000000 0.8246183 0.0000000 0.0000000 0.0000000 0.0000000 0.0472259 0.0000000
 30 I  30 0.1517739 0.0048590 0.0000000 0.0000000 0.0497675 0.0000000 0.0000000 0.0000000 0.0000000 0.1680372 0.0000000 0.0085853 0.0463274 0.0134544 0.0000000 0.1036065 0.2257634 0.0000000 0.0000000 0.2278255
 31 Q  31 0.0119160 0.1126074 0.0158222 0.2916217 0.0000000 0.2593011 0.0988382 0.0000000 0.0115312 0.0000000 0.0285008 0.0325512 0.0027806 0.0000000 0.0000000 0.0590375 0.0291647 0.0000000 0.0463274 0.0000000
 32 N  32 0.0027652 0.0072687 0.2785014 0.3015440 0.0010653 0.0223492 0.0146691 0.1612559 0.0508412 0.0000000 0.0017273 0.0854126 0.0000000 0.0000000 0.0000000 0.0726000 0.0000000 0.0000000 0.0000000 0.0000000
 33 H  33 0.0594107 0.1021197 0.0148416 0.0043077 0.0000000 0.0642513 0.1761612 0.0000000 0.1511589 0.0761059 0.0097890 0.0519068 0.0040664 0.0000000 0.0000000 0.1084379 0.1212646 0.0000000 0.0209810 0.0351972
 34 F  34 0.0000000 0.0000000 0.0000000 0.0000000 0.0062946 0.0000000 0.0000000 0.0000000 0.0028304 0.0000000 0.0000000 0.0000000 0.0000000 0.8569653 0.0000000 0.0000000 0.0000000 0.0248805 0.1090291 0.0000000
 35 V  35 0.0109630 0.0125630 0.1444425 0.0300554 0.0118229 0.0552890 0.0060970 0.0000000 0.0217991 0.0750700 0.0696251 0.0062702 0.0129645 0.0036371 0.0192532 0.0780388 0.1223263 0.0000000 0.0059874 0.3137955
 36 D  36 0.0274272 0.0030180 0.0203095 0.1764333 0.0000000 0.0204656 0.3540968 0.0186162 0.0034309 0.0056159 0.1021701 0.0119374 0.0034473 0.0000000 0.1431130 0.0293575 0.0670976 0.0000000 0.0041679 0.0092958
 37 E  37 0.0000000 0.0137276 0.0327405 0.1730009 0.0020940 0.0041178 0.2245228 0.0053517 0.0094400 0.0080194 0.0060320 0.0793377 0.0028371 0.0052176 0.0000000 0.1978318 0.1077052 0.0000000 0.0846012 0.0434227
 38 Y  38 0.0000000 0.0000000 0.0000000 0.0000000 0.0112293 0.0404413 0.0000000 0.0000000 0.1286183 0.0067008 0.0170124 0.0000000 0.0000000 0.1342699 0.0000000 0.1332031 0.0086322 0.0000000 0.5198927 0.0000000
 39 D  39 0.0132153 0.0034652 0.0059481 0.4605630 0.0000000 0.0050464 0.0695301 0.0053338 0.0000000 0.2510612 0.0180493 0.1279150 0.0037541 0.0000000 0.0122116 0.0171237 0.0000000 0.0000000 0.0031637 0.0036193
 40 P  40 0.0635701 0.0000000 0.0031637 0.0000000 0.0000000 0.0000000 0.0000000 0.0000000 0.0112293 0.0000000 0.0622522 0.0000000 0.0000000 0.0049788 0.4591555 0.2959880 0.0943500 0.0000000 0.0000000 0.0053124
 41 S  41 0.0000000 0.0000000 0.0000000 0.0000000 0.0000000 0.0000000 0.0000000 0.0000000 0.0000000 0.0000000 0.0000000 0.0000000 0.0000000 0.0000000 0.0000000 0.0040858 0.9959142 0.0000000 0.0000000 0.0000000
 42 I  42 0.0000000 0.0042290 0.0000000 0.0000000 0.0000000 0.0000000 0.0000000 0.0000000 0.0000000 0.9133358 0.0054728 0.0463066 0.0031695 0.0000000 0.0000000 0.0000000 0.0000000 0.0000000 0.0000000 0.0274863
 43 E  43 0.0463066 0.0000000 0.0000000 0.0000000 0.0000000 0.0000000 0.3856842 0.5680092 0.0000000 0.0000000 0.0000000 0.0000000 0.0000000 0.0000000 0.0000000 0.0000000 0.0000000 0.0000000 0.0000000 0.0000000
 44 D  44 0.0278706 0.0000000 0.0040714 0.4279194 0.0000000 0.0000000 0.0000000 0.0000000 0.0000000 0.1431917 0.0000000 0.0000000 0.0000000 0.0000000 0.0000000 0.0000000 0.0000000 0.0000000 0.0000000 0.3969469
 45 S  45 0.0654839 0.0000000 0.0032081 0.3283860 0.0000000 0.0049000 0.2085445 0.0045856 0.0000000 0.0000000 0.0000000 0.0000000 0.0036293 0.0099589 0.0000000 0.3692153 0.0000000 0.0000000 0.0000000 0.0020884
 46 Y  46 0.0000000 0.0000000 0.0000000 0.0000000 0.0000000 0.0000000 0.0000000 0.0000000 0.0000000 0.0000000 0.0000000 0.0000000 0.0000000 0.5609286 0.0000000 0.0000000 0.0000000 0.0000000 0.4390714 0.0000000
 47 R  47 0.0054785 0.3641366 0.0045560 0.0000000 0.0015258 0.0385222 0.0000000 0.0672912 0.0032094 0.0113901 0.0131176 0.3023656 0.0031035 0.0000000 0.0009512 0.0203302 0.1640221 0.0000000 0.0000000 0.0000000
 48 K  48 0.0000000 0.3591357 0.0015866 0.0000000 0.0000000 0.0493592 0.0000000 0.0000000 0.0059717 0.0070442 0.0000000 0.5334048 0.0036485 0.0032094 0.0000000 0.0000000 0.0366400 0.0000000 0.0000000 0.0000000
 49 Q  49 0.0099753 0.0186103 0.0206178 0.0039446 0.0000000 0.3055929 0.0111667 0.0000000 0.0226453 0.0171466 0.0224359 0.0607769 0.0504337 0.0015797 0.0068190 0.0840927 0.3313581 0.0000000 0.0000000 0.0328045
 50 V  50 0.0382601 0.0022603 0.0000000 0.0000000 0.0812108 0.0025202 0.0000000 0.0000000 0.0000000 0.3405895 0.0963485 0.0000000 0.0317698 0.0115880 0.0000000 0.0000000 0.0209690 0.0000000 0.0010187 0.3734651
 51 V  51 0.0100287 0.0265209 0.0742495 0.0786020 0.0167456 0.0676875 0.3100043 0.0021671 0.0034940 0.0247934 0.0240282 0.0224467 0.0067221 0.0000000 0.0027065 0.0344559 0.0874084 0.0000000 0.0031725 0.2047667
 52 I  52 0.0095704 0.0000000 0.0000000 0.0000000 0.0000000 0.0154712 0.0000000 0.0000000 0.0000000 0.4132537 0.2345504 0.0058093 0.0076600 0.0058131 0.0000000 0.0082198 0.0042742 0.0000000 0.0036704 0.2917075
 53 D  53 0.0084436 0.0045463 0.0575989 0.7773456 0.0000000 0.0214328 0.0791749 0.0248271 0.0009955 0.0032111 0.0020628 0.0168269 0.0000000 0.0000000 0.0000000 0.0035345 0.0000000 0.0000000 0.0000000 0.0000000
 54 G  54 0.0277674 0.0028167 0.1002025 0.1286193 0.0026922 0.0122541 0.0318966 0.6371149 0.0162914 0.0000000 0.0000000 0.0070255 0.0000000 0.0000000 0.0000000 0.0255612 0.0077581 0.0000000 0.0000000 0.0000000
 55 E  55 0.0124908 0.0707246 0.0292839 0.0191108 0.0000000 0.1078406 0.2157422 0.0009912 0.0083832 0.0041312 0.0023820 0.4469971 0.0082574 0.0008799 0.0000000 0.0174522 0.0344990 0.0000000 0.0019863 0.0188478
 56 T  56 0.0476763 0.1033512 0.0186108 0.0070060 0.0027404 0.1208647 0.0612460 0.0022958 0.0076641 0.0295472 0.0078109 0.1106096 0.0057311 0.0000000 0.0810675 0.0363191 0.2555100 0.0114803 0.0000000 0.0904689
 57 C  57 0.1045105 0.0000000 0.0000000 0.0000000 0.1942701 0.0000000 0.0000000 0.0102343 0.0000000 0.3153128 0.0230211 0.0000000 0.0054841 0.0170697 0.0000000 0.0099413 0.0089560 0.0000000 0.0161002 0.2950998
 58 L  58 0.0024549 0.0055393 0.0125366 0.0158715 0.0000000 0.0521679 0.0032898 0.0000000 0.0019168 0.0422420 0.1318812 0.5806058 0.1052668 0.0089029 0.0000000 0.0048399 0.0094220 0.0000000 0.0052622 0.0178004
 59 L  59 0.1228796 0.0000000 0.0000000 0.0000000 0.0000000 0.0000000 0.0000000 0.0036708 0.0000000 0.0477076 0.7821497 0.0000000 0.0105769 0.0240246 0.0000000 0.0035150 0.0013360 0.0000000 0.0025218 0.0016181
 60 D  60 0.0293580 0.0025443 0.0045992 0.2761005 0.0000000 0.4947462 0.1755566 0.0000000 0.0021913 0.0000000 0.0000000 0.0000000 0.0000000 0.0000000 0.0000000 0.0029665 0.0119375 0.0000000 0.0000000 0.0000000
 61 I  61 0.0000000 0.0011735 0.0000000 0.0000000 0.0025357 0.0000000 0.0000000 0.0000000 0.0000000 0.8848067 0.0173016 0.0000000 0.0000000 0.0025377 0.0000000 0.0000000 0.0036059 0.0000000 0.0000000 0.0880389
 62 L  62 0.0000000 0.0000000 0.0000000 0.0000000 0.0000000 0.0000000 0.0000000 0.0000000 0.0000000 0.0000000 0.4072239 0.0000000 0.0075976 0.0000000 0.0000000 0.0000000 0.0089843 0.5717912 0.0044029 0.0000000
 63 D  63 0.0000000 0.0000000 0.0000000 1.0000000 0.0000000 0.0000000 0.0000000 0.0000000 0.0000000 0.0000000 0.0000000 0.0000000 0.0000000 0.0000000 0.0000000 0.0000000 0.0000000 0.0000000 0.0000000 0.0000000
 64 T  64 0.0069458 0.0000000 0.0000000 0.0000000 0.0000000 0.0000000 0.0000000 0.0000000 0.0000000 0.0000000 0.0000000 0.0000000 0.0000000 0.0000000 0.0000000 0.0000000 0.9930542 0.0000000 0.0000000 0.0000000
 65 A  65 0.9898612 0.0000000 0.0000000 0.0000000 0.0000000 0.0000000 0.0000000 0.0000000 0.0000000 0.0000000 0.0000000 0.0000000 0.0000000 0.0062403 0.0000000 0.0038985 0.0000000 0.0000000 0.0000000 0.0000000
 66 G  66 0.0000000 0.0000000 0.0000000 0.0000000 0.0000000 0.0000000 0.0000000 0.9937597 0.0000000 0.0000000 0.0000000 0.0000000 0.0000000 0.0000000 0.0000000 0.0062403 0.0000000 0.0000000 0.0000000 0.0000000
 67 Q  67 0.0000000 0.0062755 0.0000000 0.0000000 0.0000000 0.8844375 0.0000000 0.0000000 0.0013207 0.0032936 0.0062375 0.0000000 0.0000000 0.0000000 0.0000000 0.0000000 0.0832802 0.0000000 0.0000000 0.0151550
 68 E  68 0.0409146 0.0000000 0.0000000 0.0270108 0.0000000 0.0035681 0.9137852 0.0000000 0.0000000 0.0026026 0.0000000 0.0000000 0.0000000 0.0000000 0.0000000 0.0000000 0.0000000 0.0000000 0.0000000 0.0121186
 69 E  69 0.0041965 0.4967149 0.0000000 0.0653756 0.0000000 0.1128764 0.2460600 0.0015111 0.0000000 0.0000000 0.0000000 0.0050045 0.0000000 0.0000000 0.0000000 0.0600036 0.0082573 0.0000000 0.0000000 0.0000000
 70 Y  70 0.0000000 0.0000000 0.0000000 0.0000000 0.0000000 0.0000000 0.0000000 0.0000000 0.0000000 0.0000000 0.0153283 0.0000000 0.0000000 0.6416204 0.0000000 0.0000000 0.0000000 0.0000000 0.3430512 0.0000000
 71 S  71 0.0616045 0.5065895 0.0000000 0.0000000 0.0000000 0.0017953 0.0050407 0.0109200 0.0453890 0.0037648 0.0036352 0.0219187 0.0000000 0.0000000 0.0000000 0.1526483 0.1833032 0.0000000 0.0000000 0.0033908
 72 A  72 0.5377600 0.0000000 0.0000000 0.0000000 0.0000000 0.0031790 0.0000000 0.0000000 0.0000000 0.0050477 0.0000000 0.0000000 0.0000000 0.0000000 0.0000000 0.1513910 0.3026223 0.0000000 0.0000000 0.0000000
 73 M  73 0.0000000 0.0000000 0.0000000 0.0000000 0.0000000 0.0000000 0.0000000 0.0000000 0.0000000 0.4839221 0.1148698 0.0000000 0.3260049 0.0000000 0.0000000 0.0000000 0.0039284 0.0000000 0.0000000 0.0712748
 74 R  74 0.0282589 0.4171814 0.0000000 0.0000000 0.0000000 0.0063458 0.0000000 0.0000000 0.0000000 0.0000000 0.0000000 0.0044921 0.0000000 0.0000000 0.0000000 0.0036706 0.5372114 0.0000000 0.0000000 0.0028397
 75 D  75 0.0137875 0.0933204 0.0033040 0.2861348 0.0000000 0.0093144 0.1329532 0.0074573 0.0134505 0.0000000 0.0000000 0.0037606 0.0012364 0.0000000 0.0441770 0.2659969 0.1251071 0.0000000 0.0000000 0.0000000
 76 Q  76 0.2601336 0.0027403 0.0534857 0.0000000 0.0000000 0.2431944 0.0047296 0.0031269 0.0024694 0.0020903 0.1103752 0.0000000 0.0272265 0.0000000 0.0000000 0.2652485 0.0251797 0.0000000 0.0000000 0.0000000
 77 Y  77 0.0000000 0.0000000 0.0000000 0.0000000 0.0000000 0.0000000 0.0000000 0.0000000 0.0000000 0.0000000 0.0000000 0.0000000 0.0000000 0.0073301 0.0000000 0.0000000 0.0000000 0.0502005 0.9424695 0.0000000
 78 M  78 0.0000000 0.0000000 0.0000000 0.0000000 0.0000000 0.0000000 0.0000000 0.0000000 0.0000000 0.0851233 0.0025266 0.0000000 0.2932838 0.0393472 0.0000000 0.0000000 0.0000000 0.0000000 0.5723302 0.0073890
 79 R  79 0.0000000 0.8730724 0.0000000 0.0000000 0.0000000 0.0000000 0.0000000 0.0035575 0.0083033 0.0000000 0.0000000 0.1150668 0.0000000 0.0000000 0.0000000 0.0000000 0.0000000 0.0000000 0.0000000 0.0000000
 80 T  80 0.0159765 0.0063087 0.1077179 0.0354527 0.0147332 0.0146750 0.0154562 0.5463603 0.0000000 0.0000000 0.0039202 0.0079180 0.0000000 0.0000000 0.0000000 0.1057504 0.1257307 0.0000000 0.0000000 0.0000000
 81 G  81 0.5212284 0.0027629 0.0050371 0.0000000 0.0153407 0.0000000 0.0069483 0.4056377 0.0000000 0.0000000 0.0000000 0.0000000 0.0000000 0.0000000 0.0000000 0.0269170 0.0132882 0.0000000 0.0000000 0.0028397
 82 E  82 0.0693855 0.0080265 0.0158986 0.0313053 0.0047927 0.1824939 0.2603518 0.0000000 0.1293994 0.0052574 0.0053768 0.0151828 0.1321310 0.0048045 0.0000000 0.0075308 0.0010590 0.0000000 0.0000000 0.1270040
 83 G  83 0.0505249 0.0000000 0.0000000 0.0000000 0.0033866 0.0000000 0.0000000 0.9397131 0.0000000 0.0000000 0.0000000 0.0000000 0.0000000 0.0000000 0.0000000 0.0027950 0.0000000 0.0000000 0.0000000 0.0035803
 84 F  84 0.2459801 0.0000000 0.0000000 0.0000000 0.0000000 0.0000000 0.0000000 0.0027459 0.0000000 0.2548074 0.0192192 0.0000000 0.0000000 0.4255483 0.0000000 0.0000000 0.0027607 0.0000000 0.0064874 0.0424511
 85 L  85 0.0327760 0.0000000 0.0000000 0.0000000 0.0035235 0.0000000 0.0000000 0.0000000 0.0000000 0.2946873 0.4943587 0.0000000 0.0793287 0.0000000 0.0000000 0.0000000 0.0000000 0.0000000 0.0000000 0.0953258
 86 C  86 0.0000000 0.0000000 0.0000000 0.0000000 0.0814548 0.0000000 0.0000000 0.0000000 0.0000000 0.1477205 0.6366981 0.0011645 0.0384259 0.0025603 0.0000000 0.0000000 0.0026107 0.0000000 0.0000000 0.0893651
 87 V  87 0.0035216 0.0000000 0.0000000 0.0000000 0.0402550 0.0000000 0.0000000 0.0000000 0.0000000 0.0285596 0.0174851 0.0000000 0.0046233 0.0000000 0.0000000 0.0030929 0.0093236 0.0000000 0.0000000 0.8931388
 88 F  88 0.0000000 0.0000000 0.0000000 0.0000000 0.0000000 0.0000000 0.0000000 0.0000000 0.0000000 0.0000000 0.0000000 0.0000000 0.0000000 0.1501635 0.0000000 0.0000000 0.0000000 0.0000000 0.8498365 0.0000000
 89 A  89 0.0632076 0.0000000 0.0054732 0.5631970 0.0000000 0.0000000 0.0035693 0.0000000 0.0000000 0.0000000 0.0000000 0.0000000 0.0000000 0.0000000 0.0000000 0.3614843 0.0030686 0.0000000 0.0000000 0.0000000
 90 I  90 0.0012651 0.0000000 0.0000000 0.0000000 0.0072897 0.0000000 0.0000000 0.0000000 0.0000000 0.5847017 0.0178239 0.0000000 0.0089565 0.0000000 0.0000000 0.0000000 0.0090049 0.0000000 0.0000000 0.3709583
 91 N  91 0.0308808 0.0000000 0.0600762 0.0112125 0.0148062 0.0018983 0.0071166 0.0023199 0.0000000 0.0155241 0.0019287 0.0000000 0.0000000 0.0000000 0.0000000 0.0724631 0.7663033 0.0000000 0.0000000 0.0154702
 92 N  92 0.0471232 0.1306242 0.1455485 0.2917253 0.0047885 0.0065216 0.0597367 0.0009905 0.0000000 0.0000000 0.0040428 0.1017512 0.0000000 0.0000000 0.0000000 0.1925860 0.0069427 0.0000000 0.0043734 0.0032456
 93 T  93 0.0313387 0.4083226 0.0025535 0.0197179 0.0000000 0.1586943 0.0931857 0.0158698 0.0519118 0.0022432 0.0249423 0.0549756 0.0413305 0.0017267 0.0227075 0.0231705 0.0307470 0.0021629 0.0053579 0.0090415
 94 K  94 0.0449815 0.0681371 0.0334400 0.1128657 0.0022446 0.1037850 0.1893616 0.0130100 0.0195274 0.0117744 0.0251362 0.1160553 0.0019800 0.0045546 0.0044728 0.2005982 0.0325719 0.0000000 0.0000000 0.0155037
 95 S  95 0.0000000 0.0025966 0.0025619 0.0069427 0.0000000 0.0000000 0.0000000 0.0000000 0.0000000 0.0000000 0.0000000 0.0000000 0.0000000 0.0000000 0.0000000 0.6716660 0.3162329 0.0000000 0.0000000 0.0000000
 96 F  96 0.0000000 0.0000000 0.0000000 0.0000000 0.0069427 0.0000000 0.0000000 0.0000000 0.0000000 0.0000000 0.0560547 0.0000000 0.0016077 0.8599724 0.0000000 0.0000000 0.0000000 0.0000000 0.0754226 0.0000000
 97 E  97 0.0446417 0.0178670 0.2407465 0.1604757 0.0000000 0.0658023 0.3040374 0.0116012 0.0152700 0.0016149 0.0221243 0.0224565 0.0024602 0.0000000 0.0000000 0.0253094 0.0555848 0.0013256 0.0011769 0.0075055
 98 D  98 0.0413803 0.0516661 0.3511588 0.1236356 0.0031026 0.0245381 0.2052475 0.0076146 0.1286484 0.0000000 0.0035681 0.0185136 0.0000000 0.0000000 0.0000000 0.0389217 0.0020046 0.0000000 0.0000000 0.0000000
 99 I  99 0.0714967 0.0000000 0.0000000 0.0000000 0.0069998 0.0000000 0.0000000 0.0000000 0.0000000 0.2842780 0.2808528 0.0000000 0.0137947 0.0000000 0.0000000 0.0019001 0.0487272 0.0000000 0.0000000 0.2919506
100 H 100 0.0922112 0.0892725 0.0571322 0.0315713 0.0000000 0.1345208 0.0990736 0.0240385 0.0279921 0.0113234 0.0175001 0.1709075 0.0219898 0.0008918 0.0300040 0.0951105 0.0782566 0.0000000 0.0050974 0.0131066
101 Q 101 0.0371748 0.1749250 0.0991845 0.0921598 0.0014084 0.0980853 0.1060624 0.0185383 0.0240165 0.0066548 0.0132569 0.0913955 0.0099430 0.0064957 0.0112611 0.0767898 0.1169139 0.0000000 0.0072005 0.0085338
102 Y 102 0.0000000 0.0000000 0.0000000 0.0000000 0.0026026 0.0000000 0.0000000 0.0000000 0.0000000 0.0087190 0.1147984 0.0000000 0.0074669 0.2148614 0.0000000 0.0000000 0.0000000 0.5679643 0.0765510 0.0070363
103 R 103 0.0062520 0.2347033 0.0000000 0.0000000 0.0000000 0.0163933 0.0000000 0.0000000 0.0702687 0.0417884 0.3872568 0.0507753 0.0576549 0.0360880 0.0000000 0.0000000 0.0000000 0.0054769 0.0626646 0.0306777
104 E 104 0.0173235 0.0884642 0.0731862 0.0664397 0.0012001 0.1156705 0.3187665 0.0085077 0.0264260 0.0054723 0.0024560 0.1787091 0.0035192 0.0000000 0.0000000 0.0464966 0.0447518 0.0000000 0.0000000 0.0026107
105 Q 105 0.0000000 0.0017293 0.0890502 0.0738306 0.0000000 0.3728398 0.3808576 0.0000000 0.0108169 0.0000000 0.0335428 0.0075918 0.0025245 0.0000000 0.0000000 0.0039234 0.0221445 0.0000000 0.0011485 0.0000000
106 I 106 0.0555681 0.0000000 0.0000000 0.0000000 0.0085991 0.0000000 0.0000000 0.0000000 0.0000000 0.6287519 0.1884475 0.0000000 0.0038329 0.0000000 0.0000000 0.0000000 0.0053483 0.0000000 0.0000000 0.1094521
107 K 107 0.0185263 0.1863240 0.0362039 0.1156648 0.0070366 0.0766110 0.1346694 0.0009816 0.0104248 0.0306293 0.2247557 0.0699064 0.0083425 0.0054680 0.0000000 0.0178625 0.0178669 0.0000000 0.0197170 0.0190095
108 R 108 0.0098991 0.5334053 0.0228464 0.0820588 0.0009488 0.1307104 0.0914620 0.0147550 0.0076782 0.0012797 0.0101849 0.0407402 0.0060946 0.0000000 0.0000000 0.0099373 0.0361837 0.0000000 0.0000000 0.0018155
109 V 109 0.0162242 0.0000000 0.0370549 0.0000000 0.0076714 0.0396050 0.0011012 0.0000000 0.2716603 0.0389585 0.0154698 0.0014192 0.0051010 0.0212557 0.0000000 0.0087073 0.0084359 0.0000000 0.1640683 0.3632673
110 K 110 0.4231063 0.0545792 0.0168413 0.0000000 0.0117430 0.0000000 0.0027733 0.0037129 0.0050607 0.0013292 0.0229338 0.3603102 0.0000000 0.0000000 0.0000000 0.0587131 0.0388970 0.0000000 0.0000000 0.0000000
111 D 111 0.0288131 0.0223169 0.1730515 0.5226360 0.0062079 0.0058053 0.0682073 0.0459560 0.0128417 0.0000000 0.0042198 0.0022126 0.0069627 0.0000000 0.0063515 0.0368030 0.0555574 0.0000000 0.0020573 0.0000000
112 S 112 0.0718071 0.0541838 0.0703464 0.0587035 0.0561651 0.0213541 0.0079422 0.0061012 0.0010587 0.0035417 0.0147131 0.0585182 0.0083077 0.0000000 0.0394082 0.3493922 0.1495921 0.0000000 0.0035266 0.0253380
113 D 113 0.0560554 0.0000000 0.0411568 0.3486315 0.0000000 0.0330597 0.3200730 0.0091712 0.0202725 0.0000000 0.0000000 0.0149752 0.0058870 0.0000000 0.0640362 0.0446844 0.0278928 0.0000000 0.0061499 0.0079544
114 D 114 0.0034377 0.0275370 0.3374474 0.2328645 0.0037919 0.0211958 0.0722955 0.0529841 0.0160176 0.0017715 0.0012820 0.0452215 0.0030511 0.0015915 0.0089974 0.0840597 0.0514543 0.0019250 0.0215435 0.0115309
115 V 115 0.0337628 0.0000000 0.0000000 0.0000000 0.0138750 0.0000000 0.0000000 0.0000000 0.0000000 0.2420100 0.0135936 0.0000000 0.0631696 0.0692145 0.0014802 0.0027419 0.0281435 0.0000000 0.0093371 0.5226718
116 P 116 0.0189170 0.0035006 0.1105598 0.0026321 0.0296630 0.0235228 0.0502233 0.0000000 0.0063784 0.0231836 0.0095807 0.0012693 0.0026006 0.0008166 0.4280679 0.0291859 0.0330292 0.0000000 0.0008325 0.2260366
117 M 117 0.0017283 0.0374262 0.0014262 0.0000000 0.0100748 0.0023637 0.0000000 0.0000000 0.0000000 0.3122147 0.0533456 0.2358836 0.1973122 0.0466972 0.0000000 0.0000000 0.0151456 0.0000000 0.0000000 0.0863818
118 V 118 0.0263154 0.0000000 0.0000000 0.0000000 0.0021323 0.0000000 0.0020628 0.0034980 0.0000000 0.1988644 0.1811401 0.0000000 0.2973328 0.0222713 0.0000000 0.0000000 0.0028720 0.0000000 0.0000000 0.2635108
119 L 119 0.0014304 0.0000000 0.0000000 0.0000000 0.0000000 0.0013726 0.0000000 0.0000000 0.0000000 0.0674484 0.8552536 0.0000000 0.0281672 0.0000000 0.0000000 0.0000000 0.0000000 0.0000000 0.0000000 0.0463279
120 V 120 0.0243740 0.0000000 0.0000000 0.0000000 0.0138142 0.0000000 0.0000000 0.0000000 0.0000000 0.1739185 0.0568276 0.0000000 0.0016374 0.0000000 0.0000000 0.0070722 0.0013061 0.0000000 0.0000000 0.7210500
121 G 121 0.0364253 0.0000000 0.0000000 0.0000000 0.0000000 0.0000000 0.0000000 0.9579122 0.0000000 0.0000000 0.0000000 0.0000000 0.0000000 0.0000000 0.0000000 0.0056625 0.0000000 0.0000000 0.0000000 0.0000000
122 N 122 0.0000000 0.0000000 0.9915344 0.0000000 0.0000000 0.0000000 0.0000000 0.0000000 0.0054769 0.0000000 0.0000000 0.0000000 0.0000000 0.0000000 0.0000000 0.0029887 0.0000000 0.0000000 0.0000000 0.0000000
123 K 123 0.0000000 0.0000000 0.0000000 0.0000000 0.0000000 0.0000000 0.0000000 0.0000000 0.0000000 0.0000000 0.0000000 1.0000000 0.0000000 0.0000000 0.0000000 0.0000000 0.0000000 0.0000000 0.0000000 0.0000000
124 C 124 0.0958387 0.0000000 0.0158773 0.0035681 0.4279686 0.0020563 0.0000000 0.0090333 0.0000000 0.0601320 0.0154756 0.0021954 0.0008426 0.0066862 0.0000000 0.2742957 0.0200520 0.0000000 0.0100748 0.0559034
125 D 125 0.0000000 0.0000000 0.0000000 0.9880237 0.0000000 0.0000000 0.0073902 0.0000000 0.0000000 0.0000000 0.0000000 0.0000000 0.0000000 0.0000000 0.0000000 0.0000000 0.0000000 0.0000000 0.0000000 0.0045861
126 L 126 0.0065233 0.0119542 0.0012408 0.0187258 0.0126525 0.0013977 0.0008819 0.0000000 0.0000000 0.0164749 0.7559404 0.0303586 0.0776871 0.0012058 0.0000000 0.0090496 0.0010855 0.0138450 0.0000000 0.0409768
127 A 127 0.0562395 0.0685275 0.0267658 0.1116347 0.0000000 0.0215163 0.4489933 0.0115244 0.0189627 0.0022142 0.0016130 0.0255113 0.0013051 0.0000000 0.0469773 0.0883298 0.0661601 0.0000000 0.0000000 0.0037251
128 A 128 0.0155940 0.0128366 0.0530118 0.0804459 0.0000000 0.1032300 0.3212744 0.0022394 0.1344490 0.0000000 0.0000000 0.1803833 0.0000000 0.0000000 0.0022645 0.0631712 0.0294349 0.0000000 0.0000000 0.0016648
129 R 129 0.0000000 0.9068660 0.0018271 0.0000000 0.0000000 0.0015747 0.0000000 0.0000000 0.0031054 0.0022902 0.0064811 0.0669688 0.0013711 0.0000000 0.0000000 0.0000000 0.0000000 0.0044014 0.0000000 0.0051142
130 T 130 0.2212677 0.0187423 0.0038909 0.0144602 0.0054794 0.2262338 0.1194021 0.0025266 0.0000000 0.0122299 0.0059052 0.0523057 0.0215668 0.0000000 0.0000000 0.0209776 0.0317964 0.0000000 0.0000000 0.2432153
131 V 131 0.0019384 0.0000000 0.0000000 0.0000000 0.0013089 0.0000000 0.0000000 0.0000000 0.0000000 0.0700618 0.0036246 0.0000000 0.0054118 0.0022772 0.0000000 0.0000000 0.0000000 0.0000000 0.0000000 0.9153774
132 E 132 0.0133174 0.0078211 0.0035915 0.0873322 0.0015078 0.0311832 0.0636698 0.0592301 0.0010439 0.0043896 0.0105477 0.0284859 0.0038597 0.0007248 0.1324407 0.4087924 0.1375506 0.0010251 0.0000000 0.0034866
133 S 133 0.0233343 0.1211624 0.0037311 0.0000000 0.0017527 0.0327869 0.0293677 0.0030657 0.0055887 0.0180428 0.0279080 0.1611961 0.0177086 0.0382423 0.0211225 0.0365099 0.2987782 0.0000000 0.1197379 0.0399641
134 R 134 0.0690728 0.0262323 0.0373895 0.1105812 0.0000000 0.0740201 0.5337525 0.0065623 0.0101118 0.0024547 0.0036445 0.0321781 0.0026442 0.0000000 0.0063700 0.0422591 0.0344916 0.0000000 0.0000000 0.0082353
135 Q 135 0.0164594 0.0615019 0.0016434 0.1241288 0.0000000 0.1461239 0.5186873 0.0000000 0.0023101 0.0031467 0.0077617 0.0207824 0.0083136 0.0000000 0.0000000 0.0065830 0.0555930 0.0000000 0.0000000 0.0269650
136 A 136 0.3516002 0.0000000 0.0000000 0.0000000 0.0091229 0.0000000 0.0000000 0.6223085 0.0000000 0.0069112 0.0000000 0.0000000 0.0000000 0.0000000 0.0000000 0.0034662 0.0000000 0.0000000 0.0000000 0.0065910
137 Q 137 0.0195095 0.1048887 0.0114354 0.0079360 0.0009916 0.2590380 0.1733250 0.0057539 0.0171054 0.0313231 0.0469094 0.2356769 0.0171049 0.0234071 0.0042295 0.0160767 0.0119525 0.0008452 0.0025545 0.0099367
138 D 138 0.2659172 0.0318471 0.0797026 0.0646926 0.0025026 0.1182541 0.2233888 0.0207564 0.0056811 0.0037353 0.0104397 0.0720567 0.0061507 0.0018700 0.0008093 0.0665102 0.0192838 0.0000000 0.0000000 0.0064019
139 L 139 0.0020547 0.0294091 0.0000000 0.0000000 0.0053769 0.0035563 0.0000000 0.0000000 0.0000000 0.0227017 0.4759040 0.0251109 0.0242279 0.3116595 0.0000000 0.0000000 0.0050389 0.0069361 0.0556602 0.0323639
140 A 140 0.9009819 0.0000000 0.0000000 0.0000000 0.0068874 0.0000000 0.0000000 0.0077497 0.0000000 0.0000000 0.0000000 0.0000000 0.0000000 0.0000000 0.0000000 0.0801124 0.0014749 0.0000000 0.0000000 0.0027937
141 R 141 0.0387619 0.2414570 0.0422588 0.1689988 0.0000000 0.0732217 0.1540107 0.0046665 0.0078531 0.0116945 0.0052288 0.1838855 0.0017500 0.0031059 0.0000000 0.0402238 0.0113911 0.0000000 0.0020083 0.0094836
142 S 142 0.0233564 0.0600771 0.0168886 0.0541000 0.0159286 0.1939597 0.3138044 0.0052666 0.0150947 0.0000000 0.0085271 0.1304897 0.0022929 0.0000000 0.0000000 0.1290177 0.0238826 0.0008542 0.0048735 0.0015861
143 Y 143 0.0010211 0.0061497 0.1261124 0.0000000 0.0052896 0.0156853 0.0625720 0.0000000 0.1246782 0.0215280 0.2009443 0.0051142 0.0298181 0.1259789 0.0000000 0.0007602 0.0000000 0.1540118 0.1179982 0.0023379
144 G 144 0.0136140 0.0244478 0.2108977 0.0330774 0.0019300 0.0155939 0.0076308 0.5700811 0.0144693 0.0000000 0.0000000 0.0487306 0.0013446 0.0000000 0.0000000 0.0544886 0.0036942 0.0000000 0.0000000 0.0000000
145 I 145 0.0276705 0.0000000 0.0000000 0.0000000 0.2181104 0.0000000 0.0000000 0.0019846 0.0000000 0.2857601 0.2335698 0.0015236 0.0828041 0.0086320 0.0000000 0.0043824 0.0079256 0.0000000 0.0000000 0.1276369
146 P 146 0.0637090 0.0272889 0.0061097 0.0155694 0.0016318 0.0361321 0.0305995 0.0063540 0.0063808 0.0315725 0.1088249 0.0929363 0.0183205 0.0365444 0.3693087 0.1062486 0.0121033 0.0000000 0.0091440 0.0212215
147 Y 147 0.0000000 0.0000000 0.0018811 0.0000000 0.0062445 0.0000000 0.0000000 0.0000000 0.0046302 0.0026939 0.0136962 0.0000000 0.0017497 0.8116945 0.0000000 0.0015792 0.0000000 0.0000000 0.1510196 0.0048110
148 I 148 0.0058953 0.0025088 0.0000000 0.0000000 0.0027905 0.0007572 0.0036549 0.0000000 0.0010296 0.1991228 0.2629754 0.0008251 0.2032406 0.1321073 0.0008732 0.0018466 0.0077745 0.0014193 0.0618264 0.1113527
149 E 149 0.0000000 0.0000000 0.0000000 0.0060890 0.0000000 0.0036549 0.9902561 0.0000000 0.0000000 0.0000000 0.0000000 0.0000000 0.0000000 0.0000000 0.0000000 0.0000000 0.0000000 0.0000000 0.0000000 0.0000000
150 T 150 0.1195730 0.0000000 0.0000000 0.0000000 0.0191924 0.0000000 0.0000000 0.0021359 0.0000000 0.0000000 0.0050649 0.0000000 0.0000000 0.0000000 0.0000000 0.0453252 0.7805913 0.0000000 0.0000000 0.0281173
151 S 151 0.0000000 0.0000000 0.0000000 0.0000000 0.0000000 0.0000000 0.0000000 0.0023219 0.0000000 0.0000000 0.0042562 0.0000000 0.0000000 0.0000000 0.0000000 0.9934219 0.0000000 0.0000000 0.0000000 0.0000000
152 A 152 0.9894838 0.0000000 0.0000000 0.0000000 0.0033374 0.0000000 0.0000000 0.0000000 0.0000000 0.0000000 0.0024510 0.0000000 0.0000000 0.0000000 0.0000000 0.0047278 0.0000000 0.0000000 0.0000000 0.0000000
153 K 153 0.0441102 0.0525770 0.0000000 0.0000000 0.0035681 0.0083365 0.0000000 0.0000000 0.0000000 0.0000000 0.1489235 0.7235854 0.0164515 0.0011202 0.0000000 0.0013275 0.0000000 0.0000000 0.0000000 0.0000000
154 T 154 0.0514106 0.0168028 0.1184550 0.1319916 0.0000000 0.0567409 0.0713325 0.0085379 0.0077777 0.0058170 0.0571034 0.0075253 0.0052920 0.0147321 0.0000000 0.1094552 0.3224623 0.0000000 0.0120436 0.0025199
155 R 155 0.2353233 0.2976394 0.1172243 0.0212937 0.0191616 0.0010969 0.0016762 0.0533294 0.0000000 0.0000000 0.0000000 0.0968301 0.0000000 0.0000000 0.0099319 0.1404003 0.0035965 0.0000000 0.0024964 0.0000000
156 Q 156 0.0406453 0.0037852 0.0108223 0.0285216 0.0021774 0.0687157 0.0644406 0.0078691 0.0492554 0.2189812 0.0688850 0.0095741 0.0556977 0.0094011 0.0017674 0.0665556 0.2075062 0.0000000 0.0203184 0.0650807
157 G 157 0.0015732 0.0129479 0.8191077 0.0015268 0.0037035 0.0041828 0.0000000 0.0889263 0.0139954 0.0000000 0.0031614 0.0042480 0.0041725 0.0250530 0.0000000 0.0010512 0.0000000 0.0000000 0.0163503 0.0000000
158 V 158 0.0000000 0.0000000 0.0031672 0.0000000 0.0000000 0.0000000 0.0000000 0.0000000 0.0031852 0.1015820 0.0029779 0.0000000 0.0000000 0.0000000 0.0000000 0.0000000 0.0000000 0.0000000 0.0000000 0.8890877
159 E 159 0.0078786 0.0074441 0.0913262 0.3248584 0.0000000 0.0360182 0.4686145 0.0024376 0.0144571 0.0000000 0.0015090 0.0098368 0.0011905 0.0000000 0.0009547 0.0125305 0.0184486 0.0000000 0.0000000 0.0024951
160 D 160 0.0292785 0.0147371 0.0421568 0.1514778 0.0137684 0.0912718 0.4037881 0.0025508 0.0066088 0.0025378 0.0388744 0.1288317 0.0017804 0.0027326 0.0029060 0.0239992 0.0353372 0.0000000 0.0008762 0.0064864
161 A 161 0.6363935 0.0000000 0.0000000 0.0000000 0.0378537 0.0000000 0.0000000 0.0038610 0.0000000 0.0954764 0.0142204 0.0000000 0.0228531 0.0000000 0.0025578 0.0355396 0.0157143 0.0000000 0.0000000 0.1355302
162 F 162 0.0000000 0.0000000 0.0000000 0.0000000 0.0000000 0.0000000 0.0000000 0.0000000 0.0000000 0.0000000 0.0031472 0.0000000 0.0000000 0.9869026 0.0000000 0.0000000 0.0000000 0.0000000 0.0099502 0.0000000
163 Y 163 0.0189348 0.0081338 0.0191145 0.0099320 0.0078968 0.0810641 0.0763960 0.0000000 0.0916793 0.0853984 0.1110356 0.0083522 0.0648940 0.0961902 0.0000000 0.0189981 0.0434296 0.0055067 0.2122195 0.0408243
164 T 164 0.1019148 0.0185017 0.0615420 0.2017574 0.0088439 0.0454033 0.1550262 0.0204743 0.0053151 0.0092114 0.0104741 0.0351922 0.0094491 0.0031507 0.0000000 0.0623504 0.2358758 0.0000000 0.0067856 0.0087321
165 L 165 0.0080740 0.0000000 0.0012329 0.0000000 0.0015209 0.0000000 0.0009560 0.0000000 0.0000000 0.1792977 0.4945622 0.0000000 0.1056051 0.0000000 0.0000000 0.0034039 0.0851392 0.0000000 0.0000000 0.1202081
166 V 166 0.3480911 0.0000000 0.0000000 0.0000000 0.0289427 0.0000000 0.0000000 0.0037150 0.0000000 0.0327829 0.1123871 0.0000000 0.0364704 0.0039118 0.0000000 0.0202019 0.0379310 0.0000000 0.0000000 0.3755661
167 R 167 0.0578944 0.5257459 0.0105039 0.0039373 0.0012200 0.0279699 0.0576615 0.0216372 0.0100960 0.0000000 0.0108096 0.1289694 0.0019562 0.0013272 0.0000000 0.0399131 0.0971806 0.0000000 0.0009783 0.0021995
168 E 168 0.0562490 0.0149583 0.0167004 0.1045154 0.0111909 0.1836947 0.3676773 0.0048605 0.0013044 0.0317983 0.0406233 0.0958785 0.0171586 0.0011681 0.0018805 0.0217848 0.0160584 0.0000000 0.0007269 0.0117715
169 I 169 0.0000000 0.0000000 0.0014430 0.0000000 0.0000000 0.0000000 0.0000000 0.0000000 0.0000000 0.7882149 0.0780758 0.0000000 0.0315535 0.0017862 0.0000000 0.0030163 0.0000000 0.0000000 0.0000000 0.0959103
170 R 170 0.0023422 0.2545075 0.0737129 0.0013128 0.0011421 0.0373864 0.0018138 0.0000000 0.0096539 0.0644495 0.0845030 0.2105066 0.0259867 0.0143055 0.0242800 0.0000000 0.0061769 0.0000000 0.1834970 0.0044233
171 Q 171 0.0000000 0.3085504 0.0711767 0.0529994 0.0000000 0.1073208 0.1205107 0.0000000 0.0201909 0.0000000 0.0000000 0.2842070 0.0000000 0.0000000 0.0000000 0.0350442 0.0000000 0.0000000 0.0000000 0.0000000
172 H 172 0.0000000 0.2903027 0.1503312 0.0000000 0.0000000 0.0581938 0.0000000 0.0000000 0.0575845 0.0000000 0.0000000 0.3824614 0.0000000 0.0000000 0.0000000 0.0000000 0.0000000 0.0000000 0.0611264 0.0000000
