  172         A         R         N         D         C         Q         E         G         H         I         L         K         M         F         P         S         T         W         Y         V         X    
  1 G   1 0.0188783 0.0000000 0.0000000 0.0000000 0.0000000 0.0000000 0.0000000 0.0486731 0.0000000 0.0000000 0.0000000 0.0000000 0.0000000 0.0000000 0.0000000 0.0000000 0.0000000 0.0000000 0.0000000 0.0000000 0.9324487
  2 P   2 0.0123405 0.0076391 0.0000000 0.0018247 0.0000000 0.0039823 0.0043715 0.0075185 0.0000000 0.0016210 0.0000000 0.0012847 0.0000000 0.0000000 0.0431561 0.0032912 0.0031701 0.0000000 0.0000000 0.0000000 0.9098003
  3 L   3 0.0104684 0.0069993 0.0028024 0.0056999 0.0000000 0.0026031 0.0020700 0.0031209 0.0000000 0.0013566 0.0039581 0.0060529 0.0838045 0.0024462 0.0309406 0.0081532 0.0102172 0.0000000 0.0000000 0.0000000 0.8193065
  4 G   4 0.0566572 0.0085151 0.0287529 0.0089998 0.0017640 0.0115730 0.0041492 0.0367152 0.0026352 0.0013566 0.0000000 0.0043479 0.0048701 0.0000000 0.0604131 0.0676520 0.0087658 0.0000000 0.0061129 0.0000000 0.6867201
  5 S   5 0.0276127 0.0052985 0.0439771 0.0600020 0.0012378 0.0219566 0.0686235 0.0413209 0.0041228 0.0024833 0.0000000 0.0131983 0.0000000 0.0000000 0.0127783 0.1312604 0.0406393 0.0000000 0.0014796 0.0022534 0.5217554
  6 D   6 0.0030097 0.0128789 0.0088731 0.0091466 0.0017581 0.0221383 0.0081756 0.0207775 0.0053299 0.0020586 0.0026864 0.0659513 0.0000000 0.0173519 0.0292661 0.0273751 0.0019660 0.0000000 0.3683734 0.0050145 0.3878691
  7 M   7 0.0402001 0.0012851 0.0273717 0.3622715 0.0000000 0.0202711 0.0123479 0.0029754 0.0113679 0.0220445 0.0590329 0.0074833 0.1292241 0.0000000 0.0130547 0.0301607 0.0090476 0.0000000 0.0000000 0.0079277 0.2439338
  8 T   8 0.0311529 0.1296777 0.0125719 0.0032820 0.0199628 0.0099229 0.0073027 0.0011135 0.0404883 0.0035546 0.0233452 0.0224308 0.0174342 0.0277961 0.0132745 0.0089178 0.0512912 0.0000000 0.3509527 0.0122288 0.2132994
  9 E   9 0.0017590 0.0090813 0.0092162 0.0336415 0.0000000 0.0352037 0.1331089 0.0000000 0.0019358 0.0207026 0.4728073 0.0039184 0.0050718 0.0000000 0.0000000 0.0102259 0.0253967 0.0000000 0.0016715 0.0487081 0.1875514
 10 Y  10 0.0000000 0.0022119 0.0000000 0.0000000 0.0010033 0.0000000 0.0000000 0.0000000 0.0454394 0.0363004 0.0489595 0.0000000 0.0078626 0.4564637 0.0000000 0.0000000 0.0000000 0.0020661 0.2318265 0.0064002 0.1614664
 11 K  11 0.0022119 0.0118200 0.0000000 0.0000000 0.0010862 0.0031846 0.0000000 0.0000000 0.0207293 0.0000000 0.0000000 0.8118340 0.0000000 0.0012548 0.0000000 0.0000000 0.0041753 0.0000000 0.0000000 0.0000000 0.1437038
 12 L  12 0.0011213 0.0000000 0.0000000 0.0000000 0.0000000 0.0000000 0.0000000 0.0000000 0.0000000 0.1983304 0.3961339 0.0000000 0.0035168 0.0067092 0.0000000 0.0000000 0.0014660 0.0000000 0.0749454 0.1855289 0.1322482
 13 V  13 0.0112404 0.0000000 0.0000000 0.0000000 0.0112707 0.0000000 0.0000000 0.0000000 0.0000000 0.1387471 0.2653649 0.0000000 0.0090869 0.0000000 0.0000000 0.0021102 0.0050425 0.0000000 0.0000000 0.4256388 0.1314985
 14 V  14 0.0000000 0.0000000 0.0000000 0.0000000 0.0035218 0.0000000 0.0000000 0.0000000 0.0000000 0.1444708 0.4308126 0.0000000 0.0812538 0.0000000 0.0000000 0.0000000 0.0000000 0.0000000 0.0000000 0.2087925 0.1311486
 15 V  15 0.0000000 0.0000000 0.0000000 0.0000000 0.0000000 0.0000000 0.0000000 0.0000000 0.0000000 0.5028916 0.2292516 0.0000000 0.0118014 0.0080851 0.0000000 0.0000000 0.0033094 0.0000000 0.0000000 0.1167484 0.1279125
 16 G  16 0.0075713 0.0000000 0.0000000 0.0000000 0.0000000 0.0000000 0.0000000 0.8633245 0.0000000 0.0000000 0.0000000 0.0000000 0.0000000 0.0000000 0.0000000 0.0000000 0.0000000 0.0000000 0.0000000 0.0000000 0.1291043
 17 A  17 0.0635888 0.0000000 0.0161004 0.5764696 0.0050425 0.0040417 0.0505780 0.0171842 0.0000000 0.0000000 0.0000000 0.0000000 0.0000000 0.0000000 0.0062004 0.1248077 0.0060082 0.0000000 0.0000000 0.0020661 0.1279125
 18 G  18 0.0050398 0.0016070 0.0000000 0.0000000 0.0011917 0.0025480 0.0000000 0.2990255 0.0000000 0.0000000 0.0020661 0.0000000 0.0078354 0.0000000 0.0022267 0.4974066 0.0581263 0.0000000 0.0000000 0.0000000 0.1229269
 19 G  19 0.0764880 0.0000000 0.0053246 0.0021693 0.0059025 0.0000000 0.0000000 0.7644178 0.0000000 0.0000000 0.0000000 0.0000000 0.0000000 0.0000000 0.0000000 0.0184940 0.0046983 0.0000000 0.0000000 0.0000000 0.1225055
 20 V  20 0.0023845 0.0000000 0.0000000 0.0000000 0.0000000 0.0000000 0.0000000 0.0035820 0.0000000 0.0031846 0.0010074 0.0000000 0.0021655 0.0031289 0.0050425 0.0000000 0.0031287 0.0000000 0.0000000 0.8538704 0.1225055
 21 G  21 0.0000000 0.0000000 0.0000000 0.0000000 0.0000000 0.0000000 0.0000000 0.8774945 0.0000000 0.0000000 0.0000000 0.0000000 0.0000000 0.0000000 0.0000000 0.0000000 0.0000000 0.0000000 0.0000000 0.0000000 0.1225055
 22 K  22 0.0000000 0.0000000 0.0000000 0.0000000 0.0000000 0.0000000 0.0000000 0.0000000 0.0000000 0.0000000 0.0000000 0.9836020 0.0000000 0.0000000 0.0000000 0.0050425 0.0000000 0.0000000 0.0000000 0.0000000 0.0113555
 23 S  23 0.0000000 0.0000000 0.0000000 0.0000000 0.0000000 0.0000000 0.0000000 0.0000000 0.0000000 0.0000000 0.0000000 0.0000000 0.0000000 0.0000000 0.0000000 0.8562147 0.1324299 0.0000000 0.0000000 0.0000000 0.0113555
 24 A  24 0.3380927 0.0000000 0.1642450 0.0000000 0.3439660 0.0167837 0.0000000 0.0000000 0.0000000 0.0000000 0.0000000 0.0000000 0.0000000 0.0000000 0.0000000 0.1217612 0.0037959 0.0000000 0.0000000 0.0000000 0.0113555
 25 L  25 0.0011930 0.0000000 0.0000000 0.0000000 0.0082364 0.0000000 0.0000000 0.0000000 0.0000000 0.0808310 0.8275078 0.0000000 0.0207546 0.0034372 0.0000000 0.0000000 0.0000000 0.0000000 0.0000000 0.0466846 0.0113555
 26 T  26 0.0000000 0.0020512 0.0000000 0.0000000 0.0028812 0.0019405 0.0000000 0.0000000 0.0000000 0.0152734 0.5300491 0.0000000 0.0053294 0.0000000 0.0000000 0.0000000 0.4011081 0.0000000 0.0000000 0.0300117 0.0113555
 27 I  27 0.0372941 0.0075919 0.0023069 0.0000000 0.0000000 0.0000000 0.0000000 0.0013998 0.0132248 0.2172292 0.3693968 0.0000000 0.0258322 0.0363281 0.0000000 0.1455200 0.0085215 0.0000000 0.0028181 0.1211812 0.0113555
 28 Q  28 0.0000000 0.5022913 0.0000000 0.0000000 0.0000000 0.4758551 0.0000000 0.0000000 0.0000000 0.0000000 0.0000000 0.0049319 0.0000000 0.0000000 0.0000000 0.0055663 0.0000000 0.0000000 0.0000000 0.0000000 0.0113555
 29 L  29 0.0000000 0.0000000 0.0000000 0.0000000 0.0000000 0.0000000 0.0000000 0.0000000 0.0000000 0.0000000 0.1232232 0.0000000 0.0000000 0.8226581 0.0000000 0.0000000 0.0000000 0.0000000 0.0427632 0.0000000 0.0113555
 30 I  30 0.1417203 0.0044180 0.0000000 0.0000000 0.0450057 0.0000000 0.0000000 0.0000000 0.0000000 0.1634015 0.0000000 0.0078235 0.0418182 0.0124905 0.0000000 0.0943101 0.2579486 0.0000000 0.0000000 0.2197082 0.0113555
 31 Q  31 0.0107902 0.1529154 0.0146107 0.2700964 0.0000000 0.2592532 0.0905064 0.0000000 0.0109326 0.0000000 0.0261633 0.0294647 0.0024462 0.0000000 0.0000000 0.0540787 0.0255686 0.0000000 0.0418182 0.0000000 0.0113555
 32 N  32 0.0026015 0.0067683 0.3123407 0.2768663 0.0009757 0.0203539 0.0130462 0.1548373 0.0457607 0.0000000 0.0016843 0.0799733 0.0000000 0.0000000 0.0000000 0.0734362 0.0000000 0.0000000 0.0000000 0.0000000 0.0113555
 33 H  33 0.0543906 0.0947992 0.0132892 0.0038684 0.0000000 0.0581880 0.2102461 0.0000000 0.1461967 0.0780931 0.0090478 0.0468382 0.0037078 0.0000000 0.0000000 0.0996431 0.1132831 0.0000000 0.0209072 0.0361460 0.0113555
 34 F  34 0.0000000 0.0000000 0.0000000 0.0000000 0.0075713 0.0000000 0.0000000 0.0000000 0.0025198 0.0000000 0.0000000 0.0000000 0.0000000 0.8587539 0.0000000 0.0000000 0.0000000 0.0270919 0.1003080 0.0000000 0.0037551
 35 V  35 0.0097980 0.0115774 0.1801837 0.0274558 0.0106148 0.0511108 0.0056982 0.0000000 0.0195198 0.0718184 0.0628215 0.0058425 0.0117163 0.0033368 0.0173759 0.0710386 0.1125375 0.0000000 0.0052411 0.3122613 0.0100515
 36 D  36 0.0251890 0.0029205 0.0185113 0.1804437 0.0000000 0.0189178 0.3354075 0.0175489 0.0030741 0.0051170 0.1429556 0.0110250 0.0031018 0.0000000 0.1318755 0.0285146 0.0621393 0.0000000 0.0036428 0.0081921 0.0014239
 37 E  37 0.0000000 0.0122877 0.0301759 0.1602572 0.0019317 0.0037143 0.2741236 0.0048783 0.0087978 0.0072777 0.0056982 0.0813248 0.0025971 0.0048900 0.0000000 0.1870886 0.0987582 0.0000000 0.0755355 0.0406634 0.0000000
 38 Y  38 0.0000000 0.0000000 0.0000000 0.0000000 0.0103835 0.0366773 0.0000000 0.0000000 0.1183809 0.0063026 0.0163639 0.0000000 0.0000000 0.1225608 0.0000000 0.1709645 0.0081106 0.0000000 0.5102560 0.0000000 0.0000000
 39 D  39 0.0130003 0.0031872 0.0055340 0.4543767 0.0000000 0.0046660 0.0630874 0.0049707 0.0000000 0.2315990 0.0163335 0.1666889 0.0034442 0.0000000 0.0112895 0.0155662 0.0000000 0.0000000 0.0029742 0.0032822 0.0000000
 40 P  40 0.0581140 0.0000000 0.0029742 0.0000000 0.0000000 0.0000000 0.0000000 0.0000000 0.0103835 0.0000000 0.0586113 0.0000000 0.0000000 0.0045006 0.4520975 0.3212598 0.0870031 0.0000000 0.0000000 0.0050560 0.0000000
 41 S  41 0.0000000 0.0000000 0.0000000 0.0000000 0.0000000 0.0000000 0.0000000 0.0000000 0.0000000 0.0000000 0.0000000 0.0000000 0.0000000 0.0000000 0.0000000 0.0039581 0.9960419 0.0000000 0.0000000 0.0000000 0.0000000
 42 I  42 0.0000000 0.0036212 0.0000000 0.0000000 0.0000000 0.0000000 0.0000000 0.0000000 0.0000000 0.9219004 0.0050087 0.0418182 0.0028939 0.0000000 0.0000000 0.0000000 0.0000000 0.0000000 0.0000000 0.0247575 0.0000000
 43 E  43 0.0418182 0.0000000 0.0000000 0.0000000 0.0000000 0.0000000 0.3847382 0.5734436 0.0000000 0.0000000 0.0000000 0.0000000 0.0000000 0.0000000 0.0000000 0.0000000 0.0000000 0.0000000 0.0000000 0.0000000 0.0000000
 44 D  44 0.0248590 0.0000000 0.0039201 0.4226363 0.0000000 0.0000000 0.0000000 0.0000000 0.0000000 0.1305180 0.0000000 0.0000000 0.0000000 0.0000000 0.0000000 0.0000000 0.0000000 0.0000000 0.0000000 0.4180666 0.0000000
 45 S  45 0.0587089 0.0000000 0.0029343 0.3028644 0.0000000 0.0045258 0.2427859 0.0037667 0.0000000 0.0000000 0.0000000 0.0000000 0.0033022 0.0094285 0.0000000 0.3697248 0.0000000 0.0000000 0.0000000 0.0019584 0.0000000
 46 Y  46 0.0000000 0.0000000 0.0000000 0.0000000 0.0000000 0.0000000 0.0000000 0.0000000 0.0000000 0.0000000 0.0000000 0.0000000 0.0000000 0.5669262 0.0000000 0.0000000 0.0000000 0.0000000 0.4330738 0.0000000 0.0000000
 47 R  47 0.0046983 0.3635097 0.0041753 0.0000000 0.0013929 0.0350428 0.0000000 0.0636852 0.0029343 0.0105043 0.0113410 0.2760854 0.0028936 0.0000000 0.0009497 0.0187219 0.2008698 0.0000000 0.0000000 0.0000000 0.0031958
 48 K  48 0.0000000 0.3787839 0.0014449 0.0000000 0.0000000 0.0443037 0.0000000 0.0000000 0.0054628 0.0064274 0.0000000 0.5206609 0.0033116 0.0029343 0.0000000 0.0000000 0.0334748 0.0000000 0.0000000 0.0000000 0.0031958
 49 Q  49 0.0090808 0.0167272 0.0183728 0.0034551 0.0000000 0.2997564 0.0103174 0.0000000 0.0242055 0.0156915 0.0205195 0.0552110 0.0469889 0.0014796 0.0061365 0.1264664 0.2994340 0.0000000 0.0000000 0.0301169 0.0160404
 50 V  50 0.0335391 0.0020792 0.0000000 0.0000000 0.0787109 0.0022954 0.0000000 0.0000000 0.0000000 0.3635418 0.0876740 0.0000000 0.0284802 0.0105741 0.0000000 0.0000000 0.0189178 0.0000000 0.0010098 0.3571372 0.0160404
 51 V  51 0.0091791 0.0238185 0.0678378 0.0710354 0.0150869 0.0613815 0.3366820 0.0021242 0.0031631 0.0231279 0.0217350 0.0205922 0.0062056 0.0000000 0.0025594 0.0317449 0.0815724 0.0000000 0.0029262 0.2031875 0.0160404
 52 I  52 0.0105779 0.0000000 0.0000000 0.0000000 0.0000000 0.0149389 0.0000000 0.0000000 0.0000000 0.3981736 0.2119125 0.0047364 0.0068988 0.0052695 0.0000000 0.0071704 0.0039053 0.0000000 0.0035309 0.3234452 0.0094406
 53 D  53 0.0078394 0.0040995 0.0541180 0.7357723 0.0000000 0.0194843 0.0717798 0.0229873 0.0009061 0.0029343 0.0018591 0.0151779 0.0000000 0.0000000 0.0000000 0.0032658 0.0000000 0.0000000 0.0000000 0.0000000 0.0597760
 54 G  54 0.0259619 0.0025192 0.0917205 0.1213292 0.0029258 0.0113758 0.0301047 0.6017355 0.0157107 0.0000000 0.0000000 0.0065544 0.0000000 0.0000000 0.0000000 0.0232137 0.0070726 0.0000000 0.0000000 0.0000000 0.0597760
 55 E  55 0.0114412 0.0697928 0.0269260 0.0178755 0.0000000 0.1012160 0.2134190 0.0009107 0.0072713 0.0041887 0.0023079 0.4100089 0.0074159 0.0008919 0.0000000 0.0159847 0.0312065 0.0000000 0.0018143 0.0175526 0.0597760
 56 T  56 0.0431609 0.0956722 0.0171884 0.0063897 0.0023607 0.1185725 0.0556432 0.0022309 0.0070350 0.0275111 0.0070277 0.1006834 0.0052262 0.0000000 0.0749663 0.0329896 0.2466310 0.0111557 0.0000000 0.0857794 0.0597760
 57 C  57 0.0993089 0.0000000 0.0000000 0.0000000 0.1984793 0.0000000 0.0000000 0.0087254 0.0000000 0.2880702 0.0221127 0.0000000 0.0049354 0.0152919 0.0000000 0.0100441 0.0087947 0.0000000 0.0145124 0.2699490 0.0597760
 58 L  58 0.0022534 0.0056597 0.0114446 0.0142051 0.0000000 0.0463425 0.0030699 0.0000000 0.0019170 0.0445162 0.1382891 0.5322807 0.0975345 0.0081456 0.0000000 0.0044289 0.0084889 0.0000000 0.0047914 0.0168565 0.0597760
 59 L  59 0.1115966 0.0000000 0.0000000 0.0000000 0.0000000 0.0000000 0.0000000 0.0035309 0.0000000 0.0429375 0.7425512 0.0000000 0.0097301 0.0217408 0.0000000 0.0031985 0.0012148 0.0000000 0.0022561 0.0014676 0.0597760
 60 D  60 0.0265322 0.0022561 0.0041753 0.2683434 0.0000000 0.4490440 0.1652196 0.0000000 0.0019435 0.0000000 0.0000000 0.0000000 0.0000000 0.0000000 0.0000000 0.0026352 0.0116729 0.0000000 0.0000000 0.0000000 0.0681779
 61 I  61 0.0000000 0.0010235 0.0000000 0.0000000 0.0023069 0.0000000 0.0000000 0.0000000 0.0000000 0.8270668 0.0154730 0.0000000 0.0000000 0.0022561 0.0000000 0.0000000 0.0031289 0.0000000 0.0000000 0.0823690 0.0663758
 62 L  62 0.0000000 0.0000000 0.0000000 0.0000000 0.0000000 0.0000000 0.0000000 0.0000000 0.0000000 0.0000000 0.3948957 0.0000000 0.0067572 0.0000000 0.0000000 0.0000000 0.0080851 0.5231082 0.0039737 0.0000000 0.0631800
 63 D  63 0.0000000 0.0000000 0.0000000 0.9368200 0.0000000 0.0000000 0.0000000 0.0000000 0.0000000 0.0000000 0.0000000 0.0000000 0.0000000 0.0000000 0.0000000 0.0000000 0.0000000 0.0000000 0.0000000 0.0000000 0.0631800
 64 T  64 0.0054390 0.0000000 0.0000000 0.0000000 0.0000000 0.0000000 0.0000000 0.0000000 0.0000000 0.0000000 0.0000000 0.0000000 0.0000000 0.0000000 0.0000000 0.0000000 0.9379808 0.0000000 0.0000000 0.0000000 0.0565802
 65 A  65 0.9335566 0.0000000 0.0000000 0.0000000 0.0000000 0.0000000 0.0000000 0.0000000 0.0000000 0.0000000 0.0000000 0.0000000 0.0000000 0.0065998 0.0000000 0.0032634 0.0000000 0.0000000 0.0000000 0.0000000 0.0565802
 66 G  66 0.0000000 0.0000000 0.0000000 0.0000000 0.0000000 0.0000000 0.0000000 0.9368200 0.0000000 0.0000000 0.0000000 0.0000000 0.0000000 0.0000000 0.0000000 0.0065998 0.0000000 0.0000000 0.0000000 0.0000000 0.0565802
 67 Q  67 0.0000000 0.0075713 0.0000000 0.0000000 0.0000000 0.8369230 0.0000000 0.0000000 0.0012482 0.0029324 0.0065998 0.0000000 0.0000000 0.0000000 0.0000000 0.0000000 0.0807595 0.0000000 0.0000000 0.0136305 0.0503354
 68 E  68 0.0362903 0.0000000 0.0000000 0.0245157 0.0000000 0.0032361 0.8722809 0.0000000 0.0000000 0.0023891 0.0000000 0.0000000 0.0000000 0.0000000 0.0000000 0.0000000 0.0000000 0.0000000 0.0000000 0.0109527 0.0503354
 69 E  69 0.0037500 0.4539181 0.0000000 0.0590652 0.0000000 0.1155855 0.2424530 0.0016752 0.0000000 0.0000000 0.0000000 0.0045006 0.0000000 0.0000000 0.0000000 0.0568749 0.0070689 0.0000000 0.0000000 0.0000000 0.0551086
 70 Y  70 0.0000000 0.0000000 0.0000000 0.0000000 0.0000000 0.0000000 0.0000000 0.0000000 0.0000000 0.0000000 0.0133810 0.0000000 0.0000000 0.6053680 0.0000000 0.0000000 0.0000000 0.0000000 0.3309156 0.0000000 0.0503354
 71 S  71 0.0559930 0.4665535 0.0000000 0.0000000 0.0000000 0.0016297 0.0047733 0.0111619 0.0408730 0.0034597 0.0033022 0.0201613 0.0000000 0.0000000 0.0000000 0.1631420 0.1738151 0.0000000 0.0000000 0.0031247 0.0520106
 72 A  72 0.5169183 0.0000000 0.0000000 0.0000000 0.0000000 0.0028939 0.0000000 0.0000000 0.0000000 0.0047733 0.0000000 0.0000000 0.0000000 0.0000000 0.0000000 0.1391555 0.2788131 0.0000000 0.0000000 0.0000000 0.0574458
 73 M  73 0.0000000 0.0000000 0.0000000 0.0000000 0.0000000 0.0000000 0.0000000 0.0000000 0.0000000 0.4442100 0.1052971 0.0000000 0.3249454 0.0000000 0.0000000 0.0000000 0.0034551 0.0000000 0.0000000 0.0646466 0.0574458
 74 R  74 0.0255482 0.4085553 0.0000000 0.0000000 0.0000000 0.0055668 0.0000000 0.0000000 0.0000000 0.0000000 0.0000000 0.0050979 0.0000000 0.0000000 0.0000000 0.0035309 0.4945294 0.0000000 0.0000000 0.0025971 0.0545746
 75 D  75 0.0126818 0.0868824 0.0030885 0.2824509 0.0000000 0.0085699 0.1286839 0.0063607 0.0122415 0.0000000 0.0000000 0.0034179 0.0011296 0.0000000 0.0402591 0.2461764 0.1134828 0.0000000 0.0000000 0.0000000 0.0545746
 76 Q  76 0.2370314 0.0023607 0.0483481 0.0000000 0.0000000 0.2413184 0.0042521 0.0028573 0.0023989 0.0019584 0.1103123 0.0000000 0.0245473 0.0000000 0.0000000 0.2461178 0.0239229 0.0000000 0.0000000 0.0000000 0.0545746
 77 Y  77 0.0000000 0.0000000 0.0000000 0.0000000 0.0000000 0.0000000 0.0000000 0.0000000 0.0000000 0.0000000 0.0000000 0.0000000 0.0000000 0.0061274 0.0000000 0.0000000 0.0000000 0.0451110 0.8941870 0.0000000 0.0545746
 78 M  78 0.0000000 0.0000000 0.0000000 0.0000000 0.0000000 0.0000000 0.0000000 0.0000000 0.0000000 0.0772605 0.0023508 0.0000000 0.2971671 0.0354489 0.0000000 0.0000000 0.0000000 0.0000000 0.5266769 0.0065212 0.0545746
 79 R  79 0.0000000 0.8198816 0.0000000 0.0000000 0.0000000 0.0000000 0.0000000 0.0030972 0.0076387 0.0000000 0.0000000 0.1148078 0.0000000 0.0000000 0.0000000 0.0000000 0.0000000 0.0000000 0.0000000 0.0000000 0.0545746
 80 T  80 0.0146165 0.0050425 0.1076812 0.0327332 0.0133417 0.0141725 0.0130405 0.5031025 0.0000000 0.0000000 0.0034551 0.0071517 0.0000000 0.0000000 0.0000000 0.0965210 0.1345670 0.0000000 0.0000000 0.0000000 0.0545746
 81 G  81 0.4796311 0.0024126 0.0047733 0.0000000 0.0133810 0.0000000 0.0054390 0.3999862 0.0000000 0.0000000 0.0000000 0.0000000 0.0000000 0.0000000 0.0000000 0.0242178 0.0129874 0.0000000 0.0000000 0.0025971 0.0545746
 82 E  82 0.0652282 0.0074598 0.0146148 0.0291327 0.0045204 0.1808840 0.2562223 0.0000000 0.1207076 0.0047747 0.0048828 0.0134761 0.1203040 0.0044056 0.0000000 0.0069104 0.0010317 0.0000000 0.0000000 0.1151094 0.0503354
 83 G  83 0.0458554 0.0000000 0.0000000 0.0000000 0.0030241 0.0000000 0.0000000 0.8952078 0.0000000 0.0000000 0.0000000 0.0000000 0.0000000 0.0000000 0.0000000 0.0024485 0.0000000 0.0000000 0.0000000 0.0031289 0.0503354
 84 F  84 0.2259372 0.0000000 0.0000000 0.0000000 0.0000000 0.0000000 0.0000000 0.0024833 0.0000000 0.2345440 0.0175807 0.0000000 0.0000000 0.4207622 0.0000000 0.0000000 0.0024126 0.0000000 0.0057941 0.0401503 0.0503354
 85 L  85 0.0324132 0.0000000 0.0000000 0.0000000 0.0031181 0.0000000 0.0000000 0.0000000 0.0000000 0.2711122 0.4777189 0.0000000 0.0722938 0.0000000 0.0000000 0.0000000 0.0000000 0.0000000 0.0000000 0.0930084 0.0503354
 86 C  86 0.0000000 0.0000000 0.0000000 0.0000000 0.0871392 0.0000000 0.0000000 0.0000000 0.0000000 0.1329921 0.6038108 0.0010477 0.0350723 0.0023248 0.0000000 0.0000000 0.0023845 0.0000000 0.0000000 0.0848932 0.0503354
 87 V  87 0.0031509 0.0000000 0.0000000 0.0000000 0.0362831 0.0000000 0.0000000 0.0000000 0.0000000 0.0256267 0.0159401 0.0000000 0.0040786 0.0000000 0.0000000 0.0028063 0.0101042 0.0000000 0.0000000 0.8516747 0.0503354
 88 F  88 0.0000000 0.0000000 0.0000000 0.0000000 0.0000000 0.0000000 0.0000000 0.0000000 0.0000000 0.0000000 0.0000000 0.0000000 0.0000000 0.1569995 0.0000000 0.0000000 0.0000000 0.0000000 0.7926652 0.0000000 0.0503354
 89 A  89 0.0722532 0.0000000 0.0050113 0.5186317 0.0000000 0.0000000 0.0034188 0.0000000 0.0000000 0.0000000 0.0000000 0.0000000 0.0000000 0.0000000 0.0000000 0.3476632 0.0026864 0.0000000 0.0000000 0.0000000 0.0503354
 90 I  90 0.0011176 0.0000000 0.0000000 0.0000000 0.0065441 0.0000000 0.0000000 0.0000000 0.0000000 0.5499893 0.0165107 0.0000000 0.0082971 0.0000000 0.0000000 0.0000000 0.0084741 0.0000000 0.0000000 0.3587318 0.0503354
 91 N  91 0.0284497 0.0000000 0.0698024 0.0105545 0.0134648 0.0017160 0.0064292 0.0021705 0.0000000 0.0138491 0.0017637 0.0000000 0.0000000 0.0000000 0.0000000 0.0655813 0.7212076 0.0000000 0.0000000 0.0146759 0.0503354
 92 N  92 0.0524043 0.1217975 0.1464163 0.2687436 0.0043356 0.0058062 0.0540701 0.0009103 0.0000000 0.0000000 0.0039695 0.0928144 0.0000000 0.0000000 0.0000000 0.1859633 0.0054390 0.0000000 0.0039737 0.0030208 0.0503354
 93 T  93 0.0405581 0.3791738 0.0023064 0.0182645 0.0000000 0.1561725 0.0846229 0.0153739 0.0476070 0.0020850 0.0227584 0.0511477 0.0416871 0.0016843 0.0206028 0.0217150 0.0290767 0.0019598 0.0047348 0.0081338 0.0503354
 94 K  94 0.0416787 0.0609917 0.0324831 0.1033277 0.0020792 0.0954275 0.1783117 0.0124585 0.0177192 0.0098548 0.0232936 0.1195010 0.0018078 0.0041753 0.0042554 0.1977177 0.0304464 0.0000000 0.0000000 0.0141354 0.0503354
 95 S  95 0.0000000 0.0018021 0.0022539 0.0054390 0.0000000 0.0000000 0.0000000 0.0000000 0.0000000 0.0000000 0.0000000 0.0000000 0.0000000 0.0000000 0.0000000 0.6401272 0.3000425 0.0000000 0.0000000 0.0000000 0.0503354
 96 F  96 0.0000000 0.0000000 0.0000000 0.0000000 0.0054390 0.0000000 0.0000000 0.0000000 0.0000000 0.0000000 0.0560878 0.0000000 0.0014545 0.8175533 0.0000000 0.0000000 0.0000000 0.0000000 0.0691301 0.0000000 0.0503354
 97 E  97 0.0410447 0.0161504 0.2358092 0.1485066 0.0000000 0.0596383 0.2949658 0.0104394 0.0140024 0.0015787 0.0199868 0.0203940 0.0023442 0.0000000 0.0000000 0.0231143 0.0522502 0.0012123 0.0011276 0.0070997 0.0503354
 98 D  98 0.0374146 0.0471777 0.3238394 0.1349440 0.0028936 0.0217734 0.1979939 0.0070300 0.1191638 0.0000000 0.0032361 0.0169213 0.0000000 0.0000000 0.0000000 0.0354453 0.0018315 0.0000000 0.0000000 0.0000000 0.0503354
 99 I  99 0.0642097 0.0000000 0.0000000 0.0000000 0.0063479 0.0000000 0.0000000 0.0000000 0.0000000 0.2770525 0.2749327 0.0000000 0.0127984 0.0000000 0.0000000 0.0017188 0.0439092 0.0000000 0.0000000 0.2686954 0.0503354
100 H 100 0.0861318 0.0822050 0.0536752 0.0289601 0.0000000 0.1288011 0.0896946 0.0336531 0.0262241 0.0100661 0.0162168 0.1571621 0.0215840 0.0008977 0.0274048 0.0898972 0.0723906 0.0000000 0.0052140 0.0119150 0.0579066
101 Q 101 0.0340619 0.1611234 0.0912808 0.0943696 0.0012947 0.0922682 0.0999844 0.0161321 0.0217295 0.0061582 0.0122232 0.0852757 0.0093057 0.0057031 0.0104936 0.0823729 0.1115388 0.0000000 0.0064028 0.0079460 0.0503354
102 Y 102 0.0000000 0.0000000 0.0000000 0.0000000 0.0023891 0.0000000 0.0000000 0.0000000 0.0000000 0.0079381 0.1176670 0.0000000 0.0070828 0.2000099 0.0000000 0.0000000 0.0000000 0.5231082 0.0849843 0.0064852 0.0503354
103 R 103 0.0066112 0.2404239 0.0000000 0.0000000 0.0000000 0.0164369 0.0000000 0.0000000 0.0666875 0.0386289 0.3570753 0.0456388 0.0534084 0.0329299 0.0000000 0.0000000 0.0000000 0.0046983 0.0594022 0.0277234 0.0503354
104 E 104 0.0157522 0.0811366 0.0680288 0.0620812 0.0011198 0.1111066 0.3179972 0.0077869 0.0244845 0.0049971 0.0022077 0.1640811 0.0031649 0.0000000 0.0000000 0.0417128 0.0416227 0.0000000 0.0000000 0.0023845 0.0503354
105 Q 105 0.0000000 0.0015530 0.0812573 0.0680562 0.0000000 0.3735909 0.3510019 0.0000000 0.0100456 0.0000000 0.0306006 0.0067194 0.0023508 0.0000000 0.0000000 0.0035980 0.0198424 0.0000000 0.0010485 0.0000000 0.0503354
106 I 106 0.0514277 0.0000000 0.0000000 0.0000000 0.0077461 0.0000000 0.0000000 0.0000000 0.0000000 0.6026136 0.1693792 0.0000000 0.0034240 0.0000000 0.0000000 0.0000000 0.0048222 0.0000000 0.0000000 0.0988985 0.0616888
107 K 107 0.0173330 0.1701628 0.0328558 0.1078817 0.0063376 0.0706074 0.1235853 0.0009102 0.0094885 0.0286318 0.2177508 0.0772765 0.0077394 0.0049207 0.0000000 0.0159192 0.0158992 0.0000000 0.0177375 0.0210637 0.0538988
108 R 108 0.0090374 0.5186956 0.0210930 0.0741953 0.0008694 0.1206191 0.0831152 0.0132567 0.0065257 0.0011721 0.0104234 0.0368049 0.0056149 0.0000000 0.0000000 0.0089938 0.0329725 0.0000000 0.0000000 0.0016470 0.0549643
109 V 109 0.0145764 0.0000000 0.0331746 0.0000000 0.0070687 0.0360739 0.0010483 0.0000000 0.2443642 0.0391625 0.0139260 0.0013587 0.0046526 0.0190719 0.0000000 0.0078150 0.0073649 0.0000000 0.1491073 0.3537614 0.0674737
110 K 110 0.3823063 0.0483496 0.0161592 0.0000000 0.0111007 0.0000000 0.0024880 0.0035309 0.0047519 0.0012113 0.0200140 0.3586611 0.0000000 0.0000000 0.0000000 0.0541962 0.0351408 0.0000000 0.0000000 0.0000000 0.0620902
111 D 111 0.0206975 0.0161496 0.1251338 0.4080244 0.0044333 0.0041922 0.0490393 0.0333879 0.0091315 0.0000000 0.0029844 0.0015955 0.0046983 0.0000000 0.0045063 0.0265629 0.0409013 0.0000000 0.0014805 0.0000000 0.2470812
112 S 112 0.0745727 0.0481418 0.0614794 0.0543377 0.0482814 0.0187680 0.0067151 0.0054616 0.0009102 0.0030953 0.0124530 0.0517996 0.0071411 0.0000000 0.0331166 0.3039074 0.1352306 0.0000000 0.0032226 0.0220399 0.1093260
113 D 113 0.0444264 0.0000000 0.0321812 0.2979083 0.0000000 0.0264595 0.2579315 0.0073690 0.0151516 0.0000000 0.0000000 0.0117879 0.0047733 0.0000000 0.0500465 0.0359536 0.0220287 0.0000000 0.0047914 0.0061896 0.1830015
114 D 114 0.0031802 0.0241664 0.3022630 0.2258570 0.0035309 0.0189066 0.0676212 0.0461762 0.0141410 0.0016792 0.0011778 0.0416243 0.0027626 0.0016180 0.0078427 0.0770139 0.0458856 0.0017315 0.0215710 0.0109054 0.0803456
115 V 115 0.0302098 0.0000000 0.0000000 0.0000000 0.0135443 0.0000000 0.0000000 0.0000000 0.0000000 0.2196762 0.0124535 0.0000000 0.0588434 0.0675643 0.0013911 0.0024880 0.0255659 0.0000000 0.0087262 0.5081545 0.0513830
116 P 116 0.0171565 0.0031114 0.1017470 0.0023685 0.0266759 0.0210691 0.0452946 0.0000000 0.0056745 0.0206263 0.0086438 0.0011526 0.0023288 0.0007366 0.4173196 0.0259265 0.0300996 0.0000000 0.0007514 0.2049101 0.0644071
117 M 117 0.0016843 0.0345026 0.0013163 0.0000000 0.0091200 0.0021701 0.0000000 0.0000000 0.0000000 0.2896745 0.0485395 0.2185243 0.2054001 0.0419185 0.0000000 0.0000000 0.0137331 0.0000000 0.0000000 0.0817962 0.0516205
118 V 118 0.0237575 0.0000000 0.0000000 0.0000000 0.0019836 0.0000000 0.0018923 0.0031633 0.0000000 0.1866807 0.1678259 0.0000000 0.2718484 0.0204521 0.0000000 0.0000000 0.0025868 0.0000000 0.0000000 0.2646580 0.0551513
119 L 119 0.0012520 0.0000000 0.0000000 0.0000000 0.0000000 0.0012000 0.0000000 0.0000000 0.0000000 0.0672489 0.8076805 0.0000000 0.0262019 0.0000000 0.0000000 0.0000000 0.0000000 0.0000000 0.0000000 0.0460814 0.0503354
120 V 120 0.0221103 0.0000000 0.0000000 0.0000000 0.0126245 0.0000000 0.0000000 0.0000000 0.0000000 0.1604613 0.0518770 0.0000000 0.0014718 0.0000000 0.0000000 0.0064146 0.0011707 0.0000000 0.0000000 0.6935344 0.0503354
121 G 121 0.0346649 0.0000000 0.0000000 0.0000000 0.0000000 0.0000000 0.0000000 0.9100477 0.0000000 0.0000000 0.0000000 0.0000000 0.0000000 0.0000000 0.0000000 0.0049521 0.0000000 0.0000000 0.0000000 0.0000000 0.0503354
122 N 122 0.0000000 0.0000000 0.9424907 0.0000000 0.0000000 0.0000000 0.0000000 0.0000000 0.0046983 0.0000000 0.0000000 0.0000000 0.0000000 0.0000000 0.0000000 0.0024756 0.0000000 0.0000000 0.0000000 0.0000000 0.0503354
123 K 123 0.0000000 0.0000000 0.0000000 0.0000000 0.0000000 0.0000000 0.0000000 0.0000000 0.0000000 0.0000000 0.0000000 0.9496646 0.0000000 0.0000000 0.0000000 0.0000000 0.0000000 0.0000000 0.0000000 0.0000000 0.0503354
124 C 124 0.0885708 0.0000000 0.0168602 0.0032361 0.4175736 0.0018675 0.0000000 0.0080508 0.0000000 0.0550056 0.0145537 0.0020217 0.0007778 0.0060847 0.0000000 0.2563825 0.0183131 0.0000000 0.0085797 0.0517868 0.0503354
125 D 125 0.0000000 0.0000000 0.0000000 0.9394058 0.0000000 0.0000000 0.0064921 0.0000000 0.0000000 0.0000000 0.0000000 0.0000000 0.0000000 0.0000000 0.0000000 0.0000000 0.0000000 0.0000000 0.0000000 0.0037667 0.0503354
126 L 126 0.0060261 0.0118664 0.0011495 0.0173285 0.0116939 0.0012790 0.0008145 0.0000000 0.0000000 0.0153168 0.7253882 0.0278832 0.0701616 0.0010957 0.0000000 0.0083006 0.0010492 0.0124655 0.0000000 0.0378459 0.0503354
127 A 127 0.0526654 0.0619892 0.0244194 0.1028536 0.0000000 0.0202158 0.4281364 0.0104942 0.0174062 0.0020144 0.0014660 0.0232430 0.0012818 0.0000000 0.0560972 0.0807469 0.0631543 0.0000000 0.0000000 0.0034806 0.0503354
128 A 128 0.0146814 0.0119989 0.0471869 0.0733184 0.0000000 0.0958474 0.3102340 0.0020772 0.1228964 0.0000000 0.0000000 0.1652003 0.0000000 0.0000000 0.0020183 0.0606474 0.0385064 0.0000000 0.0000000 0.0016677 0.0537194
129 R 129 0.0000000 0.8617840 0.0016525 0.0000000 0.0000000 0.0030506 0.0000000 0.0000000 0.0028365 0.0020998 0.0058965 0.0619410 0.0012514 0.0000000 0.0000000 0.0000000 0.0000000 0.0046430 0.0000000 0.0045092 0.0503354
130 T 130 0.2189301 0.0177094 0.0036464 0.0132945 0.0050934 0.2104958 0.1100417 0.0023802 0.0000000 0.0117425 0.0054708 0.0483115 0.0195538 0.0000000 0.0000000 0.0196322 0.0301089 0.0000000 0.0000000 0.2309444 0.0526445
131 V 131 0.0017231 0.0000000 0.0000000 0.0000000 0.0011594 0.0000000 0.0000000 0.0000000 0.0000000 0.0643360 0.0032342 0.0000000 0.0047405 0.0021828 0.0000000 0.0000000 0.0000000 0.0000000 0.0000000 0.8699796 0.0526445
132 E 132 0.0126202 0.0072850 0.0035936 0.0934209 0.0014548 0.0279603 0.0587550 0.0645345 0.0009653 0.0041825 0.0098613 0.0269576 0.0035452 0.0007535 0.1241193 0.3772287 0.1256746 0.0010294 0.0000000 0.0034138 0.0526445
133 S 133 0.0214965 0.1166538 0.0036364 0.0000000 0.0016150 0.0305552 0.0269028 0.0028669 0.0051332 0.0166924 0.0365584 0.1563813 0.0178026 0.0349245 0.0187282 0.0343325 0.2742152 0.0000000 0.1124020 0.0364586 0.0526445
134 R 134 0.0684383 0.0238909 0.0351284 0.1064820 0.0000000 0.0686090 0.4923978 0.0063134 0.0097254 0.0022534 0.0033718 0.0414315 0.0024575 0.0000000 0.0059203 0.0397039 0.0338531 0.0000000 0.0000000 0.0073788 0.0526445
135 Q 135 0.0148891 0.0611637 0.0014597 0.1145004 0.0000000 0.1435992 0.4908255 0.0000000 0.0021972 0.0029110 0.0071217 0.0188735 0.0074553 0.0000000 0.0000000 0.0060333 0.0513412 0.0000000 0.0000000 0.0249847 0.0526445
136 A 136 0.3409327 0.0000000 0.0000000 0.0000000 0.0082400 0.0000000 0.0000000 0.5829069 0.0000000 0.0060327 0.0000000 0.0000000 0.0000000 0.0000000 0.0000000 0.0030965 0.0000000 0.0000000 0.0000000 0.0061467 0.0526445
137 Q 137 0.0182021 0.0982129 0.0217443 0.0071089 0.0009156 0.2415274 0.1616097 0.0050273 0.0149794 0.0288275 0.0444008 0.2169444 0.0162049 0.0257166 0.0036212 0.0150853 0.0110412 0.0008672 0.0024543 0.0151734 0.0503354
138 D 138 0.2476477 0.0298871 0.0822438 0.0603739 0.0022954 0.1084606 0.2062906 0.0188567 0.0055553 0.0034842 0.0096347 0.0668306 0.0057337 0.0017365 0.0008248 0.0651269 0.0288170 0.0000000 0.0000000 0.0058650 0.0503354
139 L 139 0.0020435 0.0265718 0.0000000 0.0000000 0.0048318 0.0030972 0.0000000 0.0000000 0.0000000 0.0205292 0.4640962 0.0231294 0.0229971 0.2865444 0.0000000 0.0000000 0.0047240 0.0063553 0.0533210 0.0307024 0.0510567
140 A 140 0.8536362 0.0000000 0.0000000 0.0000000 0.0063122 0.0000000 0.0000000 0.0075065 0.0000000 0.0000000 0.0000000 0.0000000 0.0000000 0.0000000 0.0000000 0.0783408 0.0012875 0.0000000 0.0000000 0.0025814 0.0503354
141 R 141 0.0353061 0.2306687 0.0393224 0.1581873 0.0000000 0.0715512 0.1405371 0.0043674 0.0072289 0.0104808 0.0054668 0.1846363 0.0016103 0.0026823 0.0000000 0.0365605 0.0106229 0.0000000 0.0018269 0.0086087 0.0503354
142 S 142 0.0217973 0.0548351 0.0165186 0.0498444 0.0139273 0.1880934 0.2897799 0.0047626 0.0153715 0.0000000 0.0077293 0.1193182 0.0021771 0.0000000 0.0000000 0.1372299 0.0215197 0.0007899 0.0045256 0.0014449 0.0503354
143 Y 143 0.0009426 0.0057166 0.1160239 0.0000000 0.0049968 0.0144416 0.0567380 0.0000000 0.1157490 0.0184748 0.1878223 0.0045092 0.0288255 0.1239716 0.0000000 0.0006983 0.0000000 0.1450269 0.1236046 0.0021230 0.0503354
144 G 144 0.0124078 0.0236439 0.2023515 0.0303128 0.0017741 0.0141966 0.0098091 0.5409287 0.0137575 0.0000000 0.0000000 0.0458226 0.0013141 0.0000000 0.0000000 0.0499031 0.0034430 0.0000000 0.0000000 0.0000000 0.0503354
145 I 145 0.0311246 0.0000000 0.0000000 0.0000000 0.2084753 0.0000000 0.0000000 0.0018143 0.0000000 0.2781989 0.2165832 0.0013842 0.0753444 0.0075469 0.0000000 0.0044237 0.0072979 0.0000000 0.0000000 0.1174713 0.0503354
146 P 146 0.0654589 0.0249826 0.0053448 0.0144313 0.0014976 0.0338958 0.0285950 0.0058363 0.0059352 0.0307438 0.1008385 0.0868346 0.0166297 0.0332505 0.3592775 0.0966339 0.0113366 0.0000000 0.0083345 0.0198075 0.0503354
147 Y 147 0.0000000 0.0000000 0.0016954 0.0000000 0.0056033 0.0000000 0.0000000 0.0000000 0.0042596 0.0024457 0.0130296 0.0000000 0.0015848 0.7633267 0.0000000 0.0014273 0.0000000 0.0000000 0.1443785 0.0043426 0.0579066
148 I 148 0.0052068 0.0023456 0.0000000 0.0000000 0.0025480 0.0007740 0.0030660 0.0000000 0.0009440 0.1966590 0.2450741 0.0008384 0.1908547 0.1203042 0.0007927 0.0018503 0.0071355 0.0012986 0.0600202 0.1023811 0.0579066
149 E 149 0.0000000 0.0000000 0.0000000 0.0054044 0.0000000 0.0030660 0.9336229 0.0000000 0.0000000 0.0000000 0.0000000 0.0000000 0.0000000 0.0000000 0.0000000 0.0000000 0.0000000 0.0000000 0.0000000 0.0000000 0.0579066
150 T 150 0.1093593 0.0000000 0.0000000 0.0000000 0.0191121 0.0000000 0.0000000 0.0019836 0.0000000 0.0000000 0.0047733 0.0000000 0.0000000 0.0000000 0.0000000 0.0412872 0.7405902 0.0000000 0.0000000 0.0249877 0.0579066
151 S 151 0.0000000 0.0000000 0.0000000 0.0000000 0.0000000 0.0000000 0.0000000 0.0017851 0.0000000 0.0000000 0.0036212 0.0000000 0.0000000 0.0000000 0.0000000 0.9366871 0.0000000 0.0000000 0.0000000 0.0000000 0.0579066
152 A 152 0.9331515 0.0000000 0.0000000 0.0000000 0.0028413 0.0000000 0.0000000 0.0000000 0.0000000 0.0000000 0.0020641 0.0000000 0.0000000 0.0000000 0.0000000 0.0040364 0.0000000 0.0000000 0.0000000 0.0000000 0.0579066
153 K 153 0.0392924 0.0516605 0.0000000 0.0000000 0.0032361 0.0094304 0.0000000 0.0000000 0.0000000 0.0000000 0.1354515 0.6933875 0.0149904 0.0010131 0.0000000 0.0012028 0.0000000 0.0000000 0.0000000 0.0000000 0.0503354
154 T 154 0.0535449 0.0197565 0.1111729 0.1201793 0.0000000 0.0552794 0.0653607 0.0077742 0.0071283 0.0056454 0.0519345 0.0071188 0.0050203 0.0133719 0.0000000 0.1028847 0.3102737 0.0000000 0.0108071 0.0024119 0.0503354
155 R 155 0.2186198 0.2944561 0.1081567 0.0196667 0.0174629 0.0010903 0.0015397 0.0489559 0.0000000 0.0000000 0.0000000 0.0966432 0.0000000 0.0000000 0.0093059 0.1276981 0.0037695 0.0000000 0.0022998 0.0000000 0.0503354
156 Q 156 0.0411104 0.0035699 0.0099054 0.0262210 0.0024178 0.0752884 0.0592360 0.0090257 0.0445131 0.2111278 0.0639741 0.0087589 0.0529391 0.0085514 0.0016070 0.0610708 0.1923211 0.0000000 0.0186194 0.0594074 0.0503354
157 G 157 0.0014428 0.0120215 0.7714340 0.0013998 0.0033435 0.0038565 0.0000000 0.0946624 0.0129215 0.0000000 0.0027864 0.0038891 0.0040170 0.0221021 0.0000000 0.0009681 0.0000000 0.0000000 0.0148198 0.0000000 0.0503354
158 V 158 0.0000000 0.0000000 0.0027864 0.0000000 0.0000000 0.0000000 0.0000000 0.0000000 0.0027803 0.0916972 0.0025870 0.0000000 0.0000000 0.0000000 0.0000000 0.0000000 0.0000000 0.0000000 0.0000000 0.8476482 0.0525009
159 E 159 0.0076976 0.0069425 0.0953244 0.3119219 0.0000000 0.0330784 0.4356471 0.0020641 0.0129420 0.0000000 0.0013648 0.0089441 0.0010885 0.0000000 0.0008664 0.0118995 0.0169522 0.0000000 0.0000000 0.0023456 0.0509208
160 D 160 0.0269065 0.0132139 0.0398048 0.1577026 0.0126860 0.0857535 0.3821800 0.0023918 0.0057849 0.0022902 0.0355030 0.1181049 0.0016201 0.0026929 0.0026024 0.0215796 0.0322733 0.0000000 0.0008064 0.0057679 0.0503354
161 A 161 0.6028395 0.0000000 0.0000000 0.0000000 0.0355561 0.0000000 0.0000000 0.0035307 0.0000000 0.0944880 0.0135988 0.0000000 0.0214227 0.0000000 0.0022698 0.0323435 0.0143364 0.0000000 0.0000000 0.1281248 0.0514898
162 F 162 0.0000000 0.0000000 0.0000000 0.0000000 0.0000000 0.0000000 0.0000000 0.0000000 0.0000000 0.0000000 0.0026170 0.0000000 0.0000000 0.9324472 0.0000000 0.0000000 0.0000000 0.0000000 0.0086631 0.0000000 0.0562727
163 Y 163 0.0171713 0.0074403 0.0176726 0.0088268 0.0071305 0.0741452 0.0701814 0.0000000 0.0836011 0.0818754 0.1005733 0.0077972 0.0619460 0.0872404 0.0000000 0.0179390 0.0396478 0.0046983 0.2172140 0.0368198 0.0580796
164 T 164 0.0929536 0.0170121 0.0564593 0.1972313 0.0083662 0.0415924 0.1430654 0.0193190 0.0048084 0.0083867 0.0095718 0.0319802 0.0085160 0.0026170 0.0000000 0.0577999 0.2285273 0.0000000 0.0062423 0.0078546 0.0576966
165 L 165 0.0073043 0.0000000 0.0011264 0.0000000 0.0013590 0.0000000 0.0008616 0.0000000 0.0000000 0.1646906 0.4791026 0.0000000 0.0982554 0.0000000 0.0000000 0.0030241 0.0774365 0.0000000 0.0000000 0.1092882 0.0575512
166 V 166 0.3181865 0.0000000 0.0000000 0.0000000 0.0306937 0.0000000 0.0000000 0.0034051 0.0000000 0.0295406 0.1020966 0.0000000 0.0329810 0.0032634 0.0000000 0.0176911 0.0366298 0.0000000 0.0000000 0.3683438 0.0571682
167 R 167 0.0545478 0.5059928 0.0094023 0.0032634 0.0011100 0.0251313 0.0523824 0.0191878 0.0090206 0.0000000 0.0106644 0.1172331 0.0017892 0.0012002 0.0000000 0.0359414 0.0868543 0.0000000 0.0008989 0.0020159 0.0633641
168 E 168 0.0518790 0.0135712 0.0146936 0.0927302 0.0098281 0.1758961 0.3453602 0.0044322 0.0012581 0.0287748 0.0385726 0.0869560 0.0154885 0.0011273 0.0021655 0.0197558 0.0141018 0.0000000 0.0007444 0.0111955 0.0714692
169 I 169 0.0000000 0.0000000 0.0012375 0.0000000 0.0000000 0.0000000 0.0000000 0.0000000 0.0000000 0.7311759 0.0693046 0.0000000 0.0281360 0.0015780 0.0000000 0.0026352 0.0000000 0.0000000 0.0000000 0.0879393 0.0779935
170 R 170 0.0023499 0.2408161 0.0726379 0.0011517 0.0010138 0.0323076 0.0015780 0.0000000 0.0084753 0.0603091 0.0746073 0.1854082 0.0239403 0.0125315 0.0210922 0.0000000 0.0054133 0.0000000 0.1608625 0.0038383 0.0916669
171 Q 171 0.0000000 0.2354802 0.0541370 0.0388071 0.0000000 0.0800951 0.0899945 0.0000000 0.0150391 0.0000000 0.0000000 0.2284463 0.0000000 0.0000000 0.0000000 0.0254314 0.0000000 0.0000000 0.0000000 0.0000000 0.2325692
172 H 172 0.0000000 0.1451024 0.0765517 0.0000000 0.0000000 0.0292225 0.0000000 0.0000000 0.0293509 0.0000000 0.0000000 0.2033900 0.0000000 0.0000000 0.0000000 0.0000000 0.0000000 0.0000000 0.0448875 0.0000000 0.4714950
