  142         A         R         N         D         C         Q         E         G         H         I         L         K         M         F         P         S         T         W         Y         V         X    
  1 M   1 0.0000000 0.0000000 0.0000000 0.0000000 0.0000000 0.0000000 0.0000000 0.0000000 0.0000000 0.0304807 0.0457844 0.0000000 0.0035557 0.0000000 0.0000000 0.0000000 0.0000000 0.0000000 0.0000000 0.0700908 0.8500884
  2 K   2 0.0037940 0.0083816 0.0156059 0.0080804 0.0000000 0.0121508 0.0117012 0.0037242 0.0038547 0.0015018 0.0010127 0.0619958 0.0000000 0.0000000 0.0000000 0.0550957 0.0151796 0.0000000 0.0000000 0.0077680 0.7901537
  3 S   3 0.0157919 0.0390032 0.0101943 0.0233652 0.0000000 0.0071005 0.0387018 0.0019412 0.0013746 0.0000000 0.0011439 0.0486320 0.0000000 0.0000000 0.0017364 0.0436522 0.0526998 0.0000000 0.0000000 0.0034090 0.7112541
  4 N   4 0.0223848 0.0041076 0.0459028 0.0387733 0.0000000 0.0091650 0.0385639 0.0013642 0.0027597 0.0070343 0.0047009 0.0435819 0.0045556 0.0068261 0.0077026 0.0227793 0.0418296 0.0000000 0.0000000 0.0395398 0.6584286
  5 E   5 0.0117631 0.0172999 0.0030316 0.0117278 0.0028498 0.0351200 0.1098237 0.0109186 0.0010849 0.0171708 0.0028280 0.0253433 0.0009601 0.0021752 0.0144903 0.0206194 0.0615274 0.0044698 0.0000000 0.0507857 0.5960107
  6 H   6 0.0252922 0.0020402 0.0059617 0.0416870 0.0078642 0.0324686 0.0250258 0.0890069 0.0226607 0.0132353 0.0222556 0.0132435 0.0010870 0.0039422 0.0128797 0.0784363 0.0198879 0.0000000 0.0017794 0.0125699 0.5686760
  7 D   7 0.0079218 0.0077411 0.0709995 0.0833065 0.0000000 0.0496784 0.0435097 0.0210386 0.0175500 0.0020217 0.0197356 0.0470426 0.0000000 0.0000000 0.0236934 0.0348437 0.0358210 0.0000000 0.0013019 0.0107973 0.5229971
  8 D   8 0.0188766 0.0052832 0.1094021 0.1108386 0.0000000 0.0090367 0.0942031 0.0168120 0.0023852 0.0074360 0.0149909 0.0146327 0.0028904 0.0106707 0.1000626 0.0710041 0.0305762 0.0000000 0.0060470 0.0040312 0.3708206
  9 C   9 0.0038203 0.0000000 0.0000000 0.0000000 0.7255611 0.0000000 0.0000000 0.0028202 0.0000000 0.0000000 0.0000000 0.0000000 0.0000000 0.0000000 0.0000000 0.0000000 0.0000000 0.0000000 0.0000000 0.0000000 0.2677984
 10 Q  10 0.0455411 0.0401685 0.0038890 0.0021319 0.0000000 0.0694932 0.0230566 0.0130831 0.0106707 0.0535760 0.0222141 0.0611283 0.0144389 0.0060289 0.0000000 0.1502121 0.1625605 0.0012207 0.0203460 0.0616797 0.2385607
 11 V  11 0.0703601 0.0000000 0.0000000 0.0000000 0.0025648 0.0000000 0.0000000 0.0000000 0.0000000 0.1223414 0.0898463 0.0000000 0.0000000 0.0958640 0.0000000 0.0024148 0.0110713 0.0096266 0.0426587 0.3244891 0.2287629
 12 T  12 0.0172883 0.0754870 0.0294095 0.0102991 0.0000000 0.0319210 0.0243013 0.0028171 0.0301403 0.0243775 0.0107842 0.0831130 0.0111656 0.0365415 0.0114881 0.0453826 0.2239274 0.0010111 0.0517488 0.0415610 0.2372356
 13 N  13 0.0042860 0.0000000 0.1953005 0.3513164 0.0000000 0.0000000 0.0311033 0.0093780 0.0083765 0.0048389 0.0082334 0.0052047 0.0037540 0.0034779 0.0000000 0.1046424 0.0065330 0.0000000 0.0027855 0.0035291 0.2572403
 14 P  14 0.0237705 0.0068119 0.0139441 0.0251348 0.0000000 0.0111232 0.0651205 0.0257561 0.0071543 0.0078695 0.0072928 0.0177621 0.0024035 0.0099145 0.3165958 0.0543847 0.0463787 0.0014782 0.0035223 0.0081693 0.3454131
 15 S  15 0.0743477 0.0402884 0.0636425 0.0507349 0.0000000 0.0813182 0.0349499 0.0060310 0.0049657 0.0437545 0.0667465 0.0471834 0.0038095 0.0148013 0.0000000 0.0728260 0.0646985 0.0000000 0.0182512 0.0397848 0.2718659
 16 T  16 0.0331103 0.0063956 0.0845526 0.0361551 0.0000000 0.0067981 0.0139455 0.0510602 0.0383724 0.0010761 0.0413798 0.0207307 0.0043834 0.0065480 0.0000000 0.1293374 0.2042734 0.0000000 0.0311345 0.0089117 0.2818353
 17 G  17 0.0016510 0.0154230 0.0852366 0.0545352 0.0041687 0.0252077 0.0088518 0.4485295 0.0117607 0.0000000 0.0202259 0.0288695 0.0097289 0.0000000 0.0000000 0.0307516 0.0067133 0.0000000 0.0047336 0.0015655 0.2420473
 18 H  18 0.0433588 0.0282028 0.0841971 0.0367866 0.0000000 0.0533876 0.0520641 0.0341176 0.0475718 0.0312250 0.0494675 0.0725256 0.0052584 0.0763717 0.0017322 0.0307740 0.0434931 0.0012420 0.0717876 0.0295978 0.2068386
 19 L  19 0.0128103 0.0361521 0.0218475 0.0071891 0.0000000 0.0513221 0.0725175 0.0070025 0.0209563 0.0334988 0.0733966 0.0266167 0.0127267 0.0723000 0.0034656 0.0973523 0.1174248 0.0013440 0.0831143 0.0780474 0.1709154
 20 F  20 0.0021527 0.0057718 0.0000000 0.0000000 0.0044698 0.0000000 0.0000000 0.0000000 0.0095018 0.1119799 0.0173542 0.0000000 0.0013210 0.3104182 0.0023905 0.0047144 0.0000000 0.0000000 0.3456000 0.0317723 0.1525535
 21 D  21 0.0028280 0.0000000 0.1596954 0.6677284 0.0000000 0.0000000 0.0057949 0.0021527 0.0044175 0.0000000 0.0000000 0.0017833 0.0000000 0.0000000 0.0000000 0.0293534 0.0036426 0.0000000 0.0000000 0.0000000 0.1226037
 22 L  22 0.0017773 0.0000000 0.0000000 0.0000000 0.0000000 0.0000000 0.0057900 0.0000000 0.0000000 0.0214379 0.7395155 0.0000000 0.0094027 0.0965630 0.0000000 0.0036859 0.0000000 0.0034330 0.0124332 0.0027474 0.1032143
 23 S  23 0.0153963 0.0674478 0.1029000 0.0088136 0.0000000 0.0255562 0.0175067 0.0337602 0.0057849 0.0070907 0.0104941 0.0325504 0.0090348 0.0000000 0.0010854 0.4441086 0.1152758 0.0010932 0.0000000 0.0000000 0.1021013
 24 S  24 0.0809821 0.0168078 0.0161185 0.0119700 0.0000000 0.0245339 0.0249165 0.0454783 0.0052256 0.0104523 0.0319043 0.0478206 0.0025485 0.0037611 0.3708667 0.1468645 0.0305211 0.0043251 0.0018709 0.0168904 0.1061418
 25 L  25 0.0000000 0.0000000 0.0000000 0.0141462 0.0000000 0.0000000 0.0027335 0.0028280 0.0000000 0.0479895 0.8033515 0.0000000 0.0082344 0.0108845 0.0028904 0.0011130 0.0030917 0.0015324 0.0026637 0.0000000 0.0985412
 26 S  26 0.1138273 0.0310000 0.0356581 0.0117692 0.0149187 0.0108851 0.0047012 0.0206403 0.0226467 0.0947836 0.0040768 0.0934944 0.0353595 0.0249185 0.0071672 0.2509912 0.0829085 0.0000000 0.0263150 0.0207413 0.0931973
 27 G  27 0.0422192 0.1076557 0.1099165 0.0324245 0.0000000 0.0480244 0.0226796 0.0745868 0.0284702 0.0050274 0.0222341 0.1583147 0.0035858 0.0086935 0.0110265 0.1648080 0.0359261 0.0000000 0.0084282 0.0064803 0.1094986
 28 R  28 0.0564618 0.0573837 0.0455192 0.0523170 0.0000000 0.0528067 0.0585370 0.0140472 0.0122368 0.0394891 0.0400983 0.1253963 0.0111222 0.0039047 0.0237289 0.1320350 0.0962402 0.0082106 0.0295909 0.0260305 0.1148440
 29 A  29 0.0403557 0.0292305 0.0590334 0.1119976 0.0057965 0.0391993 0.0693799 0.0816033 0.0132883 0.0157160 0.0362053 0.0577031 0.0000000 0.0059817 0.0246173 0.1425746 0.1458217 0.0000000 0.0025009 0.0165962 0.1023987
 30 G  30 0.0170627 0.0116326 0.1174220 0.0818691 0.0000000 0.0098629 0.0278861 0.2710431 0.0125446 0.0140529 0.0134285 0.0162440 0.0037595 0.0616786 0.0305231 0.0451398 0.0037147 0.0862141 0.0468731 0.0107045 0.1183441
 31 F  31 0.0234857 0.0084736 0.0582066 0.0951816 0.0015352 0.0139751 0.0765033 0.0263479 0.0792219 0.0085028 0.0076606 0.0173999 0.0013639 0.0474652 0.0097660 0.0610546 0.0122749 0.0768313 0.2438609 0.0146186 0.1162704
 32 T  32 0.0985482 0.0245771 0.0248702 0.0080317 0.0000000 0.0265488 0.0488216 0.0155269 0.0265948 0.0433566 0.0358464 0.0268792 0.0164030 0.0295940 0.0058592 0.0632839 0.1173252 0.0319849 0.1603585 0.0929530 0.1026367
 33 A  33 0.0952069 0.0714221 0.0153275 0.0065535 0.0018709 0.0195257 0.0318849 0.0031113 0.0026983 0.0807057 0.0393123 0.0826875 0.0084295 0.0141988 0.0129334 0.0322227 0.1286797 0.0011843 0.0124954 0.2521847 0.0873649
 34 A  34 0.0880455 0.0179208 0.0182087 0.0674243 0.0017852 0.0182238 0.0294606 0.0904662 0.0082349 0.0376261 0.0295613 0.0466125 0.0184459 0.0269518 0.0241167 0.0842119 0.1304215 0.0041572 0.0148320 0.1471989 0.0960940
 35 Y  35 0.0188907 0.0104967 0.0831532 0.1841389 0.0000000 0.0124545 0.0347265 0.1018441 0.0314548 0.0286791 0.0222182 0.0398479 0.0029892 0.0162886 0.0122642 0.0887090 0.0740957 0.0207400 0.1025106 0.0254883 0.0890099
 36 A  36 0.0661975 0.0364529 0.0782524 0.1845429 0.0000000 0.0157503 0.0296092 0.1013654 0.0194357 0.0209238 0.0161611 0.0532924 0.0024252 0.0200115 0.0420059 0.1440760 0.0549157 0.0013650 0.0123898 0.0260825 0.0747449
 37 K  37 0.0277271 0.0217793 0.0793189 0.1423879 0.0000000 0.0446753 0.0891532 0.0886001 0.0119512 0.0151391 0.0046945 0.0911852 0.0024576 0.0029899 0.0213786 0.1327077 0.0430227 0.0028594 0.0783962 0.0063015 0.0932746
 38 G  38 0.0200436 0.0186009 0.1032555 0.0848794 0.0000000 0.0256595 0.0631908 0.2744592 0.0166480 0.0083854 0.0016697 0.1162448 0.0053154 0.0015861 0.0190466 0.0974624 0.0529949 0.0000000 0.0031811 0.0058932 0.0814832
 39 W  39 0.0743959 0.0693792 0.0367499 0.0370153 0.0000000 0.0131685 0.0309868 0.0534390 0.0275477 0.0175560 0.0254692 0.1133317 0.0081481 0.0339018 0.0053065 0.0375439 0.0662514 0.0077462 0.2464361 0.0281425 0.0674842
 40 G  40 0.0140615 0.0424263 0.1021759 0.0862243 0.0000000 0.0289115 0.0611957 0.0049580 0.0290753 0.0401917 0.0557944 0.0877987 0.0167082 0.0138545 0.0028797 0.0797730 0.1988472 0.0016246 0.0161015 0.0526024 0.0647957
 41 V  41 0.0000000 0.0000000 0.0000000 0.0000000 0.0000000 0.0000000 0.0000000 0.0000000 0.0058449 0.0617291 0.0508933 0.0000000 0.0062390 0.3251432 0.0023840 0.0000000 0.0029072 0.0000000 0.4502027 0.0366415 0.0580150
 42 Y  42 0.0099136 0.0176482 0.0200902 0.0152031 0.0000000 0.0194119 0.0604893 0.0035106 0.0511961 0.0319975 0.0605301 0.0508798 0.0081422 0.0963559 0.0000000 0.0535442 0.0942489 0.0080138 0.2902512 0.0483902 0.0601831
 43 M  43 0.0022674 0.0000000 0.0000000 0.0000000 0.0000000 0.0000000 0.0022290 0.0017170 0.0025236 0.3511373 0.2114524 0.0000000 0.0262120 0.2126629 0.0000000 0.0000000 0.0021911 0.0224278 0.0254933 0.0790809 0.0606054
 44 S  44 0.0193281 0.0387153 0.5955317 0.0067964 0.0024127 0.0269649 0.0000000 0.0605807 0.0034435 0.0000000 0.0025333 0.0153039 0.0000000 0.0000000 0.0000000 0.1455534 0.0109372 0.0000000 0.0000000 0.0032572 0.0686416
 45 I  45 0.0043128 0.0000000 0.0000000 0.0000000 0.0000000 0.0000000 0.0000000 0.0000000 0.0000000 0.3089679 0.1392220 0.0000000 0.0030818 0.0455779 0.0156532 0.0000000 0.0000000 0.0000000 0.0000000 0.4207924 0.0623920
 46 C  46 0.0061459 0.0036034 0.0000000 0.0000000 0.8857983 0.0000000 0.0000000 0.0166238 0.0000000 0.0000000 0.0000000 0.0000000 0.0000000 0.0063733 0.0000000 0.0118529 0.0130894 0.0000000 0.0000000 0.0000000 0.0565131
 47 G  47 0.0572066 0.1349955 0.0424052 0.0293025 0.0000000 0.0715464 0.0292920 0.3484834 0.0189489 0.0057486 0.0029849 0.0528364 0.0028143 0.0059543 0.0125198 0.0942813 0.0242289 0.0000000 0.0000000 0.0016812 0.0647700
 48 E  48 0.0588815 0.0233707 0.0671640 0.0481418 0.0000000 0.0143795 0.0997425 0.0476062 0.0067594 0.0180787 0.0223451 0.0536634 0.0025407 0.0111877 0.2591780 0.1188075 0.0702560 0.0000000 0.0110147 0.0065313 0.0603512
 49 N  49 0.0999810 0.0090180 0.0776330 0.0615316 0.0024634 0.0055631 0.0180010 0.0170467 0.0080752 0.0531271 0.1747829 0.0290203 0.0293070 0.0032728 0.0101879 0.0718266 0.0809238 0.0000000 0.0026197 0.1945466 0.0510722
 50 E  50 0.0548488 0.0186862 0.1382295 0.0435044 0.0026165 0.0414138 0.0611609 0.0233099 0.0143737 0.0465245 0.0225517 0.0698279 0.0039620 0.0010596 0.0789024 0.1524686 0.0743018 0.0000000 0.0054227 0.0872079 0.0596271
 51 N  51 0.0459632 0.0274172 0.0820149 0.0428262 0.0055841 0.0588236 0.0543987 0.1200520 0.0231278 0.0247180 0.0217676 0.0617282 0.0209936 0.0155657 0.0592789 0.1207957 0.0799812 0.0000000 0.0293917 0.0422085 0.0633631
 52 C  52 0.0322602 0.0042222 0.0319752 0.0445213 0.6424865 0.0116856 0.0080642 0.0103546 0.0053391 0.0136298 0.0232234 0.0037238 0.0000000 0.0000000 0.0356310 0.0189401 0.0337470 0.0000000 0.0046920 0.0082588 0.0672451
 53 P  53 0.0566673 0.0255553 0.0354024 0.0421975 0.0262697 0.0483258 0.0136953 0.1239400 0.0148631 0.0107911 0.0195368 0.0250671 0.0042828 0.0032763 0.2378540 0.0961646 0.0522366 0.0323841 0.0066365 0.0408824 0.0839714
 54 P  54 0.0928838 0.0320744 0.0780156 0.0693809 0.0404027 0.0297023 0.0653937 0.0528536 0.0297942 0.0064657 0.0180878 0.0465043 0.0000000 0.0048445 0.1500055 0.1281696 0.0700581 0.0000000 0.0026162 0.0170946 0.0656528
 55 G  55 0.0189015 0.0340311 0.1570758 0.1285659 0.0010062 0.0392971 0.0212060 0.3024609 0.0093039 0.0095520 0.0282941 0.0330241 0.0039014 0.0061802 0.0064925 0.0617748 0.0454957 0.0010309 0.0246592 0.0073725 0.0603741
 56 V  56 0.2593113 0.0043765 0.0151121 0.0199943 0.0184320 0.0083099 0.0073465 0.0150714 0.0000000 0.0553665 0.0055000 0.0000000 0.0143851 0.0057310 0.0069629 0.2329348 0.0964058 0.0000000 0.0089905 0.1576655 0.0681040
 57 G  57 0.2846341 0.0036404 0.0239127 0.0089569 0.0048362 0.0295493 0.0096621 0.2758821 0.0000000 0.0056772 0.0083295 0.0107458 0.0113176 0.0049363 0.0035258 0.2067377 0.0220027 0.0000000 0.0087689 0.0167078 0.0601768
 58 A  58 0.3790649 0.0023320 0.0120983 0.0000000 0.0072020 0.0000000 0.0099003 0.0768259 0.0000000 0.0995616 0.0175449 0.0021904 0.0055136 0.0053990 0.0017469 0.0817245 0.0041313 0.0000000 0.0000000 0.2339443 0.0608201
 59 C  59 0.0039665 0.0000000 0.0000000 0.0013842 0.7147712 0.0054448 0.0040847 0.0281640 0.0000000 0.0152266 0.0133245 0.0000000 0.0014813 0.0419846 0.0000000 0.0161373 0.0071334 0.0022652 0.0613323 0.0195073 0.0637922
 60 F  60 0.0405893 0.0195184 0.0160034 0.0103181 0.0081336 0.2833304 0.0294776 0.0064769 0.0249558 0.0264186 0.1568526 0.0558131 0.0447327 0.0346433 0.0041145 0.0221867 0.0097670 0.0056122 0.1047919 0.0329858 0.0632780
 61 G  61 0.0362162 0.0447379 0.0430862 0.0665681 0.0032783 0.0208027 0.0668888 0.1653554 0.0037571 0.0308285 0.0105051 0.0662764 0.0148760 0.0111802 0.0123790 0.0851353 0.1252203 0.0075451 0.0583808 0.0690071 0.0579755
 62 Q  62 0.0095008 0.0275826 0.0979679 0.1035950 0.0000000 0.0925064 0.0432791 0.1643654 0.0178372 0.0090680 0.0214491 0.1760687 0.0025825 0.0013030 0.0061113 0.1218379 0.0434147 0.0014689 0.0057756 0.0052426 0.0490435
 63 T  63 0.0283369 0.0525864 0.0615950 0.0606082 0.0000000 0.0379856 0.0798428 0.0586491 0.0224022 0.0042737 0.0077609 0.1833800 0.0020166 0.0049227 0.0883608 0.1231879 0.1006489 0.0016651 0.0109268 0.0199368 0.0509135
 64 R  64 0.0580284 0.0415091 0.0697624 0.0465001 0.0187243 0.0338328 0.0570087 0.0543070 0.0164164 0.0340501 0.0375437 0.0671146 0.0033363 0.0289553 0.0480449 0.1057324 0.0917842 0.0024907 0.0841147 0.0451144 0.0556296
 65 I  65 0.0372692 0.0261568 0.0258728 0.0454014 0.0033812 0.0431392 0.0232374 0.0117299 0.0255093 0.1081471 0.0401291 0.0505564 0.0092061 0.0768760 0.0172334 0.0338811 0.0843565 0.0347070 0.1304422 0.1173329 0.0554348
 66 S  66 0.0381454 0.0091651 0.2007543 0.0620813 0.0031834 0.0415880 0.0094656 0.0166958 0.0136466 0.0320570 0.0147839 0.0099660 0.0016155 0.0014499 0.0307299 0.3641452 0.0392213 0.0018540 0.0038484 0.0555555 0.0500478
 67 V  67 0.0680723 0.0091152 0.0018935 0.0054614 0.0154074 0.0140194 0.0052812 0.0237710 0.0000000 0.1641389 0.3789361 0.0077564 0.0332802 0.0451078 0.0000000 0.0104385 0.0232575 0.0024180 0.0205860 0.1221419 0.0489173
 68 G  68 0.0125849 0.0203161 0.0051002 0.0000000 0.0035336 0.0011170 0.0000000 0.8501454 0.0022876 0.0049810 0.0113299 0.0103140 0.0034873 0.0030871 0.0023840 0.0013051 0.0015606 0.0030329 0.0140700 0.0000000 0.0493631
 69 K  69 0.0206713 0.1176999 0.0636989 0.0454387 0.0000000 0.1186883 0.0556785 0.0125566 0.0188804 0.0206625 0.0973540 0.1012472 0.0177352 0.0244079 0.0060758 0.0950023 0.0642619 0.0012796 0.0273767 0.0384173 0.0528670
 70 A  70 0.1323325 0.0113278 0.0067846 0.0078063 0.0000000 0.0631261 0.0331890 0.0225601 0.0000000 0.0647695 0.0866461 0.0131455 0.0102399 0.0796857 0.0715005 0.0709348 0.0388769 0.0213023 0.0564531 0.1492693 0.0600500
 71 N  71 0.0509575 0.0277594 0.2052692 0.0545038 0.0000000 0.0684275 0.0172564 0.0352587 0.0240708 0.0117068 0.0325196 0.0717994 0.0048581 0.0043989 0.0057689 0.2056674 0.0886768 0.0000000 0.0026178 0.0274965 0.0609864
 72 K  72 0.0784139 0.0139864 0.0251773 0.0427467 0.0000000 0.0816978 0.0855171 0.0779401 0.0139266 0.0250807 0.0119379 0.0605014 0.0367565 0.0112686 0.0151922 0.2127297 0.1266234 0.0000000 0.0078231 0.0164415 0.0562391
 73 R  73 0.0227663 0.0566473 0.0618186 0.0462708 0.0000000 0.0747303 0.0531987 0.0672129 0.0251174 0.0288579 0.0412050 0.0989028 0.0140832 0.0177131 0.0527844 0.1013286 0.1339976 0.0110561 0.0085242 0.0152688 0.0685159
 74 L  74 0.0200995 0.0048491 0.0070332 0.0051384 0.0065676 0.0324931 0.0172564 0.0089591 0.0111064 0.0376931 0.3465465 0.0184645 0.0118568 0.0285555 0.2520880 0.0126816 0.0151913 0.0032752 0.0431656 0.0648356 0.0521434
 75 R  75 0.0221566 0.0577548 0.0370305 0.0532688 0.0000000 0.0696279 0.0544617 0.0152239 0.0179617 0.0781112 0.0448955 0.0641257 0.0146810 0.0212616 0.0129549 0.0945458 0.1499166 0.0059501 0.0626464 0.0795276 0.0438979
 76 Y  76 0.0367519 0.0154241 0.0156869 0.0074659 0.0000000 0.0060337 0.0172264 0.0159932 0.0095498 0.0704621 0.0943449 0.0167062 0.0100948 0.1579389 0.0354021 0.0819440 0.0160991 0.0352002 0.2178126 0.0980380 0.0418254
 77 V  77 0.0423004 0.1010369 0.0813915 0.0741537 0.0000000 0.0454244 0.1359338 0.0349788 0.0090530 0.0361064 0.0212734 0.0575510 0.0086182 0.0169955 0.0100881 0.1100096 0.0897594 0.0000000 0.0227258 0.0631502 0.0394497
 78 D  78 0.0334006 0.0249779 0.1652769 0.3065613 0.0000000 0.0176030 0.0764486 0.1501386 0.0066290 0.0000000 0.0040128 0.0286880 0.0000000 0.0000000 0.0084801 0.0736219 0.0560018 0.0000000 0.0064358 0.0053076 0.0364160
 79 Q  79 0.0157087 0.0751342 0.1452889 0.1122879 0.0000000 0.0443546 0.0451899 0.3634049 0.0147558 0.0028143 0.0055910 0.0583374 0.0061490 0.0000000 0.0026056 0.0318849 0.0200292 0.0000000 0.0096652 0.0073272 0.0394713
 80 V  80 0.0476380 0.0566944 0.0335097 0.0645302 0.0000000 0.0456425 0.0504014 0.1730981 0.0097623 0.0315192 0.0359970 0.1065135 0.0222241 0.0231223 0.0048139 0.0988111 0.0516500 0.0213012 0.0206648 0.0610351 0.0410710
 81 L  81 0.0328244 0.0024086 0.0086518 0.0000000 0.0017595 0.0018606 0.0063892 0.0160067 0.0000000 0.2087081 0.4288708 0.0035698 0.0154272 0.0155737 0.0262138 0.0185863 0.0265131 0.0033812 0.0013690 0.1382876 0.0435986
 82 Q  82 0.0192588 0.0385736 0.0063591 0.0386967 0.0000000 0.1136191 0.0357999 0.0070156 0.0119390 0.0625750 0.0701174 0.0749809 0.0338879 0.0206394 0.0000000 0.0773036 0.1595587 0.0000000 0.0542151 0.1275197 0.0479405
 83 L  83 0.0080929 0.0000000 0.0013667 0.0018606 0.0000000 0.0000000 0.0080005 0.0026637 0.0000000 0.1221477 0.5985348 0.0022752 0.0776573 0.0285016 0.0000000 0.0000000 0.0032149 0.0000000 0.0033679 0.1054739 0.0368424
 84 V  84 0.0109073 0.0452954 0.1098462 0.0177501 0.0010245 0.0676972 0.0901644 0.0047287 0.0232511 0.0703196 0.0411735 0.0929278 0.0093249 0.0066116 0.0000000 0.0923349 0.1771414 0.0015215 0.0187854 0.1016772 0.0175174
 85 Y  85 0.0060433 0.0000000 0.0021053 0.0022752 0.0000000 0.0000000 0.0000000 0.0000000 0.0145534 0.0106562 0.0221116 0.0000000 0.0241950 0.1119473 0.0000000 0.0000000 0.0152310 0.0032861 0.7639823 0.0066842 0.0169290
 86 K  86 0.0441877 0.0351449 0.0411089 0.0285479 0.0015084 0.0318497 0.1157694 0.0338800 0.0051721 0.0137874 0.0237708 0.0853692 0.0039632 0.0198451 0.0169119 0.1326850 0.2310593 0.0000000 0.0261324 0.0820312 0.0272756
 87 D  87 0.0113385 0.0131400 0.2195080 0.1509948 0.0000000 0.0143932 0.0238149 0.2102317 0.0319837 0.0000000 0.0092131 0.0397644 0.0102803 0.0106248 0.0032453 0.1498830 0.0381038 0.0000000 0.0053145 0.0042258 0.0539404
 88 G  88 0.0177866 0.0009764 0.0120821 0.0181120 0.0000000 0.0016457 0.0062521 0.7085983 0.0025236 0.0000000 0.0030717 0.0138564 0.0000000 0.0068019 0.0349294 0.0626971 0.0411226 0.0000000 0.0000000 0.0032861 0.0662580
 89 S  89 0.0529539 0.0076674 0.0193802 0.2974140 0.0000000 0.0401461 0.0558160 0.0115530 0.0133100 0.0025892 0.0074635 0.0139825 0.0028611 0.0021357 0.0084283 0.2689215 0.1066171 0.0000000 0.0114923 0.0080484 0.0692198
 90 P  90 0.0596438 0.0294023 0.0355822 0.0275153 0.0000000 0.0342232 0.0472062 0.0165107 0.0153809 0.0274238 0.0624001 0.1463755 0.0167333 0.0321883 0.1818641 0.0711530 0.0627586 0.0038460 0.0256550 0.0476440 0.0564937
 91 C  91 0.0077409 0.0037046 0.0049364 0.0041213 0.7793943 0.0072478 0.0015200 0.0000000 0.0029764 0.0072360 0.0178663 0.0017556 0.0035920 0.0000000 0.0068598 0.0142852 0.0093637 0.0000000 0.0511511 0.0123593 0.0638893
 92 P  92 0.0398935 0.0210169 0.0523131 0.0747206 0.0104173 0.0125970 0.0328025 0.1291866 0.0478690 0.0092358 0.0290314 0.0267076 0.0014723 0.0085864 0.2102990 0.0396018 0.0400749 0.0242347 0.0154406 0.0203577 0.1541412
 93 S  93 0.0621702 0.0332325 0.1582869 0.0873117 0.0170729 0.0459038 0.0385554 0.1067663 0.0124576 0.0046066 0.0207073 0.0462973 0.0088963 0.0120965 0.0132387 0.1283625 0.0606440 0.0010542 0.0050126 0.0189750 0.1183516
 94 K  94 0.0326368 0.0183684 0.1219185 0.1190992 0.0122497 0.0299930 0.0496391 0.1867807 0.0660757 0.0115270 0.0150374 0.0625951 0.0013293 0.0000000 0.0170425 0.1343467 0.0281080 0.0000000 0.0014270 0.0180044 0.0738214
 95 S  95 0.0251197 0.0234669 0.0968816 0.0580195 0.0207895 0.0122602 0.0281301 0.0690819 0.0013348 0.0030366 0.0199058 0.1115967 0.0076203 0.0019113 0.0893951 0.1929685 0.0848768 0.0000000 0.0012943 0.0141104 0.1381999
 96 G  96 0.0481302 0.0280381 0.0621790 0.0259525 0.0015978 0.0294709 0.0370142 0.2356908 0.0311281 0.0334853 0.0126411 0.0564043 0.0066456 0.0084760 0.0266534 0.0985402 0.0783253 0.0000000 0.0032695 0.0383066 0.1380511
 97 L  97 0.0348563 0.1172818 0.0243405 0.0463844 0.0084112 0.0588950 0.0194744 0.0142896 0.0295181 0.0354702 0.0615436 0.1122004 0.0214708 0.0667224 0.0067013 0.0384852 0.0614673 0.0061563 0.0673800 0.0456155 0.1233357
 98 S  98 0.0259367 0.1724330 0.1299422 0.0116366 0.0022544 0.0818040 0.0236582 0.0142754 0.0391304 0.0096464 0.0217594 0.1349368 0.0064819 0.0108577 0.0637911 0.0619432 0.0549854 0.0022876 0.0208519 0.0054176 0.1059701
 99 Y  99 0.0263075 0.3694604 0.0024474 0.0178453 0.0000000 0.0058721 0.0023169 0.0066389 0.0211733 0.0552298 0.0222563 0.0953960 0.0108552 0.0141567 0.0217407 0.0109355 0.0119771 0.0194274 0.1539259 0.0500018 0.0820358
100 K 100 0.0674560 0.0182234 0.0235416 0.0089142 0.0012564 0.0558676 0.0349357 0.0041262 0.0120043 0.0164918 0.0043005 0.0907933 0.0321776 0.0048466 0.0000000 0.3942957 0.1589185 0.0000000 0.0115778 0.0142526 0.0460201
101 S 101 0.1014140 0.0023291 0.0019364 0.0031035 0.0000000 0.0000000 0.0000000 0.0029887 0.0000000 0.0141141 0.0471816 0.0000000 0.0163098 0.0362878 0.0000000 0.2299010 0.4400881 0.0000000 0.0049016 0.0641301 0.0353143
102 V 102 0.0199410 0.0779884 0.0481414 0.0206267 0.0000000 0.0150869 0.0663712 0.0000000 0.0275418 0.1391424 0.0853144 0.0423827 0.0070707 0.0071365 0.0000000 0.0642091 0.1996360 0.0000000 0.0108833 0.1486627 0.0198648
103 I 103 0.0028143 0.0000000 0.0000000 0.0000000 0.0000000 0.0000000 0.0000000 0.0000000 0.0025558 0.6699836 0.0742694 0.0000000 0.0251945 0.0489841 0.0000000 0.0000000 0.0018797 0.0000000 0.0293242 0.1288770 0.0161176
104 S 104 0.0230574 0.1090492 0.0953376 0.0303097 0.0000000 0.0353626 0.0757411 0.0013952 0.0374128 0.0687020 0.0481703 0.0153918 0.0269032 0.0477019 0.0000000 0.1263546 0.1615121 0.0043018 0.0293737 0.0440104 0.0199125
105 F 105 0.0000000 0.0000000 0.0000000 0.0000000 0.0000000 0.0000000 0.0000000 0.0000000 0.0016773 0.0648950 0.1885384 0.0000000 0.0459580 0.6568058 0.0033812 0.0000000 0.0000000 0.0000000 0.0065880 0.0091803 0.0229760
106 V 106 0.0120276 0.0340350 0.0207387 0.0000000 0.0000000 0.0309620 0.0902297 0.0012336 0.0567784 0.1135326 0.1279552 0.0498348 0.0118079 0.0175971 0.0029652 0.0697680 0.1076366 0.0000000 0.0508252 0.1791186 0.0229537
107 C 107 0.0000000 0.0000000 0.0000000 0.0000000 0.9673068 0.0000000 0.0000000 0.0028797 0.0000000 0.0000000 0.0029433 0.0000000 0.0000000 0.0000000 0.0032807 0.0000000 0.0025558 0.0000000 0.0023256 0.0000000 0.0187081
108 R 108 0.0469252 0.0267270 0.1310970 0.3566563 0.0000000 0.0080413 0.0145200 0.0915747 0.0047525 0.0019767 0.0113020 0.0519986 0.0017033 0.0000000 0.0313550 0.1135760 0.0082895 0.0000000 0.0012492 0.0083245 0.0899313
109 P 109 0.0249026 0.1497465 0.0319036 0.0515076 0.0020231 0.0234792 0.0909865 0.0063339 0.0237572 0.0130118 0.0277360 0.1139158 0.0135869 0.0041402 0.1779040 0.0412012 0.0362820 0.0000000 0.0246275 0.0076389 0.1353155
110 E 110 0.0110706 0.0116178 0.0686851 0.1465232 0.0025755 0.0179753 0.1465851 0.1129798 0.0109455 0.0071926 0.0137570 0.0170611 0.0000000 0.0020273 0.0012715 0.0998355 0.1662209 0.0000000 0.0000000 0.0170097 0.1466665
111 A 111 0.2078496 0.0429365 0.0069990 0.0481818 0.0000000 0.0574415 0.0352852 0.0606569 0.0056541 0.0549309 0.0787111 0.0140521 0.0240976 0.0105499 0.0415223 0.0624368 0.0382553 0.0000000 0.0019998 0.0760237 0.1324160
112 G 112 0.0265791 0.0252566 0.0231343 0.0601792 0.0000000 0.0217351 0.0421152 0.2338607 0.0226869 0.0225061 0.0893536 0.0299372 0.0133874 0.0178515 0.0111195 0.0596244 0.0755874 0.0000000 0.0416049 0.0423891 0.1410917
113 P 113 0.0696830 0.0235081 0.0662266 0.0338326 0.0000000 0.0272513 0.0728935 0.0520921 0.0140652 0.0323715 0.0111219 0.0333874 0.0115976 0.0173912 0.0891415 0.1193151 0.1161104 0.0000000 0.0306343 0.0120879 0.1672888
114 T 114 0.0339625 0.0324314 0.0978811 0.0695472 0.0011486 0.0189557 0.0484980 0.0599480 0.0084107 0.0470072 0.0453519 0.0381992 0.0152178 0.0110075 0.0331364 0.0980191 0.0959639 0.0000000 0.0043818 0.0572777 0.1836542
115 N 115 0.0862222 0.0037937 0.0700942 0.0342869 0.0014211 0.0331267 0.0237900 0.2769144 0.0183701 0.0120157 0.0114979 0.0081499 0.0000000 0.0123446 0.0475731 0.0958381 0.0667444 0.0010237 0.0030263 0.0175255 0.1762418
116 R 116 0.0612047 0.0825268 0.0192116 0.0203239 0.0000000 0.0581990 0.0555076 0.0268038 0.0291972 0.0526202 0.0351598 0.0647437 0.0052429 0.0223240 0.0552641 0.0829515 0.0793437 0.0000000 0.0204064 0.0527000 0.1762691
117 P 117 0.0187668 0.0138201 0.0066523 0.0119115 0.0000000 0.0177825 0.0137233 0.0793011 0.0095893 0.0528207 0.0204250 0.0262342 0.0000000 0.0156468 0.4535748 0.0160357 0.0371178 0.0018226 0.0216984 0.0573889 0.1256881
118 M 118 0.0330914 0.0315051 0.0132545 0.0086178 0.0000000 0.0441066 0.1496554 0.0047028 0.0025445 0.0821121 0.0562117 0.0767845 0.0460196 0.0560919 0.0280785 0.0965293 0.0511014 0.0009189 0.0081022 0.1399200 0.0706519
119 L 119 0.0066933 0.0011383 0.0056636 0.0268501 0.0012873 0.0061357 0.0082266 0.0000000 0.0088011 0.0518443 0.2199447 0.0054704 0.0056046 0.2706901 0.0855276 0.0607724 0.0262615 0.0050054 0.0621369 0.0555639 0.0863823
120 I 120 0.0106425 0.0526249 0.0025110 0.0069068 0.0000000 0.0357649 0.0560598 0.0027589 0.0049704 0.1512891 0.1047784 0.0370950 0.0091138 0.0653492 0.0072954 0.0614706 0.0562578 0.0000000 0.0184754 0.2115022 0.1051340
121 S 121 0.0769829 0.0482613 0.0319536 0.0318317 0.0033812 0.0174077 0.0364018 0.0900995 0.0260297 0.0324217 0.0343837 0.0314350 0.0119608 0.0599530 0.0114483 0.1270152 0.0387373 0.0000000 0.0480384 0.1139941 0.1282631
122 L 122 0.0593760 0.0202354 0.0311184 0.0442042 0.0028904 0.0465883 0.0749850 0.0414807 0.0398710 0.0459098 0.0670974 0.0318247 0.0114898 0.0270933 0.0109354 0.0973079 0.0990251 0.0081978 0.0290148 0.0580221 0.1533324
123 D 123 0.0206229 0.0261929 0.0268159 0.1201101 0.0000000 0.0192580 0.3268965 0.0658075 0.0032042 0.0043541 0.0163803 0.0075855 0.0069108 0.0055512 0.0081243 0.1428728 0.0793291 0.0042215 0.0055887 0.0121839 0.0979899
124 K 124 0.0338822 0.0214991 0.0267960 0.0711215 0.0019604 0.0229205 0.1746358 0.0083587 0.0111250 0.0555093 0.0398745 0.0719084 0.0198976 0.0104060 0.0952420 0.0756950 0.1018113 0.0012220 0.0118243 0.0359645 0.1083461
125 Q 125 0.0366434 0.0197932 0.1169744 0.2488708 0.0000000 0.0395102 0.0462710 0.0318673 0.0251169 0.0091585 0.0215915 0.0076578 0.0033537 0.0025456 0.0362660 0.1292461 0.0525683 0.0019364 0.0138625 0.0392716 0.1174948
126 T 126 0.0350665 0.0190863 0.1072947 0.1870579 0.0000000 0.0333501 0.0786144 0.1071682 0.0190568 0.0112938 0.0112861 0.0370244 0.0051883 0.0030201 0.0156353 0.1236484 0.0753761 0.0000000 0.0066226 0.0084862 0.1157238
127 C 127 0.0060110 0.0238710 0.0020594 0.0000000 0.8633080 0.0000000 0.0012801 0.0039541 0.0026782 0.0030120 0.0078920 0.0026154 0.0012485 0.0021873 0.0015475 0.0178642 0.0000000 0.0011582 0.0134880 0.0011644 0.0446608
128 T 128 0.0369516 0.0348987 0.0499393 0.0271778 0.0000000 0.0961462 0.1134520 0.0112671 0.0523521 0.0227091 0.0342650 0.0199486 0.0122027 0.0335997 0.0000000 0.1027222 0.1977677 0.0000000 0.0178113 0.1020613 0.0347274
129 L 129 0.0195437 0.0028797 0.0015153 0.0072650 0.0000000 0.0000000 0.0000000 0.0000000 0.0519456 0.0152321 0.0545979 0.0024127 0.0039370 0.0784023 0.0029196 0.0046439 0.0424575 0.0050799 0.6153450 0.0587350 0.0330879
130 F 130 0.0073238 0.0167900 0.0425048 0.0237082 0.0000000 0.0511030 0.0813020 0.0105542 0.0274353 0.0521754 0.1221371 0.0184713 0.0137497 0.1274436 0.0000000 0.0495223 0.0796736 0.0067875 0.1092871 0.1284453 0.0315857
131 F 131 0.0028110 0.0000000 0.0000000 0.0000000 0.0028904 0.0000000 0.0000000 0.0000000 0.0000000 0.1508526 0.0622277 0.0000000 0.0242109 0.6435218 0.0000000 0.0036859 0.0000000 0.0000000 0.0029581 0.0741062 0.0327352
132 S 132 0.0110194 0.0470051 0.0415079 0.0327948 0.0000000 0.0378036 0.3264801 0.0105062 0.0293355 0.0361443 0.0454273 0.0398071 0.0088151 0.0148782 0.0000000 0.0963498 0.1171220 0.0013857 0.0221458 0.0442115 0.0372606
133 W 133 0.0084552 0.0000000 0.0000000 0.0000000 0.0020231 0.0000000 0.0000000 0.0082079 0.0000000 0.1034732 0.0392338 0.0000000 0.0411353 0.0847685 0.0000000 0.0000000 0.0000000 0.5661609 0.0213266 0.0893600 0.0358555
134 H 134 0.0426821 0.2044503 0.0486570 0.0559398 0.0013365 0.0430063 0.1166744 0.0042539 0.0651620 0.0178195 0.0124549 0.0999948 0.0054038 0.0150191 0.0400127 0.0408801 0.0356514 0.0052205 0.0830704 0.0228510 0.0394595
135 T 135 0.0017382 0.0053763 0.0037231 0.0000000 0.0000000 0.0000000 0.0000000 0.0055679 0.0114468 0.0079650 0.0000000 0.0000000 0.0000000 0.0000000 0.0015085 0.1976226 0.7199830 0.0000000 0.0000000 0.0000000 0.0450686
136 P 136 0.1135547 0.0402624 0.0208060 0.0232367 0.0061445 0.0377814 0.0623895 0.0051984 0.0282632 0.0235559 0.0061837 0.1256223 0.0056052 0.0066206 0.2010886 0.1806855 0.0282205 0.0000000 0.0078621 0.0296739 0.0472448
137 L 137 0.2392255 0.0249367 0.0000000 0.0033218 0.0013376 0.0122960 0.0293243 0.0050946 0.0605311 0.0231234 0.2204046 0.0067807 0.0039304 0.0385283 0.0000000 0.0262851 0.0066455 0.0000000 0.1860549 0.0672965 0.0448827
138 A 138 0.7165482 0.0000000 0.0000000 0.0000000 0.0025648 0.0000000 0.0019909 0.0149847 0.0000000 0.0170574 0.0205793 0.0000000 0.0074147 0.0068490 0.0011461 0.0078165 0.0078134 0.0000000 0.0000000 0.1478041 0.0474309
139 C 139 0.0000000 0.0000000 0.0000000 0.0000000 0.9453844 0.0000000 0.0000000 0.0000000 0.0000000 0.0000000 0.0000000 0.0000000 0.0000000 0.0000000 0.0000000 0.0000000 0.0000000 0.0000000 0.0000000 0.0000000 0.0546156
140 E 140 0.0228630 0.0319979 0.0000000 0.0070568 0.0000000 0.0067368 0.0606280 0.0020825 0.0243265 0.0000000 0.0000000 0.0572126 0.0000000 0.0000000 0.3817597 0.0033511 0.0071782 0.0000000 0.0000000 0.0016861 0.3931208
141 L 141 0.0210932 0.0038539 0.0055333 0.0019939 0.0000000 0.0519905 0.0028266 0.0088226 0.0000000 0.0616265 0.0616342 0.0027589 0.0012862 0.0023905 0.0888973 0.0056309 0.0405031 0.0000000 0.0015421 0.0575138 0.5801025
142 A 142 0.0653323 0.0000000 0.0000000 0.0000000 0.0000000 0.0000000 0.0000000 0.0286032 0.0000000 0.0000000 0.0000000 0.0000000 0.0000000 0.0000000 0.0000000 0.0430057 0.0000000 0.0000000 0.0000000 0.0000000 0.8630587
