   84         A         R         N         D         C         Q         E         G         H         I         L         K         M         F         P         S         T         W         Y         V    
  1 A   1 0.3400552 0.0000000 0.0000000 0.0000000 0.0000000 0.0000000 0.0000000 0.0781837 0.0000000 0.0000000 0.0000000 0.0000000 0.0000000 0.0000000 0.1880724 0.2848319 0.0000000 0.0000000 0.0000000 0.1088568
  2 D   2 0.0070995 0.0152201 0.2262134 0.1267818 0.0000000 0.2068028 0.3737102 0.0101687 0.0000000 0.0000000 0.0000000 0.0219664 0.0000000 0.0000000 0.0000000 0.0120371 0.0000000 0.0000000 0.0000000 0.0000000
  3 D   3 0.0054338 0.0220525 0.0079600 0.0633992 0.0000000 0.0193786 0.0239143 0.0085482 0.0023367 0.0287934 0.7681200 0.0084889 0.0051648 0.0129616 0.0042713 0.0040788 0.0020723 0.0000000 0.0084762 0.0045492
  4 H   4 0.0182087 0.0301001 0.0288303 0.0963335 0.0000000 0.0092345 0.0514128 0.0124550 0.0114375 0.0000000 0.0072839 0.0565760 0.0000000 0.0000000 0.0533265 0.3553106 0.2626880 0.0000000 0.0022829 0.0045196
  5 P   5 0.0582939 0.0138218 0.0123959 0.1129419 0.0000000 0.0353657 0.4094129 0.0114794 0.0081228 0.0033372 0.0039894 0.0837612 0.0453015 0.0014645 0.0939210 0.0018530 0.0638090 0.0000000 0.0014790 0.0392499
  6 Q   6 0.0667651 0.0034555 0.0155048 0.1962914 0.0000000 0.0734567 0.5377094 0.0068114 0.0040554 0.0000000 0.0016625 0.0271127 0.0152087 0.0029662 0.0031806 0.0147239 0.0190689 0.0000000 0.0060794 0.0059474
  7 D   7 0.0028885 0.0727396 0.0202042 0.0802292 0.0016920 0.3100000 0.3032980 0.0000000 0.0075686 0.0022153 0.0073900 0.0546417 0.0145276 0.0000000 0.0041101 0.1041043 0.0100423 0.0000000 0.0000000 0.0043485
  8 K   8 0.0124122 0.0270960 0.0053221 0.0420122 0.0018003 0.0310178 0.2599771 0.0011615 0.0018725 0.2829679 0.0697600 0.1108907 0.0275291 0.0000000 0.0067747 0.0087161 0.0142199 0.0020830 0.0026468 0.0917401
  9 A   9 0.2263961 0.0210125 0.0356756 0.0983130 0.0054731 0.0881936 0.2972727 0.0279257 0.0030239 0.0074663 0.0053227 0.0926444 0.0063788 0.0014521 0.0012540 0.0584522 0.0080973 0.0000000 0.0008645 0.0147815
 10 E  10 0.0116300 0.0083834 0.0376459 0.1058245 0.0021374 0.0351495 0.5231814 0.1144844 0.0839722 0.0078051 0.0091044 0.0204280 0.0099411 0.0011092 0.0000000 0.0052506 0.0008586 0.0000000 0.0040347 0.0190595
 11 R  11 0.0100763 0.0076488 0.0000000 0.0000000 0.0038589 0.0000000 0.0000000 0.0000000 0.0041895 0.1941321 0.5257543 0.0000000 0.0437418 0.1390532 0.0000000 0.0018699 0.0012054 0.0000000 0.0523584 0.0161114
 12 E  12 0.0241608 0.3260158 0.0075543 0.0032494 0.0012320 0.0418513 0.0358451 0.0058799 0.0174220 0.0084194 0.0443695 0.3616390 0.0162374 0.0219708 0.0026008 0.0085500 0.0098506 0.0127704 0.0298248 0.0205569
 13 R  13 0.0884583 0.0615066 0.0173981 0.0858119 0.0000000 0.0802905 0.4624446 0.0061858 0.0058121 0.0031732 0.0091844 0.1230865 0.0044152 0.0029858 0.0000000 0.0170037 0.0218802 0.0023099 0.0010833 0.0069699
 14 I  14 0.6406170 0.0020507 0.0000000 0.0016813 0.0096816 0.0045629 0.0019594 0.0098556 0.0000000 0.0685313 0.0316503 0.0032893 0.1117683 0.0000000 0.0000000 0.0096789 0.0202446 0.0000000 0.0016807 0.0827483
 15 F  15 0.0000000 0.0000000 0.0000000 0.0000000 0.0000000 0.0000000 0.0000000 0.0000000 0.0000000 0.0000000 0.0045254 0.0000000 0.0000000 0.9902817 0.0000000 0.0000000 0.0000000 0.0000000 0.0000000 0.0051929
 16 K  16 0.0632780 0.1917412 0.0449464 0.1096362 0.0080007 0.1001848 0.0650370 0.0138003 0.0209147 0.0055213 0.0141493 0.1871005 0.0141375 0.0029060 0.0000000 0.1251089 0.0237320 0.0000000 0.0045142 0.0052911
 17 R  17 0.0423534 0.0378445 0.0304760 0.0028599 0.0024597 0.0169839 0.0425396 0.0058432 0.0166741 0.0428089 0.2574664 0.0345829 0.0962740 0.0308431 0.0000000 0.0409494 0.0270627 0.0029029 0.0751475 0.1939280
 18 F  18 0.0000000 0.0000000 0.0000000 0.0000000 0.0000000 0.0000000 0.0015850 0.0000000 0.0000000 0.0737514 0.0489137 0.0000000 0.0871180 0.7356706 0.0000000 0.0042342 0.0000000 0.0000000 0.0342146 0.0145124
 19 D  19 0.0019309 0.0000000 0.0022100 0.9753149 0.0000000 0.0000000 0.0074426 0.0029866 0.0000000 0.0000000 0.0000000 0.0000000 0.0000000 0.0000000 0.0000000 0.0054522 0.0024660 0.0000000 0.0000000 0.0021969
 20 A  20 0.0502353 0.1292268 0.0098477 0.0289210 0.0015166 0.0343483 0.0338956 0.0060087 0.0097838 0.0182865 0.0285584 0.3927578 0.0085494 0.0000000 0.0065423 0.0221402 0.1817347 0.0000000 0.0000000 0.0376470
 21 N  21 0.0022080 0.0066829 0.2157408 0.6672449 0.0000000 0.0037414 0.0523709 0.0082245 0.0052602 0.0000000 0.0012912 0.0132563 0.0000000 0.0000000 0.0021641 0.0124602 0.0075574 0.0000000 0.0000000 0.0017971
 22 G  22 0.0154008 0.0286814 0.1617249 0.0195485 0.0058124 0.0384213 0.0231733 0.5548740 0.0208159 0.0029811 0.0012041 0.0921256 0.0022690 0.0000000 0.0000000 0.0286252 0.0009591 0.0000000 0.0021309 0.0012527
 23 D  23 0.0039442 0.0202667 0.2025982 0.3862899 0.0000000 0.0059650 0.0078267 0.0116178 0.0022529 0.0013719 0.0000000 0.0201933 0.0000000 0.0000000 0.0000000 0.2690173 0.0638832 0.0000000 0.0000000 0.0047728
 24 G  24 0.0023301 0.0000000 0.0062377 0.0059780 0.0000000 0.0016816 0.0020836 0.9667169 0.0000000 0.0000000 0.0000000 0.0000000 0.0000000 0.0000000 0.0000000 0.0095963 0.0015870 0.0014346 0.0023541 0.0000000
 25 K  25 0.0219675 0.0416210 0.0190144 0.0072770 0.0314780 0.0331523 0.0170820 0.0009152 0.0232366 0.0099573 0.0250647 0.1197055 0.0165811 0.1351811 0.0000000 0.0860888 0.1802265 0.0000000 0.1935695 0.0378815
 26 I  26 0.0051480 0.0000000 0.0000000 0.0000000 0.0000000 0.0000000 0.0000000 0.0000000 0.0029900 0.8601135 0.0643407 0.0000000 0.0050199 0.0000000 0.0000000 0.0000000 0.0027999 0.0000000 0.0000000 0.0595880
 27 S  27 0.0038208 0.0000000 0.0417105 0.0952769 0.0077485 0.0065995 0.0433327 0.0171197 0.0027616 0.0023395 0.0012600 0.0089386 0.0000000 0.0022131 0.0092839 0.3126096 0.4439599 0.0000000 0.0000000 0.0010253
 28 A  28 0.2044694 0.0492185 0.0028636 0.0029717 0.0153116 0.0220972 0.0048231 0.0036433 0.0109166 0.0760985 0.0648440 0.0646286 0.0235644 0.0817816 0.0333581 0.0434890 0.1310223 0.0064034 0.0403039 0.1181913
 29 A  29 0.1162945 0.0403666 0.0226176 0.1616855 0.0000000 0.0694523 0.2370535 0.0295667 0.0053830 0.0051322 0.0310558 0.1653166 0.0043361 0.0010497 0.0113498 0.0603271 0.0269087 0.0010990 0.0009579 0.0100474
 30 E  30 0.0012271 0.0000000 0.0270150 0.0659242 0.0012432 0.0072675 0.8454388 0.0033585 0.0000000 0.0000000 0.0035613 0.0180358 0.0106082 0.0017319 0.0000000 0.0039409 0.0051396 0.0000000 0.0000000 0.0055080
 31 L  31 0.0000000 0.0000000 0.0000000 0.0000000 0.0000000 0.0000000 0.0000000 0.0038838 0.0000000 0.0586416 0.8615683 0.0000000 0.0208677 0.0274141 0.0000000 0.0035613 0.0000000 0.0000000 0.0027622 0.0213010
 32 G  32 0.0715225 0.1980510 0.0169406 0.0074468 0.0062070 0.0694670 0.0637350 0.2288564 0.0123554 0.0056599 0.0082537 0.2390765 0.0067578 0.0030415 0.0000000 0.0368262 0.0130431 0.0035813 0.0023364 0.0068419
 33 E  33 0.1080025 0.0693296 0.0385076 0.0562655 0.0036599 0.0862777 0.1089958 0.0123237 0.0812650 0.0298081 0.0249346 0.0378768 0.0199258 0.0057190 0.0059536 0.0648277 0.1402745 0.0027942 0.0180172 0.0852411
 34 A  34 0.2388593 0.0000000 0.0015017 0.0000000 0.0226098 0.0000000 0.0014874 0.1459938 0.0000000 0.0770488 0.0718326 0.0000000 0.0289217 0.0091521 0.0000000 0.0298371 0.0189697 0.0000000 0.0042984 0.3494876
 35 L  35 0.0400529 0.0106618 0.0000000 0.0000000 0.0307433 0.0000000 0.0000000 0.0000000 0.0000000 0.0324131 0.4390870 0.0000000 0.3949411 0.0265734 0.0000000 0.0037836 0.0080199 0.0012137 0.0026846 0.0098255
 36 K  36 0.0722039 0.3496228 0.0246631 0.0169654 0.0052598 0.0406360 0.0436439 0.0294361 0.0217476 0.0183316 0.0111643 0.1741874 0.0104927 0.0038142 0.0071565 0.0525658 0.1017678 0.0025739 0.0031275 0.0106398
 37 T  37 0.1155904 0.0918408 0.0967481 0.0153239 0.0117105 0.0239545 0.1210165 0.0114278 0.0091683 0.0152687 0.0286262 0.1219346 0.0238273 0.0028327 0.0029325 0.2305154 0.0657161 0.0000000 0.0022861 0.0092797
 38 L  38 0.0072683 0.0033305 0.0106809 0.0083480 0.0055784 0.0162670 0.0019517 0.0099656 0.0171789 0.0528575 0.6546919 0.0111244 0.0517683 0.0513036 0.0000000 0.0071175 0.0136356 0.0000000 0.0369069 0.0400251
 39 G  39 0.0023389 0.0049128 0.0224959 0.0405655 0.0018540 0.0074687 0.0076390 0.8706366 0.0021554 0.0000000 0.0096946 0.0067150 0.0019152 0.0000000 0.0025012 0.0138238 0.0025136 0.0000000 0.0012363 0.0015334
 40 S  40 0.0146953 0.0132742 0.1700204 0.0665474 0.0017349 0.1133769 0.2869935 0.0217043 0.0399093 0.0266957 0.0208025 0.0719867 0.0703893 0.0033413 0.0119246 0.0497467 0.0086639 0.0012589 0.0012179 0.0057164
 41 I  41 0.0388275 0.0077747 0.0144514 0.0090695 0.0225503 0.0034698 0.0032924 0.0336522 0.0056297 0.0521532 0.2702709 0.0165696 0.0500249 0.0310827 0.3188411 0.0106553 0.0211193 0.0000000 0.0107096 0.0798557
 42 T  42 0.0347678 0.0117770 0.0385906 0.0908397 0.0009669 0.0101769 0.0287415 0.0196143 0.0037575 0.0097457 0.0141787 0.0708643 0.0062239 0.0036851 0.0279294 0.2285940 0.3776264 0.0000000 0.0000000 0.0219202
 43 P  43 0.0466104 0.0068540 0.0144291 0.2407941 0.0010746 0.0281425 0.3462445 0.0242685 0.0145522 0.0084865 0.0256283 0.0797689 0.0082836 0.0052915 0.0820397 0.0183648 0.0162118 0.0000000 0.0085754 0.0243799
 44 D  44 0.1795891 0.0217253 0.0188850 0.1366786 0.0011895 0.0367943 0.3225486 0.0234838 0.0052189 0.0089093 0.0064890 0.0508241 0.0179350 0.0015165 0.0192438 0.0764761 0.0345808 0.0027165 0.0022955 0.0329004
 45 E  45 0.0101930 0.0072198 0.0068853 0.1232020 0.0027762 0.0491340 0.6809821 0.0024713 0.0148600 0.0034609 0.0036875 0.0086467 0.0044643 0.0058036 0.0027925 0.0082209 0.0341579 0.0009869 0.0045994 0.0254556
 46 V  46 0.0201927 0.0000000 0.0000000 0.0000000 0.0489746 0.0000000 0.0024997 0.0013069 0.0000000 0.2968141 0.3708654 0.0000000 0.0133438 0.0095087 0.0000000 0.0023465 0.0035892 0.0055477 0.0000000 0.2250107
 47 K  47 0.0489892 0.1192648 0.0408678 0.1457111 0.0030760 0.1777100 0.1426794 0.0080213 0.0226029 0.0190350 0.0248279 0.1701120 0.0074017 0.0017485 0.0043107 0.0165486 0.0218756 0.0000000 0.0125418 0.0126758
 48 H  48 0.0725186 0.0740884 0.0309127 0.1999799 0.0000000 0.1006155 0.2878155 0.0270183 0.0078107 0.0222164 0.0179635 0.0594470 0.0278260 0.0026685 0.0000000 0.0347494 0.0227694 0.0010757 0.0022933 0.0082312
 49 M  49 0.0145155 0.0000000 0.0000000 0.0000000 0.0018242 0.0020642 0.0035170 0.0000000 0.0000000 0.1794020 0.2272286 0.0000000 0.5131448 0.0091108 0.0000000 0.0000000 0.0087194 0.0059519 0.0000000 0.0345216
 50 M  50 0.0148302 0.0017513 0.0000000 0.0000000 0.0000000 0.0000000 0.0000000 0.0000000 0.0012784 0.5318648 0.1010016 0.0000000 0.2234957 0.0284029 0.0000000 0.0160027 0.0049391 0.0000000 0.0015732 0.0748600
 51 A  51 0.1274605 0.1542054 0.1034246 0.0907893 0.0075911 0.0944742 0.1263250 0.0229265 0.0170091 0.0024614 0.0119441 0.1338635 0.0046441 0.0026665 0.0000000 0.0716025 0.0201777 0.0000000 0.0032904 0.0051441
 52 E  52 0.1479909 0.0287157 0.0113927 0.1131434 0.0013613 0.0432137 0.4949330 0.0199968 0.0073755 0.0022849 0.0078021 0.0340606 0.0059228 0.0000000 0.0022860 0.0309764 0.0179375 0.0000000 0.0015451 0.0290616
 53 I  53 0.3288504 0.0000000 0.0042060 0.0000000 0.0011626 0.0000000 0.0018657 0.0206465 0.0044454 0.1384370 0.0334127 0.0024518 0.0195848 0.0285656 0.0000000 0.0071001 0.0078446 0.0000000 0.0155852 0.3858416
 54 D  54 0.0021478 0.0019895 0.0112171 0.9436342 0.0000000 0.0021722 0.0060220 0.0022500 0.0021117 0.0071981 0.0000000 0.0104827 0.0000000 0.0000000 0.0000000 0.0040940 0.0013387 0.0000000 0.0025682 0.0027737
 55 T  55 0.1241720 0.0464138 0.0056007 0.0098520 0.0033816 0.0496748 0.0240971 0.0176155 0.0078767 0.0682289 0.0615190 0.1332876 0.0280758 0.0111286 0.0111841 0.0580384 0.1824716 0.0000000 0.0019567 0.1554253
 56 D  56 0.0015839 0.0088541 0.1550594 0.7528036 0.0000000 0.0015751 0.0393982 0.0063298 0.0022255 0.0029625 0.0000000 0.0063128 0.0018989 0.0000000 0.0055810 0.0070380 0.0058238 0.0000000 0.0000000 0.0025534
 57 G  57 0.0120185 0.0229313 0.1347076 0.0106284 0.0090362 0.0177642 0.0101760 0.6369135 0.0150850 0.0000000 0.0091108 0.0662882 0.0071512 0.0000000 0.0037875 0.0330913 0.0047975 0.0013385 0.0000000 0.0051743
 58 D  58 0.0035738 0.0083203 0.2409821 0.5093073 0.0000000 0.0014076 0.0039927 0.0165338 0.0000000 0.0021539 0.0029010 0.0154901 0.0000000 0.0014717 0.0000000 0.1565988 0.0349851 0.0000000 0.0000000 0.0022818
 59 G  59 0.0020822 0.0101962 0.0052653 0.0065189 0.0000000 0.0000000 0.0059067 0.9437847 0.0042946 0.0000000 0.0000000 0.0020535 0.0000000 0.0000000 0.0000000 0.0094444 0.0022422 0.0000000 0.0000000 0.0082114
 60 F  60 0.0280363 0.1417599 0.0168256 0.0069281 0.0270618 0.0969572 0.0754316 0.0142333 0.0167391 0.0056520 0.0484120 0.0929399 0.0183195 0.0617335 0.0000000 0.0490834 0.2386217 0.0000000 0.0258139 0.0354512
 61 I  61 0.0000000 0.0000000 0.0000000 0.0000000 0.0027668 0.0000000 0.0000000 0.0000000 0.0000000 0.6495779 0.0987534 0.0000000 0.0104011 0.0062237 0.0000000 0.0000000 0.0035304 0.0000000 0.0000000 0.2287466
 62 S  62 0.0069538 0.0036085 0.1939791 0.5186577 0.0077827 0.0000000 0.0778577 0.0127698 0.0096640 0.0000000 0.0000000 0.0020735 0.0009843 0.0000000 0.0000000 0.1473095 0.0137846 0.0000000 0.0024776 0.0020973
 63 F  63 0.0118797 0.0000000 0.0000000 0.0000000 0.0189866 0.0040347 0.0228579 0.0000000 0.0021778 0.0142838 0.0316101 0.0046969 0.0060491 0.4795167 0.0029908 0.0008978 0.0023766 0.0051502 0.3726192 0.0198720
 64 Q  64 0.0354468 0.0099896 0.0656583 0.1774583 0.0000000 0.0623231 0.3108593 0.0854143 0.0150350 0.0146974 0.0128801 0.0241688 0.0035733 0.0051404 0.0631346 0.0638817 0.0353253 0.0000000 0.0078931 0.0071205
 65 E  65 0.0025548 0.0000000 0.0029786 0.0822348 0.0000000 0.0108616 0.8677783 0.0168167 0.0000000 0.0000000 0.0000000 0.0030831 0.0000000 0.0000000 0.0000000 0.0053101 0.0029197 0.0000000 0.0013945 0.0040677
 66 F  66 0.0000000 0.0000000 0.0000000 0.0000000 0.0000000 0.0000000 0.0000000 0.0000000 0.0000000 0.0000000 0.0175807 0.0000000 0.0000000 0.9661191 0.0000000 0.0024070 0.0000000 0.0079534 0.0032492 0.0026906
 67 T  67 0.0519602 0.0236105 0.0010546 0.0021093 0.0564085 0.0066973 0.0130432 0.0104129 0.0019595 0.1243630 0.2586579 0.0467511 0.0385283 0.0150264 0.0000000 0.0118671 0.0236458 0.0018185 0.0056968 0.3063890
 68 D  68 0.2830600 0.0803625 0.0458168 0.0323923 0.0092325 0.0549422 0.0724600 0.0134338 0.0211749 0.0169024 0.0148712 0.0895024 0.0056812 0.0013548 0.0023480 0.0496864 0.1681115 0.0020478 0.0106317 0.0259877
 69 F  69 0.0493328 0.0019899 0.0000000 0.0000000 0.0069867 0.0000000 0.0013844 0.0000000 0.0000000 0.1318141 0.2408949 0.0027189 0.4314024 0.0353318 0.0000000 0.0000000 0.0018699 0.0047630 0.0017606 0.0897506
 70 G  70 0.0353148 0.0007923 0.0216320 0.0016425 0.0095823 0.0049269 0.0000000 0.0015733 0.1206845 0.0326041 0.0328173 0.0023908 0.6435008 0.0037127 0.0062631 0.0040936 0.0173117 0.0011289 0.0182100 0.0418184
 71 R  71 0.1020883 0.1411018 0.0116113 0.0049034 0.0050256 0.0564182 0.0399883 0.0163398 0.0032529 0.0223165 0.0867118 0.1311398 0.1411641 0.0009450 0.0045256 0.0631384 0.1546524 0.0012295 0.0000000 0.0134475
 72 A  72 0.1398535 0.1204612 0.1089794 0.0378073 0.0010517 0.0427144 0.0257921 0.0654324 0.0303183 0.0035270 0.0041393 0.2248362 0.0069073 0.0010388 0.0206968 0.1329304 0.0204952 0.0017142 0.0093878 0.0019169
 73 N  73 0.0285307 0.0599980 0.0825568 0.1009590 0.0000000 0.0314925 0.1295425 0.1647809 0.0135981 0.0049341 0.0200214 0.2645652 0.0053446 0.0044274 0.0016094 0.0745601 0.0090620 0.0000000 0.0011338 0.0028834
 74 R  74 0.0299533 0.0753066 0.0709613 0.0506393 0.0000000 0.0368542 0.1771621 0.0422806 0.0043194 0.0399695 0.0799001 0.1120413 0.1090960 0.0016791 0.0154361 0.0352882 0.0866277 0.0024212 0.0028192 0.0272447
 75 G  75 0.0509789 0.0239234 0.0277200 0.2997791 0.0000000 0.0509216 0.2648783 0.1026298 0.0064978 0.0290488 0.0186099 0.0420790 0.0047936 0.0022946 0.0136905 0.0364784 0.0089625 0.0013884 0.0070602 0.0082650
 76 L  76 0.0202057 0.1110971 0.0536958 0.0730418 0.0043647 0.0411363 0.2095894 0.0537575 0.0095686 0.0203092 0.0533035 0.0535269 0.0248141 0.0171789 0.0268869 0.1012239 0.0431222 0.0320643 0.0332801 0.0178331
 77 L  77 0.0246232 0.0550814 0.0080654 0.0970912 0.0000000 0.0458715 0.2140801 0.0059887 0.0036388 0.0610706 0.2421233 0.0804084 0.0729741 0.0019960 0.0067544 0.0098233 0.0272194 0.0000000 0.0016954 0.0414947
 78 K  78 0.0247560 0.1791146 0.0045694 0.0723433 0.0000000 0.0441135 0.3742444 0.0091977 0.0055388 0.0042552 0.0068479 0.2044745 0.0031912 0.0000000 0.0097162 0.0353926 0.0084886 0.0037028 0.0035658 0.0064875
 79 D  79 0.0295953 0.0172902 0.0475225 0.1725739 0.0024660 0.0173044 0.4844518 0.0036939 0.1604178 0.0000000 0.0157725 0.0131547 0.0078620 0.0000000 0.0000000 0.0143037 0.0056490 0.0000000 0.0028791 0.0050633
 80 V  80 0.2900339 0.0000000 0.0000000 0.0000000 0.0062931 0.0000000 0.0069464 0.0023328 0.0000000 0.1634386 0.4298265 0.0000000 0.0223645 0.0070581 0.0000000 0.0097949 0.0055933 0.0000000 0.0000000 0.0563179
 81 A  81 0.0370396 0.1649972 0.0037861 0.0038321 0.0000000 0.0272973 0.0043610 0.0037379 0.0308939 0.0125185 0.1059903 0.0864980 0.0268164 0.3849972 0.0022911 0.0123029 0.0109472 0.0032046 0.0565611 0.0219277
 82 K  82 0.1061372 0.1853335 0.0152801 0.0579758 0.0025045 0.0280970 0.1465691 0.0000000 0.0085814 0.0145919 0.0036761 0.3761158 0.0000000 0.0000000 0.0033611 0.0205473 0.0263628 0.0000000 0.0000000 0.0048664
 83 I  83 0.6138509 0.0000000 0.0000000 0.0063343 0.0000000 0.0000000 0.0052127 0.0000000 0.0000000 0.0713223 0.0076132 0.0000000 0.0309290 0.0038465 0.0000000 0.0000000 0.0056513 0.0000000 0.0143090 0.2409309
 84 F  84 0.0000000 0.0000000 0.0000000 0.0000000 0.0000000 0.0000000 0.0000000 0.0000000 0.0000000 0.0000000 0.0000000 0.0000000 0.0000000 1.0000000 0.0000000 0.0000000 0.0000000 0.0000000 0.0000000 0.0000000
