   84         A         R         N         D         C         Q         E         G         H         I         L         K         M         F         P         S         T         W         Y         V         X    
  1 A   1 0.0330310 0.0000000 0.0000000 0.0000000 0.0000000 0.0000000 0.0000000 0.0072768 0.0000000 0.0000000 0.0000000 0.0000000 0.0000000 0.0000000 0.0177509 0.0273529 0.0000000 0.0000000 0.0000000 0.0104848 0.9041037
  2 D   2 0.0020817 0.0048125 0.0661434 0.0376684 0.0000000 0.0619078 0.1114059 0.0029506 0.0000000 0.0000000 0.0000000 0.0067985 0.0000000 0.0000000 0.0000000 0.0034731 0.0000000 0.0000000 0.0000000 0.0000000 0.7027582
  3 D   3 0.0026250 0.0107440 0.0037673 0.0313228 0.0000000 0.0097105 0.0114024 0.0040667 0.0011404 0.0136389 0.3616455 0.0041179 0.0024564 0.0060825 0.0019998 0.0019430 0.0010050 0.0000000 0.0040026 0.0021470 0.5261823
  4 H   4 0.0106731 0.0180595 0.0164920 0.0624935 0.0000000 0.0057816 0.0303545 0.0073821 0.0064895 0.0000000 0.0041680 0.0337435 0.0000000 0.0000000 0.0304650 0.2019371 0.1498173 0.0000000 0.0013060 0.0025964 0.4182409
  5 P   5 0.0359193 0.0084609 0.0074226 0.0692618 0.0000000 0.0217872 0.2477859 0.0071171 0.0049096 0.0020026 0.0024039 0.0505611 0.0289913 0.0009050 0.0575052 0.0011179 0.0469891 0.0000000 0.0009146 0.0235732 0.3823717
  6 Q   6 0.0493269 0.0024559 0.0113441 0.1524161 0.0000000 0.0532323 0.3865434 0.0048835 0.0029439 0.0000000 0.0011876 0.0192221 0.0109869 0.0021148 0.0022710 0.0110447 0.0138707 0.0000000 0.0045319 0.0042632 0.2673610
  7 D   7 0.0022889 0.0587515 0.0158763 0.0626284 0.0014823 0.2352596 0.2324960 0.0000000 0.0057832 0.0017724 0.0057053 0.0436847 0.0112957 0.0000000 0.0031828 0.0931414 0.0079072 0.0000000 0.0000000 0.0033879 0.2153563
  8 K   8 0.0105470 0.0228473 0.0046021 0.0361846 0.0014684 0.0264248 0.2379138 0.0009882 0.0015577 0.2322104 0.0591109 0.0927762 0.0227781 0.0000000 0.0057168 0.0073990 0.0118612 0.0017544 0.0022732 0.0764428 0.1451431
  9 A   9 0.1944703 0.0190262 0.0311958 0.0898508 0.0045953 0.0764179 0.2801666 0.0245375 0.0025896 0.0064780 0.0046214 0.0822384 0.0054775 0.0012571 0.0010907 0.0508876 0.0073859 0.0000000 0.0017274 0.0127563 0.1032297
 10 E  10 0.0104474 0.0077809 0.0360274 0.0964876 0.0019183 0.0325857 0.4898909 0.1014067 0.0792776 0.0069711 0.0082132 0.0186221 0.0091866 0.0010995 0.0000000 0.0048322 0.0008006 0.0000000 0.0042538 0.0171819 0.0730165
 11 R  11 0.0092923 0.0070306 0.0000000 0.0000000 0.0037484 0.0000000 0.0000000 0.0000000 0.0038534 0.1922915 0.5079899 0.0000000 0.0417464 0.1277420 0.0000000 0.0017412 0.0011376 0.0000000 0.0485915 0.0151478 0.0396873
 12 E  12 0.0232061 0.3212398 0.0071620 0.0033503 0.0011777 0.0402549 0.0335247 0.0054128 0.0168303 0.0090819 0.0432461 0.3416585 0.0162524 0.0206785 0.0025920 0.0083276 0.0092359 0.0121897 0.0295340 0.0202079 0.0348371
 13 R  13 0.0860436 0.0646647 0.0164861 0.0818379 0.0000000 0.0749640 0.4446142 0.0057461 0.0055019 0.0031376 0.0087102 0.1186861 0.0041054 0.0028987 0.0000000 0.0167864 0.0216078 0.0022037 0.0010109 0.0069241 0.0340704
 14 I  14 0.6297806 0.0019183 0.0000000 0.0015860 0.0091649 0.0042266 0.0018759 0.0091678 0.0000000 0.0639506 0.0299821 0.0031208 0.1025039 0.0000000 0.0000000 0.0091692 0.0192132 0.0000000 0.0015851 0.0850388 0.0277163
 15 F  15 0.0000000 0.0000000 0.0000000 0.0000000 0.0000000 0.0000000 0.0000000 0.0000000 0.0000000 0.0000000 0.0036539 0.0000000 0.0000000 0.9661204 0.0000000 0.0000000 0.0000000 0.0000000 0.0000000 0.0041126 0.0261131
 16 K  16 0.0602366 0.1986055 0.0430704 0.1066487 0.0074295 0.0979678 0.0637716 0.0122649 0.0198222 0.0051814 0.0137194 0.1789386 0.0132795 0.0026807 0.0000000 0.1187460 0.0231023 0.0000000 0.0042963 0.0049928 0.0252458
 17 R  17 0.0399596 0.0361091 0.0287067 0.0026833 0.0023449 0.0162839 0.0417549 0.0054393 0.0164872 0.0410579 0.2451818 0.0322844 0.0931212 0.0304442 0.0000000 0.0377234 0.0258158 0.0028485 0.0754955 0.2015523 0.0247061
 18 F  18 0.0000000 0.0000000 0.0000000 0.0000000 0.0000000 0.0000000 0.0014277 0.0000000 0.0000000 0.0677538 0.0466105 0.0000000 0.0812996 0.7282679 0.0000000 0.0038391 0.0000000 0.0000000 0.0327197 0.0133757 0.0247061
 19 D  19 0.0023267 0.0000000 0.0020041 0.9513256 0.0000000 0.0000000 0.0069687 0.0027200 0.0000000 0.0000000 0.0000000 0.0000000 0.0000000 0.0000000 0.0000000 0.0051302 0.0022144 0.0000000 0.0000000 0.0022172 0.0250932
 20 A  20 0.0470697 0.1297530 0.0091774 0.0288491 0.0014261 0.0343395 0.0323770 0.0058309 0.0094621 0.0174934 0.0286344 0.3915640 0.0083559 0.0000000 0.0060543 0.0207603 0.1699772 0.0000000 0.0000000 0.0356331 0.0232428
 21 N  21 0.0021559 0.0062172 0.2101826 0.6549823 0.0000000 0.0035902 0.0493404 0.0077816 0.0057271 0.0000000 0.0012727 0.0123994 0.0000000 0.0000000 0.0020094 0.0116270 0.0070355 0.0000000 0.0000000 0.0016787 0.0239999
 22 G  22 0.0148368 0.0293842 0.1542752 0.0187545 0.0063087 0.0391262 0.0223276 0.5450970 0.0197063 0.0027200 0.0011885 0.0879764 0.0021498 0.0000000 0.0000000 0.0284142 0.0009360 0.0000000 0.0019951 0.0011837 0.0236199
 23 D  23 0.0036896 0.0198021 0.2060552 0.3752914 0.0000000 0.0055154 0.0073967 0.0109469 0.0021161 0.0012720 0.0000000 0.0191363 0.0000000 0.0000000 0.0000000 0.2597109 0.0617142 0.0000000 0.0000000 0.0044495 0.0229036
 24 G  24 0.0021341 0.0000000 0.0057471 0.0055154 0.0000000 0.0015340 0.0019191 0.9469111 0.0000000 0.0000000 0.0000000 0.0000000 0.0000000 0.0000000 0.0000000 0.0090367 0.0014665 0.0013252 0.0021808 0.0000000 0.0222301
 25 K  25 0.0206360 0.0399706 0.0175705 0.0067887 0.0309085 0.0309506 0.0214452 0.0008825 0.0226751 0.0093531 0.0252641 0.1157112 0.0156816 0.1405775 0.0000000 0.0814484 0.1714877 0.0000000 0.1945143 0.0370501 0.0170842
 26 I  26 0.0048089 0.0000000 0.0000000 0.0000000 0.0000000 0.0000000 0.0000000 0.0000000 0.0020973 0.8547361 0.0605436 0.0000000 0.0046440 0.0000000 0.0000000 0.0000000 0.0025076 0.0000000 0.0000000 0.0556243 0.0150382
 27 S  27 0.0035991 0.0000000 0.0389716 0.0901027 0.0075003 0.0060634 0.0425595 0.0169065 0.0026911 0.0021808 0.0012106 0.0076451 0.0000000 0.0021059 0.0087543 0.3175624 0.4378957 0.0000000 0.0000000 0.0009639 0.0132870
 28 A  28 0.2078735 0.0488790 0.0028592 0.0029188 0.0146552 0.0209464 0.0046614 0.0034630 0.0096946 0.0746123 0.0620755 0.0632574 0.0226041 0.0789564 0.0327972 0.0436284 0.1281746 0.0060837 0.0385298 0.1200427 0.0132870
 29 A  29 0.1229393 0.0394994 0.0211885 0.1637900 0.0000000 0.0665123 0.2289538 0.0287087 0.0051776 0.0050078 0.0291809 0.1630412 0.0041398 0.0010124 0.0104078 0.0595089 0.0260207 0.0010638 0.0009228 0.0096372 0.0132870
 30 E  30 0.0011643 0.0000000 0.0272110 0.0641929 0.0011809 0.0068657 0.8343886 0.0032374 0.0000000 0.0000000 0.0032645 0.0188147 0.0107794 0.0016216 0.0000000 0.0037159 0.0049555 0.0000000 0.0000000 0.0053206 0.0132870
 31 L  31 0.0000000 0.0000000 0.0000000 0.0000000 0.0000000 0.0000000 0.0000000 0.0035765 0.0000000 0.0559001 0.8548653 0.0000000 0.0200091 0.0265004 0.0000000 0.0032645 0.0000000 0.0000000 0.0025351 0.0200621 0.0132870
 32 G  32 0.0730226 0.2058018 0.0160106 0.0070033 0.0060123 0.0687204 0.0626552 0.2223084 0.0127830 0.0053156 0.0083897 0.2283566 0.0065896 0.0029211 0.0000000 0.0359321 0.0124240 0.0034702 0.0022222 0.0067743 0.0132870
 33 E  33 0.1032746 0.0685451 0.0373900 0.0548013 0.0035251 0.0904323 0.1051227 0.0126440 0.0886026 0.0280005 0.0240320 0.0355074 0.0188967 0.0055659 0.0055154 0.0622785 0.1390811 0.0027178 0.0173866 0.0797988 0.0168816
 34 A  34 0.2371235 0.0000000 0.0014062 0.0000000 0.0220072 0.0000000 0.0013833 0.1367866 0.0000000 0.0762534 0.0673583 0.0000000 0.0273057 0.0089195 0.0000000 0.0300696 0.0179222 0.0000000 0.0039675 0.3516069 0.0178900
 35 L  35 0.0409986 0.0101782 0.0000000 0.0000000 0.0308091 0.0000000 0.0000000 0.0000000 0.0000000 0.0303720 0.4261545 0.0000000 0.3975006 0.0255574 0.0000000 0.0036818 0.0069169 0.0011535 0.0024525 0.0094288 0.0147962
 36 K  36 0.0715899 0.3385004 0.0258947 0.0201356 0.0060574 0.0392105 0.0409502 0.0292023 0.0206683 0.0187611 0.0107245 0.1699626 0.0104179 0.0036058 0.0067842 0.0518189 0.1035728 0.0024606 0.0029821 0.0105542 0.0161461
 37 T  37 0.1111913 0.0870266 0.0993456 0.0152996 0.0119717 0.0228262 0.1221208 0.0109817 0.0103417 0.0142417 0.0271292 0.1178001 0.0222786 0.0027337 0.0028835 0.2307133 0.0634541 0.0000000 0.0022037 0.0089619 0.0164951
 38 L  38 0.0069071 0.0033283 0.0101144 0.0081435 0.0052920 0.0156960 0.0022167 0.0095064 0.0184361 0.0519282 0.6475723 0.0103643 0.0504318 0.0483309 0.0000000 0.0068147 0.0131352 0.0000000 0.0366263 0.0381090 0.0170468
 39 G  39 0.0021817 0.0046491 0.0214365 0.0386091 0.0017544 0.0070811 0.0074723 0.8507806 0.0021349 0.0000000 0.0091748 0.0072063 0.0018567 0.0000000 0.0023906 0.0128732 0.0023669 0.0000000 0.0011509 0.0014762 0.0254047
 40 S  40 0.0139448 0.0115482 0.1619640 0.0634170 0.0016080 0.1069093 0.2777015 0.0202730 0.0366290 0.0252644 0.0207707 0.0660593 0.0688133 0.0031590 0.0111821 0.0447262 0.0081160 0.0011476 0.0011622 0.0054005 0.0502040
 41 I  41 0.0372806 0.0080342 0.0139127 0.0079932 0.0217240 0.0032647 0.0032749 0.0341935 0.0063845 0.0502006 0.2665635 0.0164279 0.0472836 0.0297212 0.3113810 0.0103089 0.0211738 0.0000000 0.0105303 0.0781545 0.0221924
 42 T  42 0.0335218 0.0111623 0.0381457 0.0902214 0.0009331 0.0093831 0.0273881 0.0193906 0.0036105 0.0093234 0.0142982 0.0645475 0.0063010 0.0036106 0.0261875 0.2176691 0.3757732 0.0000000 0.0000000 0.0208431 0.0276897
 43 P  43 0.0452142 0.0064656 0.0140556 0.2399298 0.0010446 0.0272109 0.3417311 0.0237101 0.0141158 0.0082429 0.0249509 0.0738056 0.0084605 0.0050540 0.0772033 0.0178482 0.0159939 0.0000000 0.0084779 0.0242703 0.0222147
 44 D  44 0.1764986 0.0223940 0.0202671 0.1316825 0.0011162 0.0369697 0.3163461 0.0220447 0.0049020 0.0085905 0.0061378 0.0488727 0.0175781 0.0014551 0.0180669 0.0756788 0.0326284 0.0025210 0.0021800 0.0319998 0.0220699
 45 E  45 0.0105468 0.0072895 0.0068472 0.1192947 0.0027163 0.0453764 0.6683646 0.0024510 0.0137392 0.0033244 0.0036895 0.0083646 0.0042439 0.0061613 0.0027289 0.0084507 0.0339860 0.0009584 0.0044975 0.0251198 0.0218491
 46 V  46 0.0202023 0.0000000 0.0000000 0.0000000 0.0485166 0.0000000 0.0023252 0.0013162 0.0000000 0.2856679 0.3665528 0.0000000 0.0126008 0.0091260 0.0000000 0.0022306 0.0033927 0.0053889 0.0000000 0.2219596 0.0207206
 47 K  47 0.0465461 0.1163031 0.0392123 0.1501223 0.0029119 0.1755816 0.1384994 0.0076368 0.0218043 0.0192264 0.0245023 0.1636107 0.0072086 0.0016789 0.0040099 0.0158096 0.0214857 0.0000000 0.0111728 0.0121700 0.0205075
 48 H  48 0.0700423 0.0703795 0.0294002 0.2023103 0.0000000 0.0954588 0.2866807 0.0254815 0.0073440 0.0209951 0.0173610 0.0565117 0.0262080 0.0025201 0.0000000 0.0330994 0.0219345 0.0010129 0.0021885 0.0081478 0.0229237
 49 M  49 0.0143238 0.0000000 0.0000000 0.0000000 0.0016888 0.0021111 0.0032438 0.0000000 0.0000000 0.1787557 0.2145422 0.0000000 0.5080879 0.0085053 0.0000000 0.0000000 0.0083203 0.0055154 0.0000000 0.0347968 0.0201089
 50 M  50 0.0137530 0.0016136 0.0000000 0.0000000 0.0000000 0.0000000 0.0000000 0.0000000 0.0011918 0.5315338 0.0974239 0.0000000 0.2114930 0.0272751 0.0000000 0.0151386 0.0047468 0.0000000 0.0015436 0.0736141 0.0206727
 51 A  51 0.1212790 0.1566789 0.1075503 0.0894556 0.0074807 0.0889658 0.1205376 0.0220567 0.0188066 0.0023923 0.0119030 0.1305021 0.0045378 0.0026015 0.0000000 0.0682218 0.0199707 0.0000000 0.0030815 0.0048780 0.0191002
 52 E  52 0.1392968 0.0287749 0.0109771 0.1097473 0.0013143 0.0419078 0.4970143 0.0188798 0.0071802 0.0027077 0.0077390 0.0324162 0.0056232 0.0000000 0.0022037 0.0295988 0.0169302 0.0000000 0.0014546 0.0271342 0.0191002
 53 I  53 0.3203960 0.0000000 0.0039279 0.0000000 0.0011881 0.0000000 0.0017621 0.0195459 0.0042773 0.1366444 0.0325788 0.0023287 0.0194515 0.0272957 0.0000000 0.0066672 0.0075371 0.0000000 0.0147319 0.3825673 0.0191002
 54 D  54 0.0019951 0.0018410 0.0104489 0.9185475 0.0000000 0.0020085 0.0055327 0.0020585 0.0019488 0.0067777 0.0000000 0.0097933 0.0000000 0.0000000 0.0000000 0.0038239 0.0013254 0.0000000 0.0024002 0.0025964 0.0289021
 55 T  55 0.1265765 0.0486693 0.0051790 0.0091474 0.0032061 0.0486511 0.0228867 0.0162882 0.0075188 0.0687593 0.0622622 0.1255308 0.0271315 0.0111845 0.0104002 0.0558512 0.1764582 0.0000000 0.0018170 0.1471809 0.0253011
 56 D  56 0.0014396 0.0082790 0.1486967 0.7343334 0.0000000 0.0014561 0.0360165 0.0059195 0.0019994 0.0027310 0.0000000 0.0058378 0.0017687 0.0000000 0.0052263 0.0065445 0.0054707 0.0000000 0.0000000 0.0023243 0.0319566
 57 G  57 0.0113064 0.0226587 0.1338696 0.0107329 0.0084773 0.0174209 0.0095866 0.6241538 0.0152705 0.0000000 0.0084556 0.0639226 0.0068114 0.0000000 0.0035177 0.0312663 0.0045422 0.0012503 0.0000000 0.0048089 0.0219483
 58 D  58 0.0033456 0.0077636 0.2352182 0.5021419 0.0000000 0.0013335 0.0037534 0.0160539 0.0000000 0.0019862 0.0026897 0.0143534 0.0000000 0.0013448 0.0000000 0.1464712 0.0350959 0.0000000 0.0000000 0.0023579 0.0260908
 59 G  59 0.0020275 0.0096358 0.0050047 0.0061370 0.0000000 0.0000000 0.0056768 0.9223981 0.0039370 0.0000000 0.0000000 0.0019302 0.0000000 0.0000000 0.0000000 0.0087942 0.0020585 0.0000000 0.0000000 0.0076348 0.0247654
 60 F  60 0.0259214 0.1397619 0.0159533 0.0066175 0.0258070 0.0998558 0.0728507 0.0126367 0.0158078 0.0052720 0.0451640 0.0897199 0.0181319 0.0580240 0.0000000 0.0487385 0.2357216 0.0000000 0.0246255 0.0337230 0.0256674
 61 I  61 0.0000000 0.0000000 0.0000000 0.0000000 0.0024703 0.0000000 0.0000000 0.0000000 0.0000000 0.6315306 0.0924015 0.0000000 0.0094663 0.0056802 0.0000000 0.0000000 0.0031869 0.0000000 0.0000000 0.2312015 0.0240627
 62 S  62 0.0063373 0.0033924 0.1910814 0.5101794 0.0077930 0.0000000 0.0738684 0.0123429 0.0090088 0.0000000 0.0000000 0.0019985 0.0009382 0.0000000 0.0000000 0.1420157 0.0124040 0.0000000 0.0023852 0.0019472 0.0243076
 63 F  63 0.0113437 0.0000000 0.0000000 0.0000000 0.0176163 0.0041281 0.0216786 0.0000000 0.0020665 0.0138474 0.0299685 0.0044184 0.0058337 0.4717877 0.0029351 0.0008364 0.0021942 0.0048346 0.3631719 0.0182953 0.0250434
 64 Q  64 0.0340125 0.0095468 0.0617311 0.1714602 0.0000000 0.0651868 0.3028923 0.0805879 0.0147043 0.0135568 0.0119973 0.0233829 0.0033989 0.0049713 0.0691804 0.0597547 0.0334685 0.0000000 0.0080687 0.0066206 0.0254780
 65 E  65 0.0023243 0.0000000 0.0027163 0.0775228 0.0000000 0.0101002 0.8406663 0.0153325 0.0000000 0.0000000 0.0000000 0.0028152 0.0000000 0.0000000 0.0000000 0.0048836 0.0027121 0.0000000 0.0013170 0.0036253 0.0359844
 66 F  66 0.0000000 0.0000000 0.0000000 0.0000000 0.0000000 0.0000000 0.0000000 0.0000000 0.0000000 0.0000000 0.0161803 0.0000000 0.0000000 0.9237111 0.0000000 0.0020390 0.0000000 0.0071285 0.0028478 0.0023443 0.0457490
 67 T  67 0.0486936 0.0227083 0.0009645 0.0024110 0.0528179 0.0062274 0.0127876 0.0096220 0.0017996 0.1126766 0.2505777 0.0452311 0.0362446 0.0138241 0.0000000 0.0113763 0.0220540 0.0016247 0.0054008 0.2907580 0.0522004
 68 D  68 0.2635035 0.0760739 0.0429457 0.0296417 0.0084653 0.0546222 0.0670016 0.0164710 0.0189944 0.0152995 0.0144292 0.0828098 0.0054327 0.0012494 0.0021498 0.0445300 0.1610823 0.0019916 0.0107244 0.0243815 0.0582004
 69 F  69 0.0442489 0.0018056 0.0000000 0.0000000 0.0062026 0.0000000 0.0012299 0.0000000 0.0000000 0.1205757 0.2227263 0.0024676 0.4105344 0.0315596 0.0000000 0.0000000 0.0017100 0.0042390 0.0015926 0.0841126 0.0669952
 70 G  70 0.0308622 0.0007178 0.0186530 0.0014384 0.0085419 0.0042119 0.0000000 0.0013665 0.1049606 0.0296482 0.0301951 0.0020810 0.5936856 0.0033127 0.0054266 0.0035948 0.0150441 0.0010189 0.0159850 0.0360709 0.0931849
 71 R  71 0.0889345 0.1254084 0.0101264 0.0041840 0.0043542 0.0513071 0.0346791 0.0138537 0.0027881 0.0192221 0.0731391 0.1162883 0.1280097 0.0008063 0.0039086 0.0536122 0.1393044 0.0010550 0.0000000 0.0116096 0.1174091
 72 A  72 0.1206398 0.1033575 0.0901983 0.0341198 0.0008942 0.0378903 0.0211677 0.0561538 0.0249054 0.0029172 0.0034314 0.1973088 0.0057548 0.0008600 0.0167028 0.1114574 0.0173025 0.0021945 0.0076482 0.0015926 0.1435028
 73 N  73 0.0213643 0.0446912 0.0624389 0.0809072 0.0000000 0.0242219 0.0969753 0.1319193 0.0102781 0.0036792 0.0157343 0.2042124 0.0040402 0.0032682 0.0012838 0.0581704 0.0068414 0.0000000 0.0030299 0.0021835 0.2247604
 74 R  74 0.0206015 0.0524672 0.0500982 0.0347243 0.0000000 0.0240823 0.1211967 0.0292306 0.0029099 0.0262549 0.0529668 0.0742847 0.0756299 0.0011224 0.0098532 0.0243114 0.0670498 0.0016479 0.0019496 0.0181974 0.3114215
 75 G  75 0.0327410 0.0153875 0.0174878 0.2001918 0.0000000 0.0341127 0.1683466 0.0648738 0.0040839 0.0189181 0.0118337 0.0266609 0.0031087 0.0014720 0.0091095 0.0234794 0.0057017 0.0009056 0.0043884 0.0052871 0.3519097
 76 L  76 0.0126226 0.0674818 0.0353982 0.0453658 0.0026855 0.0255682 0.1319628 0.0337855 0.0059201 0.0146099 0.0324446 0.0324244 0.0156436 0.0105297 0.0164528 0.0654691 0.0260903 0.0204148 0.0203239 0.0109206 0.3738859
 77 L  77 0.0146005 0.0341763 0.0048756 0.0608287 0.0000000 0.0279673 0.1369710 0.0037238 0.0022120 0.0415158 0.1470570 0.0483112 0.0453123 0.0012305 0.0041845 0.0059797 0.0174387 0.0000000 0.0010283 0.0258012 0.3767854
 78 K  78 0.0146835 0.1131852 0.0027137 0.0420747 0.0000000 0.0261372 0.2280239 0.0055504 0.0032645 0.0025207 0.0039816 0.1239479 0.0019096 0.0000000 0.0057456 0.0206620 0.0055725 0.0022083 0.0021148 0.0038917 0.3918123
 79 D  79 0.0180908 0.0094254 0.0265571 0.0951645 0.0013601 0.0088672 0.2817550 0.0020605 0.0870434 0.0000000 0.0085305 0.0072784 0.0043048 0.0000000 0.0000000 0.0079279 0.0032132 0.0000000 0.0015864 0.0027792 0.4340557
 80 V  80 0.1609321 0.0000000 0.0000000 0.0000000 0.0033483 0.0000000 0.0046083 0.0012397 0.0000000 0.0940352 0.2327095 0.0000000 0.0118985 0.0037494 0.0000000 0.0052352 0.0029680 0.0000000 0.0000000 0.0302085 0.4490675
 81 A  81 0.0191053 0.0969300 0.0020338 0.0020605 0.0000000 0.0142621 0.0024138 0.0019882 0.0165588 0.0074030 0.0554257 0.0463257 0.0141410 0.2092787 0.0012226 0.0064651 0.0057908 0.0016988 0.0298516 0.0118548 0.4551898
 82 K  82 0.0549946 0.0992923 0.0079474 0.0338416 0.0013166 0.0145783 0.0850922 0.0000000 0.0044611 0.0076355 0.0018979 0.1985214 0.0000000 0.0000000 0.0017707 0.0109909 0.0137140 0.0000000 0.0000000 0.0024732 0.4614723
 83 I  83 0.3275437 0.0000000 0.0000000 0.0032438 0.0000000 0.0000000 0.0026807 0.0000000 0.0000000 0.0367886 0.0039118 0.0000000 0.0156073 0.0019689 0.0000000 0.0000000 0.0029221 0.0000000 0.0074021 0.1309881 0.4669428
 84 F  84 0.0000000 0.0000000 0.0000000 0.0000000 0.0000000 0.0000000 0.0000000 0.0000000 0.0000000 0.0000000 0.0000000 0.0000000 0.0000000 0.5223368 0.0000000 0.0000000 0.0000000 0.0000000 0.0000000 0.0000000 0.4776632
