  288         A         R         N         D         C         Q         E         G         H         I         L         K         M         F         P         S         T         W         Y         V    
  1 S   1 0.2186741 0.0000000 0.0734373 0.0000000 0.0000000 0.0000000 0.0000000 0.0000000 0.0000000 0.0000000 0.0000000 0.0000000 0.0000000 0.0000000 0.0000000 0.4499406 0.2579480 0.0000000 0.0000000 0.0000000
  2 H   2 0.2304359 0.0029095 0.0306389 0.0194215 0.0000000 0.0637926 0.1235179 0.0257247 0.0051450 0.0000000 0.0000000 0.0198882 0.0000000 0.0114494 0.0686377 0.2047524 0.1859845 0.0000000 0.0000000 0.0077019
  3 M   3 0.3075627 0.0000000 0.0419663 0.0227741 0.0000000 0.0965977 0.0597544 0.0448686 0.0000000 0.0024765 0.0170370 0.0316859 0.0109072 0.0088346 0.0122904 0.1819832 0.1099574 0.0000000 0.0087204 0.0425836
  4 S   4 0.3747398 0.0000000 0.0351847 0.0495223 0.0000000 0.0518510 0.0241415 0.0258120 0.0053762 0.0000000 0.0052045 0.0302960 0.0000000 0.0000000 0.0096747 0.2683364 0.1155866 0.0000000 0.0000000 0.0042744
  5 A   5 0.2581295 0.0016829 0.0188902 0.0322412 0.0000000 0.0739053 0.0805148 0.1813642 0.0093967 0.0068064 0.0192009 0.0457415 0.0050765 0.0246212 0.0093685 0.1537740 0.0534008 0.0019891 0.0037255 0.0201708
  6 P   6 0.3276349 0.0032960 0.0143172 0.0429941 0.0017747 0.0499827 0.0863078 0.0859339 0.0050621 0.0029470 0.0036815 0.0376539 0.0028487 0.0014385 0.0896578 0.1403860 0.0730823 0.0016875 0.0081589 0.0211542
  7 T   7 0.1191145 0.0044732 0.0131439 0.0712055 0.0000000 0.0662389 0.1808896 0.0670883 0.0077491 0.0000000 0.0058915 0.0906226 0.0000000 0.1880440 0.0078424 0.0560463 0.0490018 0.0107678 0.0564505 0.0054302
  8 E   8 0.0737332 0.0029324 0.0066276 0.0243523 0.0132198 0.0276153 0.0765283 0.0177856 0.0000000 0.0000000 0.0000000 0.0458934 0.0237353 0.0013542 0.3110182 0.0570684 0.3023144 0.0000000 0.0028264 0.0129951
  9 I   9 0.0167446 0.2970362 0.0000000 0.0000000 0.0000000 0.0134040 0.0013365 0.0012091 0.0121783 0.1987717 0.0745888 0.0280151 0.0227706 0.0114891 0.0013277 0.0000000 0.0070477 0.0000000 0.0201956 0.2938852
 10 T  10 0.0118923 0.0093059 0.0058386 0.0096580 0.0000000 0.0216700 0.0687390 0.0016656 0.0000000 0.0284659 0.0086230 0.0337409 0.0102653 0.0000000 0.0077627 0.0904886 0.5867656 0.0000000 0.0000000 0.1051186
 11 I  11 0.0021753 0.0000000 0.0000000 0.0000000 0.0000000 0.0000000 0.0000000 0.0000000 0.0000000 0.3970771 0.0416349 0.0000000 0.0058491 0.0245094 0.0000000 0.0000000 0.0000000 0.0035776 0.0554316 0.4697449
 12 K  12 0.0344827 0.0308394 0.0184820 0.0435242 0.0000000 0.1084066 0.2056783 0.0046454 0.0104710 0.0072662 0.0046051 0.2408003 0.0051327 0.0000000 0.0174033 0.0333079 0.2075697 0.0000000 0.0000000 0.0273854
 13 S  13 0.0112986 0.0000000 0.0206790 0.2480117 0.0000000 0.0023762 0.0012279 0.0000000 0.5217823 0.0000000 0.0013031 0.0000000 0.0041404 0.0000000 0.0000000 0.0497047 0.1232385 0.0000000 0.0162376 0.0000000
 14 S  14 0.3698352 0.0171798 0.0218907 0.0538551 0.0000000 0.0255438 0.1340076 0.0173063 0.0040324 0.0115104 0.0495907 0.0699154 0.0109735 0.0338192 0.0117537 0.0751724 0.0304138 0.0030870 0.0128834 0.0472295
 15 L  15 0.0521748 0.0881815 0.0541239 0.0149319 0.0018124 0.0764744 0.0141223 0.0284428 0.0234890 0.0047316 0.1850922 0.0743358 0.1435456 0.0872876 0.0011862 0.0299959 0.0527636 0.0000000 0.0612166 0.0060919
 16 D  16 0.0019240 0.0046669 0.0043282 0.0104807 0.0000000 0.0045480 0.0102115 0.9391026 0.0059362 0.0000000 0.0000000 0.0120470 0.0000000 0.0000000 0.0000000 0.0011353 0.0019350 0.0000000 0.0026400 0.0010445
 17 E  17 0.0141045 0.0132737 0.0109446 0.0647316 0.0000000 0.0278770 0.3618753 0.0000000 0.0012205 0.0063563 0.0031623 0.1071112 0.0040138 0.0011292 0.0389574 0.0842870 0.2322538 0.0000000 0.0000000 0.0287018
 18 V  18 0.0461477 0.0060511 0.0028859 0.0000000 0.0000000 0.0183562 0.0092324 0.0000000 0.0087870 0.0773485 0.0318801 0.0043350 0.0024952 0.0285788 0.0000000 0.0193934 0.4126239 0.0000000 0.0189873 0.3128975
 19 K  19 0.0261335 0.0152655 0.0173299 0.0291475 0.0414755 0.0421763 0.2536364 0.0017069 0.0069850 0.0060510 0.0046922 0.1390746 0.0033364 0.0000000 0.0095932 0.0420920 0.2859800 0.0000000 0.0000000 0.0753242
 20 L  20 0.0032908 0.0000000 0.0000000 0.0000000 0.0000000 0.0038516 0.0000000 0.0000000 0.0000000 0.3933524 0.1742996 0.0000000 0.0025866 0.0490723 0.0000000 0.0000000 0.0000000 0.0000000 0.0000000 0.3735467
 21 S  21 0.0368791 0.0053382 0.0307123 0.0716097 0.0078697 0.0091174 0.1537388 0.0042384 0.0017234 0.0000000 0.0009592 0.0937911 0.0000000 0.0000000 0.4940071 0.0288344 0.0560235 0.0000000 0.0000000 0.0051578
 22 K  22 0.2207541 0.0207294 0.0140978 0.0334722 0.0000000 0.0562405 0.0874217 0.0911315 0.0090018 0.0086100 0.0300890 0.1957384 0.0028083 0.0061071 0.0011024 0.0766609 0.0700651 0.0000000 0.0155220 0.0604478
 23 V  23 0.1037457 0.0368310 0.2115783 0.0620114 0.0000000 0.0686898 0.0855507 0.0038289 0.0599417 0.0049451 0.0114979 0.1115288 0.0056470 0.0000000 0.0565472 0.0188520 0.1190031 0.0000000 0.0043460 0.0354552
 24 P  24 0.0461654 0.0000000 0.0000000 0.0000000 0.0000000 0.0000000 0.0000000 0.0000000 0.0000000 0.0064728 0.0073981 0.0000000 0.0000000 0.0042497 0.9042194 0.0017081 0.0094150 0.0000000 0.0000000 0.0203715
 25 E  25 0.0252053 0.0284599 0.0071657 0.0114921 0.0000000 0.3108284 0.2028449 0.0023658 0.0011905 0.0015086 0.0131562 0.3038202 0.0063479 0.0000000 0.0024718 0.0310296 0.0424550 0.0000000 0.0000000 0.0096580
 26 K  26 0.0025905 0.7334681 0.0376973 0.0000000 0.0000000 0.0018291 0.0000000 0.0000000 0.0022064 0.0014083 0.0000000 0.1832862 0.0000000 0.0000000 0.0059186 0.0089175 0.0216893 0.0000000 0.0000000 0.0009885
 27 I  27 0.0119434 0.0000000 0.0000000 0.0000000 0.0000000 0.0000000 0.0000000 0.0000000 0.0000000 0.3514987 0.0229609 0.0000000 0.0000000 0.0000000 0.0040864 0.0000000 0.0092226 0.0000000 0.0000000 0.6002879
 28 V  28 0.1505711 0.0000000 0.0000000 0.0000000 0.0000000 0.0000000 0.0000000 0.0000000 0.0000000 0.0932799 0.0136519 0.0000000 0.0012399 0.0076212 0.0000000 0.0000000 0.0000000 0.0000000 0.0013085 0.7323276
 29 T  29 0.2060467 0.0000000 0.0026825 0.0264657 0.0025465 0.0000000 0.0000000 0.0048304 0.0000000 0.0512052 0.0142736 0.0000000 0.0019809 0.0045321 0.0016975 0.0775275 0.1661137 0.0000000 0.0029712 0.4371265
 30 F  30 0.0091681 0.0000000 0.0000000 0.0030150 0.0000000 0.0000000 0.0030491 0.0058373 0.0029874 0.0652091 0.6286079 0.0000000 0.0306700 0.1273534 0.0028085 0.0040065 0.0373817 0.0000000 0.0249129 0.0549931
 31 D  31 0.0570751 0.0000000 0.0536773 0.3429367 0.0000000 0.0116442 0.1390507 0.1368365 0.0063573 0.0016750 0.0000000 0.0000000 0.0019334 0.0207538 0.0010996 0.1383734 0.0489193 0.0017721 0.0354281 0.0024677
 32 L  32 0.0182205 0.0053048 0.0725262 0.0093272 0.0000000 0.0426744 0.0461517 0.0253959 0.0056901 0.0229425 0.1031028 0.0000000 0.0727182 0.0917634 0.0898386 0.0366143 0.0519044 0.1361217 0.1364974 0.0332059
 33 G  33 0.1132767 0.0113859 0.0512479 0.0326048 0.0000000 0.0121752 0.0859601 0.3078083 0.0072934 0.0147111 0.0105206 0.0014030 0.0081878 0.0087884 0.0206269 0.1915835 0.0628220 0.0000000 0.0172477 0.0423568
 34 A  34 0.1838315 0.0000000 0.0565022 0.0775697 0.0000000 0.0298533 0.0626958 0.0502348 0.0107100 0.0484816 0.0565289 0.0032615 0.0163339 0.1169901 0.0118535 0.0963460 0.0493150 0.0020090 0.0681480 0.0593353
 35 A  35 0.1190409 0.0000000 0.0062993 0.0084637 0.0000000 0.0431138 0.0267832 0.0094773 0.0284922 0.0292431 0.3810378 0.0000000 0.0388230 0.0193492 0.0017598 0.0216251 0.1598599 0.0000000 0.0153560 0.0912758
 36 D  36 0.0060667 0.0000000 0.0103850 0.6200122 0.0000000 0.0139229 0.2792965 0.0626228 0.0019539 0.0000000 0.0000000 0.0000000 0.0000000 0.0000000 0.0016811 0.0008951 0.0010411 0.0000000 0.0000000 0.0021229
 37 T  37 0.2031758 0.0000000 0.0828883 0.0902917 0.0000000 0.0182298 0.0134408 0.0092576 0.0101607 0.0714585 0.0244983 0.0000000 0.0178231 0.0250053 0.0190963 0.0909549 0.2411232 0.0000000 0.0253975 0.0571983
 38 I  38 0.1447359 0.0000000 0.0000000 0.0000000 0.0000000 0.0000000 0.0000000 0.0000000 0.0000000 0.0455697 0.5363884 0.0000000 0.0668842 0.0184305 0.0115835 0.0118313 0.0103501 0.0000000 0.0067284 0.1474980
 39 R  39 0.0777165 0.0128739 0.0150974 0.1277401 0.0143647 0.0253163 0.0106421 0.0031218 0.0216425 0.0474680 0.3948234 0.0242900 0.0227448 0.0228775 0.0000000 0.0161434 0.0244532 0.0025089 0.0241813 0.1119943
 40 A  40 0.5721778 0.0101555 0.0149582 0.0129417 0.0000000 0.0432939 0.0481905 0.0029479 0.0069521 0.0233783 0.0329530 0.0339850 0.0045125 0.0111655 0.0045409 0.0930430 0.0465447 0.0000000 0.0159437 0.0223159
 41 L  41 0.0193646 0.0000000 0.0000000 0.0000000 0.0000000 0.0000000 0.0000000 0.0000000 0.0000000 0.0345099 0.8168404 0.0000000 0.0278036 0.0287235 0.0000000 0.0000000 0.0026533 0.0137266 0.0052737 0.0511043
 42 G  42 0.0022872 0.0022047 0.0301941 0.1020280 0.0000000 0.0025971 0.0188028 0.8286433 0.0021617 0.0000000 0.0000000 0.0057789 0.0000000 0.0000000 0.0000000 0.0053021 0.0000000 0.0000000 0.0000000 0.0000000
 43 F  43 0.0525126 0.0000000 0.0000000 0.0009626 0.0000000 0.0047698 0.0146540 0.0276762 0.0091870 0.2183164 0.1080034 0.0125781 0.0152984 0.0113403 0.0000000 0.0018727 0.0132204 0.0000000 0.0131554 0.4964527
 44 E  44 0.0273559 0.0160376 0.0444001 0.0352680 0.0000000 0.1128744 0.0985078 0.0409583 0.0096507 0.0151083 0.0120562 0.2524377 0.0100941 0.0013819 0.0740203 0.0461014 0.1437571 0.0048716 0.0012959 0.0538225
 45 K  45 0.0084071 0.0000000 0.0050000 0.0897391 0.0000000 0.0000000 0.0174725 0.0228461 0.0000000 0.0172105 0.0348589 0.0068082 0.0030158 0.0054191 0.7040514 0.0212458 0.0021233 0.0000000 0.0000000 0.0618022
 46 N  46 0.0786179 0.0578339 0.0097152 0.0060294 0.0048070 0.0102618 0.0138728 0.0010784 0.0048993 0.1007801 0.0185966 0.0663077 0.0035662 0.0016727 0.0021950 0.0144628 0.0282207 0.0000000 0.0081477 0.5689350
 47 I  47 0.1377537 0.0000000 0.0000000 0.0000000 0.0000000 0.0000000 0.0000000 0.5882079 0.0000000 0.0753416 0.0166917 0.0000000 0.0043810 0.0018850 0.0000000 0.0027167 0.0058992 0.0037909 0.0000000 0.1633323
 48 V  48 0.2496642 0.0030165 0.0059607 0.0040370 0.0000000 0.0277641 0.0011250 0.0136927 0.0000000 0.0841380 0.0203320 0.0156536 0.0427599 0.0107360 0.0000000 0.0314182 0.0828366 0.0011276 0.0210876 0.3846503
 49 G  49 0.3378450 0.0092388 0.0000000 0.0256600 0.0000000 0.0000000 0.0010865 0.2981606 0.0000000 0.0197941 0.0000000 0.0016303 0.0058911 0.0029307 0.0445673 0.0605269 0.0613783 0.0281374 0.0009962 0.1021568
 50 M  50 0.0728786 0.0598261 0.0373491 0.1975721 0.0000000 0.0380904 0.0523374 0.0190484 0.0000000 0.0382185 0.0816277 0.0484754 0.0364968 0.0061422 0.0069102 0.0844872 0.0619661 0.0000000 0.0285696 0.1300039
 51 P  51 0.1158717 0.0049174 0.0213623 0.1405551 0.0023055 0.0013344 0.0134951 0.0636824 0.0077755 0.0255598 0.0126946 0.0086876 0.0040180 0.0058854 0.2125227 0.1134956 0.0883333 0.0774012 0.0130779 0.0670243
 52 T  52 0.0468150 0.0099911 0.0765957 0.1085101 0.0000000 0.0618111 0.0473396 0.1156064 0.0069730 0.0220195 0.0298497 0.1773987 0.0037997 0.0219339 0.0105971 0.0884761 0.0552553 0.0626878 0.0287715 0.0255686
 53 K  53 0.0620456 0.0289794 0.0712364 0.1482489 0.0000000 0.0287875 0.0620067 0.1671068 0.0026379 0.0078649 0.0250059 0.0911743 0.0140322 0.0221185 0.0131087 0.1016790 0.0716879 0.0133331 0.0542693 0.0146771
 54 T  54 0.0630426 0.0350947 0.0872257 0.0526716 0.0124735 0.0352010 0.0758726 0.1892062 0.0174440 0.0200916 0.0369519 0.0751521 0.0271757 0.0202674 0.0252481 0.0900441 0.0717387 0.0010421 0.0418526 0.0222038
 55 V  55 0.0322834 0.0177213 0.0645190 0.0400590 0.0000000 0.0430610 0.0160090 0.0306411 0.0065929 0.0859625 0.1538698 0.0579461 0.0292131 0.1103192 0.0233573 0.0174794 0.0215846 0.0195798 0.0717927 0.1580086
 56 P  56 0.0344241 0.0102868 0.0294192 0.0226215 0.0000000 0.0614180 0.0121435 0.0344693 0.0118204 0.0209074 0.0738438 0.0168553 0.0061483 0.0127437 0.5481296 0.0349355 0.0128593 0.0280214 0.0126959 0.0162569
 57 T  57 0.1023561 0.0352298 0.0308209 0.1718701 0.0000000 0.0314597 0.1052399 0.0225528 0.0156729 0.0060183 0.0054332 0.0567571 0.0016841 0.0015460 0.1968485 0.0847885 0.0345293 0.0714325 0.0051407 0.0206197
 58 Y  58 0.0277645 0.0086543 0.0132005 0.0179801 0.0000000 0.0081374 0.0258225 0.0075002 0.0393519 0.0134790 0.0194154 0.0147503 0.0196330 0.0962805 0.0141741 0.0189884 0.0146117 0.1241601 0.4764098 0.0396864
 59 L  59 0.0695581 0.0038774 0.0031734 0.0088411 0.0000000 0.0030194 0.0086936 0.0022484 0.0000000 0.0761633 0.5457798 0.0013684 0.0119757 0.0450245 0.0335452 0.0136057 0.0236949 0.0014945 0.0183461 0.1295905
 60 K  60 0.1272082 0.1042849 0.0189042 0.0282780 0.0000000 0.0933360 0.0891962 0.0753898 0.0057921 0.0046380 0.0138021 0.2202040 0.0036068 0.0035445 0.0955026 0.0880206 0.0220796 0.0000000 0.0000000 0.0062123
 61 D  61 0.0669090 0.0093087 0.0198319 0.2392623 0.0000000 0.0527907 0.1867846 0.0749936 0.0132007 0.0000000 0.0066600 0.1676609 0.0000000 0.0014330 0.0681330 0.0610783 0.0128777 0.0083517 0.0094966 0.0012274
 62 L  62 0.1165383 0.0697131 0.0040597 0.0373572 0.0000000 0.0604546 0.0617699 0.0115285 0.0098491 0.0365989 0.1103414 0.1806979 0.0073908 0.0494097 0.0075738 0.0170247 0.0231461 0.0016102 0.1513116 0.0436244
 63 V  63 0.1203100 0.0083115 0.0141521 0.0304615 0.0000000 0.0312209 0.0087844 0.0283738 0.0000000 0.0614702 0.2654502 0.0636269 0.0487680 0.0253182 0.0367041 0.0360013 0.0702690 0.0191725 0.0265756 0.1050299
 64 G  64 0.1039848 0.0165319 0.0236102 0.2214572 0.0000000 0.0522478 0.1378392 0.1475014 0.0119448 0.0103723 0.0008852 0.1561362 0.0000000 0.0000000 0.0277438 0.0609065 0.0269837 0.0000000 0.0000000 0.0018552
 65 T  65 0.0367290 0.0091246 0.0606305 0.2384288 0.0000000 0.0244608 0.0907679 0.2589071 0.0000000 0.0000000 0.0029746 0.1208167 0.0000000 0.0019503 0.0260985 0.0977164 0.0299910 0.0000000 0.0014036 0.0000000
 66 V  66 0.1370749 0.0161216 0.0000000 0.0013359 0.0000000 0.0063763 0.0030583 0.0053855 0.0000000 0.1591141 0.0362555 0.0208307 0.0089183 0.0234754 0.0159410 0.0146478 0.0635652 0.0365123 0.1538034 0.2975839
 67 K  67 0.0968744 0.0073461 0.0051426 0.0210620 0.0000000 0.0818044 0.1722190 0.0019476 0.0036303 0.0232382 0.0164519 0.1198451 0.0079946 0.0025960 0.1798633 0.0094020 0.1752420 0.0000000 0.0012714 0.0740690
 68 N  68 0.0259651 0.0111210 0.1602999 0.1825992 0.0000000 0.0229990 0.0625342 0.0111526 0.0181792 0.0688995 0.0211712 0.0595727 0.0055965 0.0036385 0.0543697 0.1556164 0.0302721 0.0000000 0.0043471 0.1016660
 69 V  69 0.0735549 0.0000000 0.0000000 0.0012739 0.0018836 0.0041317 0.0016828 0.0028281 0.0000000 0.1958806 0.1439729 0.0000000 0.0121456 0.0031052 0.0035059 0.0045096 0.0300620 0.0019381 0.0010893 0.5184360
 70 G  70 0.0070671 0.0012014 0.0016719 0.0126702 0.0000000 0.0000000 0.0048468 0.8992114 0.0000000 0.0148204 0.0168436 0.0008464 0.0018698 0.0113995 0.0067914 0.0036408 0.0012395 0.0000000 0.0034869 0.0123928
 71 S  71 0.0384814 0.0065674 0.0605361 0.0986565 0.0000000 0.0134151 0.0600729 0.0863339 0.0035841 0.0088200 0.0576137 0.0222397 0.0293399 0.0040139 0.0149996 0.1637904 0.2931638 0.0069607 0.0121625 0.0192485
 72 M  72 0.0286881 0.2089076 0.0117639 0.0086358 0.0000000 0.0078060 0.1018593 0.0307167 0.0117709 0.0835395 0.1902250 0.0254010 0.0412938 0.0269047 0.0357372 0.0445469 0.0474892 0.0062674 0.0203536 0.0680935
 73 K  73 0.0635098 0.0421263 0.0339144 0.0410627 0.0000000 0.0434796 0.0142563 0.1083839 0.0269431 0.0101228 0.0209216 0.1223449 0.0410658 0.1318073 0.0187046 0.1208744 0.1006256 0.0094598 0.0190144 0.0313825
 74 E  74 0.0487646 0.0104015 0.0462113 0.0704300 0.0000000 0.2224363 0.4585024 0.0225792 0.0044608 0.0015294 0.0041051 0.0199919 0.0000000 0.0000000 0.0100419 0.0448204 0.0317891 0.0000000 0.0027563 0.0011796
 75 P  75 0.0272217 0.0000000 0.0013629 0.0044790 0.0000000 0.0032379 0.0188984 0.0011841 0.0000000 0.0669165 0.0459921 0.0000000 0.0174086 0.0097468 0.7049815 0.0016046 0.0094219 0.0029703 0.0094484 0.0751253
 76 D  76 0.0128232 0.0011853 0.4626726 0.2884303 0.0000000 0.0075616 0.0073690 0.0013769 0.0000000 0.0000000 0.0038607 0.0078687 0.0000000 0.0000000 0.0176788 0.1864333 0.0011323 0.0000000 0.0000000 0.0016074
 77 L  77 0.0133829 0.0017855 0.0000000 0.0000000 0.0000000 0.0030769 0.0000000 0.0000000 0.0014704 0.0997537 0.4448793 0.0000000 0.0536253 0.1662097 0.0166288 0.0011894 0.0052328 0.0000000 0.1001027 0.0926625
 78 E  78 0.0084560 0.0014646 0.0044558 0.0423253 0.0000000 0.0027565 0.9292946 0.0011545 0.0000000 0.0014107 0.0000000 0.0070393 0.0000000 0.0000000 0.0000000 0.0000000 0.0016427 0.0000000 0.0000000 0.0000000
 79 A  79 0.3439601 0.0586423 0.0051273 0.0158381 0.0000000 0.0398925 0.0382661 0.0134360 0.0012775 0.0149640 0.0416040 0.2764866 0.0051267 0.0000000 0.0000000 0.0273873 0.0600754 0.0000000 0.0000000 0.0579162
 80 I  80 0.0023741 0.0000000 0.0000000 0.0000000 0.0000000 0.0000000 0.0000000 0.0000000 0.0000000 0.6572568 0.1449781 0.0000000 0.0140418 0.0018508 0.0000000 0.0000000 0.0049646 0.0000000 0.0000000 0.1745338
 81 A  81 0.4136654 0.0048416 0.0648181 0.0027035 0.0000000 0.0041436 0.0060938 0.0122105 0.0219697 0.0551081 0.1396498 0.0111623 0.0369034 0.0087403 0.0000000 0.0898431 0.0283683 0.0000000 0.0441237 0.0556550
 82 A  82 0.3936475 0.0230028 0.0310801 0.0277835 0.0000000 0.0608439 0.1436737 0.0216305 0.0000000 0.0010745 0.0220719 0.0647211 0.0174899 0.0000000 0.0017119 0.1458693 0.0288844 0.0046833 0.0045277 0.0073039
 83 L  83 0.1127577 0.0000000 0.0000000 0.0031248 0.0070977 0.0336792 0.0058086 0.0020423 0.0029540 0.0280883 0.6754118 0.0000000 0.0323773 0.0164445 0.0000000 0.0209137 0.0227633 0.0000000 0.0143027 0.0222341
 84 E  84 0.0426187 0.0461793 0.0820095 0.0569566 0.0000000 0.1298548 0.1251546 0.0114110 0.0220848 0.0000000 0.0000000 0.4482920 0.0019343 0.0000000 0.0000000 0.0220385 0.0114659 0.0000000 0.0000000 0.0000000
 85 P  85 0.0053812 0.0000000 0.0000000 0.0000000 0.0000000 0.0000000 0.0000000 0.0000000 0.0000000 0.0000000 0.0018187 0.0000000 0.0000000 0.0000000 0.9909556 0.0000000 0.0018445 0.0000000 0.0000000 0.0000000
 86 D  86 0.0000000 0.0000000 0.0045202 0.9433858 0.0000000 0.0157618 0.0280939 0.0022370 0.0000000 0.0000000 0.0000000 0.0025004 0.0000000 0.0000000 0.0000000 0.0000000 0.0035009 0.0000000 0.0000000 0.0000000
 87 L  87 0.0066339 0.0017709 0.0000000 0.0000000 0.0000000 0.0000000 0.0000000 0.0000000 0.0018811 0.0174921 0.8303040 0.0000000 0.0029806 0.0016073 0.0000000 0.0000000 0.0000000 0.0000000 0.0000000 0.1373302
 88 I  88 0.0023741 0.0000000 0.0000000 0.0000000 0.0000000 0.0000000 0.0000000 0.0000000 0.0000000 0.9222099 0.0051531 0.0000000 0.0030455 0.0000000 0.0000000 0.0000000 0.0000000 0.0000000 0.0000000 0.0672174
 89 I  89 0.0021904 0.0000000 0.0000000 0.0000000 0.0018799 0.0000000 0.0000000 0.0000000 0.0000000 0.4624251 0.3411193 0.0000000 0.0011168 0.0498794 0.0000000 0.0000000 0.0013652 0.0000000 0.0054131 0.1346109
 90 A  90 0.3043386 0.0031072 0.0045480 0.0031500 0.0012420 0.0000000 0.0000000 0.2248285 0.0000000 0.1593561 0.0265227 0.0119868 0.0424451 0.0045556 0.0000000 0.0400020 0.0497245 0.0000000 0.0000000 0.1241927
 91 S  91 0.0778476 0.0018701 0.0720218 0.0837131 0.0000000 0.0051441 0.0127693 0.1575674 0.0043915 0.0031983 0.0266481 0.0016792 0.0053744 0.0102579 0.0037082 0.3936486 0.1155026 0.0043390 0.0038719 0.0164469
 92 P  92 0.0679962 0.0174593 0.0585928 0.0700037 0.0000000 0.0422855 0.0370213 0.2529230 0.0030686 0.0026451 0.0012449 0.1091108 0.0015998 0.0179283 0.0474508 0.1921117 0.0535938 0.0000000 0.0184758 0.0064886
 93 R  93 0.0348496 0.4971422 0.0326878 0.0141175 0.0000000 0.0129339 0.0116785 0.0322999 0.0197744 0.0509951 0.0771536 0.0344683 0.0434416 0.0303394 0.0118956 0.0160473 0.0271774 0.0087976 0.0237284 0.0204719
 94 T  94 0.0706914 0.0067126 0.0407542 0.0853420 0.0000000 0.1665743 0.0074336 0.0136223 0.2131251 0.0047570 0.0304236 0.0087382 0.0333626 0.0385271 0.0064640 0.1217593 0.1356726 0.0000000 0.0084966 0.0075434
 95 Q  95 0.2110176 0.0470218 0.0157116 0.0436172 0.0000000 0.1043581 0.2190380 0.0629396 0.0054702 0.0120757 0.0136711 0.0770047 0.0109582 0.0000000 0.0422354 0.0949567 0.0260692 0.0000000 0.0013574 0.0124976
 96 K  96 0.1384807 0.0230324 0.0478905 0.1295419 0.0000000 0.0462328 0.1646611 0.0809294 0.0019045 0.0013865 0.0000000 0.2218832 0.0000000 0.0021118 0.0520269 0.0475106 0.0411578 0.0000000 0.0000000 0.0012497
 97 F  97 0.0979206 0.0206715 0.0685703 0.0497045 0.0000000 0.0884168 0.0359705 0.0064087 0.0201546 0.1654585 0.1090416 0.0688316 0.0294252 0.0278319 0.0014962 0.0569606 0.0358577 0.0000000 0.0274780 0.0898012
 98 V  98 0.0314482 0.0111218 0.0035188 0.0010308 0.0000000 0.0043322 0.0049337 0.0015254 0.0120175 0.0634621 0.0829040 0.0153400 0.0086535 0.0298979 0.0000000 0.0000000 0.0058226 0.0014134 0.6637807 0.0587975
 99 D  99 0.0789443 0.0180607 0.0336782 0.3464175 0.0000000 0.0428243 0.2168523 0.0308712 0.0059538 0.0010796 0.0018182 0.0941765 0.0000000 0.0000000 0.0795274 0.0306539 0.0191420 0.0000000 0.0000000 0.0000000
100 K 100 0.0794922 0.0290102 0.0069891 0.0635018 0.0000000 0.2578756 0.1784494 0.0050294 0.0068226 0.0092642 0.0710366 0.1708331 0.0045730 0.0022819 0.0096869 0.0246841 0.0761912 0.0000000 0.0019571 0.0023216
101 F 101 0.0081252 0.0000000 0.0000000 0.0000000 0.0010459 0.0000000 0.0000000 0.0000000 0.0000000 0.0185213 0.8222168 0.0000000 0.0318390 0.0625909 0.0000000 0.0000000 0.0082196 0.0000000 0.0363925 0.0110487
102 K 102 0.0645672 0.0192418 0.0596629 0.0093251 0.0010907 0.0528049 0.0902184 0.0120976 0.0025093 0.0000000 0.0026513 0.1479302 0.0025289 0.0000000 0.0013913 0.4965963 0.0337675 0.0000000 0.0000000 0.0036165
103 E 103 0.1276840 0.0740792 0.0149494 0.0286803 0.0000000 0.1491203 0.1410407 0.0293438 0.0000000 0.0000000 0.0052045 0.3762199 0.0016025 0.0012641 0.0044014 0.0321381 0.0075150 0.0000000 0.0013187 0.0054381
104 I 104 0.0348142 0.0000000 0.0096962 0.0024286 0.0000000 0.0014813 0.0000000 0.0000000 0.0021213 0.8370552 0.0492651 0.0016617 0.0112529 0.0122741 0.0000000 0.0019618 0.0044145 0.0000000 0.0015622 0.0300109
105 A 105 0.9139485 0.0000000 0.0048190 0.0000000 0.0030163 0.0000000 0.0010862 0.0335973 0.0000000 0.0019645 0.0032457 0.0000000 0.0000000 0.0016641 0.0018830 0.0088639 0.0075805 0.0000000 0.0000000 0.0183312
106 P 106 0.0017345 0.0022171 0.0021607 0.0013135 0.0000000 0.0040790 0.0000000 0.0000000 0.0000000 0.0070737 0.0040928 0.0076079 0.0011118 0.0016841 0.9469783 0.0016684 0.0125603 0.0000000 0.0000000 0.0057178
107 T 107 0.0150848 0.0000000 0.0142855 0.0000000 0.0000000 0.0000000 0.0000000 0.0018401 0.0000000 0.0119096 0.0024071 0.0091896 0.0012437 0.0000000 0.0034240 0.0063459 0.7619419 0.0000000 0.0000000 0.1723279
108 V 108 0.0171626 0.0000000 0.0000000 0.0000000 0.0000000 0.0013794 0.0018852 0.0018846 0.0011889 0.2712247 0.1531175 0.0000000 0.0081032 0.0160844 0.0000000 0.0000000 0.0057118 0.0000000 0.0334901 0.4887676
109 L 109 0.1283375 0.0067092 0.0218493 0.0874989 0.0000000 0.0050661 0.0201598 0.0236957 0.0196434 0.0505442 0.0950855 0.0013296 0.0725795 0.1310935 0.0351446 0.0290814 0.0305662 0.0000000 0.0771646 0.1644511
110 F 110 0.0248091 0.0012653 0.0014562 0.0000000 0.0018843 0.0362622 0.0000000 0.0029864 0.0020701 0.0874924 0.2785958 0.0010762 0.0838997 0.1576351 0.0186383 0.0224652 0.0555240 0.0000000 0.0700691 0.1538707
111 Q 111 0.0474229 0.0137880 0.0407902 0.1220076 0.0000000 0.0300094 0.1009338 0.0779157 0.0050867 0.0142682 0.0026846 0.1033930 0.0039896 0.0013943 0.1560298 0.1330865 0.1225306 0.0000000 0.0135657 0.0111033
112 A 112 0.0893254 0.0197217 0.0405805 0.0284465 0.0000000 0.0078268 0.0479656 0.0376464 0.0272626 0.0891364 0.0356625 0.0328869 0.0156901 0.0266079 0.0802154 0.1323675 0.0749707 0.0182131 0.0876005 0.1078736
113 S 113 0.0466731 0.0774276 0.0573289 0.2515971 0.0000000 0.0278735 0.0609424 0.1089666 0.0032702 0.0246766 0.0395566 0.0361456 0.0025671 0.0286738 0.0521991 0.0445807 0.0365426 0.0142079 0.0541062 0.0326644
114 K 114 0.0794140 0.0288623 0.1075184 0.0686451 0.0000000 0.0415642 0.0492540 0.1674052 0.0236181 0.0073685 0.0035780 0.0666667 0.0061606 0.0195807 0.0430582 0.1319494 0.0886599 0.0056292 0.0478310 0.0132366
115 D 115 0.0893613 0.0199317 0.0430829 0.0772950 0.0000000 0.0359836 0.1603882 0.1355141 0.0156058 0.0257794 0.0303769 0.0969597 0.0025439 0.0103939 0.0448197 0.0716741 0.0768501 0.0013332 0.0069924 0.0551140
116 D 116 0.0217998 0.0255344 0.1989700 0.3656487 0.0000000 0.0234411 0.0354652 0.0623497 0.0242519 0.0028040 0.0065530 0.0504389 0.0026560 0.0042600 0.0334114 0.0306831 0.1078268 0.0000000 0.0013812 0.0025248
117 Y 117 0.0236493 0.0054126 0.0313243 0.0162115 0.0000000 0.0358168 0.0126476 0.0150928 0.0147423 0.0305178 0.0808242 0.0036959 0.0120699 0.0818782 0.0604758 0.0808455 0.0664168 0.0576620 0.3371424 0.0335745
118 W 118 0.0502499 0.0296727 0.0133564 0.0121839 0.0000000 0.0361528 0.0246595 0.1052250 0.0024345 0.1039142 0.1734509 0.0212080 0.0537494 0.0620078 0.0057990 0.0309633 0.0250493 0.0649238 0.0760501 0.1089495
119 T 119 0.1051949 0.0069517 0.0454297 0.1537196 0.0000000 0.0750039 0.1934034 0.0748884 0.0014988 0.0124146 0.0069958 0.0605558 0.0086850 0.0344326 0.0241063 0.0361428 0.1082518 0.0000000 0.0276556 0.0246693
120 S 120 0.0439313 0.0153733 0.0921369 0.1621525 0.0000000 0.0636512 0.0843426 0.0366861 0.0069362 0.0101876 0.0047978 0.0138160 0.0064925 0.0025517 0.1017593 0.2550546 0.0629989 0.0027045 0.0181245 0.0163025
121 T 121 0.0775602 0.0012497 0.0016557 0.0012214 0.0000000 0.0051653 0.0000000 0.0133187 0.0196328 0.0800348 0.1157054 0.0000000 0.0501326 0.0978013 0.0066049 0.0102090 0.0444668 0.3834751 0.0030468 0.0887196
122 K 122 0.0159053 0.1241212 0.0089691 0.0251791 0.0000000 0.1670844 0.1044821 0.0000000 0.0100608 0.0406315 0.0492294 0.3431420 0.0099764 0.0048040 0.0070605 0.0064120 0.0402584 0.0000000 0.0224932 0.0201906
123 A 123 0.0960071 0.0448054 0.0335735 0.1757608 0.0000000 0.1064309 0.2756609 0.0271110 0.0123908 0.0100642 0.0094518 0.0872399 0.0000000 0.0000000 0.0027280 0.0654464 0.0356759 0.0000000 0.0042620 0.0133916
124 N 124 0.0487459 0.0815580 0.3085258 0.0384324 0.0010429 0.1169323 0.0369536 0.0070978 0.0503725 0.0387303 0.0123043 0.0129775 0.0330862 0.0035497 0.0014426 0.0761138 0.1002237 0.0024004 0.0035156 0.0259948
125 I 125 0.0842156 0.0000000 0.0000000 0.0000000 0.0000000 0.0041294 0.0010866 0.0000000 0.0008718 0.1216380 0.2561837 0.0019226 0.0304564 0.1906713 0.0000000 0.0021589 0.1582928 0.0265308 0.0147779 0.1070640
126 E 126 0.0523363 0.1953896 0.0294023 0.0368086 0.0000000 0.0603550 0.1431716 0.0097969 0.0039650 0.0190933 0.1133422 0.1423109 0.0254284 0.0000000 0.0058885 0.0239995 0.1235715 0.0000000 0.0000000 0.0151403
127 S 127 0.0668572 0.0287817 0.0430881 0.0322027 0.0000000 0.0439126 0.0396712 0.0058643 0.0108196 0.0690104 0.2362945 0.0510430 0.0596947 0.0338918 0.0000000 0.0278699 0.1966691 0.0000000 0.0122260 0.0421032
128 L 128 0.0219230 0.0000000 0.0193523 0.0078177 0.0000000 0.0000000 0.0026788 0.0000000 0.0060603 0.2529104 0.3000918 0.0000000 0.0430355 0.0689446 0.0000000 0.0070708 0.0297131 0.0039325 0.0906456 0.1458239
129 A 129 0.3884420 0.0000000 0.0000000 0.0000000 0.0000000 0.0000000 0.0025615 0.5699255 0.0015289 0.0000000 0.0000000 0.0000000 0.0000000 0.0000000 0.0000000 0.0303891 0.0071529 0.0000000 0.0000000 0.0000000
130 S 130 0.0833485 0.0727886 0.0213810 0.0824878 0.0023797 0.1064546 0.1987813 0.0052285 0.0041289 0.0083686 0.0068889 0.3078303 0.0021008 0.0000000 0.0000000 0.0348026 0.0403730 0.0000000 0.0000000 0.0226570
131 A 131 0.3791268 0.0017251 0.0000000 0.0000000 0.0000000 0.0000000 0.0000000 0.0054083 0.0000000 0.2156149 0.2053518 0.0020534 0.0292951 0.0027469 0.0000000 0.0079190 0.0074276 0.0030454 0.0000000 0.1402856
132 F 132 0.0048818 0.0000000 0.0000000 0.0000000 0.0000000 0.0000000 0.0013408 0.0000000 0.0000000 0.0323826 0.3727339 0.0000000 0.0307238 0.2878413 0.0000000 0.0075670 0.1037785 0.0035104 0.0242483 0.1309918
133 G 133 0.0092210 0.0018576 0.2174875 0.1003059 0.0008897 0.0106412 0.0107696 0.6146483 0.0141288 0.0013621 0.0011907 0.0054506 0.0000000 0.0000000 0.0025706 0.0084774 0.0000000 0.0000000 0.0009990 0.0000000
134 E 134 0.0000000 0.2035265 0.0035877 0.0020328 0.0000000 0.0338053 0.0477235 0.0000000 0.0101366 0.0033377 0.0033499 0.6775779 0.0055956 0.0015177 0.0000000 0.0021889 0.0056199 0.0000000 0.0000000 0.0000000
135 T 135 0.0144029 0.0156597 0.0190580 0.0793901 0.0000000 0.2754177 0.1843615 0.0233827 0.0050721 0.0086840 0.0148410 0.0837274 0.0047325 0.0000000 0.0725792 0.1230305 0.0643352 0.0000000 0.0000000 0.0113254
136 S 136 0.3709675 0.0229968 0.0211423 0.0617746 0.0090612 0.0109176 0.0286575 0.0355492 0.0036929 0.0277751 0.0564695 0.0400225 0.0391540 0.0031003 0.0358282 0.0805320 0.0958512 0.0000000 0.0000000 0.0565076
137 T 137 0.0992659 0.0191364 0.0000000 0.0141737 0.0000000 0.0222862 0.6109808 0.0069512 0.0041648 0.0084332 0.0242671 0.0651952 0.0025222 0.0073311 0.0258138 0.0075391 0.0678138 0.0000000 0.0000000 0.0141256
138 Q 138 0.1083888 0.0024620 0.0096101 0.2512643 0.0000000 0.0797927 0.2773430 0.0302779 0.0017119 0.0076663 0.0014233 0.1369640 0.0133663 0.0000000 0.0078688 0.0205875 0.0170146 0.0000000 0.0000000 0.0342586
139 K 139 0.0425998 0.0511357 0.0052968 0.0185886 0.0000000 0.1466822 0.4323179 0.0026552 0.0017561 0.0052597 0.0327534 0.2171210 0.0013528 0.0044857 0.0000000 0.0028095 0.0084394 0.0000000 0.0013554 0.0253909
140 A 140 0.7218020 0.0000000 0.0000000 0.0000000 0.0000000 0.0000000 0.0012516 0.1382468 0.0000000 0.0040907 0.0071296 0.0000000 0.0415036 0.0000000 0.0016315 0.0072728 0.0130355 0.0000000 0.0037395 0.0602963
141 K 141 0.0765385 0.0519054 0.0378956 0.0924007 0.0000000 0.1183861 0.2978790 0.0056057 0.0047550 0.0033458 0.0074021 0.2259041 0.0054510 0.0000000 0.0050066 0.0125551 0.0424797 0.0000000 0.0000000 0.0124896
142 E 142 0.1195573 0.0570430 0.0120694 0.0499095 0.0000000 0.2007795 0.1971863 0.0201625 0.0057902 0.0022598 0.0033588 0.2153811 0.0028214 0.0000000 0.0013374 0.0430898 0.0588382 0.0018052 0.0000000 0.0086106
143 E 143 0.0753103 0.0695544 0.0000000 0.0014738 0.0025939 0.0293189 0.0374979 0.0000000 0.0049255 0.0498294 0.3044552 0.0937922 0.0148838 0.0279805 0.0000000 0.0017865 0.0081866 0.0989758 0.0149735 0.1644618
144 L 144 0.0214859 0.0068078 0.0175269 0.0065259 0.0000000 0.0108267 0.0069459 0.0011172 0.0000000 0.2694228 0.4175062 0.0196439 0.0303503 0.0053004 0.0000000 0.0069229 0.0086406 0.0070359 0.0030164 0.1609242
145 A 145 0.3448285 0.0166647 0.0560738 0.1187343 0.0000000 0.0695225 0.1057139 0.0230282 0.0027600 0.0022843 0.0041300 0.0877710 0.0000000 0.0014399 0.0000000 0.0778557 0.0722493 0.0000000 0.0022434 0.0147007
146 K 146 0.1078729 0.0424083 0.0617257 0.2342536 0.0000000 0.1055603 0.1798834 0.0602513 0.0074993 0.0012960 0.0121149 0.0963372 0.0021339 0.0013095 0.0000000 0.0449122 0.0296391 0.0029348 0.0078697 0.0019980
147 L 147 0.0099459 0.0000000 0.0034777 0.0000000 0.0000000 0.0098088 0.0000000 0.0000000 0.0713476 0.1225245 0.1854227 0.0000000 0.0542949 0.1465360 0.0000000 0.0000000 0.0468160 0.0371828 0.2547996 0.0578433
148 D 148 0.0227715 0.0397287 0.0761494 0.3294860 0.0000000 0.1146409 0.2208034 0.0017441 0.0223227 0.0010660 0.0058690 0.1061332 0.0031293 0.0011046 0.0000000 0.0154522 0.0226006 0.0000000 0.0131039 0.0038946
149 K 149 0.2361570 0.0384303 0.0304273 0.0735953 0.0000000 0.1666042 0.1142106 0.0245615 0.0042994 0.0035119 0.0050417 0.1624603 0.0024093 0.0000000 0.0000000 0.0611750 0.0712920 0.0000000 0.0000000 0.0058242
150 S 150 0.0669973 0.2912117 0.0103437 0.0419387 0.0000000 0.0708686 0.0458825 0.0060509 0.0243618 0.0222303 0.0455782 0.2656047 0.0030148 0.0048090 0.0000000 0.0431623 0.0423881 0.0000000 0.0030629 0.0124945
151 I 151 0.1598343 0.0051956 0.0027339 0.0023539 0.0085165 0.0013921 0.0040099 0.0010725 0.0000000 0.2544304 0.1500921 0.0018811 0.0515606 0.1039412 0.0000000 0.0073131 0.0146637 0.0046621 0.0174555 0.2088915
152 Q 152 0.3764119 0.0224070 0.0305963 0.0792323 0.0000000 0.0747599 0.1635746 0.0054680 0.0037001 0.0059977 0.0126315 0.1257724 0.0000000 0.0000000 0.0000000 0.0384064 0.0520432 0.0000000 0.0000000 0.0089987
153 E 153 0.1896708 0.0345334 0.0177641 0.1759214 0.0000000 0.0888815 0.2569077 0.0194998 0.0074354 0.0017624 0.0035542 0.0959470 0.0011972 0.0000000 0.0000000 0.0467248 0.0461493 0.0000000 0.0032272 0.0108238
154 V 154 0.2441844 0.0014563 0.0186955 0.0035188 0.0012371 0.0084003 0.0039464 0.0135934 0.0000000 0.1372694 0.2089275 0.0186624 0.0129693 0.0552751 0.0000000 0.0161518 0.0608594 0.0045394 0.0342533 0.1560602
155 A 155 0.1215639 0.2103164 0.0209182 0.0039332 0.0000000 0.0572557 0.0098374 0.1087469 0.0195818 0.0000000 0.0083091 0.3788924 0.0020177 0.0000000 0.0000000 0.0322836 0.0157213 0.0000000 0.0000000 0.0106223
156 T 156 0.2470165 0.0351080 0.0195661 0.0948126 0.0000000 0.1041790 0.1782729 0.0247654 0.0035554 0.0050287 0.0027947 0.1422834 0.0010389 0.0013114 0.0032188 0.0744326 0.0585161 0.0000000 0.0000000 0.0040994
157 K 157 0.1664507 0.0755338 0.0136949 0.0334095 0.0000000 0.1083403 0.0938440 0.0071173 0.0148446 0.0114551 0.0239073 0.3393372 0.0073549 0.0138872 0.0011947 0.0288387 0.0299317 0.0000000 0.0101262 0.0207319
158 N 158 0.1272999 0.0015053 0.0496729 0.0016512 0.0000000 0.0036984 0.0032968 0.0061220 0.0851920 0.1808824 0.2671409 0.0029314 0.0250767 0.0220734 0.0000000 0.0128886 0.0643398 0.0000000 0.0321051 0.1141232
159 E 159 0.1650451 0.0295588 0.0288458 0.0384177 0.0000000 0.0809798 0.0894841 0.1151998 0.0020097 0.0054690 0.0020680 0.1726354 0.0039237 0.0000000 0.1646638 0.0498838 0.0418276 0.0000000 0.0000000 0.0099878
160 S 160 0.1699967 0.0143965 0.0745083 0.1490867 0.0000000 0.0706392 0.1429489 0.1402022 0.0061339 0.0044167 0.0113858 0.0847452 0.0000000 0.0037897 0.0222982 0.0622366 0.0322047 0.0000000 0.0011878 0.0098229
161 S 161 0.1943597 0.0554335 0.0569028 0.0210227 0.0000000 0.0262995 0.0332565 0.0586331 0.0157128 0.0130195 0.0373789 0.2494252 0.0038590 0.0521160 0.0180030 0.0787980 0.0420522 0.0336648 0.0026507 0.0074122
162 D 162 0.0620072 0.0060758 0.0958516 0.1961312 0.0000000 0.0368402 0.0694188 0.2567707 0.0233173 0.0010609 0.0257772 0.0763253 0.0000000 0.0033662 0.0781426 0.0311875 0.0216951 0.0000000 0.0110539 0.0049786
163 K 163 0.0634046 0.0495732 0.0095817 0.0312609 0.0000000 0.0741999 0.1203158 0.1188646 0.0022188 0.0107539 0.0428276 0.2499449 0.0088098 0.0094974 0.0961573 0.0282117 0.0565815 0.0012627 0.0056400 0.0208938
164 K 164 0.0333623 0.0380756 0.0497749 0.0281011 0.0000000 0.0381347 0.0458821 0.0091241 0.0000000 0.0054431 0.0076749 0.2565714 0.0040792 0.0028397 0.0393154 0.1025749 0.3094778 0.0000000 0.0000000 0.0295689
165 A 165 0.2745362 0.0055567 0.0091307 0.0061980 0.0000000 0.0171054 0.0039356 0.0820261 0.0000000 0.0612273 0.0285260 0.0207897 0.0019860 0.0418181 0.0056294 0.0272499 0.0805530 0.0000000 0.0209239 0.3128079
166 L 166 0.1070136 0.0000000 0.0026759 0.0000000 0.0000000 0.0155104 0.0023683 0.0122852 0.0013346 0.0236692 0.3305102 0.0015622 0.0705902 0.0356066 0.0000000 0.2456685 0.0487715 0.0000000 0.0000000 0.1024338
167 A 167 0.0996959 0.0045121 0.0012530 0.0000000 0.0016617 0.0036071 0.0049520 0.0134289 0.0022755 0.1867739 0.1174624 0.0014813 0.0405334 0.1061688 0.0175323 0.0260901 0.0450898 0.0000000 0.0221932 0.3052887
168 I 168 0.0550702 0.0279897 0.0059829 0.0000000 0.0018708 0.0022106 0.0000000 0.0473655 0.0037913 0.1809438 0.1957390 0.0000000 0.0333170 0.0521636 0.0000000 0.0038336 0.0179556 0.0038973 0.0488542 0.3190149
169 L 169 0.0665607 0.2304191 0.0314850 0.0154392 0.0027020 0.0247953 0.0568853 0.0337541 0.0072154 0.0349636 0.1623674 0.0024020 0.1153718 0.0491243 0.0021138 0.0355706 0.0278290 0.0132110 0.0131460 0.0746444
170 L 170 0.1178892 0.0087635 0.0260072 0.0079002 0.0017644 0.0068078 0.0076895 0.0187251 0.0391082 0.0626035 0.0571365 0.0043670 0.0174202 0.1670751 0.0130100 0.0688217 0.1146382 0.0430524 0.0401960 0.1770242
171 N 171 0.0466651 0.0950650 0.2403037 0.0384731 0.0021104 0.0144222 0.0147614 0.0263477 0.0054031 0.0089271 0.0343843 0.0114776 0.0519550 0.0306474 0.0071259 0.1325809 0.1289905 0.0388324 0.0389276 0.0325994
172 E 172 0.1229547 0.0034928 0.0722503 0.1544340 0.0021130 0.0107412 0.1144272 0.2165483 0.0055821 0.0013995 0.0042157 0.0207999 0.0020289 0.0000000 0.1479345 0.0668184 0.0222995 0.0062316 0.0143632 0.0113651
173 G 173 0.0374306 0.0180390 0.0665649 0.1401138 0.0000000 0.0457566 0.0264797 0.3930515 0.0000000 0.0022982 0.0000000 0.1471868 0.0000000 0.0000000 0.0431386 0.0483220 0.0265363 0.0000000 0.0026542 0.0024278
174 K 174 0.0430080 0.0362470 0.0838143 0.0392732 0.0000000 0.1048503 0.0750167 0.1395339 0.0518216 0.0007473 0.0092353 0.1713557 0.0007786 0.0020719 0.0251072 0.1111398 0.0924248 0.0015564 0.0082415 0.0037766
175 M 175 0.0349885 0.0000000 0.0063925 0.0000000 0.0000000 0.0000000 0.0014628 0.0026706 0.0043884 0.2054643 0.2125162 0.0000000 0.0888512 0.1602858 0.0305273 0.0138615 0.0471868 0.0126042 0.0428051 0.1359949
176 A 176 0.0567570 0.2377519 0.0541819 0.0058023 0.0023781 0.0089212 0.0081238 0.0531241 0.0000000 0.0100236 0.0214703 0.0098590 0.0204064 0.0711128 0.0026185 0.2209357 0.0590473 0.0466295 0.1026909 0.0081656
177 A 177 0.2238066 0.0036421 0.0044187 0.0000000 0.0016682 0.0028652 0.0014408 0.0185967 0.0014835 0.1404563 0.1831787 0.0000000 0.0418415 0.0306519 0.0160210 0.0331101 0.0553492 0.0015991 0.0099866 0.2298838
178 F 178 0.0292614 0.0108198 0.0031472 0.0063710 0.0000000 0.0174363 0.0099443 0.0048359 0.0895654 0.0232396 0.0386100 0.0025760 0.0485631 0.2467498 0.0050577 0.0144699 0.0049465 0.0086187 0.4167035 0.0190840
179 G 179 0.0503499 0.0119825 0.0227989 0.0192427 0.0007620 0.0203246 0.0040297 0.4613050 0.0172582 0.0039858 0.0562016 0.0056494 0.0115585 0.0103250 0.0287935 0.0975573 0.1250361 0.0051085 0.0250608 0.0226697
180 A 180 0.0944128 0.0293001 0.0640894 0.1075731 0.0000000 0.0427684 0.0766329 0.0299642 0.0074270 0.0094181 0.0118529 0.1032033 0.0054474 0.0026987 0.2265071 0.0893028 0.0745807 0.0000000 0.0027644 0.0220566
181 K 181 0.0618179 0.0223596 0.1945495 0.1154640 0.0000000 0.0610517 0.0659716 0.2313190 0.0266155 0.0000000 0.0113941 0.0822860 0.0023474 0.0069206 0.0046053 0.0375920 0.0509604 0.0000000 0.0121933 0.0125520
182 S 182 0.0158620 0.0251511 0.0330706 0.0956702 0.0051814 0.0055803 0.0048905 0.0875845 0.0037166 0.0064743 0.0184030 0.0015069 0.0045417 0.0296032 0.0000000 0.5072591 0.0915334 0.0244002 0.0165541 0.0230169
183 R 183 0.0143496 0.2487101 0.0128388 0.0022258 0.0000000 0.0023510 0.0081513 0.0649796 0.0070685 0.0271139 0.0630249 0.0036195 0.0217485 0.2913626 0.0714557 0.0185508 0.0246207 0.0051893 0.0841055 0.0285338
184 F 184 0.1595034 0.1589053 0.0021492 0.0061072 0.0214967 0.0167235 0.0000000 0.0778431 0.0013671 0.0446480 0.0267911 0.0090352 0.0065935 0.1935406 0.0370504 0.0807635 0.0561917 0.0000000 0.0519773 0.0493133
185 S 185 0.0568334 0.0025721 0.0347895 0.0334826 0.0000000 0.0268838 0.0030575 0.6197777 0.0085158 0.0091585 0.0053629 0.0000000 0.0093897 0.0040486 0.0131514 0.1049431 0.0300656 0.0000000 0.0054752 0.0324927
186 F 186 0.0489658 0.0494925 0.0117381 0.0563520 0.0016246 0.0744254 0.0287664 0.0683923 0.0074020 0.1229612 0.0460336 0.0152654 0.0124319 0.0703346 0.0199179 0.1320536 0.0513927 0.0479783 0.0363112 0.0981605
187 L 187 0.0218317 0.0000000 0.0000000 0.0000000 0.0022778 0.0000000 0.0000000 0.0000000 0.0000000 0.3194268 0.2651119 0.0000000 0.0159973 0.0950276 0.0000000 0.0014119 0.0305619 0.0000000 0.0103979 0.2379554
188 Y 188 0.0258225 0.0000000 0.0116176 0.0121191 0.0019573 0.0015309 0.0014838 0.0101211 0.1133044 0.0514133 0.3734750 0.0029990 0.0240080 0.1202328 0.0000000 0.0010113 0.0022130 0.0000000 0.2140030 0.0326879
189 Q 189 0.0710067 0.0294070 0.0833026 0.1856296 0.0000000 0.0960546 0.1471770 0.0313055 0.0203132 0.0061250 0.0047828 0.1015739 0.0052234 0.0000000 0.0000000 0.0987368 0.1136405 0.0000000 0.0000000 0.0057215
