  288         A         R         N         D         C         Q         E         G         H         I         L         K         M         F         P         S         T         W         Y         V         X    
  1 S   1 0.0531844 0.0000000 0.0180083 0.0000000 0.0000000 0.0000000 0.0000000 0.0000000 0.0000000 0.0000000 0.0000000 0.0000000 0.0000000 0.0000000 0.0000000 0.1123864 0.0649870 0.0000000 0.0000000 0.0000000 0.7514339
  2 H   2 0.0896898 0.0011339 0.0118798 0.0077188 0.0000000 0.0245149 0.0478503 0.0102136 0.0020165 0.0000000 0.0000000 0.0074747 0.0000000 0.0043260 0.0267930 0.0805552 0.0721459 0.0000000 0.0000000 0.0029137 0.6107739
  3 M   3 0.1366031 0.0000000 0.0183736 0.0110361 0.0000000 0.0434323 0.0267267 0.0192037 0.0000000 0.0010551 0.0073174 0.0136701 0.0046248 0.0039733 0.0052191 0.0803346 0.0474438 0.0000000 0.0036701 0.0181315 0.5591844
  4 S   4 0.1910841 0.0000000 0.0176737 0.0255310 0.0000000 0.0273324 0.0122193 0.0130632 0.0026669 0.0000000 0.0025730 0.0154441 0.0000000 0.0000000 0.0049898 0.1387498 0.0601386 0.0000000 0.0000000 0.0021048 0.4864292
  5 A   5 0.1613422 0.0010468 0.0115150 0.0198648 0.0000000 0.0452415 0.0493819 0.1133211 0.0057777 0.0041111 0.0118383 0.0289089 0.0030788 0.0148524 0.0061614 0.0948796 0.0327794 0.0012282 0.0022718 0.0125186 0.3798805
  6 P   6 0.2291226 0.0023484 0.0102556 0.0317447 0.0012376 0.0356568 0.0602042 0.0615154 0.0034995 0.0020528 0.0025668 0.0268430 0.0019356 0.0009800 0.0629512 0.0986922 0.0516383 0.0011790 0.0056772 0.0149369 0.2949623
  7 T   7 0.0925606 0.0035634 0.0101661 0.0551949 0.0000000 0.0512189 0.1418139 0.0530563 0.0058384 0.0000000 0.0044906 0.0696676 0.0000000 0.1475023 0.0060133 0.0435523 0.0374026 0.0082581 0.0460564 0.0041125 0.2195317
  8 E   8 0.0582178 0.0024799 0.0051854 0.0192243 0.0103745 0.0219313 0.0599611 0.0144339 0.0000000 0.0000000 0.0000000 0.0366113 0.0190451 0.0010576 0.2510159 0.0448805 0.2451432 0.0000000 0.0025138 0.0102639 0.1976604
  9 I   9 0.0142872 0.2573729 0.0000000 0.0000000 0.0000000 0.0120643 0.0011087 0.0010424 0.0106670 0.1712107 0.0652539 0.0240777 0.0189884 0.0098996 0.0010982 0.0000000 0.0059245 0.0000000 0.0169181 0.2503175 0.1397689
 10 T  10 0.0103151 0.0079092 0.0051380 0.0082162 0.0000000 0.0187154 0.0596750 0.0014386 0.0000000 0.0253818 0.0076625 0.0295530 0.0091172 0.0000000 0.0066858 0.0776483 0.5208837 0.0000000 0.0000000 0.0923503 0.1193100
 11 I  11 0.0019690 0.0000000 0.0000000 0.0000000 0.0000000 0.0000000 0.0000000 0.0000000 0.0000000 0.3643002 0.0391436 0.0000000 0.0054516 0.0230744 0.0000000 0.0000000 0.0000000 0.0031740 0.0539575 0.4350097 0.0739200
 12 K  12 0.0329359 0.0286017 0.0168330 0.0398334 0.0000000 0.1027505 0.1918510 0.0042512 0.0096904 0.0068768 0.0042552 0.2238307 0.0047834 0.0000000 0.0148686 0.0314747 0.1948695 0.0000000 0.0000000 0.0265502 0.0657438
 13 S  13 0.0107303 0.0000000 0.0190783 0.2357411 0.0000000 0.0022439 0.0011011 0.0000000 0.4856045 0.0000000 0.0013458 0.0000000 0.0040453 0.0000000 0.0000000 0.0485453 0.1146704 0.0000000 0.0152503 0.0000000 0.0616438
 14 S  14 0.3477678 0.0163894 0.0201569 0.0512004 0.0000000 0.0238235 0.1272773 0.0162472 0.0036950 0.0108201 0.0467489 0.0640514 0.0100992 0.0323079 0.0107308 0.0713905 0.0287078 0.0029245 0.0122819 0.0453107 0.0580686
 15 L  15 0.0493072 0.0834240 0.0526360 0.0143616 0.0016376 0.0703832 0.0130914 0.0266151 0.0223806 0.0044745 0.1752826 0.0706209 0.1351870 0.0813079 0.0013156 0.0289015 0.0502209 0.0000000 0.0573088 0.0057434 0.0558001
 16 D  16 0.0017774 0.0047898 0.0040104 0.0098711 0.0000000 0.0043383 0.0093844 0.8868528 0.0054680 0.0000000 0.0000000 0.0114510 0.0000000 0.0000000 0.0000000 0.0010418 0.0017426 0.0000000 0.0025073 0.0009650 0.0558001
 17 E  17 0.0141081 0.0130072 0.0104793 0.0623944 0.0000000 0.0264256 0.3486061 0.0000000 0.0011854 0.0059904 0.0029615 0.1035753 0.0038502 0.0010570 0.0395512 0.0800619 0.2221933 0.0000000 0.0000000 0.0270732 0.0374797
 18 V  18 0.0449894 0.0057140 0.0027080 0.0000000 0.0000000 0.0171966 0.0086015 0.0000000 0.0082871 0.0753858 0.0301234 0.0041753 0.0023871 0.0273013 0.0000000 0.0180825 0.3953071 0.0000000 0.0182780 0.3048169 0.0366461
 19 K  19 0.0262208 0.0145304 0.0167010 0.0282432 0.0396524 0.0401029 0.2470197 0.0015931 0.0066027 0.0057928 0.0044254 0.1349125 0.0031457 0.0000000 0.0090659 0.0403626 0.2751057 0.0000000 0.0000000 0.0725045 0.0340185
 20 L  20 0.0032034 0.0000000 0.0000000 0.0000000 0.0000000 0.0036412 0.0000000 0.0000000 0.0000000 0.3848189 0.1689235 0.0000000 0.0024026 0.0468587 0.0000000 0.0000000 0.0000000 0.0000000 0.0000000 0.3635413 0.0266103
 21 S  21 0.0344086 0.0051731 0.0294898 0.0694288 0.0077762 0.0086912 0.1511242 0.0041812 0.0017288 0.0000000 0.0008971 0.0915280 0.0000000 0.0000000 0.4876692 0.0279434 0.0539277 0.0000000 0.0000000 0.0051028 0.0209298
 22 K  22 0.2208169 0.0206904 0.0138543 0.0322429 0.0000000 0.0538939 0.0849100 0.0883359 0.0085779 0.0081783 0.0292607 0.1946640 0.0028889 0.0058700 0.0010658 0.0756204 0.0689407 0.0000000 0.0149201 0.0588494 0.0164196
 23 V  23 0.1018252 0.0357425 0.2084543 0.0617337 0.0000000 0.0681003 0.0862315 0.0038747 0.0597145 0.0048937 0.0111908 0.1110596 0.0056554 0.0000000 0.0552011 0.0183956 0.1147217 0.0000000 0.0045477 0.0342882 0.0143697
 24 P  24 0.0442105 0.0000000 0.0000000 0.0000000 0.0000000 0.0000000 0.0000000 0.0000000 0.0000000 0.0062193 0.0070094 0.0000000 0.0000000 0.0043497 0.8913949 0.0016007 0.0092421 0.0000000 0.0000000 0.0198970 0.0160765
 25 E  25 0.0248126 0.0281136 0.0069026 0.0112444 0.0000000 0.3073935 0.2012707 0.0024072 0.0011458 0.0014315 0.0132887 0.2984184 0.0066260 0.0000000 0.0024538 0.0301546 0.0407543 0.0000000 0.0000000 0.0093185 0.0142637
 26 K  26 0.0024553 0.7337358 0.0370264 0.0000000 0.0000000 0.0017355 0.0000000 0.0000000 0.0023127 0.0013853 0.0000000 0.1800692 0.0000000 0.0000000 0.0057359 0.0094260 0.0219325 0.0000000 0.0000000 0.0009536 0.0032317
 27 I  27 0.0117531 0.0000000 0.0000000 0.0000000 0.0000000 0.0000000 0.0000000 0.0000000 0.0000000 0.3541467 0.0225099 0.0000000 0.0000000 0.0000000 0.0039059 0.0000000 0.0093407 0.0000000 0.0000000 0.5951121 0.0032317
 28 V  28 0.1472059 0.0000000 0.0000000 0.0000000 0.0000000 0.0000000 0.0000000 0.0000000 0.0000000 0.0919903 0.0130490 0.0000000 0.0011261 0.0074280 0.0000000 0.0000000 0.0000000 0.0000000 0.0012060 0.7228226 0.0151721
 29 T  29 0.2006787 0.0000000 0.0026891 0.0266323 0.0024554 0.0000000 0.0000000 0.0047504 0.0000000 0.0500511 0.0147055 0.0000000 0.0018860 0.0046537 0.0017802 0.0774472 0.1644895 0.0000000 0.0029245 0.4264375 0.0184188
 30 F  30 0.0089214 0.0000000 0.0000000 0.0030442 0.0000000 0.0000000 0.0030817 0.0056761 0.0029245 0.0632061 0.6145810 0.0000000 0.0292385 0.1233815 0.0027357 0.0039903 0.0368088 0.0000000 0.0249281 0.0540436 0.0234384
 31 D  31 0.0583356 0.0000000 0.0522028 0.3317158 0.0000000 0.0121365 0.1346719 0.1311613 0.0066337 0.0016130 0.0000000 0.0000000 0.0019379 0.0205613 0.0011064 0.1357044 0.0474056 0.0016646 0.0346259 0.0024882 0.0260352
 32 L  32 0.0180743 0.0050724 0.0690433 0.0089584 0.0000000 0.0415939 0.0435565 0.0245611 0.0053578 0.0217412 0.0979765 0.0000000 0.0685598 0.0876886 0.0904636 0.0365362 0.0495264 0.1285819 0.1295750 0.0313554 0.0417778
 33 G  33 0.1106994 0.0111884 0.0494678 0.0317854 0.0000000 0.0118942 0.0839516 0.3008095 0.0072283 0.0144101 0.0106130 0.0013250 0.0079403 0.0086870 0.0201490 0.1921118 0.0602648 0.0000000 0.0174905 0.0434866 0.0164971
 34 A  34 0.1774944 0.0000000 0.0571972 0.0732435 0.0000000 0.0293185 0.0617713 0.0479145 0.0106631 0.0484623 0.0554554 0.0031322 0.0165600 0.1142378 0.0117692 0.0935071 0.0478582 0.0020034 0.0677066 0.0569424 0.0247630
 35 A  35 0.1159780 0.0000000 0.0060373 0.0079904 0.0000000 0.0424927 0.0270959 0.0096631 0.0276989 0.0269712 0.3717443 0.0000000 0.0380493 0.0190299 0.0016646 0.0216342 0.1598908 0.0000000 0.0157279 0.0884427 0.0198889
 36 D  36 0.0059449 0.0000000 0.0103676 0.6127899 0.0000000 0.0132838 0.2764699 0.0646336 0.0018828 0.0000000 0.0000000 0.0000000 0.0000000 0.0000000 0.0017802 0.0008470 0.0010050 0.0000000 0.0000000 0.0019943 0.0090010
 37 T  37 0.1996183 0.0000000 0.0823199 0.0901569 0.0000000 0.0176137 0.0132242 0.0091399 0.0103960 0.0700029 0.0250691 0.0000000 0.0175132 0.0242363 0.0187542 0.0906977 0.2384960 0.0000000 0.0252798 0.0558768 0.0116052
 38 I  38 0.1458102 0.0000000 0.0000000 0.0000000 0.0000000 0.0000000 0.0000000 0.0000000 0.0000000 0.0443533 0.5341791 0.0000000 0.0662556 0.0182572 0.0114971 0.0117401 0.0101128 0.0000000 0.0071394 0.1481413 0.0025138
 39 R  39 0.0768530 0.0123307 0.0151633 0.1253451 0.0138942 0.0250727 0.0102771 0.0030419 0.0213114 0.0474808 0.3943030 0.0240469 0.0234029 0.0238192 0.0000000 0.0165075 0.0241884 0.0024427 0.0249107 0.1145688 0.0010396
 40 A  40 0.5706198 0.0099605 0.0147947 0.0126338 0.0000000 0.0422708 0.0467007 0.0029603 0.0057997 0.0226976 0.0344557 0.0349147 0.0043429 0.0125105 0.0046416 0.0921636 0.0461209 0.0000000 0.0158389 0.0223244 0.0042490
 41 L  41 0.0201542 0.0000000 0.0000000 0.0000000 0.0000000 0.0000000 0.0000000 0.0000000 0.0000000 0.0355081 0.8143072 0.0000000 0.0278615 0.0285478 0.0000000 0.0000000 0.0025350 0.0135903 0.0050297 0.0514174 0.0010488
 42 G  42 0.0021695 0.0021657 0.0301680 0.1018966 0.0000000 0.0024520 0.0185792 0.8242618 0.0020490 0.0000000 0.0000000 0.0056302 0.0000000 0.0000000 0.0000000 0.0051125 0.0000000 0.0000000 0.0000000 0.0000000 0.0055154
 43 F  43 0.0541135 0.0000000 0.0000000 0.0009299 0.0000000 0.0045454 0.0142963 0.0280901 0.0091739 0.2149796 0.1077627 0.0121526 0.0151345 0.0110086 0.0000000 0.0018416 0.0131969 0.0000000 0.0138874 0.4933717 0.0055154
 44 E  44 0.0282607 0.0156943 0.0447184 0.0355251 0.0000000 0.1088565 0.0960780 0.0415333 0.0097285 0.0150153 0.0133354 0.2466166 0.0102369 0.0015729 0.0718898 0.0463368 0.1428361 0.0046309 0.0012862 0.0533298 0.0125186
 45 K  45 0.0076454 0.0000000 0.0044791 0.0832910 0.0000000 0.0000000 0.0156430 0.0206415 0.0000000 0.0156884 0.0324555 0.0060268 0.0026997 0.0047629 0.6347700 0.0198295 0.0021750 0.0000000 0.0000000 0.0551020 0.0947900
 46 N  46 0.0688768 0.0516777 0.0085004 0.0052335 0.0045106 0.0089641 0.0125799 0.0009574 0.0042038 0.0894293 0.0161594 0.0611516 0.0032451 0.0015410 0.0022397 0.0130829 0.0253167 0.0000000 0.0072070 0.5102345 0.1048885
 47 I  47 0.1331552 0.0000000 0.0000000 0.0000000 0.0000000 0.0000000 0.0000000 0.5721726 0.0000000 0.0728117 0.0164447 0.0000000 0.0041425 0.0017426 0.0000000 0.0026076 0.0058671 0.0035725 0.0000000 0.1599627 0.0275209
 48 V  48 0.2444269 0.0030704 0.0056086 0.0038863 0.0000000 0.0276253 0.0010979 0.0135453 0.0000000 0.0813787 0.0211864 0.0153033 0.0420544 0.0109547 0.0000000 0.0289238 0.0811376 0.0012187 0.0206547 0.3787744 0.0191526
 49 G  49 0.3267622 0.0088299 0.0000000 0.0266150 0.0000000 0.0000000 0.0010438 0.2877646 0.0000000 0.0190414 0.0000000 0.0014957 0.0056486 0.0027329 0.0413956 0.0584944 0.0591251 0.0275777 0.0009254 0.0983064 0.0342412
 50 M  50 0.0696855 0.0564297 0.0349293 0.1865092 0.0000000 0.0361525 0.0494940 0.0178064 0.0000000 0.0359427 0.0782285 0.0454559 0.0338135 0.0056624 0.0065008 0.0829634 0.0600749 0.0000000 0.0277094 0.1268907 0.0457511
 51 P  51 0.1146911 0.0050078 0.0207509 0.1370449 0.0022814 0.0012587 0.0138844 0.0617241 0.0084740 0.0252328 0.0123121 0.0086856 0.0041850 0.0056944 0.2084653 0.1129349 0.0898061 0.0768636 0.0132773 0.0650892 0.0123363
 52 T  52 0.0463443 0.0097667 0.0751668 0.1095990 0.0000000 0.0613801 0.0467667 0.1128415 0.0067335 0.0213490 0.0300279 0.1741193 0.0038195 0.0210124 0.0102947 0.0896440 0.0550122 0.0630078 0.0285851 0.0241963 0.0103331
 53 K  53 0.0600105 0.0280448 0.0713610 0.1447049 0.0000000 0.0284296 0.0601702 0.1624324 0.0027577 0.0082637 0.0250226 0.0884759 0.0139350 0.0222771 0.0125188 0.1007085 0.0702288 0.0131725 0.0547009 0.0142038 0.0185811
 54 T  54 0.0612339 0.0337213 0.0856565 0.0523680 0.0125473 0.0342365 0.0742789 0.1867110 0.0164833 0.0192177 0.0361598 0.0737805 0.0266918 0.0193809 0.0240721 0.0877468 0.0683949 0.0009692 0.0396959 0.0217731 0.0248806
 55 V  55 0.0318186 0.0170072 0.0662440 0.0395094 0.0000000 0.0417078 0.0160246 0.0299862 0.0067479 0.0846676 0.1497704 0.0567207 0.0284413 0.1093115 0.0231016 0.0171545 0.0206887 0.0193255 0.0705001 0.1547089 0.0165634
 56 P  56 0.0323675 0.0097844 0.0281256 0.0229594 0.0000000 0.0587263 0.0116978 0.0322347 0.0112322 0.0197074 0.0702181 0.0164581 0.0057966 0.0122161 0.5240765 0.0338198 0.0119833 0.0265199 0.0126835 0.0155712 0.0438215
 57 T  57 0.0979652 0.0345237 0.0292257 0.1646677 0.0000000 0.0297410 0.1000588 0.0210092 0.0143695 0.0058026 0.0053309 0.0535423 0.0017629 0.0014056 0.1863728 0.0805669 0.0332563 0.0670593 0.0048393 0.0190860 0.0494144
 58 Y  58 0.0275196 0.0084309 0.0128576 0.0178493 0.0000000 0.0080027 0.0250156 0.0072209 0.0380976 0.0131302 0.0188261 0.0144872 0.0194257 0.0964099 0.0135123 0.0183316 0.0142272 0.1199043 0.4698977 0.0381367 0.0187167
 59 L  59 0.0672782 0.0037115 0.0030047 0.0083664 0.0000000 0.0029310 0.0081684 0.0021283 0.0000000 0.0744056 0.5301140 0.0012694 0.0115143 0.0444777 0.0342950 0.0130855 0.0226009 0.0014191 0.0185452 0.1254136 0.0272710
 60 K  60 0.1253726 0.1034870 0.0185560 0.0280802 0.0000000 0.0923291 0.0879407 0.0770218 0.0057943 0.0043959 0.0133957 0.2161843 0.0035691 0.0033693 0.0962080 0.0855142 0.0216404 0.0000000 0.0000000 0.0059866 0.0111550
 61 D  61 0.0649396 0.0095755 0.0193216 0.2386265 0.0000000 0.0515052 0.1869466 0.0748318 0.0127868 0.0000000 0.0065710 0.1628270 0.0000000 0.0013733 0.0682163 0.0597107 0.0124690 0.0086320 0.0091903 0.0011741 0.0113026
 62 L  62 0.1127493 0.0698810 0.0039804 0.0364380 0.0000000 0.0606623 0.0611183 0.0110469 0.0095124 0.0356348 0.1073507 0.1777764 0.0070093 0.0476488 0.0085155 0.0166241 0.0229524 0.0015276 0.1467511 0.0439233 0.0188972
 63 V  63 0.1185405 0.0081049 0.0134881 0.0294126 0.0000000 0.0314407 0.0084185 0.0274522 0.0000000 0.0595987 0.2646880 0.0627231 0.0481859 0.0248626 0.0359146 0.0346074 0.0681765 0.0181045 0.0257327 0.1050856 0.0154627
 64 G  64 0.1056450 0.0166487 0.0232569 0.2179156 0.0000000 0.0521141 0.1347175 0.1433484 0.0114612 0.0102263 0.0008489 0.1575050 0.0000000 0.0000000 0.0269584 0.0594006 0.0264636 0.0000000 0.0000000 0.0018150 0.0116749
 65 T  65 0.0366623 0.0089917 0.0598816 0.2363887 0.0000000 0.0237177 0.0891468 0.2608681 0.0000000 0.0000000 0.0028877 0.1185997 0.0000000 0.0018743 0.0255640 0.0957877 0.0296931 0.0000000 0.0013665 0.0000000 0.0085699
 66 V  66 0.1359770 0.0171626 0.0000000 0.0012587 0.0000000 0.0062763 0.0028739 0.0052376 0.0000000 0.1584925 0.0361673 0.0201120 0.0087333 0.0228247 0.0154135 0.0141926 0.0621045 0.0354237 0.1486247 0.2952488 0.0138764
 67 K  67 0.0960328 0.0076022 0.0049801 0.0207782 0.0000000 0.0822298 0.1741047 0.0018894 0.0037260 0.0224318 0.0157135 0.1201741 0.0077681 0.0025503 0.1781353 0.0091889 0.1732027 0.0000000 0.0012405 0.0727927 0.0054590
 68 N  68 0.0264863 0.0112151 0.1582480 0.1795589 0.0000000 0.0224522 0.0633556 0.0108321 0.0187255 0.0706222 0.0197461 0.0596115 0.0055370 0.0034944 0.0549096 0.1555762 0.0300410 0.0000000 0.0042491 0.1029509 0.0023886
 69 V  69 0.0735526 0.0000000 0.0000000 0.0012194 0.0020519 0.0040102 0.0016001 0.0026334 0.0000000 0.1952370 0.1434560 0.0000000 0.0118530 0.0029973 0.0034780 0.0044180 0.0299741 0.0018743 0.0010658 0.5181904 0.0023886
 70 G  70 0.0070615 0.0011089 0.0015370 0.0121185 0.0000000 0.0000000 0.0047080 0.8655733 0.0000000 0.0137016 0.0161078 0.0009190 0.0018586 0.0108723 0.0065083 0.0034617 0.0011481 0.0000000 0.0033225 0.0118198 0.0381730
 71 S  71 0.0366349 0.0060612 0.0583167 0.0964399 0.0000000 0.0130952 0.0586578 0.0839252 0.0034802 0.0088565 0.0559543 0.0211556 0.0285917 0.0037084 0.0142561 0.1551690 0.2798694 0.0067273 0.0121560 0.0187102 0.0382345
 72 M  72 0.0274523 0.1972858 0.0117375 0.0082234 0.0000000 0.0073819 0.0978070 0.0293206 0.0110811 0.0799806 0.1806867 0.0243944 0.0396518 0.0276663 0.0343346 0.0429234 0.0460155 0.0063576 0.0199740 0.0656966 0.0420289
 73 K  73 0.0623088 0.0401280 0.0336661 0.0400319 0.0000000 0.0423739 0.0141585 0.1048413 0.0263253 0.0096971 0.0203171 0.1175332 0.0401720 0.1261472 0.0185508 0.1202147 0.0992015 0.0092528 0.0184850 0.0294227 0.0271721
 74 E  74 0.0474434 0.0097247 0.0460855 0.0685377 0.0000000 0.2137118 0.4364410 0.0222460 0.0041392 0.0014052 0.0039889 0.0189970 0.0000000 0.0000000 0.0097660 0.0435004 0.0318562 0.0000000 0.0025350 0.0011087 0.0385134
 75 P  75 0.0273914 0.0000000 0.0012846 0.0045372 0.0000000 0.0031643 0.0197036 0.0011511 0.0000000 0.0652356 0.0459457 0.0000000 0.0178793 0.0096692 0.6879894 0.0016190 0.0091901 0.0029164 0.0091162 0.0748298 0.0183771
 76 D  76 0.0122932 0.0013567 0.4548669 0.2889667 0.0000000 0.0072121 0.0071504 0.0014208 0.0000000 0.0000000 0.0037211 0.0076715 0.0000000 0.0000000 0.0173580 0.1858667 0.0010740 0.0000000 0.0000000 0.0015066 0.0095351
 77 L  77 0.0134501 0.0018970 0.0000000 0.0000000 0.0000000 0.0029650 0.0000000 0.0000000 0.0013907 0.1018855 0.4411970 0.0000000 0.0530287 0.1610260 0.0170097 0.0012025 0.0051711 0.0000000 0.0982512 0.0928714 0.0086540
 78 E  78 0.0084457 0.0014809 0.0042738 0.0414152 0.0000000 0.0026809 0.9306480 0.0011525 0.0000000 0.0014023 0.0000000 0.0069165 0.0000000 0.0000000 0.0000000 0.0000000 0.0015843 0.0000000 0.0000000 0.0000000 0.0000000
 79 A  79 0.3428235 0.0590516 0.0049737 0.0159723 0.0000000 0.0395588 0.0384993 0.0141929 0.0014263 0.0153956 0.0409803 0.2783602 0.0050693 0.0000000 0.0000000 0.0279241 0.0588592 0.0000000 0.0000000 0.0569130 0.0000000
 80 I  80 0.0023351 0.0000000 0.0000000 0.0000000 0.0000000 0.0000000 0.0000000 0.0000000 0.0000000 0.6573928 0.1443441 0.0000000 0.0136577 0.0019107 0.0000000 0.0000000 0.0049870 0.0000000 0.0000000 0.1753727 0.0000000
 81 A  81 0.4133193 0.0047117 0.0638199 0.0026181 0.0000000 0.0041825 0.0059483 0.0119846 0.0214930 0.0564697 0.1434488 0.0108314 0.0373035 0.0087308 0.0000000 0.0874340 0.0284275 0.0000000 0.0431704 0.0561064 0.0000000
 82 A  82 0.3943738 0.0225688 0.0308513 0.0285905 0.0000000 0.0605863 0.1440897 0.0216382 0.0000000 0.0010883 0.0222750 0.0647072 0.0171625 0.0000000 0.0016380 0.1451471 0.0283880 0.0049108 0.0043884 0.0075959 0.0000000
 83 L  83 0.1105814 0.0000000 0.0000000 0.0030577 0.0071472 0.0331701 0.0056647 0.0019504 0.0031022 0.0279373 0.6780871 0.0000000 0.0319129 0.0163427 0.0000000 0.0208594 0.0226152 0.0000000 0.0153616 0.0222101 0.0000000
 84 E  84 0.0432717 0.0460745 0.0823846 0.0572659 0.0000000 0.1300275 0.1250685 0.0116024 0.0222244 0.0000000 0.0000000 0.4460618 0.0018743 0.0000000 0.0000000 0.0222876 0.0118569 0.0000000 0.0000000 0.0000000 0.0000000
 85 P  85 0.0053403 0.0000000 0.0000000 0.0000000 0.0000000 0.0000000 0.0000000 0.0000000 0.0000000 0.0000000 0.0018895 0.0000000 0.0000000 0.0000000 0.9909887 0.0000000 0.0017815 0.0000000 0.0000000 0.0000000 0.0000000
 86 D  86 0.0000000 0.0000000 0.0044380 0.9432333 0.0000000 0.0158727 0.0280219 0.0021896 0.0000000 0.0000000 0.0000000 0.0024099 0.0000000 0.0000000 0.0000000 0.0000000 0.0038345 0.0000000 0.0000000 0.0000000 0.0000000
 87 L  87 0.0065819 0.0018970 0.0000000 0.0000000 0.0000000 0.0000000 0.0000000 0.0000000 0.0018778 0.0173861 0.8320847 0.0000000 0.0029919 0.0015931 0.0000000 0.0000000 0.0000000 0.0000000 0.0000000 0.1355875 0.0000000
 88 I  88 0.0023351 0.0000000 0.0000000 0.0000000 0.0000000 0.0000000 0.0000000 0.0000000 0.0000000 0.9205322 0.0054247 0.0000000 0.0029768 0.0000000 0.0000000 0.0000000 0.0000000 0.0000000 0.0000000 0.0687312 0.0000000
 89 I  89 0.0021283 0.0000000 0.0000000 0.0000000 0.0020519 0.0000000 0.0000000 0.0000000 0.0000000 0.4625451 0.3393250 0.0000000 0.0013019 0.0495123 0.0000000 0.0000000 0.0013383 0.0000000 0.0054220 0.1363753 0.0000000
 90 A  90 0.3015508 0.0029398 0.0044234 0.0031166 0.0011832 0.0000000 0.0000000 0.2278624 0.0000000 0.1581120 0.0267084 0.0114661 0.0418274 0.0045961 0.0000000 0.0402665 0.0489889 0.0000000 0.0000000 0.1227848 0.0041732
 91 S  91 0.0772409 0.0019107 0.0708057 0.0821413 0.0000000 0.0049707 0.0123257 0.1551758 0.0042996 0.0030580 0.0277816 0.0016229 0.0051167 0.0100806 0.0036176 0.3872014 0.1170324 0.0044207 0.0040002 0.0161518 0.0110458
 92 P  92 0.0670484 0.0182305 0.0586156 0.0688793 0.0000000 0.0421848 0.0363232 0.2494574 0.0031323 0.0026801 0.0012562 0.1078054 0.0015281 0.0172899 0.0467109 0.1920915 0.0524406 0.0000000 0.0182490 0.0066517 0.0094249
 93 R  93 0.0344885 0.4807669 0.0318767 0.0137298 0.0000000 0.0126919 0.0113913 0.0307697 0.0187646 0.0488200 0.0745642 0.0335981 0.0437606 0.0301492 0.0116866 0.0155524 0.0263149 0.0086624 0.0232071 0.0205837 0.0286215
 94 T  94 0.0679015 0.0070154 0.0408759 0.0840622 0.0000000 0.1647553 0.0074402 0.0132034 0.2144355 0.0047272 0.0296059 0.0085711 0.0321718 0.0381511 0.0062611 0.1199382 0.1347980 0.0000000 0.0085672 0.0072690 0.0102499
 95 Q  95 0.2064733 0.0457969 0.0157334 0.0433874 0.0000000 0.1028640 0.2171349 0.0636851 0.0052153 0.0132045 0.0136921 0.0761912 0.0116741 0.0000000 0.0421646 0.0933909 0.0258816 0.0000000 0.0013039 0.0125029 0.0097038
 96 K  96 0.1368673 0.0241792 0.0474353 0.1283763 0.0000000 0.0453986 0.1655973 0.0809042 0.0018304 0.0013428 0.0000000 0.2224836 0.0000000 0.0019943 0.0512554 0.0469729 0.0405123 0.0000000 0.0000000 0.0012776 0.0035725
 97 F  97 0.0965343 0.0199467 0.0704139 0.0495289 0.0000000 0.0885853 0.0354598 0.0063346 0.0198410 0.1657410 0.1099559 0.0664369 0.0294191 0.0275333 0.0014884 0.0568285 0.0357944 0.0000000 0.0284901 0.0887620 0.0029058
 98 V  98 0.0325656 0.0111726 0.0033776 0.0011346 0.0000000 0.0042387 0.0051682 0.0015720 0.0119865 0.0633197 0.0838772 0.0153730 0.0086821 0.0300737 0.0000000 0.0000000 0.0056819 0.0014023 0.6592675 0.0585294 0.0025772
 99 D  99 0.0788158 0.0174203 0.0335215 0.3464645 0.0000000 0.0420152 0.2177731 0.0301704 0.0057802 0.0010746 0.0017500 0.0937595 0.0000000 0.0000000 0.0803414 0.0306269 0.0189050 0.0000000 0.0000000 0.0000000 0.0015816
100 K 100 0.0787342 0.0290767 0.0070645 0.0626983 0.0000000 0.2598787 0.1750328 0.0049384 0.0065357 0.0092382 0.0709400 0.1734536 0.0044534 0.0022124 0.0096025 0.0245542 0.0758488 0.0000000 0.0018997 0.0022561 0.0015816
101 F 101 0.0078451 0.0000000 0.0000000 0.0000000 0.0015816 0.0000000 0.0000000 0.0000000 0.0000000 0.0181845 0.8225543 0.0000000 0.0315944 0.0622771 0.0000000 0.0000000 0.0079588 0.0000000 0.0371304 0.0108738 0.0000000
102 K 102 0.0648725 0.0198164 0.0590510 0.0092703 0.0010725 0.0542671 0.0922273 0.0119191 0.0025983 0.0000000 0.0025350 0.1472754 0.0024381 0.0000000 0.0014409 0.4929644 0.0344416 0.0000000 0.0000000 0.0038099 0.0000000
103 E 103 0.1278917 0.0735124 0.0145095 0.0287140 0.0000000 0.1501695 0.1412248 0.0285292 0.0000000 0.0000000 0.0052248 0.3764648 0.0017629 0.0012270 0.0043330 0.0323444 0.0074909 0.0000000 0.0012750 0.0053260 0.0000000
104 I 104 0.0346770 0.0000000 0.0102691 0.0024587 0.0000000 0.0014486 0.0000000 0.0000000 0.0021938 0.8374938 0.0486300 0.0016118 0.0114209 0.0118785 0.0000000 0.0020034 0.0043819 0.0000000 0.0015190 0.0300136 0.0000000
105 A 105 0.9113581 0.0000000 0.0046864 0.0000000 0.0032192 0.0000000 0.0010641 0.0347785 0.0000000 0.0020034 0.0033545 0.0000000 0.0000000 0.0016118 0.0017786 0.0087796 0.0075243 0.0000000 0.0000000 0.0181301 0.0017115
106 P 106 0.0016578 0.0022464 0.0020499 0.0012398 0.0000000 0.0040398 0.0000000 0.0000000 0.0000000 0.0072425 0.0040766 0.0073662 0.0011495 0.0018069 0.9394219 0.0015931 0.0113734 0.0000000 0.0000000 0.0054980 0.0092382
107 T 107 0.0147832 0.0000000 0.0141112 0.0000000 0.0000000 0.0000000 0.0000000 0.0017457 0.0000000 0.0118504 0.0025223 0.0095418 0.0011822 0.0000000 0.0033470 0.0068478 0.7544493 0.0000000 0.0000000 0.1720923 0.0075267
108 V 108 0.0174053 0.0000000 0.0000000 0.0000000 0.0000000 0.0014432 0.0018778 0.0017786 0.0012266 0.2686087 0.1509211 0.0000000 0.0078925 0.0162215 0.0000000 0.0000000 0.0056967 0.0000000 0.0333484 0.4911859 0.0023939
109 L 109 0.1250529 0.0065710 0.0217580 0.0839900 0.0000000 0.0052384 0.0198293 0.0225815 0.0186027 0.0509069 0.0929978 0.0012574 0.0720583 0.1306723 0.0350373 0.0284236 0.0309440 0.0000000 0.0742973 0.1616773 0.0181040
110 F 110 0.0226539 0.0011134 0.0012972 0.0000000 0.0016817 0.0331925 0.0000000 0.0027458 0.0018304 0.0822672 0.2540822 0.0009506 0.0770754 0.1433535 0.0166517 0.0203893 0.0498115 0.0000000 0.0644625 0.1420252 0.0844160
111 Q 111 0.0429714 0.0121196 0.0360074 0.1082051 0.0000000 0.0270311 0.0901094 0.0686367 0.0044832 0.0127459 0.0023805 0.0911113 0.0034138 0.0011859 0.1392091 0.1165146 0.1092191 0.0000000 0.0126464 0.0100491 0.1119604
112 A 112 0.0752565 0.0169403 0.0345137 0.0239236 0.0000000 0.0067712 0.0413901 0.0317721 0.0233348 0.0758359 0.0305466 0.0277932 0.0134197 0.0232885 0.0686790 0.1135107 0.0647913 0.0164281 0.0772417 0.0909842 0.1435789
113 S 113 0.0405114 0.0644424 0.0482860 0.2074115 0.0000000 0.0257892 0.0501883 0.0929302 0.0026746 0.0205939 0.0334092 0.0314082 0.0021607 0.0238277 0.0426304 0.0369600 0.0314908 0.0122980 0.0442993 0.0266647 0.1620236
114 K 114 0.0729363 0.0262973 0.0984025 0.0618075 0.0000000 0.0387930 0.0446491 0.1509107 0.0211661 0.0065772 0.0031467 0.0613041 0.0055314 0.0171614 0.0378603 0.1188297 0.0809251 0.0049487 0.0428563 0.0122604 0.0936362
115 D 115 0.0807414 0.0173150 0.0368006 0.0672687 0.0000000 0.0314025 0.1418734 0.1193866 0.0139196 0.0244200 0.0282934 0.0859132 0.0022019 0.0091214 0.0403354 0.0639211 0.0691808 0.0011734 0.0064915 0.0508957 0.1093444
116 D 116 0.0193905 0.0225869 0.1741553 0.3258821 0.0000000 0.0203177 0.0307344 0.0546976 0.0215367 0.0024267 0.0056714 0.0444045 0.0022520 0.0036545 0.0290939 0.0272568 0.0963981 0.0000000 0.0012024 0.0021244 0.1162143
117 Y 117 0.0185823 0.0041839 0.0250632 0.0129216 0.0000000 0.0278445 0.0111617 0.0124275 0.0116373 0.0242789 0.0636279 0.0028361 0.0097791 0.0627830 0.0474641 0.0639721 0.0526644 0.0468107 0.2651528 0.0272999 0.2095091
118 W 118 0.0403181 0.0238707 0.0104214 0.0094000 0.0000000 0.0282967 0.0196727 0.0853434 0.0019449 0.0825747 0.1400757 0.0171118 0.0418670 0.0498844 0.0044479 0.0241094 0.0193127 0.0509794 0.0603590 0.0880616 0.2019486
119 T 119 0.0883355 0.0061971 0.0384338 0.1311953 0.0000000 0.0615446 0.1628508 0.0624538 0.0012405 0.0104806 0.0057633 0.0510866 0.0072332 0.0299972 0.0203374 0.0311053 0.0914492 0.0000000 0.0242372 0.0210455 0.1550133
120 S 120 0.0367527 0.0131574 0.0812742 0.1441376 0.0000000 0.0578418 0.0748257 0.0318974 0.0061383 0.0087412 0.0041574 0.0119559 0.0055513 0.0021244 0.0905655 0.2193952 0.0555969 0.0023313 0.0155519 0.0138424 0.1241615
121 T 121 0.0751658 0.0011668 0.0016716 0.0011464 0.0000000 0.0053990 0.0000000 0.0120743 0.0204508 0.0778500 0.1124023 0.0000000 0.0480553 0.0961745 0.0064376 0.0099171 0.0426993 0.3766151 0.0031224 0.0880837 0.0215682
122 K 122 0.0148535 0.1176644 0.0088012 0.0233994 0.0000000 0.1577327 0.0984289 0.0000000 0.0097043 0.0386048 0.0471434 0.3248470 0.0095556 0.0047431 0.0073574 0.0059697 0.0370863 0.0000000 0.0221718 0.0192251 0.0527113
123 A 123 0.0931330 0.0434904 0.0312230 0.1698867 0.0000000 0.1024175 0.2712878 0.0262369 0.0119066 0.0095590 0.0088023 0.0854039 0.0000000 0.0000000 0.0025673 0.0632130 0.0353549 0.0000000 0.0039690 0.0127687 0.0287798
124 N 124 0.0468910 0.0776012 0.2944340 0.0369935 0.0010039 0.1096853 0.0354701 0.0065249 0.0468618 0.0363370 0.0127689 0.0126755 0.0310335 0.0039438 0.0014119 0.0723104 0.0963947 0.0022640 0.0032180 0.0244078 0.0477688
125 I 125 0.0812174 0.0000000 0.0000000 0.0000000 0.0000000 0.0038873 0.0010228 0.0000000 0.0009007 0.1193216 0.2498301 0.0018186 0.0293284 0.1830752 0.0000000 0.0020366 0.1507753 0.0249520 0.0141511 0.1058507 0.0318322
126 E 126 0.0506674 0.1901004 0.0279887 0.0358632 0.0000000 0.0579415 0.1376525 0.0095135 0.0038466 0.0192830 0.1084153 0.1354862 0.0241920 0.0000000 0.0054761 0.0234328 0.1199255 0.0000000 0.0000000 0.0145655 0.0356497
127 S 127 0.0645402 0.0270511 0.0403249 0.0308676 0.0000000 0.0409397 0.0375105 0.0054483 0.0099952 0.0660312 0.2282233 0.0502863 0.0572941 0.0337079 0.0000000 0.0260561 0.1860538 0.0000000 0.0121381 0.0409348 0.0425967
128 L 128 0.0224670 0.0000000 0.0192038 0.0078853 0.0000000 0.0000000 0.0026297 0.0000000 0.0059805 0.2515704 0.2983433 0.0000000 0.0434830 0.0703922 0.0000000 0.0072378 0.0293487 0.0037688 0.0896697 0.1466826 0.0013374
129 A 129 0.3838672 0.0000000 0.0000000 0.0000000 0.0000000 0.0000000 0.0024748 0.5698601 0.0014123 0.0000000 0.0000000 0.0000000 0.0000000 0.0000000 0.0000000 0.0312469 0.0072306 0.0000000 0.0000000 0.0000000 0.0039080
130 S 130 0.0828757 0.0727527 0.0209099 0.0819488 0.0023313 0.1070741 0.1987869 0.0057003 0.0040391 0.0081484 0.0068014 0.3051825 0.0019867 0.0000000 0.0000000 0.0338529 0.0398987 0.0000000 0.0000000 0.0220224 0.0056883
131 A 131 0.3772856 0.0016376 0.0000000 0.0000000 0.0000000 0.0000000 0.0000000 0.0052107 0.0000000 0.2140439 0.2047844 0.0020036 0.0287809 0.0029670 0.0000000 0.0083521 0.0072481 0.0029490 0.0000000 0.1391739 0.0055632
132 F 132 0.0051916 0.0000000 0.0000000 0.0000000 0.0000000 0.0000000 0.0014708 0.0000000 0.0000000 0.0314319 0.3727316 0.0000000 0.0307093 0.2807631 0.0000000 0.0073092 0.1040499 0.0037956 0.0239607 0.1310198 0.0075666
133 G 133 0.0089053 0.0017500 0.2121704 0.0978844 0.0013158 0.0103068 0.0103499 0.6015164 0.0136766 0.0014708 0.0012078 0.0051773 0.0000000 0.0000000 0.0024871 0.0080567 0.0000000 0.0000000 0.0010276 0.0000000 0.0226970
134 E 134 0.0000000 0.1801143 0.0031727 0.0016928 0.0000000 0.0298448 0.0416611 0.0000000 0.0093585 0.0028237 0.0028735 0.5911406 0.0050346 0.0014708 0.0000000 0.0018986 0.0047396 0.0000000 0.0000000 0.0000000 0.1241745
135 T 135 0.0062840 0.0065188 0.0080446 0.0338343 0.0000000 0.1193191 0.0792251 0.0098551 0.0021283 0.0036685 0.0061652 0.0355811 0.0020036 0.0000000 0.0307388 0.0526487 0.0273865 0.0000000 0.0000000 0.0048155 0.5717829
136 S 136 0.1541698 0.0094749 0.0090944 0.0264136 0.0038870 0.0049554 0.0122469 0.0147517 0.0015620 0.0114541 0.0238546 0.0172227 0.0165504 0.0012398 0.0147306 0.0333666 0.0406407 0.0000000 0.0000000 0.0233852 0.5809998
137 T 137 0.0754574 0.0146312 0.0000000 0.0108247 0.0000000 0.0168391 0.4609834 0.0052592 0.0030760 0.0061591 0.0179349 0.0501673 0.0018304 0.0054162 0.0189892 0.0056502 0.0511024 0.0000000 0.0000000 0.0105699 0.2451093
138 Q 138 0.0874614 0.0020240 0.0077094 0.2049824 0.0000000 0.0651409 0.2308739 0.0244816 0.0013589 0.0061447 0.0011246 0.1124329 0.0108407 0.0000000 0.0064061 0.0165572 0.0145787 0.0000000 0.0000000 0.0278110 0.1800717
139 K 139 0.0409189 0.0469148 0.0049922 0.0173038 0.0000000 0.1357840 0.4022439 0.0026677 0.0015601 0.0050348 0.0303042 0.2016793 0.0012018 0.0040973 0.0000000 0.0025437 0.0077788 0.0000000 0.0013026 0.0244664 0.0692058
140 A 140 0.7039758 0.0000000 0.0000000 0.0000000 0.0000000 0.0000000 0.0013628 0.1337310 0.0000000 0.0038236 0.0068254 0.0000000 0.0395974 0.0000000 0.0014955 0.0071096 0.0129224 0.0000000 0.0034796 0.0575713 0.0281057
141 K 141 0.0730605 0.0494106 0.0348710 0.0879442 0.0000000 0.1150051 0.2854951 0.0053249 0.0043920 0.0030856 0.0072496 0.2152032 0.0053289 0.0000000 0.0046427 0.0120382 0.0401364 0.0000000 0.0000000 0.0125340 0.0442780
142 E 142 0.1140164 0.0538630 0.0112275 0.0465121 0.0000000 0.1896504 0.1846667 0.0202485 0.0052911 0.0021557 0.0030630 0.1983687 0.0025879 0.0000000 0.0012004 0.0410701 0.0552152 0.0016139 0.0000000 0.0081144 0.0611354
143 E 143 0.0735461 0.0656374 0.0000000 0.0014511 0.0026519 0.0279876 0.0360136 0.0000000 0.0050110 0.0476338 0.2919959 0.0895924 0.0139857 0.0267376 0.0000000 0.0016594 0.0082545 0.0990481 0.0149685 0.1595463 0.0342792
144 L 144 0.0215544 0.0065504 0.0171403 0.0064040 0.0000000 0.0109252 0.0068024 0.0010591 0.0000000 0.2687662 0.4148810 0.0187891 0.0299424 0.0051889 0.0000000 0.0066865 0.0084097 0.0067024 0.0030897 0.1620611 0.0050472
145 A 145 0.3421578 0.0167994 0.0578943 0.1183059 0.0000000 0.0697643 0.1051326 0.0228091 0.0026719 0.0023788 0.0042906 0.0872014 0.0000000 0.0014726 0.0000000 0.0764806 0.0716523 0.0000000 0.0021244 0.0146783 0.0041858
146 K 146 0.1068139 0.0420287 0.0616562 0.2340106 0.0000000 0.1042839 0.1773445 0.0589150 0.0074822 0.0012436 0.0122949 0.0957912 0.0021938 0.0013429 0.0000000 0.0454427 0.0291753 0.0029245 0.0087616 0.0019314 0.0063631
147 L 147 0.0098993 0.0000000 0.0033352 0.0000000 0.0000000 0.0096941 0.0000000 0.0000000 0.0699172 0.1202472 0.1805495 0.0000000 0.0557808 0.1468767 0.0000000 0.0000000 0.0452659 0.0379500 0.2564552 0.0575163 0.0065127
148 D 148 0.0226426 0.0391541 0.0767462 0.3254193 0.0000000 0.1149501 0.2190581 0.0017196 0.0219139 0.0010423 0.0059343 0.1078453 0.0029911 0.0010552 0.0000000 0.0151407 0.0222971 0.0000000 0.0130021 0.0037940 0.0052939
149 K 149 0.2372506 0.0384018 0.0304586 0.0729216 0.0000000 0.1656060 0.1158045 0.0242713 0.0042059 0.0036190 0.0050705 0.1621217 0.0024005 0.0000000 0.0000000 0.0615856 0.0705946 0.0000000 0.0000000 0.0056877 0.0000000
150 S 150 0.0663339 0.2948596 0.0104960 0.0422091 0.0000000 0.0694799 0.0451808 0.0061869 0.0242000 0.0228757 0.0438064 0.2653178 0.0030845 0.0048480 0.0000000 0.0435483 0.0418808 0.0000000 0.0030036 0.0126885 0.0000000
151 I 151 0.1631725 0.0053132 0.0027693 0.0024070 0.0100458 0.0013665 0.0040155 0.0010533 0.0000000 0.2540254 0.1474364 0.0018778 0.0511756 0.1028495 0.0000000 0.0076690 0.0145808 0.0048124 0.0170404 0.2083895 0.0000000
152 Q 152 0.3741870 0.0218912 0.0305532 0.0783777 0.0000000 0.0754514 0.1647597 0.0053909 0.0035822 0.0059491 0.0127768 0.1255997 0.0000000 0.0000000 0.0000000 0.0379721 0.0519111 0.0000000 0.0000000 0.0087196 0.0028783
153 E 153 0.1919781 0.0340538 0.0176258 0.1758700 0.0000000 0.0880833 0.2574838 0.0193093 0.0074034 0.0017721 0.0035131 0.0956699 0.0011790 0.0000000 0.0000000 0.0459945 0.0457781 0.0000000 0.0033061 0.0109799 0.0000000
154 V 154 0.2457895 0.0014130 0.0182573 0.0034512 0.0012167 0.0080920 0.0040394 0.0134504 0.0000000 0.1390150 0.2074818 0.0188488 0.0127517 0.0550591 0.0000000 0.0165869 0.0589475 0.0046712 0.0334674 0.1574611 0.0000000
155 A 155 0.1215296 0.2091415 0.0204129 0.0038785 0.0000000 0.0584087 0.0099977 0.1106903 0.0199051 0.0000000 0.0084408 0.3754755 0.0019431 0.0000000 0.0000000 0.0321827 0.0155178 0.0000000 0.0000000 0.0111191 0.0013567
156 T 156 0.2430448 0.0346326 0.0194219 0.0947756 0.0000000 0.1023991 0.1781395 0.0250205 0.0037055 0.0049723 0.0026580 0.1418370 0.0009883 0.0013429 0.0032712 0.0746311 0.0577436 0.0000000 0.0000000 0.0039663 0.0074499
157 K 157 0.1633549 0.0736419 0.0136171 0.0331118 0.0000000 0.1060510 0.0939235 0.0070316 0.0144524 0.0109154 0.0229863 0.3337685 0.0071114 0.0133746 0.0011479 0.0278828 0.0300010 0.0000000 0.0096368 0.0197193 0.0182717
158 N 158 0.1258182 0.0014183 0.0471492 0.0017826 0.0000000 0.0038915 0.0031479 0.0060690 0.0836736 0.1783388 0.2620660 0.0028967 0.0246012 0.0214563 0.0000000 0.0122404 0.0629366 0.0000000 0.0317960 0.1125929 0.0181248
159 E 159 0.1610032 0.0294147 0.0289729 0.0377178 0.0000000 0.0785539 0.0864615 0.1122826 0.0018591 0.0056405 0.0020021 0.1688493 0.0039107 0.0000000 0.1585900 0.0489194 0.0409481 0.0000000 0.0000000 0.0100776 0.0247967
160 S 160 0.1645972 0.0135628 0.0719740 0.1423933 0.0000000 0.0678492 0.1369863 0.1361224 0.0057519 0.0041694 0.0109525 0.0801629 0.0000000 0.0037096 0.0215424 0.0599187 0.0315159 0.0000000 0.0011915 0.0102172 0.0373827
161 S 161 0.1867101 0.0541193 0.0547504 0.0201994 0.0000000 0.0253701 0.0339879 0.0576863 0.0152343 0.0125341 0.0376002 0.2422111 0.0035892 0.0501399 0.0173349 0.0764677 0.0407215 0.0325232 0.0025213 0.0071232 0.0291759
162 D 162 0.0609653 0.0062457 0.0944979 0.1970348 0.0000000 0.0356678 0.0688977 0.2513364 0.0228932 0.0010476 0.0260030 0.0752279 0.0000000 0.0032807 0.0783830 0.0311710 0.0219072 0.0000000 0.0108544 0.0056939 0.0088923
163 K 163 0.0612505 0.0467328 0.0086293 0.0290868 0.0000000 0.0683634 0.1122419 0.1112815 0.0020639 0.0099880 0.0394124 0.2344203 0.0084051 0.0087013 0.0911309 0.0259273 0.0528562 0.0011899 0.0050881 0.0189617 0.0642688
164 K 164 0.0327650 0.0373129 0.0473522 0.0272119 0.0000000 0.0371777 0.0449340 0.0088997 0.0000000 0.0052952 0.0076426 0.2515877 0.0039324 0.0026912 0.0401929 0.1001804 0.3081558 0.0000000 0.0000000 0.0298366 0.0148317
165 A 165 0.2699549 0.0058305 0.0094486 0.0060440 0.0000000 0.0167955 0.0037567 0.0801776 0.0000000 0.0614302 0.0282776 0.0226516 0.0019282 0.0419247 0.0054723 0.0276693 0.0802818 0.0000000 0.0220780 0.3150247 0.0012538
166 L 166 0.1084321 0.0000000 0.0028113 0.0000000 0.0000000 0.0160596 0.0023313 0.0126573 0.0013685 0.0234903 0.3265040 0.0015190 0.0697078 0.0351850 0.0000000 0.2476214 0.0485427 0.0000000 0.0000000 0.1037696 0.0000000
167 A 167 0.0989122 0.0043226 0.0012216 0.0000000 0.0016118 0.0035247 0.0047822 0.0134127 0.0021813 0.1860450 0.1191361 0.0014486 0.0407065 0.1072568 0.0175448 0.0257579 0.0440943 0.0000000 0.0224038 0.3056368 0.0000000
168 I 168 0.0541448 0.0281068 0.0057425 0.0000000 0.0017969 0.0021300 0.0000000 0.0466491 0.0040006 0.1811897 0.1958602 0.0000000 0.0333289 0.0524304 0.0000000 0.0037247 0.0176455 0.0038069 0.0510355 0.3184075 0.0000000
169 L 169 0.0647168 0.2300185 0.0307787 0.0158299 0.0026632 0.0249808 0.0590237 0.0327155 0.0074788 0.0348198 0.1606475 0.0023620 0.1119436 0.0486036 0.0026891 0.0347557 0.0271631 0.0130748 0.0127578 0.0732794 0.0096980
170 L 170 0.1171821 0.0090901 0.0267573 0.0079435 0.0017261 0.0067457 0.0076884 0.0192283 0.0391375 0.0629190 0.0568743 0.0042727 0.0175086 0.1673892 0.0139981 0.0686789 0.1149596 0.0419168 0.0395941 0.1763895 0.0000000
171 N 171 0.0463171 0.0963175 0.2353525 0.0385551 0.0019943 0.0145224 0.0147575 0.0262788 0.0053145 0.0089659 0.0347421 0.0120285 0.0512968 0.0317606 0.0075375 0.1317380 0.1275645 0.0399935 0.0385194 0.0333819 0.0030615
172 E 172 0.1215559 0.0035087 0.0718792 0.1548040 0.0019943 0.0104736 0.1149051 0.2131690 0.0056214 0.0017115 0.0044737 0.0203867 0.0019356 0.0000000 0.1472378 0.0669399 0.0222514 0.0063227 0.0154841 0.0110854 0.0042598
173 G 173 0.0367709 0.0180891 0.0669438 0.1406253 0.0000000 0.0461809 0.0255443 0.3893720 0.0000000 0.0022415 0.0000000 0.1487963 0.0000000 0.0000000 0.0436368 0.0480711 0.0272997 0.0000000 0.0025350 0.0023196 0.0015738
174 K 174 0.0415854 0.0356240 0.0835464 0.0402176 0.0000000 0.1066314 0.0761877 0.1383889 0.0518638 0.0007198 0.0097992 0.1679238 0.0007569 0.0020210 0.0261373 0.1106943 0.0923745 0.0014666 0.0086857 0.0038020 0.0015738
175 M 175 0.0348905 0.0000000 0.0065870 0.0000000 0.0000000 0.0000000 0.0014496 0.0025624 0.0042385 0.2051266 0.2153945 0.0000000 0.0867003 0.1604810 0.0297209 0.0138549 0.0467394 0.0125458 0.0427741 0.1369345 0.0000000
176 A 176 0.0553647 0.2365469 0.0542629 0.0059095 0.0023389 0.0089690 0.0083851 0.0519624 0.0000000 0.0101154 0.0210711 0.0094620 0.0215823 0.0720877 0.0025407 0.2176060 0.0588472 0.0479914 0.1056128 0.0080903 0.0012536
177 A 177 0.2176494 0.0035723 0.0042917 0.0000000 0.0016229 0.0027358 0.0014055 0.0194579 0.0014183 0.1395093 0.1850993 0.0000000 0.0419196 0.0303651 0.0159067 0.0330953 0.0555271 0.0015066 0.0095584 0.2314032 0.0039556
178 F 178 0.0301440 0.0106980 0.0030105 0.0062102 0.0000000 0.0179049 0.0099150 0.0051201 0.0875151 0.0230157 0.0377452 0.0024748 0.0476848 0.2417556 0.0051746 0.0143740 0.0050110 0.0083072 0.4155498 0.0193004 0.0090889
179 G 179 0.0489397 0.0121661 0.0226413 0.0192249 0.0007400 0.0201791 0.0039028 0.4580146 0.0171325 0.0040057 0.0554717 0.0055910 0.0114337 0.0100332 0.0284666 0.0958903 0.1240931 0.0059214 0.0243535 0.0216799 0.0101189
180 A 180 0.0930832 0.0290233 0.0642477 0.1067180 0.0000000 0.0417690 0.0749501 0.0296809 0.0071640 0.0090269 0.0115256 0.1019393 0.0053033 0.0027199 0.2246828 0.0879990 0.0751487 0.0000000 0.0029181 0.0213073 0.0107929
