   93         A         R         N         D         C         Q         E         G         H         I         L         K         M         F         P         S         T         W         Y         V         X    
  1 G   1 0.0151279 0.0000000 0.0000000 0.0000000 0.0000000 0.0000000 0.0000000 0.0284109 0.0000000 0.0000000 0.0000000 0.0000000 0.0000000 0.0000000 0.1225398 0.0226112 0.0000000 0.0000000 0.0000000 0.0000000 0.8113102
  2 S   2 0.0017775 0.0025184 0.0000000 0.0000000 0.0028956 0.0000000 0.0039173 0.0000000 0.0023762 0.0000000 0.0000000 0.0000000 0.0000000 0.0000000 0.0000000 0.2529572 0.2278652 0.0000000 0.0000000 0.0000000 0.5056925
  3 E   3 0.0022939 0.0074777 0.0089017 0.1141205 0.0000000 0.1207754 0.1378023 0.0027774 0.0000000 0.0000000 0.0070308 0.0613230 0.0000000 0.0000000 0.0886249 0.0089430 0.0266543 0.0000000 0.0026737 0.0013791 0.4092223
  4 L   4 0.0237255 0.0000000 0.0011132 0.0020659 0.0000000 0.0015740 0.0042497 0.0000000 0.0000000 0.0145938 0.4315618 0.0000000 0.0871760 0.0032111 0.0000000 0.0261219 0.0563255 0.0000000 0.0015167 0.0272561 0.3195088
  5 E   5 0.0034011 0.0000000 0.0058085 0.0162045 0.0000000 0.0160322 0.5464112 0.0000000 0.0000000 0.0019861 0.1159279 0.0029956 0.0000000 0.0029602 0.0019520 0.0031858 0.0053476 0.0000000 0.0000000 0.0000000 0.2777874
  6 T   6 0.0158516 0.1485723 0.0380616 0.0299827 0.0063689 0.0834579 0.1014438 0.0074027 0.0363321 0.0030702 0.0151947 0.1313132 0.0103161 0.0000000 0.0000000 0.0496247 0.0402829 0.0039392 0.0032204 0.0023688 0.2731959
  7 A   7 0.2873022 0.0068595 0.0409805 0.0380624 0.0492186 0.0092138 0.0703513 0.0223600 0.0119175 0.0000000 0.0086893 0.0035281 0.0035366 0.0053402 0.0000000 0.1410666 0.0153409 0.0000000 0.0014960 0.0124950 0.2722415
  8 M   8 0.0082052 0.0040141 0.0000000 0.0016083 0.0013872 0.0042903 0.0049632 0.0000000 0.0010701 0.3323044 0.1200313 0.0025273 0.1764664 0.0061133 0.0056573 0.0018499 0.0031723 0.0000000 0.0000000 0.0787222 0.2476171
  9 E   9 0.0914134 0.0311107 0.0524530 0.0585937 0.0113302 0.0293586 0.2956947 0.0239552 0.0123242 0.0231949 0.0456877 0.0459862 0.0074902 0.0306861 0.0017915 0.0241085 0.0190567 0.0000000 0.0000000 0.0547741 0.1409904
 10 T  10 0.0618356 0.0058750 0.0471935 0.0491544 0.0316340 0.0142785 0.1234890 0.0537821 0.0323716 0.0077650 0.0393431 0.0416881 0.0184357 0.0044360 0.0060076 0.0920221 0.1994631 0.0000000 0.0029867 0.0363131 0.1319259
 11 L  11 0.0557994 0.0048571 0.0000000 0.0000000 0.0000000 0.0000000 0.0000000 0.0000000 0.0000000 0.2146078 0.3738039 0.0035207 0.0961775 0.0221063 0.0038196 0.0048832 0.0159470 0.0000000 0.0000000 0.1090584 0.0954192
 12 I  12 0.0309372 0.1032945 0.0034748 0.0000000 0.0000000 0.0170633 0.0091028 0.0000000 0.0014800 0.3126286 0.0496091 0.0524038 0.0480208 0.0639052 0.0000000 0.0037661 0.0226722 0.0000000 0.0171892 0.1740993 0.0903532
 13 N  13 0.0953423 0.0584974 0.0645450 0.1104346 0.0115578 0.0161074 0.1759380 0.0135077 0.0183160 0.0066422 0.0536380 0.1106821 0.0109411 0.0535816 0.0000000 0.0553923 0.0573650 0.0000000 0.0070571 0.0097408 0.0707139
 14 V  14 0.1804593 0.0041186 0.0201493 0.0000000 0.0354988 0.0213782 0.0099095 0.0013504 0.0010141 0.1212759 0.0492906 0.0069131 0.0189126 0.0016939 0.0000000 0.0094228 0.1717837 0.0000000 0.0025273 0.2743197 0.0699820
 15 F  15 0.0000000 0.0000000 0.0000000 0.0000000 0.0029017 0.0000000 0.0000000 0.0000000 0.0000000 0.0052336 0.0051644 0.0000000 0.0000000 0.8722772 0.0000000 0.0000000 0.0000000 0.0038044 0.0486988 0.0031909 0.0587290
 16 H  16 0.0075822 0.0784041 0.0510258 0.0493424 0.0038555 0.1708048 0.0291695 0.0143552 0.3027624 0.0016685 0.0208779 0.0787638 0.0059097 0.0138612 0.0039462 0.0077582 0.0018189 0.0000000 0.0368696 0.0061313 0.1150930
 17 A  17 0.0177512 0.1026720 0.0483149 0.0035314 0.0100916 0.1299521 0.0667256 0.0035147 0.0239899 0.0155572 0.0330911 0.2993693 0.0349409 0.0000000 0.0000000 0.0277875 0.0186433 0.0020077 0.0012490 0.0302326 0.1305778
 18 H  18 0.0153973 0.0000000 0.0041279 0.0124193 0.0062466 0.0000000 0.0000000 0.0036744 0.0464051 0.0095486 0.0021736 0.0035318 0.0015061 0.1882220 0.0000000 0.0278890 0.0000000 0.0000000 0.5385168 0.0000000 0.1403414
 19 S  19 0.3310286 0.0038786 0.0103589 0.0449031 0.0092729 0.0000000 0.0052336 0.0000000 0.0000000 0.0175085 0.0020577 0.0000000 0.0028447 0.0488106 0.0000000 0.2418476 0.0298211 0.0000000 0.0000000 0.0115262 0.2409080
 20 G  20 0.0446209 0.0721232 0.0074243 0.2891745 0.0049425 0.0152383 0.0161220 0.1885688 0.0012778 0.0282927 0.0258203 0.0505087 0.0053674 0.0000000 0.0052057 0.0607420 0.0256333 0.0000000 0.0000000 0.0461143 0.1128231
 21 K  21 0.0212894 0.1437561 0.0234593 0.0979457 0.0057797 0.0544986 0.0537292 0.0313266 0.0171058 0.0087293 0.0271248 0.2957403 0.0033275 0.0021118 0.0186534 0.0311610 0.0456267 0.0000000 0.0054241 0.0145146 0.0986960
 22 E  22 0.0178092 0.0082444 0.0523236 0.4179319 0.0106547 0.0156681 0.1913021 0.0158472 0.0138731 0.0074604 0.0097797 0.0608131 0.0032368 0.0000000 0.0022780 0.0154426 0.0209824 0.0000000 0.0053287 0.0155308 0.1154933
 23 G  23 0.0063801 0.0084106 0.0093924 0.1027415 0.0183913 0.0024904 0.0212854 0.6548516 0.0000000 0.0000000 0.0000000 0.0240303 0.0000000 0.0000000 0.0062606 0.0277000 0.0000000 0.0000000 0.0000000 0.0044514 0.1136145
 24 D  24 0.0034176 0.0300297 0.2385075 0.3011311 0.0057552 0.0096712 0.0428953 0.0141442 0.0490901 0.0000000 0.0000000 0.0412956 0.0000000 0.0023034 0.0031449 0.0496967 0.0083300 0.0000000 0.0067111 0.0176968 0.1761795
 25 K  25 0.0129686 0.0304218 0.0553974 0.0150769 0.0530435 0.0096879 0.0044291 0.0980158 0.0081587 0.0023034 0.0077469 0.2044686 0.0075907 0.0100645 0.0434644 0.1716811 0.0235612 0.0031909 0.0172142 0.0119306 0.2095837
 26 Y  26 0.0408607 0.0166987 0.0464759 0.1214360 0.0359001 0.0063842 0.0583832 0.3158516 0.0400318 0.0000000 0.0186985 0.0249666 0.0024099 0.0723353 0.0100415 0.0276184 0.0255940 0.0066793 0.0366432 0.0043875 0.0886037
 27 K  27 0.0509383 0.0272799 0.0161387 0.0000000 0.0052298 0.0429580 0.0035230 0.0059899 0.0100556 0.0014440 0.0208907 0.1683388 0.0195779 0.0114467 0.0000000 0.0812399 0.2499970 0.0000000 0.1598305 0.0358011 0.0893204
 28 L  28 0.0000000 0.0044016 0.0000000 0.0000000 0.0000000 0.0000000 0.0000000 0.0041041 0.0043833 0.3614362 0.5244782 0.0000000 0.0419459 0.0052065 0.0000000 0.0044514 0.0000000 0.0000000 0.0000000 0.0324618 0.0171311
 29 S  29 0.0033548 0.0035132 0.0928130 0.0735000 0.0269360 0.0102566 0.0293060 0.0171138 0.0000000 0.0027248 0.0000000 0.0257289 0.0136458 0.0031172 0.0044514 0.4377448 0.2137395 0.0000000 0.0194757 0.0015063 0.0210725
 30 K  30 0.0636334 0.1445352 0.0331291 0.0113875 0.0066865 0.0408977 0.0117760 0.0160188 0.0106810 0.0233139 0.0377745 0.4408202 0.0028564 0.0148079 0.0275455 0.0181312 0.0300936 0.0000000 0.0107197 0.0357574 0.0194345
 31 K  31 0.1304856 0.0478321 0.0288357 0.1323309 0.0039010 0.0522519 0.1498932 0.1205927 0.0105184 0.0008500 0.0039826 0.1292274 0.0024038 0.0020683 0.0156223 0.0700033 0.0610979 0.0023134 0.0095456 0.0089978 0.0172460
 32 E  32 0.0096313 0.0054735 0.0087860 0.0940242 0.0000000 0.0132853 0.7935764 0.0117407 0.0022165 0.0017040 0.0000000 0.0130460 0.0000000 0.0000000 0.0000000 0.0147681 0.0121159 0.0000000 0.0000000 0.0035574 0.0160747
 33 L  33 0.0209588 0.0000000 0.0000000 0.0000000 0.0000000 0.0000000 0.0000000 0.0000000 0.0000000 0.0147765 0.6938903 0.0000000 0.0475748 0.1658279 0.0076237 0.0065726 0.0060142 0.0000000 0.0026456 0.0180410 0.0160747
 34 K  34 0.0381115 0.1785322 0.0047446 0.0020014 0.0047184 0.0885821 0.0364707 0.0264413 0.0132532 0.0033082 0.0736876 0.4360045 0.0020483 0.0264249 0.0034011 0.0163362 0.0091011 0.0000000 0.0048711 0.0077818 0.0241799
 35 E  35 0.0512017 0.0630833 0.0679402 0.0713602 0.0000000 0.1489060 0.2063162 0.0143993 0.0430859 0.0128174 0.0224266 0.0960641 0.0120152 0.0017044 0.0023985 0.0737886 0.0486658 0.0000000 0.0031396 0.0357822 0.0249048
 36 L  36 0.0920870 0.0000000 0.0000000 0.0000000 0.0015434 0.0000000 0.0000000 0.0076372 0.0000000 0.0213953 0.5592189 0.0000000 0.0823798 0.0640508 0.0015182 0.0059377 0.0114845 0.0000000 0.0012611 0.1186140 0.0328722
 37 L  37 0.0227091 0.0000000 0.0000000 0.0000000 0.0031998 0.0000000 0.0000000 0.0000000 0.0000000 0.0884515 0.4904123 0.0027912 0.2282984 0.0233171 0.0016380 0.0056216 0.0083734 0.0000000 0.0018957 0.0891793 0.0341125
 38 Q  38 0.0275135 0.0860210 0.0920408 0.0088240 0.0036030 0.1297273 0.1975343 0.0323539 0.0165715 0.0022444 0.0433811 0.1221182 0.0194450 0.0009400 0.0030834 0.0230289 0.1109092 0.0000000 0.0016872 0.0150288 0.0639447
 39 T  39 0.0819697 0.0748242 0.0647243 0.0484149 0.0032817 0.0461185 0.0629347 0.0282394 0.0142013 0.0076146 0.0107357 0.2508259 0.0164492 0.0011618 0.0065516 0.0916086 0.1233497 0.0000000 0.0024343 0.0066144 0.0579454
 40 E  40 0.0042696 0.0048904 0.0408069 0.0338029 0.0031917 0.0971498 0.4953270 0.0120832 0.0030110 0.0024664 0.0556928 0.0084692 0.0295778 0.0000000 0.0000000 0.0195035 0.0109096 0.0000000 0.0015538 0.0015569 0.1757377
 41 L  41 0.0218106 0.0017556 0.0000000 0.0081418 0.0225415 0.0013184 0.0000000 0.0251235 0.0041041 0.0245771 0.3617748 0.0000000 0.0344643 0.2305789 0.0192318 0.0045175 0.0030732 0.0000000 0.0121188 0.0386766 0.1861917
 42 S  42 0.1269492 0.0378056 0.0128447 0.0088097 0.0108424 0.0144260 0.0315439 0.1579866 0.0123020 0.0104414 0.0071401 0.0115360 0.0029425 0.0000000 0.2713622 0.0565429 0.0280539 0.0000000 0.0027761 0.0044847 0.1912099
 43 G  43 0.0593962 0.0205989 0.1327968 0.1241680 0.0033523 0.0425167 0.0690962 0.0612562 0.0583500 0.0070154 0.0302837 0.0248815 0.0031892 0.0000000 0.0253047 0.0824816 0.0484246 0.0066684 0.0020014 0.0217126 0.1765059
 44 F  44 0.0174982 0.0073643 0.0255292 0.0057590 0.0224078 0.0105729 0.0063562 0.0068108 0.0000000 0.0944779 0.1095198 0.0116609 0.0263476 0.2889328 0.0377355 0.0120604 0.0214695 0.0234150 0.0321199 0.0542392 0.1857231
 45 L  45 0.0178420 0.0077325 0.0022720 0.0011798 0.0078817 0.0028028 0.0121437 0.0396368 0.0065705 0.0661297 0.4730496 0.0044980 0.0654296 0.0161909 0.0084675 0.0226728 0.0905672 0.0000000 0.0015539 0.0537099 0.0996691
 46 D  46 0.0115644 0.0395993 0.0072361 0.0326109 0.0215696 0.0802922 0.0856092 0.1630731 0.0108808 0.0039058 0.0067430 0.2574331 0.0021106 0.0065395 0.0646841 0.0419066 0.0290087 0.0035882 0.0204593 0.0251512 0.0860344
 47 A  47 0.0220671 0.0457670 0.1688603 0.0958323 0.0141798 0.0142568 0.1069637 0.1137717 0.0257305 0.0055277 0.0134763 0.0971327 0.0276039 0.0000000 0.0160703 0.0435500 0.0457063 0.0022905 0.0104877 0.0108775 0.1198481
 48 Q  48 0.0510434 0.0490513 0.0194985 0.0178433 0.0119066 0.1668326 0.0532963 0.0321794 0.0181018 0.0243760 0.0204366 0.1098247 0.0399622 0.0014392 0.1495913 0.0287343 0.0489036 0.0045871 0.0098558 0.0294507 0.1130853
 49 K  49 0.0144555 0.0314272 0.0606906 0.0415429 0.0016804 0.0595471 0.0363834 0.0581990 0.0542719 0.0181596 0.0954803 0.2262485 0.0228062 0.0171174 0.0144004 0.0350551 0.0380158 0.0025273 0.0077542 0.0404846 0.1237527
 50 D  50 0.0099808 0.0217126 0.0860764 0.4243867 0.0061571 0.0103937 0.0522471 0.0418271 0.0043007 0.0011187 0.0297799 0.0117353 0.0041071 0.0016118 0.0033249 0.0570469 0.0835485 0.0000000 0.0000000 0.0214830 0.1291618
 51 V  51 0.0355973 0.0376667 0.0131100 0.0962184 0.0014244 0.0630394 0.1660408 0.0079875 0.0221594 0.0178091 0.0182490 0.0757893 0.0064038 0.0060004 0.2647749 0.0350275 0.0165781 0.0000000 0.0057172 0.0229586 0.0874482
 52 D  52 0.1310536 0.0280990 0.0452975 0.1003178 0.0226108 0.0605997 0.1777224 0.0711547 0.0266371 0.0073103 0.0441668 0.0590644 0.0126731 0.0000000 0.0261471 0.0620867 0.0154594 0.0000000 0.0184505 0.0251521 0.0659969
 53 A  53 0.1556140 0.0066813 0.0060329 0.0570413 0.0027670 0.0178667 0.1319309 0.0424583 0.0010364 0.0532930 0.0346106 0.0558740 0.0092089 0.0185063 0.0047681 0.0420071 0.1662875 0.0038786 0.0524720 0.0773326 0.0603327
 54 V  54 0.0614733 0.0035318 0.0087497 0.0000000 0.0131978 0.0000000 0.0000000 0.0015390 0.0000000 0.1828593 0.2411553 0.0000000 0.0164872 0.0184466 0.0000000 0.0049854 0.0025075 0.0227517 0.0346870 0.3678045 0.0198239
 55 D  55 0.0397940 0.0351317 0.0534590 0.4425430 0.0116368 0.0476633 0.1567089 0.0209393 0.0071994 0.0000000 0.0062557 0.1106855 0.0000000 0.0000000 0.0031987 0.0218892 0.0205818 0.0000000 0.0023762 0.0018912 0.0180461
 56 K  56 0.0239796 0.0705250 0.0599958 0.0899393 0.0070101 0.0593156 0.2737990 0.0073921 0.0226307 0.0227776 0.0203387 0.2167617 0.0045453 0.0000000 0.0000000 0.0342821 0.0297506 0.0012017 0.0024049 0.0355916 0.0177587
 57 V  57 0.0143103 0.0000000 0.0170999 0.0017354 0.0024865 0.0030100 0.0043833 0.0023985 0.0025318 0.3008568 0.1838023 0.0225426 0.1919472 0.0518876 0.0010362 0.0042370 0.0449463 0.0167906 0.0038786 0.1041841 0.0259349
 58 M  58 0.0038044 0.0047013 0.0000000 0.0000000 0.0000000 0.0035317 0.0000000 0.0034153 0.0000000 0.2137015 0.2084915 0.0014407 0.3291072 0.1816947 0.0000000 0.0039017 0.0000000 0.0055634 0.0040113 0.0180421 0.0185930
 59 K  59 0.0268902 0.1290765 0.0741979 0.0539915 0.0089591 0.1222841 0.1232778 0.0187767 0.0198066 0.0132966 0.0030667 0.2514202 0.0178732 0.0028254 0.0021567 0.0805863 0.0266085 0.0000000 0.0025700 0.0037427 0.0185930
 60 E  60 0.0609642 0.0238310 0.0507471 0.1812752 0.0046977 0.0446815 0.2542670 0.0196127 0.0161143 0.0161080 0.0915057 0.0843847 0.0189939 0.0100726 0.0000000 0.0556138 0.0172163 0.0013864 0.0011512 0.0287839 0.0185930
 61 L  61 0.1265268 0.0000000 0.0031388 0.0000000 0.0090080 0.0102654 0.0000000 0.0055658 0.0000000 0.0408412 0.5187530 0.0207212 0.0509746 0.0249749 0.0000000 0.0033766 0.0076787 0.0000000 0.0041186 0.1554633 0.0185930
 62 D  62 0.0034011 0.0000000 0.0129224 0.9159602 0.0040113 0.0000000 0.0103492 0.0235624 0.0019463 0.0021902 0.0000000 0.0000000 0.0033119 0.0000000 0.0000000 0.0017211 0.0028285 0.0000000 0.0000000 0.0000000 0.0177954
 63 E  63 0.0927432 0.0870644 0.0153483 0.0189035 0.0013477 0.0680101 0.0974349 0.0122921 0.0119733 0.0676505 0.0857825 0.1390535 0.0161526 0.0075761 0.0000000 0.0591580 0.1281633 0.0032111 0.0017770 0.0685626 0.0177954
 64 N  64 0.0000000 0.0042791 0.4755452 0.4069093 0.0232125 0.0117773 0.0041020 0.0024800 0.0123123 0.0000000 0.0000000 0.0069769 0.0000000 0.0000000 0.0024121 0.0139793 0.0034611 0.0000000 0.0027410 0.0034640 0.0263480
 65 G  65 0.0162075 0.0795430 0.0979469 0.0148600 0.0210115 0.0644843 0.0219001 0.2730410 0.0829156 0.0000000 0.0075426 0.1538048 0.0037569 0.0070417 0.0103345 0.0931310 0.0285752 0.0000000 0.0000000 0.0027902 0.0211132
 66 D  66 0.0022799 0.0000000 0.1009882 0.7743436 0.0000000 0.0000000 0.0234718 0.0191635 0.0068119 0.0000000 0.0000000 0.0017871 0.0000000 0.0000000 0.0000000 0.0268388 0.0160304 0.0000000 0.0040113 0.0020468 0.0222266
 67 G  67 0.0238528 0.0258636 0.0639729 0.0249853 0.0120947 0.0463494 0.0182421 0.6255966 0.0034694 0.0000000 0.0022748 0.0710376 0.0000000 0.0000000 0.0000000 0.0531714 0.0000000 0.0038196 0.0028285 0.0000000 0.0224411
 68 E  68 0.0307279 0.1206330 0.0156454 0.0033285 0.0128809 0.1753089 0.1735239 0.0084681 0.0227284 0.0071651 0.0328592 0.2118450 0.0037066 0.0121159 0.0000000 0.0202542 0.0758140 0.0000000 0.0165608 0.0331944 0.0232401
 69 V  69 0.0000000 0.0000000 0.0000000 0.0000000 0.0081767 0.0000000 0.0034640 0.0000000 0.0000000 0.3924223 0.1678504 0.0000000 0.0091078 0.0017587 0.0020375 0.0000000 0.0019552 0.0000000 0.0000000 0.3899872 0.0232401
 70 D  70 0.0000000 0.0076206 0.1552619 0.4681943 0.0158108 0.0035369 0.0355148 0.0246184 0.0000000 0.0019113 0.0000000 0.0115376 0.0000000 0.0000000 0.0000000 0.1995057 0.0456718 0.0000000 0.0019062 0.0022026 0.0267070
 71 F  71 0.0000000 0.0000000 0.0000000 0.0000000 0.0000000 0.0053796 0.0037761 0.0000000 0.0014263 0.0048973 0.0122162 0.0035207 0.0000000 0.8286722 0.0000000 0.0025804 0.0000000 0.0000000 0.1108243 0.0000000 0.0267070
 72 Q  72 0.0197062 0.0379815 0.0700360 0.1242148 0.0033119 0.1834229 0.2750856 0.0279858 0.0302716 0.0020422 0.0123514 0.0576502 0.0035033 0.0015340 0.0113970 0.0503020 0.0477729 0.0000000 0.0040009 0.0082472 0.0291824
 73 E  73 0.0000000 0.0000000 0.0107630 0.0313599 0.0000000 0.0115710 0.8680323 0.0020253 0.0050450 0.0000000 0.0000000 0.0031172 0.0043833 0.0000000 0.0000000 0.0332462 0.0000000 0.0000000 0.0000000 0.0000000 0.0304567
 74 Y  74 0.0000000 0.0000000 0.0000000 0.0000000 0.0109466 0.0000000 0.0000000 0.0000000 0.0000000 0.0000000 0.0105087 0.0000000 0.0000000 0.7896172 0.0000000 0.0020636 0.0000000 0.0052611 0.1427465 0.0044215 0.0344348
 75 V  75 0.0272630 0.0031776 0.0000000 0.0000000 0.0452908 0.0110508 0.0093084 0.0000000 0.0020483 0.0597818 0.2452492 0.0125776 0.0875308 0.0327532 0.0041712 0.0258240 0.0216540 0.0557025 0.0043069 0.2836141 0.0686957
 76 V  76 0.0902344 0.0572705 0.0584877 0.0260835 0.0144604 0.0396450 0.0369723 0.0110971 0.0088888 0.0527918 0.1123446 0.0390901 0.0392500 0.0040659 0.0138775 0.0966079 0.0934104 0.0000000 0.0192261 0.0897174 0.0964787
 77 L  77 0.0435928 0.0000000 0.0038044 0.0000000 0.0061693 0.0095166 0.0000000 0.0038786 0.0020087 0.0360722 0.3709124 0.0000000 0.2438134 0.0965338 0.0000000 0.0114853 0.0035009 0.0000000 0.0107468 0.0584404 0.0995244
 78 V  78 0.0042654 0.0000000 0.0000000 0.0000000 0.0017166 0.0000000 0.0000000 0.0017736 0.0000000 0.2176301 0.1673959 0.0000000 0.1926591 0.0168725 0.0000000 0.0000000 0.0215208 0.0000000 0.0133467 0.2570049 0.1058145
 79 A  79 0.1705680 0.0135657 0.0086449 0.0146333 0.0182516 0.0387189 0.0094736 0.1802903 0.0013230 0.0170961 0.0356392 0.0147034 0.0061414 0.1182681 0.0000000 0.0411470 0.0450094 0.0000000 0.0000000 0.0321507 0.2343754
 80 A  80 0.0455538 0.0910473 0.0270642 0.0313101 0.0290623 0.0280786 0.0350379 0.1275201 0.0036942 0.0032822 0.0117076 0.1830809 0.0166514 0.0025579 0.0028209 0.0647097 0.0208415 0.0036744 0.0118432 0.0084858 0.2519762
 81 L  81 0.0113307 0.0013314 0.0000000 0.0014635 0.0022856 0.0056079 0.0014950 0.0011399 0.0000000 0.1037758 0.3684200 0.0046277 0.0264633 0.0061615 0.0028119 0.0115953 0.0057793 0.0000000 0.0016361 0.1288986 0.3151765
 82 T  82 0.2640870 0.0023243 0.0000000 0.0026558 0.0276366 0.0000000 0.0029946 0.0152969 0.0029154 0.0140903 0.0567405 0.0000000 0.0201851 0.0059054 0.0000000 0.0302984 0.1660696 0.0000000 0.0000000 0.0341625 0.3546374
 83 V  83 0.0095990 0.0176603 0.0449852 0.0057598 0.0142908 0.0787259 0.0052207 0.0018778 0.0020798 0.0949722 0.0399665 0.0559326 0.0617156 0.0049219 0.0039325 0.0218445 0.0487741 0.0025839 0.0032950 0.1024243 0.3794374
 84 A  84 0.2548159 0.0031160 0.0000000 0.0471369 0.0191670 0.0102107 0.0116461 0.0139791 0.0060673 0.0213494 0.0334125 0.0044746 0.0442182 0.0058646 0.0125302 0.0146112 0.0224616 0.0081594 0.0113422 0.0204657 0.4349714
 85 M  85 0.0341380 0.0034224 0.0000000 0.0060051 0.3031111 0.0072202 0.0000000 0.0096527 0.0076220 0.0126439 0.0138121 0.0024651 0.0055034 0.0093742 0.0000000 0.0258735 0.0103951 0.0038196 0.0695786 0.0077823 0.4675808
 86 N  86 0.0118699 0.0000000 0.1364811 0.0090618 0.0000000 0.0034701 0.0158545 0.0033719 0.2135264 0.0000000 0.0000000 0.0062107 0.0014132 0.0209615 0.0000000 0.0148792 0.0023243 0.0000000 0.0754251 0.0000000 0.4851504
 87 N  87 0.0086774 0.0050425 0.0278666 0.0827798 0.0056545 0.0134889 0.1518538 0.0076188 0.0162652 0.0047394 0.0245871 0.0908264 0.0000000 0.0000000 0.0000000 0.0160612 0.0016945 0.0000000 0.0202238 0.0020077 0.5206124
 88 F  88 0.0373072 0.0063668 0.0100214 0.0260988 0.0141792 0.0253543 0.0145111 0.0000000 0.0156620 0.0249661 0.0200333 0.0339673 0.0014205 0.0794266 0.0000000 0.0505758 0.0184361 0.0000000 0.0805017 0.0143206 0.5268511
 89 F  89 0.0000000 0.0000000 0.0018326 0.0000000 0.0022544 0.0000000 0.0000000 0.0000000 0.0000000 0.0564767 0.0852731 0.0019866 0.0377736 0.1817112 0.0000000 0.0411433 0.0176037 0.0048915 0.0281211 0.0036016 0.5373305
 90 W  90 0.0019450 0.0261573 0.0051959 0.0047705 0.0012742 0.0519576 0.0306277 0.0196027 0.1192466 0.0036544 0.0384845 0.0307919 0.0035604 0.0000000 0.0000000 0.0342514 0.0075737 0.0036162 0.0025579 0.0624365 0.5522955
 91 E  91 0.0020278 0.0384982 0.0043577 0.0247601 0.0000000 0.0473989 0.0815801 0.0218742 0.0074293 0.0000000 0.0021037 0.1179063 0.0039230 0.0000000 0.0022748 0.0036614 0.0000000 0.0000000 0.0000000 0.0149439 0.6272606
 92 N  92 0.0272205 0.0015834 0.0229346 0.0217670 0.0000000 0.0542126 0.0621178 0.0050407 0.0330462 0.0000000 0.0000000 0.0056598 0.0000000 0.0000000 0.0000000 0.0412530 0.0117519 0.0000000 0.0028956 0.0000000 0.7105169
 93 S  93 0.0174504 0.0000000 0.0256954 0.0000000 0.0000000 0.0000000 0.0000000 0.0000000 0.0000000 0.0000000 0.0000000 0.0000000 0.0000000 0.0000000 0.0377617 0.0415532 0.0159232 0.0000000 0.0000000 0.0000000 0.8616162
