  173         A         R         N         D         C         Q         E         G         H         I         L         K         M         F         P         S         T         W         Y         V    
  1 M   1 0.0000000 0.0000000 0.0000000 0.0000000 0.0000000 0.0000000 0.0000000 0.0000000 0.0000000 0.0000000 0.2062596 0.0000000 0.7152693 0.0000000 0.0000000 0.0000000 0.0000000 0.0000000 0.0000000 0.0784711
  2 G   2 0.0755733 0.0065690 0.0749787 0.1155823 0.0000000 0.0000000 0.2864068 0.0525002 0.0191886 0.0043117 0.0000000 0.2011884 0.0000000 0.0000000 0.0000000 0.1563434 0.0000000 0.0000000 0.0000000 0.0073576
  3 I   3 0.0000000 0.0000000 0.0000000 0.0000000 0.0000000 0.0000000 0.0000000 0.0000000 0.0000000 0.2096946 0.6771709 0.0000000 0.0057096 0.0528283 0.0000000 0.0000000 0.0000000 0.0000000 0.0336532 0.0209434
  4 K   4 0.0393366 0.0483113 0.0790835 0.0417446 0.0000000 0.1376262 0.1398280 0.0000000 0.0065244 0.0000000 0.0040542 0.3247953 0.0000000 0.0000000 0.0000000 0.0547809 0.1239151 0.0000000 0.0000000 0.0000000
  5 Q   5 0.0545654 0.0207139 0.0808671 0.1125269 0.0000000 0.2009028 0.1370459 0.0271269 0.0109912 0.0231585 0.0000000 0.0926150 0.0000000 0.0000000 0.0000000 0.0183102 0.0281963 0.0000000 0.0000000 0.1929798
  6 Y   6 0.0000000 0.0000000 0.0065787 0.0000000 0.0038087 0.0000000 0.0000000 0.0000000 0.0000000 0.0293206 0.3225374 0.0000000 0.0693051 0.3682696 0.0000000 0.0000000 0.0000000 0.0135504 0.1866295 0.0000000
  7 S   7 0.1064306 0.0000000 0.0581827 0.1849401 0.0000000 0.0000000 0.0888532 0.0679716 0.0000000 0.0000000 0.0000000 0.0771497 0.0000000 0.0000000 0.0036262 0.2350667 0.1777792 0.0000000 0.0000000 0.0000000
  8 Q   8 0.0240446 0.0242292 0.0959224 0.0656003 0.0000000 0.0907833 0.0766703 0.3082584 0.0181143 0.0000000 0.0000000 0.1670904 0.0128630 0.0000000 0.0687359 0.0170468 0.0306411 0.0000000 0.0000000 0.0000000
  9 E   9 0.0284630 0.0000000 0.0000000 0.0348638 0.0000000 0.2594190 0.4494078 0.0000000 0.0838446 0.0307301 0.0255363 0.0474480 0.0000000 0.0000000 0.0000000 0.0000000 0.0148014 0.0000000 0.0000000 0.0254859
 10 E  10 0.0000000 0.0408944 0.1594741 0.1176836 0.0000000 0.1496069 0.2520213 0.0000000 0.0000000 0.0058021 0.0129531 0.1214769 0.0716362 0.0000000 0.0618650 0.0025221 0.0040642 0.0000000 0.0000000 0.0000000
 11 L  11 0.0133168 0.0611991 0.0000000 0.0000000 0.0000000 0.0000000 0.0000000 0.0000000 0.0000000 0.1225842 0.2077700 0.3995562 0.0403312 0.0171174 0.0000000 0.0000000 0.0000000 0.0000000 0.0433487 0.0947763
 12 K  12 0.0366333 0.0286812 0.1230442 0.1233336 0.0000000 0.0952320 0.1744386 0.0000000 0.0169339 0.0042038 0.0000000 0.1423483 0.0000000 0.0000000 0.0105302 0.1955772 0.0384228 0.0000000 0.0106210 0.0000000
 13 E  13 0.0110989 0.0042878 0.0606505 0.0345877 0.0000000 0.0417638 0.7169206 0.0000000 0.0274919 0.0000000 0.0000000 0.0479496 0.0000000 0.0000000 0.0000000 0.0184029 0.0000000 0.0000000 0.0253369 0.0115093
 14 M  14 0.0051691 0.0118889 0.0049868 0.0000000 0.0044563 0.0000000 0.0380025 0.0000000 0.0000000 0.0248713 0.4445375 0.0942907 0.2575593 0.0200902 0.0336611 0.0168263 0.0187892 0.0000000 0.0000000 0.0248708
 15 A  15 0.1220979 0.0050951 0.0143042 0.0085809 0.0000000 0.0000000 0.0000000 0.0000000 0.0000000 0.0000000 0.0000000 0.0000000 0.0000000 0.0000000 0.0477223 0.7157518 0.0864477 0.0000000 0.0000000 0.0000000
 16 L  16 0.0048249 0.0000000 0.0329711 0.0163519 0.0000000 0.0000000 0.0919753 0.0000000 0.0000000 0.0125689 0.2947316 0.0056460 0.4150459 0.1050983 0.0120873 0.0000000 0.0000000 0.0000000 0.0000000 0.0086987
 17 V  17 0.0447280 0.0000000 0.0000000 0.0000000 0.0000000 0.0000000 0.0085985 0.0000000 0.0000000 0.4457726 0.0753730 0.0140530 0.0199902 0.0000000 0.0000000 0.0226425 0.0497822 0.0000000 0.0000000 0.3190600
 18 E  18 0.0000000 0.0000000 0.0512955 0.4398999 0.0000000 0.0000000 0.4759065 0.0000000 0.0117792 0.0000000 0.0000000 0.0000000 0.0000000 0.0000000 0.0000000 0.0211189 0.0000000 0.0000000 0.0000000 0.0000000
 19 I  19 0.0330563 0.0000000 0.0000000 0.0000000 0.0000000 0.0266210 0.0000000 0.0000000 0.0000000 0.2354589 0.2150804 0.0103568 0.0655257 0.0136981 0.0000000 0.0000000 0.0162748 0.0076067 0.0000000 0.3763214
 20 A  20 0.8556287 0.0000000 0.0000000 0.0000000 0.0273678 0.0000000 0.0000000 0.0034999 0.0000000 0.0095276 0.0055833 0.0000000 0.0000000 0.0055021 0.0000000 0.0000000 0.0160778 0.0000000 0.0000000 0.0768129
 21 H  21 0.0109529 0.0788668 0.0382732 0.0000000 0.0000000 0.0023739 0.0138111 0.0095933 0.2401982 0.0000000 0.0000000 0.0328981 0.0000000 0.0881039 0.0000000 0.0152234 0.0438170 0.0000000 0.4024473 0.0234409
 22 E  22 0.3306850 0.0000000 0.0187347 0.0478301 0.0000000 0.0270923 0.2612533 0.0000000 0.0438016 0.0159893 0.0320111 0.0232503 0.0126864 0.0273469 0.0000000 0.0421662 0.0641730 0.0000000 0.0271536 0.0258261
 23 L  23 0.0171172 0.0000000 0.0000000 0.0000000 0.0000000 0.0051173 0.0000000 0.0000000 0.0000000 0.5534329 0.1816998 0.0064776 0.0146899 0.0060092 0.0000000 0.0000000 0.0000000 0.0059707 0.0659280 0.1435573
 24 F  24 0.0555703 0.0000000 0.0000000 0.0000000 0.0000000 0.0000000 0.0000000 0.0000000 0.0000000 0.0202472 0.8259875 0.0000000 0.0730183 0.0251767 0.0000000 0.0000000 0.0000000 0.0000000 0.0000000 0.0000000
 25 E  25 0.1168547 0.0462363 0.0723447 0.0225750 0.0039156 0.0599950 0.2428268 0.0038901 0.0395013 0.0240946 0.0173369 0.1836376 0.0037053 0.0000000 0.0000000 0.0710908 0.0479742 0.0000000 0.0000000 0.0440210
 26 E  26 0.0676973 0.0378621 0.0551094 0.1207860 0.0000000 0.1246760 0.3225424 0.0134769 0.0156555 0.0000000 0.0216847 0.1154105 0.0000000 0.0015894 0.0000000 0.0434164 0.0312237 0.0000000 0.0140662 0.0148034
 27 H  27 0.0762348 0.1671304 0.0932415 0.0000000 0.0000000 0.0565356 0.0749920 0.0045124 0.1260202 0.0000000 0.0000000 0.2777162 0.0000000 0.0000000 0.0000000 0.0282142 0.0656918 0.0000000 0.0067261 0.0229849
 28 K  28 0.0359421 0.0787220 0.0931330 0.0031130 0.0000000 0.0455324 0.0224589 0.3614658 0.0232143 0.0074833 0.0000000 0.3157991 0.0000000 0.0000000 0.0000000 0.0056744 0.0000000 0.0000000 0.0074618 0.0000000
 29 K  29 0.0198713 0.0763217 0.1007241 0.0649063 0.0000000 0.0890618 0.3250108 0.0249181 0.0037464 0.0000000 0.0000000 0.1723931 0.0000000 0.0000000 0.0000000 0.0308095 0.0886630 0.0000000 0.0000000 0.0035740
 30 P  30 0.1760902 0.0209330 0.0055833 0.0035395 0.0000000 0.0163082 0.0912594 0.0067261 0.0000000 0.0107958 0.0000000 0.0201974 0.0000000 0.0000000 0.3535033 0.0655395 0.1002870 0.0000000 0.0000000 0.1292373
 31 V  31 0.0045124 0.0000000 0.0000000 0.0083543 0.0000000 0.0210209 0.0000000 0.0000000 0.0056744 0.0837218 0.0686836 0.0120103 0.4970517 0.1082490 0.0000000 0.0179907 0.0416561 0.0000000 0.0290560 0.1020190
 32 P  32 0.0840253 0.0000000 0.1757383 0.0946713 0.0000000 0.0199867 0.0263289 0.0064928 0.0893070 0.0000000 0.0183554 0.0275965 0.0000000 0.0111188 0.0996873 0.1097668 0.0893859 0.0000000 0.1308143 0.0167246
 33 F  33 0.0139476 0.0000000 0.0000000 0.0000000 0.0000000 0.0000000 0.0000000 0.0000000 0.0000000 0.0415973 0.0990118 0.0000000 0.0000000 0.6745881 0.0000000 0.0000000 0.0000000 0.0000000 0.1708552 0.0000000
 34 Q  34 0.0602679 0.1051464 0.1292111 0.0543652 0.0000000 0.1124291 0.0290378 0.0025778 0.0232290 0.0067261 0.0176810 0.0613569 0.0088616 0.0043645 0.0221486 0.1636745 0.0263046 0.0000000 0.1191587 0.0534592
 35 E  35 0.0525255 0.0000000 0.0346015 0.5067643 0.0000000 0.0359003 0.2281710 0.0000000 0.0040806 0.0088118 0.0000000 0.0594308 0.0000000 0.0000000 0.0000000 0.0498899 0.0163244 0.0000000 0.0000000 0.0034999
 36 L  36 0.0000000 0.0000000 0.0000000 0.0000000 0.0000000 0.0000000 0.0000000 0.0000000 0.0000000 0.2658537 0.6953610 0.0000000 0.0039156 0.0348697 0.0000000 0.0000000 0.0000000 0.0000000 0.0000000 0.0000000
 37 L  37 0.0596223 0.0064630 0.0000000 0.0000000 0.0000000 0.0000000 0.0000000 0.0000000 0.0000000 0.2044101 0.1771330 0.0000000 0.0642064 0.0258879 0.0000000 0.0000000 0.0598649 0.1669067 0.0095933 0.2259126
 38 N  38 0.0338317 0.0155781 0.3092540 0.1144837 0.0000000 0.0975775 0.1096326 0.0212269 0.0164206 0.0161233 0.0237205 0.1730085 0.0159394 0.0000000 0.0000000 0.0074618 0.0237487 0.0000000 0.0000000 0.0219927
 39 E  39 0.0982247 0.0155943 0.0000000 0.0322520 0.0000000 0.0637332 0.6122758 0.0123538 0.0000000 0.0173223 0.0138818 0.0616109 0.0000000 0.0000000 0.0000000 0.0268523 0.0102103 0.0000000 0.0273678 0.0083208
 40 I  40 0.0303489 0.0000000 0.0000000 0.0000000 0.0000000 0.0000000 0.0000000 0.0000000 0.0000000 0.4449681 0.0154570 0.0000000 0.0058709 0.0490965 0.0000000 0.0000000 0.0448425 0.0000000 0.0029918 0.4064243
 41 A  41 0.1597435 0.0097097 0.0000000 0.0000000 0.0225878 0.3468229 0.0194066 0.0211461 0.0000000 0.0486310 0.0942095 0.0917623 0.0282339 0.0055021 0.0000000 0.0823248 0.0000000 0.0000000 0.0000000 0.0699198
 42 S  42 0.0947480 0.0260273 0.1095977 0.1011565 0.0000000 0.1116277 0.1706310 0.0171714 0.0000000 0.0046900 0.0000000 0.2317770 0.0000000 0.0000000 0.0273678 0.0770295 0.0231194 0.0000000 0.0000000 0.0050567
 43 L  43 0.0527201 0.0464937 0.0127640 0.0405627 0.0000000 0.0304397 0.0202100 0.0000000 0.0211189 0.0789353 0.2039965 0.0469707 0.0240714 0.1147617 0.0000000 0.0035277 0.0106726 0.0000000 0.2368658 0.0558890
 44 L  44 0.0198759 0.0808494 0.0086074 0.0000000 0.0000000 0.0180023 0.0103568 0.0545985 0.0072351 0.0272611 0.3957088 0.1974504 0.0541037 0.0271281 0.0000000 0.0306458 0.0338348 0.0000000 0.0000000 0.0343419
 45 G  45 0.0269290 0.0051497 0.1075716 0.0700815 0.0069963 0.0000000 0.1534448 0.4432058 0.0494883 0.0390676 0.0000000 0.0589396 0.0000000 0.0064630 0.0035399 0.0079403 0.0211827 0.0000000 0.0000000 0.0000000
 46 V  46 0.0187282 0.0246811 0.0088616 0.0097227 0.0000000 0.0096150 0.0072318 0.0000000 0.0000000 0.1416813 0.1608090 0.1950588 0.0375243 0.1098384 0.0000000 0.0472611 0.0267562 0.0000000 0.0898773 0.1123532
 47 K  47 0.0096684 0.0018953 0.0433478 0.1193491 0.0000000 0.0326866 0.0514086 0.0029614 0.0090033 0.0000000 0.0000000 0.0814594 0.0000000 0.0000000 0.0827907 0.4220155 0.1434140 0.0000000 0.0000000 0.0000000
 48 K  48 0.0450034 0.0048137 0.0431242 0.3577453 0.0000000 0.0500031 0.1593666 0.0036241 0.0000000 0.0097542 0.0162490 0.1655383 0.0000000 0.0120249 0.0093397 0.0318604 0.0065364 0.0000000 0.0259297 0.0590869
 49 E  49 0.0678397 0.0000000 0.0203042 0.1376799 0.0000000 0.0860815 0.4713291 0.0150352 0.0000000 0.0000000 0.0024797 0.0650887 0.0000000 0.0000000 0.0056255 0.0936489 0.0145702 0.0000000 0.0000000 0.0203174
 50 E  50 0.0378944 0.0041736 0.0264533 0.1650772 0.0000000 0.1477569 0.4081716 0.0065090 0.0000000 0.0100477 0.0032162 0.0219771 0.0000000 0.0000000 0.0267467 0.0864387 0.0440757 0.0000000 0.0000000 0.0114621
 51 L  51 0.0162870 0.0152272 0.0036066 0.0277056 0.0000000 0.0000000 0.0810707 0.0000000 0.0077652 0.3297106 0.1676564 0.0608325 0.0388364 0.1103371 0.0280617 0.0067050 0.0141360 0.0000000 0.0000000 0.0920619
 52 G  52 0.0664437 0.2659190 0.0648883 0.0390722 0.0000000 0.0372156 0.1808240 0.0374376 0.0000000 0.0320927 0.0095343 0.1234486 0.0323122 0.0000000 0.0400424 0.0568184 0.0097600 0.0000000 0.0000000 0.0041908
 53 D  53 0.1192888 0.0505797 0.0891208 0.1704715 0.0000000 0.0454954 0.2277091 0.0099595 0.0194807 0.0000000 0.0000000 0.0212113 0.0169685 0.0000000 0.0083074 0.1701217 0.0325376 0.0000000 0.0076251 0.0111227
 54 R  54 0.1409999 0.3710769 0.0350133 0.0000000 0.0000000 0.0653636 0.0000000 0.0000000 0.0034799 0.0077740 0.0619805 0.0926241 0.0034999 0.0119672 0.0000000 0.0632408 0.0166738 0.0240946 0.0046414 0.0975701
 55 I  55 0.0413154 0.0000000 0.0000000 0.0000000 0.0000000 0.0122485 0.0185682 0.0000000 0.0000000 0.4271722 0.3602742 0.0159243 0.0614639 0.0000000 0.0000000 0.0000000 0.0129089 0.0000000 0.0000000 0.0501244
 56 A  56 0.4690907 0.0000000 0.0000000 0.0000000 0.0000000 0.0000000 0.0000000 0.0554646 0.0000000 0.0207912 0.0068996 0.0000000 0.0000000 0.0000000 0.0814363 0.2365625 0.0136501 0.0000000 0.0000000 0.1161049
 57 Q  57 0.0399971 0.0929574 0.0163603 0.0297232 0.0122485 0.5399054 0.0718297 0.0214182 0.0031887 0.0000000 0.0387847 0.0000000 0.0000000 0.0349760 0.0166328 0.0234398 0.0087457 0.0000000 0.0370285 0.0127640
 58 F  58 0.0293847 0.0000000 0.0000000 0.0000000 0.0000000 0.0000000 0.0000000 0.0000000 0.0000000 0.0716669 0.1576452 0.0000000 0.0084769 0.6371164 0.0000000 0.0000000 0.0000000 0.0000000 0.0109021 0.0848077
 59 Y  59 0.0000000 0.0000000 0.0000000 0.0000000 0.0000000 0.0000000 0.0000000 0.0000000 0.0258025 0.0000000 0.0491669 0.0000000 0.0000000 0.0133986 0.0000000 0.0000000 0.0000000 0.0000000 0.9116320 0.0000000
 60 T  60 0.0071331 0.0000000 0.0064776 0.0139476 0.0000000 0.0211189 0.0000000 0.0302060 0.0000000 0.0000000 0.0000000 0.0000000 0.0280499 0.0000000 0.0000000 0.0706202 0.8149848 0.0000000 0.0000000 0.0074618
 61 D  61 0.0090980 0.0041225 0.0203737 0.6665403 0.0000000 0.0509279 0.1708164 0.0000000 0.0085340 0.0000000 0.0201759 0.0088118 0.0169557 0.0000000 0.0000000 0.0053779 0.0182660 0.0000000 0.0000000 0.0000000
 62 L  62 0.0000000 0.0000000 0.0000000 0.0000000 0.0000000 0.0000000 0.0000000 0.0000000 0.0000000 0.2308125 0.6003391 0.0000000 0.1427194 0.0213808 0.0000000 0.0000000 0.0000000 0.0000000 0.0000000 0.0047482
 63 N  63 0.0000000 0.0141206 0.7531662 0.0000000 0.0000000 0.0000000 0.0000000 0.0000000 0.0000000 0.0295551 0.0518579 0.0000000 0.0180473 0.0000000 0.0000000 0.0416649 0.0435781 0.0000000 0.0000000 0.0480099
 64 I  64 0.0073979 0.0000000 0.0033400 0.0000000 0.0000000 0.0234074 0.0230162 0.0000000 0.0000000 0.2730009 0.2686498 0.0000000 0.0806740 0.0091579 0.0000000 0.0168390 0.1609549 0.0000000 0.0037383 0.1298237
 65 D  65 0.0000000 0.0000000 0.0297879 0.9402829 0.0000000 0.0000000 0.0087141 0.0000000 0.0000000 0.0000000 0.0000000 0.0000000 0.0000000 0.0000000 0.0000000 0.0212151 0.0000000 0.0000000 0.0000000 0.0000000
 66 G  66 0.0230322 0.0000000 0.0575156 0.0239203 0.0000000 0.0000000 0.0000000 0.7100352 0.0000000 0.0000000 0.0000000 0.0000000 0.0055833 0.0000000 0.0452135 0.0588755 0.0622610 0.0000000 0.0000000 0.0135635
 67 R  67 0.0000000 0.5962746 0.0593724 0.0000000 0.0000000 0.0000000 0.0223455 0.0046414 0.0033427 0.0000000 0.0064630 0.0332038 0.0000000 0.0000000 0.0000000 0.2743567 0.0000000 0.0000000 0.0000000 0.0000000
 68 F  68 0.0000000 0.0000000 0.0000000 0.0000000 0.0000000 0.0000000 0.0000000 0.0000000 0.0000000 0.0000000 0.0080683 0.0000000 0.0060723 0.9858594 0.0000000 0.0000000 0.0000000 0.0000000 0.0000000 0.0000000
 69 L  69 0.0947345 0.0000000 0.0000000 0.0000000 0.0000000 0.0147486 0.0000000 0.0034843 0.0270848 0.4599386 0.1424248 0.0000000 0.0077656 0.0000000 0.0000000 0.0000000 0.0460109 0.0000000 0.0000000 0.2038080
 70 A  70 0.0349098 0.0122485 0.0962725 0.0000000 0.1059973 0.0000000 0.0000000 0.0033427 0.0459448 0.0033841 0.0560292 0.0139476 0.0000000 0.0389123 0.0617189 0.3418504 0.0637963 0.0000000 0.1216457 0.0000000
 71 L  71 0.0085340 0.0047019 0.0155070 0.0000000 0.0000000 0.0125994 0.0301352 0.0000000 0.0088118 0.0856382 0.4887015 0.0000000 0.0549331 0.0060092 0.0000000 0.0088616 0.0499099 0.0000000 0.0000000 0.2256572
 72 S  72 0.0000000 0.0000000 0.0000000 0.0095933 0.0000000 0.0177474 0.0458254 0.8489405 0.0000000 0.0000000 0.0000000 0.0000000 0.0000000 0.0000000 0.0067261 0.0443151 0.0268523 0.0000000 0.0000000 0.0000000
 73 D  73 0.0136981 0.0418875 0.1583842 0.3181830 0.0000000 0.0139616 0.2990074 0.0194080 0.0143883 0.0000000 0.0000000 0.0529672 0.0000000 0.0000000 0.0095933 0.0275497 0.0309718 0.0000000 0.0000000 0.0000000
 74 Q  74 0.0144779 0.0211189 0.6461498 0.0244726 0.0000000 0.0360061 0.0000000 0.1966779 0.0000000 0.0000000 0.0127640 0.0044534 0.0000000 0.0000000 0.0000000 0.0305514 0.0089746 0.0000000 0.0043533 0.0000000
 75 T  75 0.0082872 0.1676379 0.0246270 0.0000000 0.0000000 0.0328265 0.1425932 0.0155202 0.0056574 0.0096701 0.0991158 0.1549488 0.0633300 0.0055880 0.0000000 0.0273911 0.1262708 0.0000000 0.0198721 0.0966639
 76 W  76 0.0000000 0.0000000 0.0000000 0.0000000 0.0000000 0.0000000 0.0000000 0.0000000 0.0000000 0.0000000 0.0044572 0.0000000 0.0000000 0.0139595 0.0000000 0.0000000 0.0000000 0.9815833 0.0000000 0.0000000
 77 G  77 0.1138268 0.0000000 0.0128277 0.0757187 0.0000000 0.0000000 0.0000000 0.6974278 0.0000000 0.0000000 0.0104085 0.0729440 0.0000000 0.0000000 0.0000000 0.0072713 0.0095752 0.0000000 0.0000000 0.0000000
 78 L  78 0.0000000 0.0000000 0.0000000 0.0000000 0.0000000 0.0000000 0.0000000 0.0000000 0.0000000 0.0253266 0.9746734 0.0000000 0.0000000 0.0000000 0.0000000 0.0000000 0.0000000 0.0000000 0.0000000 0.0000000
 79 R  79 0.0064453 0.7256509 0.0089708 0.0000000 0.0000000 0.0000000 0.0000000 0.0000000 0.0000000 0.0000000 0.0000000 0.1621723 0.0000000 0.0000000 0.0000000 0.0394393 0.0502585 0.0000000 0.0000000 0.0070629
 80 S  80 0.1485282 0.0736369 0.0272666 0.1259509 0.0000000 0.0050032 0.1781851 0.0271559 0.0000000 0.0123315 0.0000000 0.0080160 0.0000000 0.0000000 0.0000000 0.2924925 0.0405816 0.0000000 0.0000000 0.0608515
 81 W  81 0.0000000 0.0932761 0.0095163 0.0214648 0.0000000 0.0000000 0.0000000 0.0097030 0.0000000 0.0000000 0.0000000 0.0000000 0.0105474 0.0518191 0.0000000 0.0278715 0.0000000 0.7588629 0.0169389 0.0000000
 82 Y  82 0.0169913 0.0061023 0.0173300 0.0104793 0.0000000 0.0164849 0.0195527 0.0000000 0.0689579 0.0000000 0.0582179 0.0000000 0.0633198 0.0438637 0.0124844 0.0186071 0.0000000 0.0000000 0.6068741 0.0407348
 83 P  83 0.1043227 0.0127899 0.0000000 0.0078993 0.0000000 0.0000000 0.0305396 0.0160333 0.0000000 0.0000000 0.0094540 0.0880312 0.0000000 0.0195186 0.5814568 0.0862346 0.0437200 0.0000000 0.0000000 0.0000000
 84 Y  84 0.0169005 0.0000000 0.0000000 0.0037620 0.0000000 0.0146506 0.0000000 0.0135175 0.0142608 0.1711272 0.0496884 0.0000000 0.0142400 0.1552498 0.0488261 0.0184028 0.0289904 0.0000000 0.1672212 0.2831629
 85 D  85 0.0039411 0.0077791 0.0134954 0.5175561 0.0000000 0.0000000 0.3272979 0.0000000 0.0068892 0.0000000 0.0000000 0.0612672 0.0000000 0.0000000 0.0000000 0.0421893 0.0000000 0.0000000 0.0195847 0.0000000
 86 Q  86 0.1111399 0.0314230 0.0098629 0.1075607 0.0000000 0.1563331 0.1992405 0.0155024 0.0035213 0.0182435 0.0000000 0.0465260 0.0000000 0.0113949 0.0000000 0.2079820 0.0404957 0.0000000 0.0100563 0.0307179
 87 L  87 0.0388392 0.0057044 0.0168906 0.0000000 0.0000000 0.0126988 0.0000000 0.0000000 0.0000000 0.4977520 0.0388445 0.0441285 0.0178598 0.0000000 0.0106304 0.0787481 0.0821752 0.0317733 0.0284460 0.0955092
 88 D  88 0.0141739 0.0976180 0.0723587 0.4122353 0.0000000 0.0000000 0.2020185 0.0000000 0.0656632 0.0000000 0.0254889 0.0824449 0.0000000 0.0000000 0.0000000 0.0000000 0.0052429 0.0000000 0.0000000 0.0227557
 89 E  89 0.0000000 0.0660278 0.0191650 0.0844586 0.0000000 0.0000000 0.6109350 0.0000000 0.0000000 0.0297037 0.0071153 0.0990397 0.0032931 0.0056891 0.0000000 0.0327178 0.0152343 0.0000000 0.0079163 0.0187042
 90 E  90 0.1017390 0.0094608 0.0000000 0.1054156 0.0000000 0.0387445 0.3809826 0.0078796 0.0087303 0.0513072 0.0170300 0.0617055 0.0053615 0.0291373 0.0240975 0.1206433 0.0207534 0.0000000 0.0000000 0.0170120
 91 T  91 0.0217807 0.0000000 0.0000000 0.0000000 0.0000000 0.0095254 0.0037780 0.0101694 0.0000000 0.2619319 0.0814293 0.0000000 0.0395349 0.0224968 0.0396591 0.0650746 0.1868552 0.0110545 0.0188909 0.2278194
 92 Q  92 0.1657612 0.0182638 0.0865108 0.0777340 0.0000000 0.0842871 0.0805335 0.0492566 0.0730042 0.0451644 0.0105570 0.0000000 0.0033177 0.0000000 0.0000000 0.0435526 0.1188469 0.0000000 0.0105653 0.1326448
 93 P  93 0.0468829 0.0130363 0.0664123 0.0356723 0.0000000 0.0153130 0.0690337 0.1143367 0.1338779 0.0830033 0.0069715 0.0437487 0.0018444 0.0000000 0.1696892 0.0873892 0.0787918 0.0000000 0.0091479 0.0248489
 94 T  94 0.0796979 0.0260976 0.0132308 0.0456320 0.0000000 0.0459770 0.0970710 0.0887126 0.0000000 0.0808354 0.0386620 0.0326050 0.0177438 0.0204408 0.0495607 0.1674456 0.1778975 0.0000000 0.0000000 0.0183905
 95 V  95 0.0743498 0.0000000 0.0397053 0.0684219 0.0000000 0.0126888 0.0453744 0.0239349 0.0000000 0.1103349 0.1377039 0.0495937 0.0232469 0.0444387 0.0677086 0.0596442 0.0842434 0.0000000 0.0202015 0.1384089
 96 K  96 0.0226955 0.1292459 0.0229271 0.1507997 0.0000000 0.1300274 0.1183146 0.0317273 0.0097931 0.0418488 0.0432563 0.1757684 0.0151856 0.0000000 0.0105201 0.0320403 0.0193371 0.0000000 0.0000000 0.0465128
 97 A  97 0.0612866 0.0861704 0.1011669 0.1559627 0.0000000 0.0151109 0.1023353 0.0093513 0.0192026 0.0068946 0.0129941 0.1814435 0.0000000 0.0190187 0.1116285 0.0284799 0.0850674 0.0000000 0.0000000 0.0038868
 98 K  98 0.0386158 0.1013807 0.0082886 0.0648561 0.0000000 0.0077270 0.2241873 0.0040371 0.0000000 0.0285791 0.0272188 0.3054135 0.0000000 0.0856334 0.0000000 0.0261105 0.0408001 0.0000000 0.0000000 0.0371520
 99 K  99 0.0370397 0.1153298 0.0037491 0.2073906 0.0000000 0.0017658 0.1505565 0.0313929 0.0296291 0.0396650 0.0159009 0.2437518 0.0147225 0.0000000 0.0117557 0.0508028 0.0265766 0.0000000 0.0074716 0.0124996
100 K 100 0.0063563 0.0636175 0.0185446 0.0892457 0.0000000 0.0070656 0.1096814 0.0150040 0.0064846 0.1484836 0.0272731 0.3007347 0.0000000 0.0196031 0.0264696 0.0469823 0.0533890 0.0000000 0.0356286 0.0254365
101 K 101 0.0605427 0.2308558 0.0407408 0.0686009 0.0000000 0.0273209 0.0849494 0.0043528 0.0109773 0.0049741 0.1039677 0.2149601 0.0082190 0.0000000 0.0489656 0.0338434 0.0518124 0.0000000 0.0000000 0.0049170
102 A 102 0.1019453 0.0492621 0.0042933 0.1754677 0.0000000 0.0209513 0.1176614 0.0248281 0.0000000 0.0110469 0.0163851 0.1525279 0.0000000 0.0000000 0.0864953 0.0315849 0.0079473 0.0000000 0.0243259 0.1752777
103 K 103 0.0151180 0.0604152 0.1547838 0.0993401 0.0000000 0.0172236 0.1736855 0.0151623 0.0132765 0.0297342 0.0251444 0.2314656 0.0000000 0.0099240 0.0064358 0.0993142 0.0294535 0.0000000 0.0111001 0.0084232
104 K 104 0.1789232 0.0848711 0.0038685 0.1545123 0.0000000 0.0140002 0.1466056 0.0134877 0.0092387 0.0000000 0.0535341 0.2397357 0.0083155 0.0202203 0.0070965 0.0242013 0.0115610 0.0000000 0.0161606 0.0136675
105 A 105 0.0749826 0.0238847 0.0098604 0.2319275 0.0000000 0.0000000 0.0962732 0.0000000 0.0000000 0.0163214 0.0607856 0.1765324 0.0126133 0.1691335 0.0233719 0.0182985 0.0416293 0.0000000 0.0246244 0.0197614
106 V 106 0.0518886 0.0741904 0.0084406 0.1330625 0.0000000 0.0168268 0.1937183 0.0242258 0.0083475 0.0720834 0.0344975 0.1007634 0.0752570 0.0177257 0.0319777 0.0318651 0.0275665 0.0000000 0.0090280 0.0885352
107 E 107 0.0592261 0.0444994 0.0786618 0.2222021 0.0000000 0.0000000 0.2561328 0.0455690 0.0044142 0.0065325 0.0499319 0.0665040 0.0110461 0.0233583 0.0000000 0.0474778 0.0497393 0.0000000 0.0170792 0.0176257
108 E 108 0.0464022 0.0827565 0.0351317 0.2114252 0.0000000 0.0152289 0.1645656 0.1417395 0.0000000 0.0382900 0.0276601 0.1141306 0.0045438 0.0261782 0.0105226 0.0579026 0.0000000 0.0000000 0.0069926 0.0165298
109 D 109 0.0455902 0.0177332 0.0090818 0.2737856 0.0000000 0.0386666 0.1923083 0.0353677 0.0000000 0.0000000 0.0448845 0.1670854 0.0000000 0.0492224 0.0120137 0.0477519 0.0220712 0.0000000 0.0130003 0.0314373
110 L 110 0.0495237 0.0265681 0.0884276 0.1438687 0.0000000 0.0436432 0.2519905 0.0281613 0.0000000 0.0052593 0.0804284 0.0470106 0.0045187 0.0660896 0.0205656 0.0312948 0.0086506 0.0000000 0.0196959 0.0843032
111 D 111 0.0742999 0.0000000 0.0750487 0.3540693 0.0000000 0.0000000 0.1513979 0.0261672 0.0241088 0.0189908 0.0358686 0.0876739 0.0059501 0.0042325 0.0121708 0.0439687 0.0431395 0.0000000 0.0000000 0.0429134
112 L 112 0.1526047 0.0213730 0.0000000 0.0953682 0.0000000 0.0000000 0.2008806 0.0064535 0.0000000 0.0607118 0.1617905 0.0370629 0.0066854 0.0257791 0.0174789 0.0164114 0.0213786 0.0000000 0.0421778 0.1338433
113 D 113 0.0107556 0.0000000 0.0483572 0.2043728 0.0000000 0.0116745 0.2649551 0.0147690 0.0109112 0.1489350 0.0927110 0.0301174 0.0111932 0.0598354 0.0219635 0.0222608 0.0215793 0.0000000 0.0056284 0.0199806
114 E 114 0.1119189 0.0111539 0.0122908 0.3951925 0.0000000 0.0184937 0.1968173 0.0226516 0.0000000 0.0143427 0.0842651 0.0077023 0.0000000 0.0000000 0.0110090 0.0298128 0.0000000 0.0000000 0.0139268 0.0704227
115 F 115 0.0103000 0.0000000 0.0221091 0.1853679 0.0000000 0.0295853 0.1534714 0.0641003 0.0167298 0.0427407 0.0608992 0.0000000 0.0000000 0.1244588 0.0306428 0.0306166 0.0000000 0.0000000 0.1613693 0.0676089
116 E 116 0.0903391 0.0041150 0.0898126 0.1561104 0.0000000 0.0000000 0.2067843 0.0347743 0.0115344 0.1072154 0.0430543 0.0000000 0.0203154 0.0042039 0.0214829 0.0609792 0.0298646 0.0000000 0.0434471 0.0759673
117 E 117 0.0769430 0.0000000 0.0219252 0.3608408 0.0000000 0.0151197 0.1983471 0.0336567 0.0183662 0.0564618 0.0258643 0.0219513 0.0400798 0.0095486 0.0000000 0.0328984 0.0283013 0.0000000 0.0057872 0.0539085
118 I 118 0.0313378 0.0000000 0.0215160 0.3181303 0.0000000 0.0000000 0.2049065 0.0400725 0.0221154 0.0702599 0.0790541 0.0235008 0.0066078 0.0000000 0.0162157 0.0317874 0.0181983 0.0000000 0.0406522 0.0756454
119 D 119 0.0232861 0.0000000 0.0700707 0.4593930 0.0000000 0.0000000 0.2107396 0.0211016 0.0000000 0.0038508 0.0612975 0.0171661 0.0051075 0.0080299 0.0231057 0.0176295 0.0297541 0.0000000 0.0180626 0.0314052
120 E 120 0.0368706 0.0100356 0.0549641 0.3027283 0.0000000 0.0281802 0.2229869 0.0000000 0.0000000 0.0233504 0.0130081 0.0290847 0.0183177 0.0168291 0.1461558 0.0384056 0.0094867 0.0000000 0.0189548 0.0306413
121 D 121 0.0071812 0.0000000 0.0070433 0.4577967 0.0000000 0.0000000 0.3556745 0.0279752 0.0000000 0.0122079 0.0253439 0.0000000 0.0078100 0.0074019 0.0000000 0.0371472 0.0130698 0.0000000 0.0000000 0.0413485
122 D 122 0.0383343 0.0000000 0.0150712 0.4424257 0.0000000 0.0093475 0.1428241 0.0103998 0.0082166 0.0148133 0.1160225 0.0177385 0.0130848 0.0000000 0.0000000 0.0453252 0.0000000 0.0000000 0.0429560 0.0834405
123 L 123 0.0511177 0.0000000 0.0000000 0.2811496 0.0000000 0.0088669 0.1766698 0.0285020 0.0000000 0.1351205 0.0662148 0.0000000 0.0000000 0.0737466 0.0702090 0.0249685 0.0238985 0.0000000 0.0401180 0.0194179
124 D 124 0.0169273 0.0000000 0.0449666 0.3974296 0.0000000 0.0000000 0.2059363 0.0185147 0.0000000 0.0254403 0.0603149 0.0176018 0.0000000 0.0107806 0.0193005 0.0718371 0.0497871 0.0000000 0.0257084 0.0354550
125 L 125 0.0106205 0.0000000 0.0605853 0.2678973 0.0000000 0.0189430 0.1059716 0.0075946 0.0000000 0.1185039 0.0939378 0.0180501 0.0000000 0.0766659 0.0231505 0.0272218 0.0370531 0.0000000 0.1013479 0.0324566
126 D 126 0.0164246 0.0000000 0.1024588 0.1975661 0.0000000 0.0141003 0.1750516 0.0176463 0.0000000 0.0329087 0.0996341 0.0311736 0.0000000 0.0449694 0.0273951 0.0639323 0.0761696 0.0000000 0.0518765 0.0486928
127 E 127 0.0439511 0.0000000 0.0804742 0.2142805 0.0000000 0.0251908 0.3014181 0.0448940 0.0000000 0.0000000 0.0526161 0.0188933 0.0000000 0.0238265 0.0562510 0.0236596 0.0378251 0.0000000 0.0266718 0.0500480
128 V 128 0.1096287 0.0059833 0.0142793 0.3005104 0.0000000 0.0199391 0.2142791 0.0464987 0.0000000 0.0185834 0.0000000 0.0000000 0.0266672 0.0669624 0.0157208 0.0243767 0.0167698 0.0000000 0.0379529 0.0818481
129 E 129 0.0188455 0.0000000 0.0000000 0.2696189 0.0000000 0.0400094 0.2745822 0.0378685 0.0068977 0.0511992 0.0921380 0.0240137 0.0272550 0.0421456 0.0086412 0.0251802 0.0546787 0.0000000 0.0000000 0.0269261
130 E 130 0.0404826 0.0000000 0.0248062 0.2310246 0.0000000 0.0069329 0.3024341 0.0339997 0.0000000 0.0250744 0.0710957 0.0286400 0.0140606 0.0131745 0.1284061 0.0086424 0.0664914 0.0000000 0.0000000 0.0047348
131 E 131 0.0745871 0.0000000 0.0192984 0.2818595 0.0000000 0.0074814 0.3750816 0.0081268 0.0000000 0.0241410 0.0574581 0.0093599 0.0000000 0.0000000 0.0066254 0.0165379 0.0279550 0.0000000 0.0000000 0.0914877
132 L 132 0.0078841 0.0000000 0.0382129 0.3476803 0.0000000 0.0551835 0.2422595 0.0248780 0.0000000 0.0000000 0.1569700 0.0000000 0.0192367 0.0000000 0.0148860 0.0509304 0.0054718 0.0000000 0.0000000 0.0364070
133 D 133 0.0438021 0.0000000 0.0062153 0.2811379 0.0000000 0.0212872 0.2558494 0.0397910 0.0000000 0.0137893 0.0618680 0.0370951 0.0000000 0.0582861 0.0137462 0.0977732 0.0322796 0.0000000 0.0306495 0.0064301
134 L 134 0.0450196 0.0000000 0.0360135 0.3120612 0.0000000 0.0000000 0.1529622 0.0228858 0.0000000 0.0453603 0.1216248 0.0000000 0.0145808 0.0435714 0.0000000 0.0000000 0.0424642 0.0000000 0.1287053 0.0347510
135 E 135 0.0311425 0.0000000 0.0484616 0.3799613 0.0000000 0.0000000 0.1955651 0.0000000 0.0000000 0.0543878 0.0427811 0.0000000 0.0000000 0.0503878 0.0000000 0.0431890 0.0332636 0.0000000 0.0438922 0.0769680
136 A 136 0.0646565 0.0000000 0.0546869 0.3523733 0.0000000 0.0000000 0.1631209 0.0657230 0.0000000 0.0000000 0.0568605 0.0086289 0.0000000 0.0173051 0.0235185 0.0324205 0.0390776 0.0000000 0.0780922 0.0435362
137 D 137 0.0185991 0.0200022 0.0217955 0.3530606 0.0000000 0.0106131 0.2102533 0.0492397 0.0000000 0.0000000 0.0250808 0.0188552 0.0000000 0.1131812 0.0127073 0.0915436 0.0412883 0.0000000 0.0000000 0.0137803
138 D 138 0.0225659 0.0000000 0.1444366 0.4374416 0.0000000 0.0095682 0.0869164 0.0340739 0.0075332 0.0149425 0.0362322 0.0000000 0.0000000 0.0289519 0.0740649 0.0206745 0.0140235 0.0000000 0.0205975 0.0479771
139 F 139 0.0127792 0.0318795 0.0233945 0.2125502 0.0000000 0.0317696 0.1820655 0.0294415 0.0000000 0.0401141 0.0362778 0.0189148 0.0000000 0.0856283 0.1380393 0.0603239 0.0397917 0.0000000 0.0359603 0.0210697
140 D 140 0.0218944 0.0000000 0.0280579 0.4714440 0.0000000 0.0000000 0.1653566 0.0271792 0.0000000 0.0327915 0.0202164 0.0210219 0.0000000 0.0152513 0.0108006 0.0430720 0.0421816 0.0000000 0.0254834 0.0752493
141 E 141 0.0155964 0.0000000 0.0690859 0.3934636 0.0000000 0.0262689 0.2587282 0.0199539 0.0258655 0.0215375 0.0132184 0.0157029 0.0000000 0.0349858 0.0128398 0.0189831 0.0297076 0.0000000 0.0115818 0.0324806
142 E 142 0.0198409 0.0173779 0.0000000 0.3258625 0.0000000 0.0169271 0.4484933 0.0326075 0.0000000 0.0000000 0.0080929 0.0108442 0.0000000 0.0313106 0.0000000 0.0000000 0.0000000 0.0000000 0.0000000 0.0886432
143 D 143 0.0000000 0.0278822 0.0505817 0.4473147 0.0000000 0.0226712 0.0910348 0.0599945 0.0151643 0.0435797 0.0000000 0.1231914 0.0000000 0.0000000 0.0095339 0.0605778 0.0170382 0.0000000 0.0000000 0.0314358
144 L 144 0.0679410 0.0000000 0.0151897 0.1506301 0.0000000 0.0000000 0.1833583 0.0205394 0.0344731 0.0809025 0.1317024 0.0000000 0.0053678 0.0218144 0.0000000 0.0994906 0.0345822 0.0000000 0.0774586 0.0765499
145 D 145 0.0497982 0.0000000 0.0084287 0.1982964 0.0000000 0.0141533 0.3568785 0.0000000 0.0000000 0.1145266 0.0351188 0.0595433 0.0000000 0.0000000 0.0000000 0.0714698 0.0177563 0.0000000 0.0000000 0.0740301
146 E 146 0.0413418 0.0235701 0.0641931 0.2049602 0.0000000 0.0000000 0.1371031 0.0111134 0.0000000 0.0633912 0.0327346 0.0322384 0.0092429 0.0542786 0.0358203 0.0644939 0.0555074 0.0000000 0.0333891 0.1366217
147 D 147 0.0123273 0.0000000 0.0337262 0.3301691 0.0000000 0.0116613 0.3286531 0.0000000 0.0000000 0.0240931 0.0000000 0.0827688 0.0000000 0.0000000 0.0110929 0.0172060 0.0185633 0.0000000 0.0661031 0.0636356
148 D 148 0.1022939 0.0000000 0.1176535 0.2927440 0.0000000 0.0000000 0.2612228 0.0367147 0.0000000 0.0433951 0.0000000 0.0000000 0.0103130 0.0181187 0.0000000 0.0887907 0.0000000 0.0000000 0.0000000 0.0287535
149 D 149 0.0000000 0.0000000 0.0673958 0.2457264 0.0000000 0.0092240 0.2654151 0.0176198 0.0000000 0.1093763 0.0226140 0.0234296 0.0000000 0.0000000 0.0000000 0.0730272 0.0000000 0.0000000 0.1538119 0.0123598
150 D 150 0.0000000 0.0000000 0.0440799 0.5252569 0.0000000 0.0000000 0.2332549 0.0251405 0.0095638 0.0196064 0.0223478 0.0230417 0.0000000 0.0184540 0.0000000 0.0442855 0.0349685 0.0000000 0.0000000 0.0000000
151 L 151 0.0898162 0.0000000 0.0000000 0.1829582 0.0000000 0.0139443 0.0806438 0.0571438 0.0000000 0.0146176 0.1177381 0.0000000 0.0000000 0.1190578 0.0000000 0.2308242 0.0392547 0.0000000 0.0540013 0.0000000
152 E 152 0.0209020 0.0000000 0.0492181 0.2731928 0.0000000 0.0000000 0.4298751 0.0000000 0.0000000 0.0408951 0.0000000 0.0302766 0.0000000 0.0000000 0.0000000 0.0207537 0.0857194 0.0000000 0.0173208 0.0318463
153 I 153 0.0000000 0.0000000 0.0629337 0.1348721 0.0000000 0.0000000 0.1227473 0.0386642 0.0000000 0.2540465 0.3679924 0.0000000 0.0000000 0.0000000 0.0000000 0.0000000 0.0000000 0.0000000 0.0000000 0.0187438
154 E 154 0.0961123 0.0000000 0.1988062 0.1520956 0.0000000 0.0348080 0.2622670 0.1051922 0.0000000 0.0000000 0.0000000 0.0000000 0.0000000 0.0000000 0.0702300 0.0148137 0.0423854 0.0000000 0.0000000 0.0232897
155 E 155 0.0755972 0.0000000 0.0747344 0.2096489 0.0000000 0.0000000 0.4603299 0.0412508 0.0302950 0.0000000 0.0000000 0.0000000 0.0000000 0.0000000 0.0000000 0.0218541 0.0662919 0.0000000 0.0000000 0.0199977
156 D 156 0.0305044 0.0000000 0.0196288 0.2566622 0.0000000 0.0000000 0.0413009 0.0368790 0.0000000 0.2130564 0.0316636 0.0000000 0.0000000 0.0000000 0.0151183 0.0756249 0.0000000 0.0000000 0.1554390 0.1241226
157 I 157 0.0811506 0.0206819 0.0325656 0.1882825 0.0000000 0.0000000 0.1350149 0.0386995 0.0000000 0.1993559 0.0312206 0.0470150 0.0000000 0.0301338 0.0200896 0.1084061 0.0240712 0.0000000 0.0237879 0.0195249
158 I 158 0.0893984 0.0000000 0.0000000 0.1263984 0.0000000 0.0246492 0.0790062 0.0000000 0.0000000 0.1556476 0.0340215 0.0000000 0.0000000 0.0244021 0.2358148 0.1670493 0.0000000 0.0000000 0.0248573 0.0387553
159 D 159 0.0316183 0.0000000 0.0000000 0.5621450 0.0000000 0.0000000 0.0729983 0.1203779 0.0000000 0.0000000 0.0000000 0.0000000 0.0000000 0.0000000 0.0000000 0.0506201 0.0301454 0.0000000 0.0352626 0.0968323
160 E 160 0.0153445 0.0480148 0.0351096 0.4298621 0.0000000 0.0396043 0.1363437 0.0628287 0.0000000 0.0248473 0.0528658 0.0000000 0.0181663 0.0327587 0.0252571 0.0252615 0.0000000 0.0000000 0.0537355 0.0000000
161 D 161 0.0000000 0.0000000 0.0259714 0.5411386 0.0000000 0.0000000 0.1565822 0.0000000 0.0000000 0.0000000 0.0886908 0.0519415 0.0000000 0.0000000 0.0000000 0.0848881 0.0304312 0.0000000 0.0203561 0.0000000
162 D 162 0.0608640 0.0000000 0.0000000 0.4226619 0.0000000 0.0000000 0.2712957 0.0398964 0.0000000 0.0000000 0.0168307 0.0000000 0.0000000 0.0406984 0.0000000 0.1232786 0.0244744 0.0000000 0.0000000 0.0000000
163 E 163 0.0327665 0.0000000 0.1281129 0.1352673 0.0000000 0.0000000 0.5322848 0.0699183 0.0000000 0.0000000 0.0687867 0.0328635 0.0000000 0.0000000 0.0000000 0.0000000 0.0000000 0.0000000 0.0000000 0.0000000
164 D 164 0.0000000 0.0000000 0.0440165 0.3518122 0.0000000 0.0241248 0.2149290 0.0735955 0.0000000 0.0000000 0.0897244 0.0000000 0.0000000 0.0000000 0.0000000 0.1208871 0.0335734 0.0000000 0.0000000 0.0473371
165 Y 165 0.0316011 0.0000000 0.0767135 0.0699200 0.0000000 0.0000000 0.0367863 0.0477038 0.0000000 0.2360964 0.1574882 0.0000000 0.0000000 0.0000000 0.0000000 0.0000000 0.1003566 0.0000000 0.1334175 0.1099166
166 D 166 0.0000000 0.0000000 0.0581216 0.5327253 0.0000000 0.0504354 0.1215709 0.0523520 0.0000000 0.0000000 0.0000000 0.0000000 0.0000000 0.0000000 0.1020636 0.0000000 0.0827312 0.0000000 0.0000000 0.0000000
167 D 167 0.0000000 0.0000000 0.0000000 0.3902256 0.0000000 0.0000000 0.2805126 0.0517459 0.0000000 0.0888768 0.1382038 0.0000000 0.0000000 0.0000000 0.0000000 0.0000000 0.0504354 0.0000000 0.0000000 0.0000000
168 E 168 0.0000000 0.0000000 0.3032915 0.2384499 0.0000000 0.0000000 0.2676268 0.0000000 0.0000000 0.0000000 0.0504354 0.0000000 0.0000000 0.0000000 0.0388927 0.1013037 0.0000000 0.0000000 0.0000000 0.0000000
169 E 169 0.0000000 0.0000000 0.0000000 0.2872166 0.0000000 0.0425442 0.2428896 0.0000000 0.0000000 0.1540573 0.1827936 0.0000000 0.0000000 0.0000000 0.0904986 0.0000000 0.0000000 0.0000000 0.0000000 0.0000000
170 E 170 0.0000000 0.0000000 0.0751104 0.1739923 0.0000000 0.0635784 0.4162509 0.0000000 0.0000000 0.0425442 0.0000000 0.0000000 0.0000000 0.0000000 0.0000000 0.0000000 0.1476597 0.0000000 0.0808641 0.0000000
171 E 171 0.0000000 0.0000000 0.0000000 0.1112366 0.0000000 0.0000000 0.8887634 0.0000000 0.0000000 0.0000000 0.0000000 0.0000000 0.0000000 0.0000000 0.0000000 0.0000000 0.0000000 0.0000000 0.0000000 0.0000000
172 I 172 0.0000000 0.0000000 0.0000000 0.0000000 0.0000000 0.0000000 0.0000000 0.0000000 0.0000000 0.2430233 0.7569767 0.0000000 0.0000000 0.0000000 0.0000000 0.0000000 0.0000000 0.0000000 0.0000000 0.0000000
173 K 173 0.0000000 0.0000000 0.0000000 0.0000000 0.0000000 0.0000000 0.0000000 0.0000000 0.0000000 0.0000000 0.0000000 1.0000000 0.0000000 0.0000000 0.0000000 0.0000000 0.0000000 0.0000000 0.0000000 0.0000000
