  173         A         R         N         D         C         Q         E         G         H         I         L         K         M         F         P         S         T         W         Y         V         X    
  1 M   1 0.0000000 0.0000000 0.0000000 0.0000000 0.0000000 0.0000000 0.0000000 0.0000000 0.0000000 0.0000000 0.1092971 0.0000000 0.3959608 0.0000000 0.0000000 0.0000000 0.0000000 0.0000000 0.0000000 0.0438045 0.4509376
  2 G   2 0.0420975 0.0036543 0.0428676 0.0626147 0.0000000 0.0000000 0.1609692 0.0265888 0.0102137 0.0025802 0.0000000 0.1111622 0.0000000 0.0000000 0.0000000 0.0902201 0.0000000 0.0000000 0.0000000 0.0042453 0.4427864
  3 I   3 0.0000000 0.0000000 0.0000000 0.0000000 0.0000000 0.0000000 0.0000000 0.0000000 0.0000000 0.1141293 0.3918172 0.0000000 0.0034829 0.0315329 0.0000000 0.0000000 0.0000000 0.0000000 0.0182661 0.0127668 0.4280048
  4 K   4 0.0237387 0.0288124 0.0435707 0.0254212 0.0000000 0.0807446 0.0851366 0.0000000 0.0042903 0.0000000 0.0025576 0.1818336 0.0000000 0.0000000 0.0000000 0.0307568 0.0669971 0.0000000 0.0000000 0.0000000 0.4261404
  5 Q   5 0.0323599 0.0126734 0.0468471 0.0684459 0.0000000 0.1211101 0.0836969 0.0162605 0.0069165 0.0141619 0.0000000 0.0608404 0.0000000 0.0000000 0.0000000 0.0103729 0.0159762 0.0000000 0.0000000 0.1180142 0.3923242
  6 Y   6 0.0000000 0.0000000 0.0042453 0.0000000 0.0025262 0.0000000 0.0000000 0.0000000 0.0000000 0.0201441 0.1974762 0.0000000 0.0436478 0.2326523 0.0000000 0.0000000 0.0000000 0.0088570 0.1169277 0.0000000 0.3735234
  7 S   7 0.0720113 0.0000000 0.0367123 0.1200693 0.0000000 0.0000000 0.0555342 0.0412650 0.0000000 0.0000000 0.0000000 0.0523500 0.0000000 0.0000000 0.0026459 0.1511100 0.1136380 0.0000000 0.0000000 0.0000000 0.3546640
  8 Q   8 0.0160514 0.0159476 0.0604383 0.0430949 0.0000000 0.0559819 0.0491784 0.2013185 0.0124854 0.0000000 0.0000000 0.1100012 0.0086410 0.0000000 0.0493578 0.0105963 0.0194668 0.0000000 0.0000000 0.0000000 0.3474404
  9 E   9 0.0198636 0.0000000 0.0000000 0.0246615 0.0000000 0.1746187 0.2959857 0.0000000 0.0514454 0.0195245 0.0162853 0.0318809 0.0000000 0.0000000 0.0000000 0.0000000 0.0104512 0.0000000 0.0000000 0.0161890 0.3390942
 10 E  10 0.0000000 0.0313894 0.1194979 0.0907004 0.0000000 0.1142726 0.1910782 0.0000000 0.0000000 0.0043684 0.0101343 0.0938926 0.0535450 0.0000000 0.0430152 0.0020755 0.0033867 0.0000000 0.0000000 0.0000000 0.2426436
 11 L  11 0.0111061 0.0469298 0.0000000 0.0000000 0.0000000 0.0000000 0.0000000 0.0000000 0.0000000 0.0963049 0.1624666 0.3086485 0.0311110 0.0141850 0.0000000 0.0000000 0.0000000 0.0000000 0.0353449 0.0735424 0.2203609
 12 K  12 0.0293516 0.0234754 0.0961136 0.0994883 0.0000000 0.0785787 0.1363757 0.0000000 0.0131107 0.0034306 0.0000000 0.1100842 0.0000000 0.0000000 0.0083462 0.1557838 0.0306208 0.0000000 0.0086410 0.0000000 0.2065994
 13 E  13 0.0087841 0.0037231 0.0504349 0.0279238 0.0000000 0.0359325 0.5857095 0.0000000 0.0242561 0.0000000 0.0000000 0.0405331 0.0000000 0.0000000 0.0000000 0.0152197 0.0000000 0.0000000 0.0209268 0.0092320 0.1773244
 14 M  14 0.0047645 0.0101462 0.0043036 0.0000000 0.0043192 0.0000000 0.0330812 0.0000000 0.0000000 0.0223105 0.3797963 0.0813489 0.2270037 0.0170981 0.0295416 0.0151590 0.0162020 0.0000000 0.0000000 0.0204278 0.1344974
 15 A  15 0.1042208 0.0054368 0.0132631 0.0076638 0.0000000 0.0000000 0.0000000 0.0000000 0.0000000 0.0000000 0.0000000 0.0000000 0.0000000 0.0000000 0.0448041 0.6643868 0.0818651 0.0000000 0.0000000 0.0000000 0.0783595
 16 L  16 0.0054368 0.0000000 0.0318806 0.0160203 0.0000000 0.0000000 0.0964555 0.0000000 0.0000000 0.0153731 0.2732551 0.0057342 0.4055551 0.1035602 0.0110081 0.0000000 0.0000000 0.0000000 0.0000000 0.0083462 0.0273748
 17 V  17 0.0485339 0.0000000 0.0000000 0.0000000 0.0000000 0.0000000 0.0087967 0.0000000 0.0000000 0.4404464 0.0743099 0.0132204 0.0205155 0.0000000 0.0000000 0.0260683 0.0502765 0.0000000 0.0000000 0.3090379 0.0087946
 18 E  18 0.0000000 0.0000000 0.0500082 0.4497458 0.0000000 0.0000000 0.4683112 0.0000000 0.0110081 0.0000000 0.0000000 0.0000000 0.0000000 0.0000000 0.0000000 0.0209268 0.0000000 0.0000000 0.0000000 0.0000000 0.0000000
 19 I  19 0.0322630 0.0000000 0.0000000 0.0000000 0.0000000 0.0266610 0.0000000 0.0000000 0.0000000 0.2281746 0.2178520 0.0101073 0.0674413 0.0134474 0.0000000 0.0000000 0.0163711 0.0117687 0.0000000 0.3759135 0.0000000
 20 A  20 0.8554415 0.0000000 0.0000000 0.0000000 0.0260128 0.0000000 0.0000000 0.0040889 0.0000000 0.0092919 0.0058242 0.0000000 0.0000000 0.0057342 0.0000000 0.0000000 0.0163805 0.0000000 0.0000000 0.0772259 0.0000000
 21 H  21 0.0102137 0.0823976 0.0389865 0.0000000 0.0000000 0.0026231 0.0144683 0.0092320 0.2293894 0.0000000 0.0000000 0.0319349 0.0000000 0.0895920 0.0000000 0.0141211 0.0417811 0.0000000 0.4078947 0.0273655 0.0000000
 22 E  22 0.3238430 0.0000000 0.0185217 0.0483885 0.0000000 0.0290569 0.2607369 0.0000000 0.0448968 0.0150673 0.0347029 0.0282566 0.0134355 0.0254725 0.0000000 0.0433786 0.0618315 0.0000000 0.0268567 0.0255545 0.0000000
 23 L  23 0.0168555 0.0000000 0.0000000 0.0000000 0.0000000 0.0053304 0.0000000 0.0000000 0.0000000 0.5563204 0.1777648 0.0065875 0.0147542 0.0061725 0.0000000 0.0000000 0.0000000 0.0059699 0.0643353 0.1459094 0.0000000
 24 F  24 0.0542477 0.0000000 0.0000000 0.0000000 0.0000000 0.0000000 0.0000000 0.0000000 0.0000000 0.0200008 0.8320891 0.0000000 0.0720959 0.0215665 0.0000000 0.0000000 0.0000000 0.0000000 0.0000000 0.0000000 0.0000000
 25 E  25 0.1132379 0.0481292 0.0729623 0.0208588 0.0041147 0.0609470 0.2343380 0.0043192 0.0384620 0.0232135 0.0197454 0.1886533 0.0038705 0.0000000 0.0000000 0.0734461 0.0479842 0.0000000 0.0000000 0.0457177 0.0000000
 26 E  26 0.0705347 0.0378028 0.0580962 0.1246667 0.0000000 0.1262832 0.3134427 0.0129978 0.0147157 0.0000000 0.0207653 0.1164997 0.0000000 0.0017769 0.0000000 0.0437186 0.0309905 0.0000000 0.0132917 0.0144174 0.0000000
 27 H  27 0.0780549 0.1698782 0.0910328 0.0000000 0.0000000 0.0595707 0.0730989 0.0047645 0.1157121 0.0000000 0.0000000 0.2848198 0.0000000 0.0000000 0.0000000 0.0284872 0.0656123 0.0000000 0.0067630 0.0222056 0.0000000
 28 K  28 0.0349461 0.0801509 0.0935255 0.0035128 0.0000000 0.0462606 0.0268931 0.3630970 0.0228035 0.0074490 0.0000000 0.3082597 0.0000000 0.0000000 0.0000000 0.0055165 0.0000000 0.0000000 0.0075854 0.0000000 0.0000000
 29 K  29 0.0196407 0.0755818 0.1035495 0.0644255 0.0000000 0.0904064 0.3196658 0.0297864 0.0041077 0.0000000 0.0000000 0.1685246 0.0000000 0.0000000 0.0000000 0.0302784 0.0903102 0.0000000 0.0000000 0.0037231 0.0000000
 30 P  30 0.1812293 0.0212030 0.0058242 0.0034093 0.0000000 0.0168494 0.0927443 0.0067630 0.0000000 0.0098507 0.0000000 0.0199849 0.0000000 0.0000000 0.3512300 0.0687190 0.0994491 0.0000000 0.0000000 0.1227438 0.0000000
 31 V  31 0.0047645 0.0000000 0.0000000 0.0081548 0.0000000 0.0210544 0.0000000 0.0000000 0.0055165 0.0820045 0.0695583 0.0125515 0.4979849 0.1055287 0.0000000 0.0185802 0.0430504 0.0000000 0.0299873 0.1012641 0.0000000
 32 P  32 0.0833290 0.0000000 0.1707003 0.0916341 0.0000000 0.0191462 0.0255299 0.0071816 0.0934665 0.0000000 0.0171194 0.0280078 0.0000000 0.0139676 0.0948913 0.1101106 0.0895837 0.0000000 0.1379204 0.0174115 0.0000000
 33 F  33 0.0132204 0.0000000 0.0000000 0.0000000 0.0000000 0.0000000 0.0000000 0.0000000 0.0000000 0.0407415 0.0967573 0.0000000 0.0000000 0.6651389 0.0000000 0.0000000 0.0000000 0.0000000 0.1841419 0.0000000 0.0000000
 34 Q  34 0.0655063 0.1070836 0.1266991 0.0556828 0.0000000 0.1111296 0.0288668 0.0027048 0.0230309 0.0067630 0.0185039 0.0668711 0.0086322 0.0044161 0.0203044 0.1584111 0.0270626 0.0000000 0.1157876 0.0525440 0.0000000
 35 E  35 0.0492450 0.0000000 0.0345742 0.5121900 0.0000000 0.0371976 0.2257774 0.0000000 0.0040281 0.0086386 0.0000000 0.0611169 0.0000000 0.0000000 0.0000000 0.0464935 0.0166497 0.0000000 0.0000000 0.0040889 0.0000000
 36 L  36 0.0000000 0.0000000 0.0000000 0.0000000 0.0000000 0.0000000 0.0000000 0.0000000 0.0000000 0.2650959 0.6959820 0.0000000 0.0041147 0.0348074 0.0000000 0.0000000 0.0000000 0.0000000 0.0000000 0.0000000 0.0000000
 37 L  37 0.0582055 0.0064668 0.0000000 0.0000000 0.0000000 0.0000000 0.0000000 0.0000000 0.0000000 0.2090298 0.1690798 0.0000000 0.0654801 0.0301662 0.0000000 0.0000000 0.0587673 0.1669162 0.0092320 0.2266562 0.0000000
 38 N  38 0.0349205 0.0168300 0.3057690 0.1134111 0.0000000 0.0975838 0.1104774 0.0202112 0.0157025 0.0161568 0.0250253 0.1730194 0.0161862 0.0000000 0.0000000 0.0075854 0.0239862 0.0000000 0.0000000 0.0231353 0.0000000
 39 E  39 0.0978174 0.0149081 0.0000000 0.0378301 0.0000000 0.0620566 0.6107960 0.0119764 0.0000000 0.0167277 0.0137550 0.0609691 0.0000000 0.0000000 0.0000000 0.0272124 0.0115200 0.0000000 0.0260128 0.0084184 0.0000000
 40 I  40 0.0316013 0.0000000 0.0000000 0.0000000 0.0000000 0.0000000 0.0000000 0.0000000 0.0000000 0.4375229 0.0158796 0.0000000 0.0065271 0.0475751 0.0000000 0.0000000 0.0438665 0.0000000 0.0031236 0.4139039 0.0000000
 41 A  41 0.1620097 0.0093185 0.0000000 0.0000000 0.0230909 0.3379957 0.0197524 0.0204100 0.0000000 0.0508663 0.0979606 0.0888582 0.0273610 0.0057342 0.0000000 0.0872664 0.0000000 0.0000000 0.0000000 0.0693760 0.0000000
 42 S  42 0.0952356 0.0289992 0.1049476 0.0959135 0.0000000 0.1142421 0.1753137 0.0164550 0.0000000 0.0045294 0.0000000 0.2325307 0.0000000 0.0000000 0.0260128 0.0731513 0.0276388 0.0000000 0.0000000 0.0050304 0.0000000
 43 L  43 0.0534734 0.0472861 0.0125518 0.0402751 0.0000000 0.0314827 0.0211648 0.0000000 0.0209268 0.0789260 0.2002161 0.0476153 0.0272164 0.1089965 0.0000000 0.0036918 0.0114067 0.0000000 0.2341474 0.0606231 0.0000000
 44 L  44 0.0211942 0.0801128 0.0078688 0.0000000 0.0000000 0.0198529 0.0101073 0.0533093 0.0069806 0.0286193 0.3853554 0.2004409 0.0593727 0.0270994 0.0000000 0.0299986 0.0363053 0.0000000 0.0000000 0.0333824 0.0000000
 45 G  45 0.0255290 0.0051354 0.1071932 0.0680765 0.0069558 0.0000000 0.1492155 0.4481580 0.0506433 0.0388000 0.0000000 0.0614349 0.0000000 0.0064668 0.0039457 0.0082449 0.0202010 0.0000000 0.0000000 0.0000000 0.0000000
 46 V  46 0.0188785 0.0264864 0.0086322 0.0099493 0.0000000 0.0111314 0.0078887 0.0000000 0.0000000 0.1427773 0.1610981 0.1995431 0.0375133 0.1113306 0.0000000 0.0466960 0.0256008 0.0000000 0.0881199 0.1043544 0.0000000
 47 K  47 0.0099212 0.0019824 0.0405623 0.1119240 0.0000000 0.0324294 0.0498191 0.0029062 0.0086322 0.0000000 0.0000000 0.0769499 0.0000000 0.0000000 0.0851015 0.4190793 0.1405624 0.0000000 0.0000000 0.0000000 0.0201301
 48 K  48 0.0410673 0.0054368 0.0409906 0.3494211 0.0000000 0.0504304 0.1574391 0.0039457 0.0000000 0.0092919 0.0158597 0.1565739 0.0000000 0.0120206 0.0091791 0.0290294 0.0063125 0.0000000 0.0243623 0.0597148 0.0289247
 49 E  49 0.0662193 0.0000000 0.0197156 0.1386131 0.0000000 0.0883097 0.4644326 0.0139036 0.0000000 0.0000000 0.0025802 0.0647047 0.0000000 0.0000000 0.0058242 0.0932413 0.0138857 0.0000000 0.0000000 0.0197755 0.0087946
 50 E  50 0.0421661 0.0040925 0.0294536 0.1622658 0.0000000 0.1487138 0.3952682 0.0063258 0.0000000 0.0113445 0.0033632 0.0217516 0.0000000 0.0000000 0.0297766 0.0856401 0.0399134 0.0000000 0.0000000 0.0111282 0.0087967
 51 L  51 0.0156041 0.0148352 0.0047570 0.0260252 0.0000000 0.0000000 0.0785250 0.0000000 0.0087946 0.3162780 0.1576394 0.0597471 0.0372956 0.1008518 0.0300318 0.0065875 0.0139848 0.0000000 0.0000000 0.0904027 0.0386402
 52 G  52 0.0629104 0.2474712 0.0622761 0.0361546 0.0000000 0.0346784 0.1693121 0.0317200 0.0000000 0.0301678 0.0090715 0.1125579 0.0300609 0.0000000 0.0403026 0.0572879 0.0087121 0.0000000 0.0000000 0.0043734 0.0629428
 53 D  53 0.1227408 0.0516942 0.0844927 0.1598290 0.0000000 0.0443112 0.2207518 0.0102954 0.0187593 0.0000000 0.0000000 0.0204503 0.0172705 0.0000000 0.0073351 0.1640300 0.0314237 0.0000000 0.0072236 0.0098507 0.0295416
 54 R  54 0.1409832 0.3612504 0.0376031 0.0000000 0.0000000 0.0628852 0.0000000 0.0000000 0.0038554 0.0081574 0.0608549 0.0946345 0.0040889 0.0118551 0.0000000 0.0680408 0.0171188 0.0232135 0.0046944 0.1007645 0.0000000
 55 I  55 0.0392332 0.0000000 0.0000000 0.0000000 0.0000000 0.0153731 0.0188800 0.0000000 0.0000000 0.4248979 0.3594490 0.0165159 0.0628231 0.0000000 0.0000000 0.0000000 0.0121875 0.0000000 0.0000000 0.0506403 0.0000000
 56 A  56 0.4659554 0.0000000 0.0000000 0.0000000 0.0000000 0.0000000 0.0000000 0.0541551 0.0000000 0.0202347 0.0071550 0.0000000 0.0000000 0.0000000 0.0848453 0.2389102 0.0163037 0.0000000 0.0000000 0.1124407 0.0000000
 57 Q  57 0.0415915 0.0943247 0.0157372 0.0294621 0.0153731 0.5299085 0.0734999 0.0220802 0.0033632 0.0000000 0.0379732 0.0000000 0.0000000 0.0377553 0.0156281 0.0266814 0.0086775 0.0000000 0.0353922 0.0125518 0.0000000
 58 F  58 0.0295416 0.0000000 0.0000000 0.0000000 0.0000000 0.0000000 0.0000000 0.0000000 0.0000000 0.0790663 0.1577583 0.0000000 0.0083462 0.6241899 0.0000000 0.0000000 0.0000000 0.0000000 0.0127989 0.0882988 0.0000000
 59 Y  59 0.0000000 0.0000000 0.0000000 0.0000000 0.0000000 0.0000000 0.0000000 0.0000000 0.0258280 0.0000000 0.0512405 0.0000000 0.0000000 0.0131947 0.0000000 0.0000000 0.0000000 0.0000000 0.9097368 0.0000000 0.0000000
 60 T  60 0.0077366 0.0000000 0.0065875 0.0132204 0.0000000 0.0209268 0.0000000 0.0301678 0.0000000 0.0000000 0.0000000 0.0000000 0.0269412 0.0000000 0.0000000 0.0781021 0.8087322 0.0000000 0.0000000 0.0075854 0.0000000
 61 D  61 0.0091230 0.0070117 0.0208266 0.6569071 0.0000000 0.0538148 0.1720359 0.0000000 0.0087967 0.0000000 0.0213091 0.0086386 0.0177537 0.0000000 0.0000000 0.0054967 0.0182860 0.0000000 0.0000000 0.0000000 0.0000000
 62 L  62 0.0000000 0.0000000 0.0000000 0.0000000 0.0000000 0.0000000 0.0000000 0.0000000 0.0000000 0.2361440 0.5828043 0.0000000 0.1402222 0.0209268 0.0000000 0.0000000 0.0000000 0.0000000 0.0000000 0.0045294 0.0153731
 63 N  63 0.0000000 0.0132204 0.7422809 0.0000000 0.0000000 0.0000000 0.0000000 0.0000000 0.0000000 0.0288027 0.0503129 0.0000000 0.0180541 0.0000000 0.0000000 0.0419183 0.0430828 0.0000000 0.0000000 0.0469548 0.0153731
 64 I  64 0.0075532 0.0000000 0.0037493 0.0000000 0.0000000 0.0226592 0.0226809 0.0000000 0.0000000 0.2646610 0.2678189 0.0000000 0.0847512 0.0088038 0.0000000 0.0156281 0.1559032 0.0000000 0.0036272 0.1267908 0.0153731
 65 D  65 0.0000000 0.0000000 0.0280358 0.9276080 0.0000000 0.0000000 0.0078688 0.0000000 0.0000000 0.0000000 0.0000000 0.0000000 0.0000000 0.0000000 0.0000000 0.0211143 0.0000000 0.0000000 0.0000000 0.0000000 0.0153731
 66 G  66 0.0245471 0.0000000 0.0615579 0.0277045 0.0000000 0.0000000 0.0000000 0.6990992 0.0000000 0.0000000 0.0000000 0.0000000 0.0058242 0.0000000 0.0441403 0.0605768 0.0624809 0.0000000 0.0000000 0.0140690 0.0000000
 67 R  67 0.0000000 0.6022607 0.0563320 0.0000000 0.0000000 0.0000000 0.0223671 0.0046944 0.0034829 0.0000000 0.0064668 0.0364875 0.0000000 0.0000000 0.0000000 0.2679086 0.0000000 0.0000000 0.0000000 0.0000000 0.0000000
 68 F  68 0.0000000 0.0000000 0.0000000 0.0000000 0.0000000 0.0000000 0.0000000 0.0000000 0.0000000 0.0000000 0.0111072 0.0000000 0.0061435 0.9827493 0.0000000 0.0000000 0.0000000 0.0000000 0.0000000 0.0000000 0.0000000
 69 L  69 0.0961129 0.0000000 0.0000000 0.0000000 0.0000000 0.0157343 0.0000000 0.0047570 0.0287653 0.4574500 0.1377435 0.0000000 0.0080811 0.0000000 0.0000000 0.0000000 0.0479405 0.0000000 0.0000000 0.2034154 0.0000000
 70 A  70 0.0316102 0.0153731 0.0958983 0.0000000 0.1075723 0.0000000 0.0000000 0.0034829 0.0467143 0.0034306 0.0548235 0.0132204 0.0000000 0.0388335 0.0637681 0.3320160 0.0641845 0.0000000 0.1290723 0.0000000 0.0000000
 71 L  71 0.0087967 0.0054368 0.0150237 0.0000000 0.0000000 0.0153580 0.0321070 0.0000000 0.0086386 0.0862766 0.4766172 0.0000000 0.0605422 0.0061725 0.0000000 0.0086322 0.0495820 0.0000000 0.0000000 0.2268166 0.0000000
 72 S  72 0.0000000 0.0000000 0.0000000 0.0092320 0.0000000 0.0175371 0.0447427 0.8546575 0.0000000 0.0000000 0.0000000 0.0000000 0.0000000 0.0000000 0.0067630 0.0398552 0.0272124 0.0000000 0.0000000 0.0000000 0.0000000
 73 D  73 0.0134474 0.0416211 0.1519416 0.3151184 0.0000000 0.0172875 0.3034208 0.0200950 0.0141644 0.0000000 0.0000000 0.0518580 0.0000000 0.0000000 0.0092320 0.0292960 0.0325177 0.0000000 0.0000000 0.0000000 0.0000000
 74 Q  74 0.0138614 0.0209268 0.6410974 0.0243263 0.0000000 0.0323108 0.0000000 0.2054350 0.0000000 0.0000000 0.0125518 0.0051613 0.0000000 0.0000000 0.0000000 0.0304902 0.0095354 0.0000000 0.0043036 0.0000000 0.0000000
 75 T  75 0.0085308 0.1642528 0.0241465 0.0000000 0.0000000 0.0342087 0.1399841 0.0150237 0.0061034 0.0092410 0.1009766 0.1539321 0.0625339 0.0058242 0.0000000 0.0260128 0.1178319 0.0000000 0.0271419 0.0989801 0.0052757
 76 W  76 0.0000000 0.0000000 0.0000000 0.0000000 0.0000000 0.0000000 0.0000000 0.0000000 0.0000000 0.0000000 0.0051613 0.0000000 0.0000000 0.0132204 0.0000000 0.0000000 0.0000000 0.9763427 0.0000000 0.0000000 0.0052757
 77 G  77 0.1127280 0.0000000 0.0125518 0.0775362 0.0000000 0.0000000 0.0000000 0.6883637 0.0000000 0.0000000 0.0101073 0.0701531 0.0000000 0.0000000 0.0000000 0.0069806 0.0092919 0.0000000 0.0000000 0.0000000 0.0122874
 78 L  78 0.0000000 0.0000000 0.0000000 0.0000000 0.0000000 0.0000000 0.0000000 0.0000000 0.0000000 0.0256229 0.9620897 0.0000000 0.0000000 0.0000000 0.0000000 0.0000000 0.0000000 0.0000000 0.0000000 0.0000000 0.0122874
 79 R  79 0.0063125 0.7011840 0.0084303 0.0000000 0.0000000 0.0000000 0.0000000 0.0000000 0.0000000 0.0000000 0.0000000 0.1661651 0.0000000 0.0000000 0.0000000 0.0388000 0.0547037 0.0000000 0.0000000 0.0069558 0.0174487
 80 S  80 0.1413423 0.0742537 0.0280743 0.1212785 0.0000000 0.0048674 0.1812253 0.0258099 0.0000000 0.0115876 0.0000000 0.0084437 0.0000000 0.0000000 0.0000000 0.2821118 0.0399903 0.0000000 0.0000000 0.0635665 0.0174487
 81 W  81 0.0000000 0.0948450 0.0093378 0.0202198 0.0000000 0.0000000 0.0000000 0.0092919 0.0000000 0.0000000 0.0000000 0.0000000 0.0101073 0.0498874 0.0000000 0.0260128 0.0000000 0.7379788 0.0156281 0.0000000 0.0266910
 82 Y  82 0.0185646 0.0059699 0.0179217 0.0104096 0.0000000 0.0172592 0.0191319 0.0000000 0.0690358 0.0000000 0.0550656 0.0000000 0.0605601 0.0471361 0.0115876 0.0179700 0.0000000 0.0000000 0.5766707 0.0412690 0.0314480
 83 P  83 0.0940362 0.0123161 0.0000000 0.0075854 0.0000000 0.0000000 0.0272157 0.0143189 0.0000000 0.0000000 0.0085166 0.0825811 0.0000000 0.0174962 0.5489679 0.0798745 0.0430239 0.0000000 0.0000000 0.0000000 0.0640676
 84 Y  84 0.0163176 0.0000000 0.0000000 0.0039457 0.0000000 0.0135361 0.0000000 0.0140768 0.0126045 0.1532522 0.0466735 0.0000000 0.0122521 0.1478200 0.0477014 0.0180318 0.0268032 0.0000000 0.1590939 0.2593324 0.0685587
 85 D  85 0.0036543 0.0072236 0.0130821 0.4767445 0.0000000 0.0000000 0.3102960 0.0000000 0.0070010 0.0000000 0.0000000 0.0610104 0.0000000 0.0000000 0.0000000 0.0398752 0.0000000 0.0000000 0.0216856 0.0000000 0.0594272
 86 Q  86 0.0980322 0.0296869 0.0093378 0.0982238 0.0000000 0.1463971 0.1858139 0.0152770 0.0033318 0.0205006 0.0000000 0.0450620 0.0000000 0.0098507 0.0000000 0.1962484 0.0379354 0.0000000 0.0092919 0.0298549 0.0651554
 87 L  87 0.0368338 0.0057342 0.0158198 0.0000000 0.0000000 0.0153731 0.0000000 0.0000000 0.0000000 0.4630392 0.0332949 0.0425822 0.0170501 0.0000000 0.0104096 0.0783367 0.0820985 0.0302188 0.0266964 0.0946768 0.0478358
 88 D  88 0.0131947 0.0945194 0.0672188 0.3736682 0.0000000 0.0000000 0.1917254 0.0000000 0.0659453 0.0000000 0.0232135 0.0760649 0.0000000 0.0000000 0.0000000 0.0000000 0.0048674 0.0000000 0.0000000 0.0226071 0.0669752
 89 E  89 0.0000000 0.0625119 0.0172287 0.0856106 0.0000000 0.0000000 0.5577508 0.0000000 0.0000000 0.0287956 0.0067630 0.0936706 0.0035128 0.0054967 0.0000000 0.0318117 0.0139196 0.0000000 0.0074490 0.0185039 0.0669752
 90 E  90 0.0955286 0.0084303 0.0000000 0.1007954 0.0000000 0.0356678 0.3499152 0.0072236 0.0084771 0.0465598 0.0163820 0.0562073 0.0051275 0.0260128 0.0231898 0.1104362 0.0193401 0.0000000 0.0000000 0.0171408 0.0735656
 91 T  91 0.0204300 0.0000000 0.0000000 0.0000000 0.0000000 0.0087411 0.0034093 0.0092919 0.0000000 0.2417565 0.0734584 0.0000000 0.0365849 0.0202198 0.0391910 0.0617574 0.1723119 0.0101073 0.0174926 0.2090362 0.0762115
 92 Q  92 0.1485103 0.0172705 0.0826932 0.0688535 0.0000000 0.0693343 0.0703326 0.0443956 0.0630495 0.0397330 0.0095772 0.0000000 0.0031236 0.0000000 0.0000000 0.0392219 0.1048629 0.0000000 0.0092919 0.1190547 0.1106953
 93 P  93 0.0422375 0.0123477 0.0600375 0.0328672 0.0000000 0.0132139 0.0600251 0.1006312 0.1193972 0.0799350 0.0064515 0.0390550 0.0019133 0.0000000 0.1490227 0.0807528 0.0704598 0.0000000 0.0081548 0.0225582 0.1009396
 94 T  94 0.0737743 0.0232135 0.0115876 0.0420708 0.0000000 0.0401898 0.0893420 0.0777259 0.0000000 0.0748842 0.0346939 0.0295303 0.0158755 0.0186298 0.0470206 0.1534317 0.1586495 0.0000000 0.0000000 0.0172420 0.0921388
 95 V  95 0.0658207 0.0000000 0.0343883 0.0604957 0.0000000 0.0113750 0.0448676 0.0216231 0.0000000 0.0985208 0.1266501 0.0458282 0.0205539 0.0428362 0.0606551 0.0548031 0.0734726 0.0000000 0.0188800 0.1222987 0.0969309
 96 K  96 0.0212136 0.1175475 0.0209269 0.1357598 0.0000000 0.1143544 0.1048775 0.0302374 0.0085166 0.0388774 0.0414696 0.1524934 0.0137661 0.0000000 0.0092320 0.0279880 0.0164637 0.0000000 0.0000000 0.0409627 0.1053135
 97 A  97 0.0508404 0.0729446 0.0979813 0.1379771 0.0000000 0.0134474 0.0936133 0.0083462 0.0165174 0.0059092 0.0110081 0.1576413 0.0000000 0.0165851 0.0992201 0.0260440 0.0768331 0.0000000 0.0000000 0.0038751 0.1112163
 98 K  98 0.0337537 0.0947228 0.0072236 0.0575844 0.0000000 0.0071550 0.1967785 0.0035397 0.0000000 0.0240584 0.0233277 0.2604011 0.0000000 0.0735879 0.0000000 0.0238025 0.0357951 0.0000000 0.0000000 0.0323503 0.1259194
 99 K  99 0.0311275 0.0950356 0.0031113 0.1765337 0.0000000 0.0016953 0.1265553 0.0273306 0.0250767 0.0333500 0.0135361 0.2062451 0.0125518 0.0000000 0.0102425 0.0426487 0.0234472 0.0000000 0.0065875 0.0111409 0.1537842
100 K 100 0.0056741 0.0512044 0.0156041 0.0730282 0.0000000 0.0069255 0.0911477 0.0124610 0.0057342 0.1216729 0.0224062 0.2429909 0.0000000 0.0156281 0.0218963 0.0404558 0.0444098 0.0000000 0.0332072 0.0212515 0.1743022
101 K 101 0.0512270 0.1914369 0.0342586 0.0578960 0.0000000 0.0234644 0.0715754 0.0038705 0.0093378 0.0042117 0.0861083 0.1714859 0.0069558 0.0000000 0.0409488 0.0281089 0.0442274 0.0000000 0.0000000 0.0042249 0.1706616
102 A 102 0.0827350 0.0429314 0.0036801 0.1460850 0.0000000 0.0179877 0.0978402 0.0238034 0.0000000 0.0098304 0.0132204 0.1230108 0.0000000 0.0000000 0.0707501 0.0265701 0.0068895 0.0000000 0.0216541 0.1423502 0.1706616
103 K 103 0.0129480 0.0486277 0.1231830 0.0838687 0.0000000 0.0143610 0.1441283 0.0125518 0.0112507 0.0280272 0.0205051 0.1852554 0.0000000 0.0081548 0.0058269 0.0789924 0.0255050 0.0000000 0.0093378 0.0070370 0.1804392
104 K 104 0.1415782 0.0732193 0.0033621 0.1286530 0.0000000 0.0110081 0.1198887 0.0103729 0.0076553 0.0000000 0.0440531 0.1942973 0.0069558 0.0169759 0.0059699 0.0202656 0.0098237 0.0000000 0.0135798 0.0107563 0.1815850
105 A 105 0.0568843 0.0190606 0.0073257 0.1848110 0.0000000 0.0000000 0.0801250 0.0000000 0.0000000 0.0135553 0.0480556 0.1432314 0.0104432 0.1314891 0.0193379 0.0142909 0.0325608 0.0000000 0.0213464 0.0159021 0.2015808
106 V 106 0.0421215 0.0591765 0.0069558 0.1085415 0.0000000 0.0132204 0.1573092 0.0208520 0.0070682 0.0572972 0.0276016 0.0826621 0.0597041 0.0147646 0.0252635 0.0260382 0.0224480 0.0000000 0.0074490 0.0656178 0.1959088
107 E 107 0.0455089 0.0355880 0.0634466 0.1741612 0.0000000 0.0000000 0.2004801 0.0358907 0.0035397 0.0054067 0.0399670 0.0574441 0.0088934 0.0183004 0.0000000 0.0381823 0.0385935 0.0000000 0.0132204 0.0141613 0.2072157
108 E 108 0.0354894 0.0659778 0.0266427 0.1674446 0.0000000 0.0153731 0.1242736 0.1074959 0.0000000 0.0302770 0.0216333 0.0885602 0.0036801 0.0208223 0.0082117 0.0461332 0.0000000 0.0000000 0.0053843 0.0129327 0.2196681
109 D 109 0.0349043 0.0143256 0.0069806 0.2056989 0.0000000 0.0297482 0.1481605 0.0276643 0.0000000 0.0000000 0.0353126 0.1293640 0.0000000 0.0370779 0.0095858 0.0382162 0.0207799 0.0000000 0.0101073 0.0240039 0.2280697
110 L 110 0.0387381 0.0202111 0.0681315 0.1121908 0.0000000 0.0346952 0.1950901 0.0217561 0.0000000 0.0041148 0.0614432 0.0381140 0.0036801 0.0558343 0.0156281 0.0240409 0.0069558 0.0000000 0.0155607 0.0663552 0.2174600
111 D 111 0.0597215 0.0000000 0.0564105 0.2644003 0.0000000 0.0000000 0.1147095 0.0197076 0.0193497 0.0149837 0.0276517 0.0680386 0.0045294 0.0033318 0.0092320 0.0336930 0.0332627 0.0000000 0.0000000 0.0326613 0.2383165
112 L 112 0.1176059 0.0168174 0.0000000 0.0742392 0.0000000 0.0000000 0.1527817 0.0051354 0.0000000 0.0461086 0.1286802 0.0301862 0.0054067 0.0193008 0.0132204 0.0128439 0.0165488 0.0000000 0.0323071 0.0998908 0.2289269
113 D 113 0.0083981 0.0000000 0.0361136 0.1525088 0.0000000 0.0087841 0.2089688 0.0116842 0.0092423 0.1115912 0.0715181 0.0230935 0.0081202 0.0439947 0.0174248 0.0168476 0.0170646 0.0000000 0.0043684 0.0151644 0.2351127
114 E 114 0.0814251 0.0092423 0.0092919 0.2943718 0.0000000 0.0138475 0.1484624 0.0170250 0.0000000 0.0104735 0.0617700 0.0059699 0.0000000 0.0000000 0.0087967 0.0222156 0.0000000 0.0000000 0.0098507 0.0541680 0.2530895
115 F 115 0.0076544 0.0000000 0.0159943 0.1340963 0.0000000 0.0216949 0.1167015 0.0471226 0.0125518 0.0323820 0.0442597 0.0000000 0.0000000 0.0907876 0.0227681 0.0223911 0.0000000 0.0000000 0.1181394 0.0476931 0.2657631
116 E 116 0.0662927 0.0030288 0.0650087 0.1174933 0.0000000 0.0000000 0.1531215 0.0256878 0.0085166 0.0790058 0.0330837 0.0000000 0.0156503 0.0033621 0.0156281 0.0447594 0.0218407 0.0000000 0.0361465 0.0567313 0.2546427
117 E 117 0.0543104 0.0000000 0.0197892 0.2617262 0.0000000 0.0113243 0.1411908 0.0247035 0.0134335 0.0408361 0.0197475 0.0156281 0.0293260 0.0069806 0.0000000 0.0236769 0.0205115 0.0000000 0.0043055 0.0409389 0.2715709
118 I 118 0.0230554 0.0000000 0.0154042 0.2263058 0.0000000 0.0000000 0.1483897 0.0291356 0.0159357 0.0478127 0.0597240 0.0208699 0.0048674 0.0000000 0.0114959 0.0223906 0.0122430 0.0000000 0.0284573 0.0543973 0.2795156
119 D 119 0.0161571 0.0000000 0.0509960 0.3234870 0.0000000 0.0000000 0.1548609 0.0149239 0.0000000 0.0028637 0.0432506 0.0125518 0.0036940 0.0059699 0.0161632 0.0119648 0.0218191 0.0000000 0.0123485 0.0228464 0.2861031
120 E 120 0.0258841 0.0072236 0.0386867 0.2134839 0.0000000 0.0241698 0.1555961 0.0000000 0.0000000 0.0165415 0.0092320 0.0220150 0.0129861 0.0121668 0.1022290 0.0262166 0.0069558 0.0000000 0.0127836 0.0215828 0.2922466
121 D 121 0.0052822 0.0000000 0.0053304 0.3127791 0.0000000 0.0000000 0.2498008 0.0196828 0.0000000 0.0081202 0.0177222 0.0000000 0.0055165 0.0054967 0.0000000 0.0257354 0.0094959 0.0000000 0.0000000 0.0319540 0.3030839
122 D 122 0.0263100 0.0000000 0.0106809 0.2971634 0.0000000 0.0067630 0.0980320 0.0074490 0.0055867 0.0106030 0.0842611 0.0125518 0.0094349 0.0000000 0.0000000 0.0319315 0.0000000 0.0000000 0.0337224 0.0554707 0.3100397
123 L 123 0.0349291 0.0000000 0.0000000 0.1914335 0.0000000 0.0059337 0.1212531 0.0194468 0.0000000 0.0899119 0.0433321 0.0000000 0.0000000 0.0491248 0.0506407 0.0177169 0.0154003 0.0000000 0.0275332 0.0134067 0.3199371
124 D 124 0.0110081 0.0000000 0.0305246 0.2591118 0.0000000 0.0000000 0.1350478 0.0123940 0.0000000 0.0179816 0.0411260 0.0153731 0.0000000 0.0087946 0.0123485 0.0473855 0.0343674 0.0000000 0.0171041 0.0235978 0.3338349
125 L 125 0.0067826 0.0000000 0.0436596 0.1757590 0.0000000 0.0125518 0.0675352 0.0053304 0.0000000 0.0757141 0.0554048 0.0114959 0.0000000 0.0491629 0.0144753 0.0174342 0.0245818 0.0000000 0.0636404 0.0206987 0.3557733
126 D 126 0.0105582 0.0000000 0.0649135 0.1262399 0.0000000 0.0090407 0.1131099 0.0117592 0.0000000 0.0206454 0.0649611 0.0240117 0.0000000 0.0294839 0.0178810 0.0410120 0.0487884 0.0000000 0.0336346 0.0301244 0.3538359
127 E 127 0.0282653 0.0000000 0.0512821 0.1369492 0.0000000 0.0162121 0.1887860 0.0290959 0.0000000 0.0000000 0.0385305 0.0125518 0.0000000 0.0156128 0.0369903 0.0155435 0.0249316 0.0000000 0.0165099 0.0349031 0.3538359
128 V 128 0.0685743 0.0038073 0.0086412 0.1856124 0.0000000 0.0130319 0.1354880 0.0300713 0.0000000 0.0153731 0.0000000 0.0000000 0.0177589 0.0435820 0.0100726 0.0156266 0.0105338 0.0000000 0.0234791 0.0481639 0.3701835
129 E 129 0.0120535 0.0000000 0.0000000 0.1667309 0.0000000 0.0255380 0.1694714 0.0239219 0.0042392 0.0356132 0.0565216 0.0157772 0.0180264 0.0268126 0.0055165 0.0159587 0.0343799 0.0000000 0.0000000 0.0167588 0.3726803
130 E 130 0.0247020 0.0000000 0.0151083 0.1466022 0.0000000 0.0042392 0.1854941 0.0202013 0.0000000 0.0158755 0.0450856 0.0218399 0.0087121 0.0078688 0.0784561 0.0055858 0.0412395 0.0000000 0.0000000 0.0029776 0.3760121
131 E 131 0.0459008 0.0000000 0.0118136 0.1716039 0.0000000 0.0046245 0.2231925 0.0052822 0.0000000 0.0184844 0.0349824 0.0061725 0.0000000 0.0000000 0.0041148 0.0106317 0.0173868 0.0000000 0.0000000 0.0585275 0.3872823
132 L 132 0.0050866 0.0000000 0.0230390 0.2056455 0.0000000 0.0337564 0.1479593 0.0158848 0.0000000 0.0000000 0.0952689 0.0000000 0.0114959 0.0000000 0.0086412 0.0312683 0.0032970 0.0000000 0.0000000 0.0216903 0.3969668
133 D 133 0.0256067 0.0000000 0.0036878 0.1721073 0.0000000 0.0129861 0.1557621 0.0239957 0.0000000 0.0078757 0.0359870 0.0224524 0.0000000 0.0364395 0.0076593 0.0588535 0.0193187 0.0000000 0.0185682 0.0040281 0.3946719
134 L 134 0.0260697 0.0000000 0.0206510 0.1802693 0.0000000 0.0000000 0.0883156 0.0132204 0.0000000 0.0277217 0.0671901 0.0000000 0.0084303 0.0246323 0.0000000 0.0000000 0.0239737 0.0000000 0.0759257 0.0238897 0.4197105
135 E 135 0.0181760 0.0000000 0.0310013 0.2147982 0.0000000 0.0000000 0.1074571 0.0000000 0.0000000 0.0314993 0.0238062 0.0000000 0.0000000 0.0270483 0.0000000 0.0237715 0.0185292 0.0000000 0.0247386 0.0456997 0.4334748
136 A 136 0.0326226 0.0000000 0.0320907 0.2014481 0.0000000 0.0000000 0.0907000 0.0368561 0.0000000 0.0000000 0.0320301 0.0053304 0.0000000 0.0102873 0.0132204 0.0190186 0.0218765 0.0000000 0.0437979 0.0243402 0.4363811
137 D 137 0.0102137 0.0110081 0.0124625 0.1932573 0.0000000 0.0059092 0.1161218 0.0271859 0.0000000 0.0000000 0.0142799 0.0109619 0.0000000 0.0671913 0.0074490 0.0522090 0.0241820 0.0000000 0.0000000 0.0073257 0.4402427
138 D 138 0.0124766 0.0000000 0.0818762 0.2460016 0.0000000 0.0055165 0.0509152 0.0184919 0.0042382 0.0086322 0.0202111 0.0000000 0.0000000 0.0164479 0.0419290 0.0119057 0.0074702 0.0000000 0.0115876 0.0259191 0.4363811
139 F 139 0.0087946 0.0175145 0.0131411 0.1175233 0.0000000 0.0170863 0.0991812 0.0168490 0.0000000 0.0225243 0.0206143 0.0109619 0.0000000 0.0458364 0.0767250 0.0333872 0.0218616 0.0000000 0.0240053 0.0114404 0.4425536
140 D 140 0.0119516 0.0000000 0.0151687 0.2555083 0.0000000 0.0000000 0.0927875 0.0155100 0.0000000 0.0181597 0.0110081 0.0153731 0.0000000 0.0084303 0.0059337 0.0238398 0.0246411 0.0000000 0.0142637 0.0405653 0.4468591
141 E 141 0.0081202 0.0000000 0.0376367 0.2110106 0.0000000 0.0151760 0.1382556 0.0103729 0.0132908 0.0153731 0.0069005 0.0085166 0.0000000 0.0191192 0.0067134 0.0098507 0.0160901 0.0000000 0.0060609 0.0174330 0.4600795
142 E 142 0.0102137 0.0092320 0.0000000 0.1690355 0.0000000 0.0093378 0.2312297 0.0168365 0.0000000 0.0000000 0.0042382 0.0056315 0.0000000 0.0166714 0.0000000 0.0000000 0.0000000 0.0000000 0.0000000 0.0519546 0.4756191
143 D 143 0.0000000 0.0141803 0.0262242 0.2298214 0.0000000 0.0118370 0.0465500 0.0314777 0.0074702 0.0234982 0.0000000 0.0645543 0.0000000 0.0000000 0.0050108 0.0333990 0.0093378 0.0000000 0.0000000 0.0165851 0.4800543
144 L 144 0.0342280 0.0000000 0.0076298 0.0770300 0.0000000 0.0000000 0.0937673 0.0103218 0.0166921 0.0404977 0.0675680 0.0000000 0.0028407 0.0110081 0.0000000 0.0507210 0.0175775 0.0000000 0.0422719 0.0395802 0.4882660
145 D 145 0.0240956 0.0000000 0.0042382 0.0952907 0.0000000 0.0087946 0.1807384 0.0000000 0.0000000 0.0576735 0.0166921 0.0341794 0.0000000 0.0000000 0.0000000 0.0354732 0.0086412 0.0000000 0.0000000 0.0362859 0.4978972
146 E 146 0.0195484 0.0153731 0.0314275 0.1006099 0.0000000 0.0000000 0.0639900 0.0052989 0.0000000 0.0303962 0.0171429 0.0175787 0.0046245 0.0273248 0.0166921 0.0319282 0.0265306 0.0000000 0.0158446 0.0675026 0.5081869
147 D 147 0.0059092 0.0000000 0.0160300 0.1544448 0.0000000 0.0055867 0.1599611 0.0000000 0.0000000 0.0115876 0.0000000 0.0434506 0.0000000 0.0000000 0.0053843 0.0076593 0.0086412 0.0000000 0.0308978 0.0299344 0.5205131
148 D 148 0.0481173 0.0000000 0.0579499 0.1407265 0.0000000 0.0000000 0.1250231 0.0166921 0.0000000 0.0210286 0.0000000 0.0000000 0.0050108 0.0087121 0.0000000 0.0424342 0.0000000 0.0000000 0.0000000 0.0137925 0.5205131
149 D 149 0.0000000 0.0000000 0.0311242 0.1078135 0.0000000 0.0042382 0.1255728 0.0087967 0.0000000 0.0494506 0.0102137 0.0103729 0.0000000 0.0000000 0.0000000 0.0324718 0.0000000 0.0000000 0.0702745 0.0056315 0.5440396
150 D 150 0.0000000 0.0000000 0.0189595 0.2263589 0.0000000 0.0000000 0.1062709 0.0110081 0.0043077 0.0087121 0.0097099 0.0098507 0.0000000 0.0092423 0.0000000 0.0203843 0.0153515 0.0000000 0.0000000 0.0000000 0.5598442
151 L 151 0.0364605 0.0000000 0.0000000 0.0731717 0.0000000 0.0054717 0.0323064 0.0223236 0.0000000 0.0059337 0.0478262 0.0000000 0.0000000 0.0500913 0.0000000 0.0939672 0.0157730 0.0000000 0.0210106 0.0000000 0.5956641
152 E 152 0.0086386 0.0000000 0.0203843 0.1067122 0.0000000 0.0000000 0.1700527 0.0000000 0.0000000 0.0165851 0.0000000 0.0125518 0.0000000 0.0000000 0.0000000 0.0080524 0.0336279 0.0000000 0.0067134 0.0125010 0.6041807
153 I 153 0.0000000 0.0000000 0.0266474 0.0533323 0.0000000 0.0000000 0.0492761 0.0156281 0.0000000 0.0999154 0.1515536 0.0000000 0.0000000 0.0000000 0.0000000 0.0000000 0.0000000 0.0000000 0.0000000 0.0073351 0.5963120
154 E 154 0.0355231 0.0000000 0.0768004 0.0621981 0.0000000 0.0128986 0.0958606 0.0387751 0.0000000 0.0000000 0.0000000 0.0000000 0.0000000 0.0000000 0.0263574 0.0056315 0.0161088 0.0000000 0.0000000 0.0086412 0.6212053
155 E 155 0.0277725 0.0000000 0.0294535 0.0783009 0.0000000 0.0000000 0.1710605 0.0156281 0.0115876 0.0000000 0.0000000 0.0000000 0.0000000 0.0000000 0.0000000 0.0086386 0.0240178 0.0000000 0.0000000 0.0073351 0.6262055
156 D 156 0.0103729 0.0000000 0.0067134 0.0844262 0.0000000 0.0000000 0.0144970 0.0126282 0.0000000 0.0741176 0.0110081 0.0000000 0.0000000 0.0000000 0.0053843 0.0282527 0.0000000 0.0000000 0.0538854 0.0424607 0.6562535
157 I 157 0.0278227 0.0069005 0.0107531 0.0628828 0.0000000 0.0000000 0.0452594 0.0128986 0.0000000 0.0643378 0.0103729 0.0157844 0.0000000 0.0102137 0.0067134 0.0373311 0.0080524 0.0000000 0.0092423 0.0063846 0.6650502
158 I 158 0.0291339 0.0000000 0.0000000 0.0415485 0.0000000 0.0086386 0.0259795 0.0000000 0.0000000 0.0500131 0.0114959 0.0000000 0.0000000 0.0076593 0.0789826 0.0548648 0.0000000 0.0000000 0.0084303 0.0125718 0.6706817
159 D 159 0.0102137 0.0000000 0.0000000 0.1783225 0.0000000 0.0000000 0.0235578 0.0386293 0.0000000 0.0000000 0.0000000 0.0000000 0.0000000 0.0000000 0.0000000 0.0162979 0.0094760 0.0000000 0.0115876 0.0305768 0.6813385
160 E 160 0.0050229 0.0156281 0.0114959 0.1397656 0.0000000 0.0126282 0.0410052 0.0195687 0.0000000 0.0078688 0.0167512 0.0000000 0.0059337 0.0103729 0.0080524 0.0078757 0.0000000 0.0000000 0.0166921 0.0000000 0.6813385
161 D 161 0.0000000 0.0000000 0.0074702 0.1578450 0.0000000 0.0000000 0.0471335 0.0000000 0.0000000 0.0000000 0.0263406 0.0156281 0.0000000 0.0000000 0.0000000 0.0248714 0.0085719 0.0000000 0.0059243 0.0000000 0.7062150
162 D 162 0.0148053 0.0000000 0.0000000 0.1018435 0.0000000 0.0000000 0.0668730 0.0100245 0.0000000 0.0000000 0.0042392 0.0000000 0.0000000 0.0102137 0.0000000 0.0308366 0.0060609 0.0000000 0.0000000 0.0000000 0.7551032
163 E 163 0.0076593 0.0000000 0.0316043 0.0333368 0.0000000 0.0000000 0.1280570 0.0166921 0.0000000 0.0000000 0.0167512 0.0080524 0.0000000 0.0000000 0.0000000 0.0000000 0.0000000 0.0000000 0.0000000 0.0000000 0.7578469
164 D 164 0.0000000 0.0000000 0.0102137 0.0768263 0.0000000 0.0054717 0.0488967 0.0167512 0.0000000 0.0000000 0.0204970 0.0000000 0.0000000 0.0000000 0.0000000 0.0270389 0.0081548 0.0000000 0.0000000 0.0110081 0.7751415
165 Y 165 0.0069005 0.0000000 0.0168675 0.0156281 0.0000000 0.0000000 0.0078757 0.0103729 0.0000000 0.0508839 0.0340676 0.0000000 0.0000000 0.0000000 0.0000000 0.0000000 0.0218630 0.0000000 0.0255901 0.0245953 0.7853553
166 D 166 0.0000000 0.0000000 0.0120123 0.1057588 0.0000000 0.0103729 0.0255344 0.0110081 0.0000000 0.0000000 0.0000000 0.0000000 0.0000000 0.0000000 0.0208720 0.0000000 0.0166921 0.0000000 0.0000000 0.0000000 0.7977493
167 D 167 0.0000000 0.0000000 0.0000000 0.0776378 0.0000000 0.0000000 0.0568355 0.0105715 0.0000000 0.0182770 0.0285561 0.0000000 0.0000000 0.0000000 0.0000000 0.0000000 0.0103729 0.0000000 0.0000000 0.0000000 0.7977493
168 E 168 0.0000000 0.0000000 0.0617102 0.0490368 0.0000000 0.0000000 0.0524500 0.0000000 0.0000000 0.0000000 0.0103729 0.0000000 0.0000000 0.0000000 0.0078757 0.0208050 0.0000000 0.0000000 0.0000000 0.0000000 0.7977493
169 E 169 0.0000000 0.0000000 0.0000000 0.0545233 0.0000000 0.0078757 0.0426539 0.0000000 0.0000000 0.0285313 0.0339394 0.0000000 0.0000000 0.0000000 0.0166921 0.0000000 0.0000000 0.0000000 0.0000000 0.0000000 0.8157842
170 E 170 0.0000000 0.0000000 0.0140376 0.0327275 0.0000000 0.0120123 0.0744971 0.0000000 0.0000000 0.0078757 0.0000000 0.0000000 0.0000000 0.0000000 0.0000000 0.0000000 0.0274375 0.0000000 0.0156281 0.0000000 0.8157842
171 E 171 0.0000000 0.0000000 0.0000000 0.0162312 0.0000000 0.0000000 0.1315333 0.0000000 0.0000000 0.0000000 0.0000000 0.0000000 0.0000000 0.0000000 0.0000000 0.0000000 0.0000000 0.0000000 0.0000000 0.0000000 0.8522354
172 I 172 0.0000000 0.0000000 0.0000000 0.0000000 0.0000000 0.0000000 0.0000000 0.0000000 0.0000000 0.0088980 0.0368897 0.0000000 0.0000000 0.0000000 0.0000000 0.0000000 0.0000000 0.0000000 0.0000000 0.0000000 0.9542124
173 K 173 0.0000000 0.0000000 0.0000000 0.0000000 0.0000000 0.0000000 0.0000000 0.0000000 0.0000000 0.0000000 0.0000000 0.0088980 0.0000000 0.0000000 0.0000000 0.0000000 0.0000000 0.0000000 0.0000000 0.0000000 0.9911020
