  153         A         R         N         D         C         Q         E         G         H         I         L         K         M         F         P         S         T         W         Y         V    
  1 M   1 0.0000000 0.0000000 0.0000000 0.0000000 0.0000000 0.0000000 0.0000000 0.0000000 0.0000000 0.0000000 0.0000000 0.0000000 1.0000000 0.0000000 0.0000000 0.0000000 0.0000000 0.0000000 0.0000000 0.0000000
  2 G   2 0.0000000 0.0000000 0.0000000 0.0000000 0.0000000 0.0000000 0.0000000 0.6518395 0.0000000 0.0000000 0.0000000 0.0000000 0.0000000 0.0000000 0.0000000 0.0000000 0.0000000 0.0000000 0.0000000 0.3481605
  3 N   3 0.0000000 0.0000000 0.6589814 0.3410186 0.0000000 0.0000000 0.0000000 0.0000000 0.0000000 0.0000000 0.0000000 0.0000000 0.0000000 0.0000000 0.0000000 0.0000000 0.0000000 0.0000000 0.0000000 0.0000000
  4 F   4 0.0000000 0.0000000 0.0000000 0.0000000 0.0000000 0.0000000 0.0000000 0.0000000 0.0000000 0.0000000 0.0000000 0.0000000 0.1605528 0.6910548 0.0000000 0.0000000 0.0000000 0.0000000 0.1483924 0.0000000
  5 L   5 0.0000000 0.0000000 0.0000000 0.0000000 0.0000000 0.0000000 0.0000000 0.0000000 0.0000000 0.0000000 1.0000000 0.0000000 0.0000000 0.0000000 0.0000000 0.0000000 0.0000000 0.0000000 0.0000000 0.0000000
  6 Y   6 0.0000000 0.0000000 0.0000000 0.0000000 0.0000000 0.0000000 0.0000000 0.0000000 0.0000000 0.0000000 0.0000000 0.0000000 0.0000000 0.0000000 0.0000000 0.0000000 0.0000000 0.0000000 1.0000000 0.0000000
  7 R   7 0.0000000 1.0000000 0.0000000 0.0000000 0.0000000 0.0000000 0.0000000 0.0000000 0.0000000 0.0000000 0.0000000 0.0000000 0.0000000 0.0000000 0.0000000 0.0000000 0.0000000 0.0000000 0.0000000 0.0000000
  8 G   8 0.0000000 0.0000000 0.0000000 0.0000000 0.0000000 0.0000000 0.0000000 1.0000000 0.0000000 0.0000000 0.0000000 0.0000000 0.0000000 0.0000000 0.0000000 0.0000000 0.0000000 0.0000000 0.0000000 0.0000000
  9 I   9 0.0000000 0.0000000 0.0000000 0.0000000 0.0000000 0.0000000 0.0000000 0.0000000 0.0000000 0.2778261 0.0000000 0.0000000 0.0000000 0.0000000 0.0000000 0.0000000 0.0000000 0.0000000 0.2205653 0.5016086
 10 S  10 0.0000000 0.0000000 0.3811181 0.0000000 0.1926633 0.0000000 0.0000000 0.0000000 0.0000000 0.0000000 0.0000000 0.0000000 0.0000000 0.0000000 0.0000000 0.4262186 0.0000000 0.0000000 0.0000000 0.0000000
 11 C  11 0.0000000 0.1605528 0.0000000 0.0000000 0.2778261 0.0000000 0.1926633 0.0000000 0.0000000 0.1483924 0.0000000 0.0000000 0.0000000 0.0000000 0.0000000 0.2205653 0.0000000 0.0000000 0.0000000 0.0000000
 12 Q  12 0.0000000 0.0000000 0.0000000 0.0000000 0.0000000 0.2778261 0.1926633 0.0000000 0.0000000 0.1483924 0.0000000 0.0000000 0.0000000 0.0000000 0.0000000 0.0000000 0.3811181 0.0000000 0.0000000 0.0000000
 13 Q  13 0.0000000 0.1926633 0.0000000 0.1483924 0.0000000 0.2778261 0.0000000 0.0000000 0.0000000 0.0000000 0.0000000 0.0000000 0.3811181 0.0000000 0.0000000 0.0000000 0.0000000 0.0000000 0.0000000 0.0000000
 14 D  14 0.0000000 0.0000000 0.0000000 0.4262186 0.0000000 0.0000000 0.0000000 0.0000000 0.1605528 0.0000000 0.0000000 0.0000000 0.0000000 0.2205653 0.0000000 0.0000000 0.0000000 0.0000000 0.1926633 0.0000000
 15 E  15 0.0000000 0.0000000 0.0000000 0.1605528 0.0000000 0.1926633 0.2778261 0.0000000 0.0000000 0.0000000 0.0000000 0.3689578 0.0000000 0.0000000 0.0000000 0.0000000 0.0000000 0.0000000 0.0000000 0.0000000
 16 Q  16 0.1605528 0.0000000 0.1483924 0.0000000 0.0000000 0.2778261 0.4132287 0.0000000 0.0000000 0.0000000 0.0000000 0.0000000 0.0000000 0.0000000 0.0000000 0.0000000 0.0000000 0.0000000 0.0000000 0.0000000
 17 N  17 0.2205653 0.0000000 0.4262186 0.0000000 0.0000000 0.0000000 0.0000000 0.1605528 0.0000000 0.0000000 0.1926633 0.0000000 0.0000000 0.0000000 0.0000000 0.0000000 0.0000000 0.0000000 0.0000000 0.0000000
 18 N  18 0.0000000 0.0000000 0.2778261 0.1483924 0.0000000 0.0000000 0.0000000 0.0000000 0.0000000 0.0000000 0.1605528 0.1926633 0.2205653 0.0000000 0.0000000 0.0000000 0.0000000 0.0000000 0.0000000 0.0000000
 19 G  19 0.0000000 0.0000000 0.0000000 0.0000000 0.0000000 0.0000000 0.0000000 0.7794347 0.0000000 0.0000000 0.0000000 0.0000000 0.0000000 0.0000000 0.0000000 0.0000000 0.2205653 0.0000000 0.0000000 0.0000000
 20 Q  20 0.0000000 0.0000000 0.0000000 0.0000000 0.0000000 0.3309632 0.0000000 0.0000000 0.0000000 0.2295121 0.0000000 0.1767740 0.0000000 0.0000000 0.2627507 0.0000000 0.0000000 0.0000000 0.0000000 0.0000000
 21 L  21 0.0000000 0.0000000 0.0000000 0.0000000 0.0000000 0.0000000 0.0000000 0.0000000 0.0000000 0.1483924 0.6310422 0.2205653 0.0000000 0.0000000 0.0000000 0.0000000 0.0000000 0.0000000 0.0000000 0.0000000
 22 K  22 0.0000000 0.1605528 0.0000000 0.0000000 0.0000000 0.0000000 0.0000000 0.0000000 0.0000000 0.0000000 0.1483924 0.2778261 0.0000000 0.0000000 0.0000000 0.4132287 0.0000000 0.0000000 0.0000000 0.0000000
 23 P  23 0.0000000 0.0000000 0.0000000 0.0000000 0.0000000 0.0000000 0.0000000 0.0000000 0.0000000 0.0000000 0.0000000 0.0000000 0.0000000 0.0000000 1.0000000 0.0000000 0.0000000 0.0000000 0.0000000 0.0000000
 24 K  24 0.0000000 0.1605528 0.0000000 0.0000000 0.0000000 0.0000000 0.0000000 0.0000000 0.0000000 0.0000000 0.0000000 0.6188819 0.0000000 0.0000000 0.0000000 0.2205653 0.0000000 0.0000000 0.0000000 0.0000000
 25 G  25 0.0000000 0.0000000 0.1605528 0.0000000 0.0000000 0.0000000 0.0000000 0.4262186 0.0000000 0.0000000 0.0000000 0.1926633 0.0000000 0.0000000 0.2205653 0.0000000 0.0000000 0.0000000 0.0000000 0.0000000
 26 N  26 0.0000000 0.0000000 0.2778261 0.0000000 0.0000000 0.0000000 0.1483924 0.0000000 0.0000000 0.0000000 0.0000000 0.1605528 0.0000000 0.0000000 0.0000000 0.1926633 0.2205653 0.0000000 0.0000000 0.0000000
 27 K  27 0.0000000 0.0000000 0.0000000 0.0000000 0.1483924 0.0000000 0.0000000 0.1926633 0.0000000 0.0000000 0.0000000 0.2778261 0.0000000 0.0000000 0.3811181 0.0000000 0.0000000 0.0000000 0.0000000 0.0000000
 28 A  28 0.2778261 0.0000000 0.0000000 0.1926633 0.0000000 0.0000000 0.2205653 0.0000000 0.0000000 0.0000000 0.0000000 0.0000000 0.0000000 0.1605528 0.0000000 0.1483924 0.0000000 0.0000000 0.0000000 0.0000000
 29 E  29 0.0000000 0.0000000 0.0000000 0.0000000 0.0000000 0.0000000 0.6310422 0.0000000 0.0000000 0.0000000 0.0000000 0.0000000 0.0000000 0.0000000 0.0000000 0.3689578 0.0000000 0.0000000 0.0000000 0.0000000
 30 V  30 0.1838049 0.1988672 0.0000000 0.0000000 0.0000000 0.0000000 0.0000000 0.2732012 0.0000000 0.0000000 0.0000000 0.0000000 0.0000000 0.0000000 0.0000000 0.0000000 0.0000000 0.0000000 0.0000000 0.3441267
 31 A  31 0.6173279 0.0000000 0.0000000 0.0000000 0.0000000 0.0000000 0.0000000 0.0000000 0.1988672 0.0000000 0.0000000 0.0000000 0.0000000 0.0000000 0.1838049 0.0000000 0.0000000 0.0000000 0.0000000 0.0000000
 32 I  32 0.0000000 0.0000000 0.0000000 0.0000000 0.0000000 0.0000000 0.2732012 0.0000000 0.0000000 0.3441267 0.0000000 0.0000000 0.0000000 0.0000000 0.0000000 0.0000000 0.0000000 0.0000000 0.0000000 0.3826721
 33 R  33 0.0000000 0.3441267 0.0000000 0.0000000 0.0000000 0.0000000 0.0000000 0.0000000 0.0000000 0.0000000 0.0000000 0.0000000 0.0000000 0.4720684 0.0000000 0.0000000 0.0000000 0.0000000 0.1838049 0.0000000
 34 Y  34 0.0000000 0.0000000 0.0000000 0.2205653 0.0000000 0.0000000 0.0000000 0.0000000 0.0000000 0.0000000 0.0000000 0.0000000 0.0000000 0.5016086 0.0000000 0.0000000 0.0000000 0.0000000 0.2778261 0.0000000
 35 D  35 0.1926633 0.0000000 0.0000000 0.6589442 0.0000000 0.0000000 0.0000000 0.1483924 0.0000000 0.0000000 0.0000000 0.0000000 0.0000000 0.0000000 0.0000000 0.0000000 0.0000000 0.0000000 0.0000000 0.0000000
 36 G  36 0.0000000 0.0000000 0.0000000 0.2205653 0.0000000 0.1483924 0.0000000 0.4383789 0.0000000 0.0000000 0.0000000 0.0000000 0.0000000 0.0000000 0.0000000 0.1926633 0.0000000 0.0000000 0.0000000 0.0000000
 37 K  37 0.0000000 0.2205653 0.0000000 0.0000000 0.0000000 0.0000000 0.3410558 0.0000000 0.0000000 0.0000000 0.0000000 0.2778261 0.0000000 0.0000000 0.0000000 0.0000000 0.1605528 0.0000000 0.0000000 0.0000000
 38 F  38 0.1926633 0.0000000 0.0000000 0.0000000 0.0000000 0.0000000 0.0000000 0.0000000 0.0000000 0.0000000 0.0000000 0.0000000 0.0000000 0.2778261 0.0000000 0.0000000 0.0000000 0.1605528 0.0000000 0.3689578
 39 K  39 0.0000000 0.0000000 0.0000000 0.0000000 0.3410558 0.0000000 0.2205653 0.0000000 0.0000000 0.0000000 0.0000000 0.4383789 0.0000000 0.0000000 0.0000000 0.0000000 0.0000000 0.0000000 0.0000000 0.0000000
 40 Y  40 0.0000000 0.0000000 0.0000000 0.0000000 0.3811181 0.0000000 0.0000000 0.0000000 0.0000000 0.0000000 0.0000000 0.0000000 0.0000000 0.3410558 0.0000000 0.0000000 0.0000000 0.0000000 0.2778261 0.0000000
 41 D  41 0.0000000 0.0000000 0.1605528 0.2778261 0.0000000 0.0000000 0.0000000 0.5616211 0.0000000 0.0000000 0.0000000 0.0000000 0.0000000 0.0000000 0.0000000 0.0000000 0.0000000 0.0000000 0.0000000 0.0000000
 42 G  42 0.0000000 0.0000000 0.0000000 0.2205653 0.0000000 0.0000000 0.0000000 0.5867713 0.0000000 0.0000000 0.0000000 0.0000000 0.0000000 0.0000000 0.0000000 0.1926633 0.0000000 0.0000000 0.0000000 0.0000000
 43 K  43 0.1605528 0.0000000 0.0000000 0.2205653 0.0000000 0.0000000 0.0000000 0.3410558 0.0000000 0.0000000 0.0000000 0.2778261 0.0000000 0.0000000 0.0000000 0.0000000 0.0000000 0.0000000 0.0000000 0.0000000
 44 A  44 0.2778261 0.0000000 0.0000000 0.0000000 0.0000000 0.0000000 0.0000000 0.0000000 0.0000000 0.1926633 0.0000000 0.0000000 0.0000000 0.2205653 0.0000000 0.0000000 0.0000000 0.0000000 0.1483924 0.1605528
 45 T  45 0.0000000 0.0000000 0.0000000 0.0000000 0.0000000 0.0000000 0.0000000 0.0000000 0.0000000 0.0000000 0.0000000 0.0000000 0.0000000 0.0000000 0.0000000 0.0000000 0.8073367 0.0000000 0.0000000 0.1926633
 46 H  46 0.0000000 0.0000000 0.0000000 0.0000000 0.0000000 0.0000000 0.0000000 0.0000000 0.4383789 0.0000000 0.0000000 0.0000000 0.0000000 0.5616211 0.0000000 0.0000000 0.0000000 0.0000000 0.0000000 0.0000000
 47 G  47 0.0000000 0.0000000 0.0000000 0.0000000 0.0000000 0.0000000 0.0000000 1.0000000 0.0000000 0.0000000 0.0000000 0.0000000 0.0000000 0.0000000 0.0000000 0.0000000 0.0000000 0.0000000 0.0000000 0.0000000
 48 P  48 0.0000000 0.0000000 0.0000000 0.0000000 0.0000000 0.0000000 0.0000000 0.0000000 0.0000000 0.0000000 0.1979121 0.2755810 0.0000000 0.0000000 0.3933551 0.1331518 0.0000000 0.0000000 0.0000000 0.0000000
 49 S  49 0.0000000 0.0000000 0.0000000 0.0000000 0.0000000 0.0000000 0.0000000 0.1027052 0.0000000 0.0000000 0.0000000 0.0000000 0.0000000 0.0000000 0.1440632 0.7532317 0.0000000 0.0000000 0.0000000 0.0000000
 50 V  50 0.0000000 0.1440632 0.0000000 0.2755810 0.0000000 0.0000000 0.1331518 0.0000000 0.0000000 0.0000000 0.0000000 0.0000000 0.0000000 0.0000000 0.0000000 0.0000000 0.0000000 0.0000000 0.0000000 0.4472041
 51 K  51 0.0000000 0.0000000 0.1979121 0.0000000 0.0000000 0.0000000 0.0000000 0.1331518 0.0000000 0.1728758 0.0000000 0.2492919 0.0000000 0.0000000 0.0000000 0.2467683 0.0000000 0.0000000 0.0000000 0.0000000
 52 N  52 0.0000000 0.0000000 0.8559368 0.0000000 0.0000000 0.1440632 0.0000000 0.0000000 0.0000000 0.0000000 0.0000000 0.0000000 0.0000000 0.0000000 0.0000000 0.0000000 0.0000000 0.0000000 0.0000000 0.0000000
 53 A  53 0.6993827 0.0000000 0.0000000 0.0000000 0.0000000 0.0000000 0.0000000 0.1027052 0.0000000 0.0000000 0.0000000 0.0000000 0.0000000 0.0000000 0.0000000 0.0000000 0.1979121 0.0000000 0.0000000 0.0000000
 54 V  54 0.0000000 0.0000000 0.0000000 0.0000000 0.0000000 0.0000000 0.0000000 0.0000000 0.0000000 0.1979121 0.1027052 0.0000000 0.0000000 0.0000000 0.0000000 0.0000000 0.0000000 0.0000000 0.0000000 0.6993827
 55 Y  55 0.0000000 0.1331518 0.0000000 0.0000000 0.0000000 0.0000000 0.0000000 0.0000000 0.3419753 0.0000000 0.0000000 0.0000000 0.0000000 0.1027052 0.0000000 0.0000000 0.0000000 0.0000000 0.2492919 0.1728758
 56 A  56 0.5265069 0.0000000 0.0000000 0.0000000 0.0000000 0.0000000 0.0000000 0.0000000 0.0000000 0.0000000 0.2755810 0.0000000 0.0000000 0.0000000 0.0000000 0.1979121 0.0000000 0.0000000 0.0000000 0.0000000
 57 H  57 0.0000000 0.0000000 0.0000000 0.0000000 0.0000000 0.0000000 0.0000000 0.0000000 1.0000000 0.0000000 0.0000000 0.0000000 0.0000000 0.0000000 0.0000000 0.0000000 0.0000000 0.0000000 0.0000000 0.0000000
 58 Q  58 0.1027052 0.0000000 0.0000000 0.0000000 0.0000000 0.6993827 0.1979121 0.0000000 0.0000000 0.0000000 0.0000000 0.0000000 0.0000000 0.0000000 0.0000000 0.0000000 0.0000000 0.0000000 0.0000000 0.0000000
 59 I  59 0.0000000 0.0000000 0.0000000 0.0000000 0.0000000 0.0000000 0.0000000 0.0000000 0.0000000 0.2492919 0.1027052 0.0000000 0.0000000 0.1331518 0.0000000 0.0000000 0.0000000 0.3169390 0.1979121 0.0000000
 60 E  60 0.0000000 0.0000000 0.0000000 0.3799201 0.0000000 0.1728758 0.2492919 0.1979121 0.0000000 0.0000000 0.0000000 0.0000000 0.0000000 0.0000000 0.0000000 0.0000000 0.0000000 0.0000000 0.0000000 0.0000000
 61 T  61 0.0000000 0.0000000 0.1027052 0.0000000 0.0000000 0.1728758 0.0000000 0.1979121 0.0000000 0.0000000 0.0000000 0.0000000 0.0000000 0.0000000 0.0000000 0.2772150 0.2492919 0.0000000 0.0000000 0.0000000
 62 G  62 0.1728758 0.0000000 0.1979121 0.2358569 0.0000000 0.0000000 0.1440632 0.2492919 0.0000000 0.0000000 0.0000000 0.0000000 0.0000000 0.0000000 0.0000000 0.0000000 0.0000000 0.0000000 0.0000000 0.0000000
 63 L  63 0.1728758 0.0000000 0.1027052 0.0000000 0.0000000 0.0000000 0.0000000 0.3419753 0.0000000 0.1331518 0.2492919 0.0000000 0.0000000 0.0000000 0.0000000 0.0000000 0.0000000 0.0000000 0.0000000 0.0000000
 64 Y  64 0.0000000 0.0000000 0.1331518 0.0000000 0.0000000 0.0000000 0.1979121 0.0000000 0.0000000 0.1728758 0.0000000 0.0000000 0.0000000 0.1440632 0.0000000 0.1027052 0.0000000 0.0000000 0.2492919 0.0000000
 65 D  65 0.1979121 0.0000000 0.1440632 0.2492919 0.0000000 0.0000000 0.0000000 0.0000000 0.1331518 0.0000000 0.0000000 0.0000000 0.0000000 0.0000000 0.2755810 0.0000000 0.0000000 0.0000000 0.0000000 0.0000000
 66 G  66 0.0000000 0.0000000 0.0000000 0.0000000 0.0000000 0.0000000 0.0000000 0.3933551 0.0000000 0.0000000 0.0000000 0.0000000 0.0000000 0.0000000 0.0000000 0.1027052 0.3707879 0.0000000 0.1331518 0.0000000
 67 C  67 0.1979121 0.0000000 0.1027052 0.0000000 0.3824437 0.0000000 0.0000000 0.0000000 0.0000000 0.0000000 0.0000000 0.0000000 0.0000000 0.0000000 0.1440632 0.1728758 0.0000000 0.0000000 0.0000000 0.0000000
 68 Y  68 0.1440632 0.0000000 0.0000000 0.0000000 0.0000000 0.0000000 0.0000000 0.3707879 0.0000000 0.0000000 0.0000000 0.0000000 0.0000000 0.1027052 0.0000000 0.0000000 0.0000000 0.0000000 0.3824437 0.0000000
 69 I  69 0.0000000 0.0000000 0.0000000 0.0000000 0.0000000 0.0000000 0.0000000 0.0000000 0.0000000 0.8559368 0.1440632 0.0000000 0.0000000 0.0000000 0.0000000 0.0000000 0.0000000 0.0000000 0.0000000 0.0000000
 70 S  70 0.0000000 0.0000000 0.0000000 0.0000000 0.0000000 0.0000000 0.0000000 0.0000000 0.0000000 0.0000000 0.0000000 0.0000000 0.0000000 0.0000000 0.0000000 1.0000000 0.0000000 0.0000000 0.0000000 0.0000000
 71 T  71 0.0000000 0.0000000 0.0000000 0.0000000 0.0000000 0.0000000 0.0000000 0.0000000 0.0000000 0.0000000 0.0000000 0.0000000 0.0000000 0.1440632 0.0000000 0.1728758 0.6830610 0.0000000 0.0000000 0.0000000
 72 T  72 0.0000000 0.0000000 0.0000000 0.0000000 0.0000000 0.0000000 0.0000000 0.0000000 0.0000000 0.0000000 0.0000000 0.0000000 0.0000000 0.0000000 0.0000000 0.0000000 1.0000000 0.0000000 0.0000000 0.0000000
 73 T  73 0.0000000 0.0000000 0.0000000 0.0000000 0.0000000 0.0000000 0.0000000 0.0000000 0.0000000 0.0000000 0.1979121 0.1331518 0.0000000 0.0000000 0.2755810 0.0000000 0.3933551 0.0000000 0.0000000 0.0000000
 74 D  74 0.0000000 0.0000000 0.0000000 0.3519971 0.1331518 0.0000000 0.0000000 0.0000000 0.3707879 0.0000000 0.1440632 0.0000000 0.0000000 0.0000000 0.0000000 0.0000000 0.0000000 0.0000000 0.0000000 0.0000000
 75 K  75 0.0000000 0.0000000 0.0000000 0.0000000 0.0000000 0.0000000 0.1440632 0.0000000 0.0000000 0.0000000 0.0000000 0.3824437 0.1027052 0.3707879 0.0000000 0.0000000 0.0000000 0.0000000 0.0000000 0.0000000
 76 E  76 0.0000000 0.0000000 0.1027052 0.1331518 0.0000000 0.0000000 0.6200799 0.0000000 0.0000000 0.0000000 0.0000000 0.1440632 0.0000000 0.0000000 0.0000000 0.0000000 0.0000000 0.0000000 0.0000000 0.0000000
 77 I  77 0.0000000 0.1728758 0.0000000 0.0000000 0.0000000 0.0000000 0.0000000 0.0000000 0.0000000 0.3519971 0.0000000 0.0000000 0.1979121 0.0000000 0.0000000 0.0000000 0.0000000 0.0000000 0.0000000 0.2772150
 78 A  78 1.0000000 0.0000000 0.0000000 0.0000000 0.0000000 0.0000000 0.0000000 0.0000000 0.0000000 0.0000000 0.0000000 0.0000000 0.0000000 0.0000000 0.0000000 0.0000000 0.0000000 0.0000000 0.0000000 0.0000000
 79 K  79 0.0000000 0.3169390 0.0000000 0.0000000 0.0000000 0.0000000 0.0000000 0.0000000 0.0000000 0.1331518 0.0000000 0.4472041 0.0000000 0.0000000 0.0000000 0.0000000 0.1027052 0.0000000 0.0000000 0.0000000
 80 K  80 0.0000000 0.2772150 0.0000000 0.0000000 0.0000000 0.0000000 0.1027052 0.0000000 0.0000000 0.0000000 0.0000000 0.4472041 0.0000000 0.1728758 0.0000000 0.0000000 0.0000000 0.0000000 0.0000000 0.0000000
 81 F  81 0.0000000 0.0000000 0.0000000 0.0000000 0.0000000 0.0000000 0.0000000 0.0000000 0.0000000 0.0000000 0.0000000 0.0000000 0.0000000 0.6292121 0.0000000 0.0000000 0.0000000 0.0000000 0.3707879 0.0000000
 82 A  82 0.8972948 0.0000000 0.0000000 0.0000000 0.0000000 0.0000000 0.0000000 0.0000000 0.0000000 0.0000000 0.0000000 0.0000000 0.0000000 0.0000000 0.0000000 0.1027052 0.0000000 0.0000000 0.0000000 0.0000000
 83 T  83 0.0000000 0.0000000 0.0000000 0.0000000 0.0000000 0.0000000 0.0000000 0.0000000 0.0000000 0.0000000 0.3707879 0.0000000 0.0000000 0.0000000 0.0000000 0.0000000 0.6292121 0.0000000 0.0000000 0.0000000
 84 S  84 0.0000000 0.0000000 0.0000000 0.0000000 0.0000000 0.0000000 0.0000000 0.1979121 0.0000000 0.0000000 0.0000000 0.0000000 0.0000000 0.0000000 0.0000000 0.5248729 0.2772150 0.0000000 0.0000000 0.0000000
 85 S  85 0.1728758 0.0000000 0.0000000 0.1440632 0.0000000 0.0000000 0.0000000 0.1331518 0.0000000 0.0000000 0.0000000 0.0000000 0.0000000 0.0000000 0.0000000 0.4472041 0.0000000 0.0000000 0.1027052 0.0000000
 86 G  86 0.0000000 0.0000000 0.1331518 0.0000000 0.0000000 0.0000000 0.0000000 0.6689361 0.0000000 0.0000000 0.0000000 0.0000000 0.0000000 0.0000000 0.0000000 0.1979121 0.0000000 0.0000000 0.0000000 0.0000000
 87 I  87 0.0000000 0.0000000 0.0000000 0.0000000 0.0000000 0.0000000 0.0000000 0.0000000 0.0000000 0.2492919 0.2772150 0.1728758 0.0000000 0.1979121 0.0000000 0.1027052 0.0000000 0.0000000 0.0000000 0.0000000
 88 E  88 0.3310639 0.0000000 0.0000000 0.0000000 0.0000000 0.0000000 0.3933551 0.0000000 0.0000000 0.0000000 0.0000000 0.1027052 0.0000000 0.0000000 0.0000000 0.1728758 0.0000000 0.0000000 0.0000000 0.0000000
 89 N  89 0.0000000 0.0000000 0.3824437 0.2467683 0.0000000 0.0000000 0.0000000 0.0000000 0.1728758 0.0000000 0.0000000 0.0000000 0.0000000 0.0000000 0.0000000 0.1979121 0.0000000 0.0000000 0.0000000 0.0000000
 90 G  90 0.0000000 0.0000000 0.0000000 0.0000000 0.0000000 0.0000000 0.0000000 1.0000000 0.0000000 0.0000000 0.0000000 0.0000000 0.0000000 0.0000000 0.0000000 0.0000000 0.0000000 0.0000000 0.0000000 0.0000000
 91 Y  91 0.0000000 0.0000000 0.0000000 0.0000000 0.0000000 0.0000000 0.0000000 0.0000000 0.0000000 0.0000000 0.0000000 0.0000000 0.0000000 0.0000000 0.0000000 0.0000000 0.0000000 0.0000000 0.8559368 0.1440632
 92 I  92 0.0000000 0.0000000 0.0000000 0.0000000 0.0000000 0.0000000 0.0000000 0.0000000 0.0000000 0.2492919 0.0000000 0.0000000 0.0000000 0.0000000 0.0000000 0.0000000 0.0000000 0.0000000 0.0000000 0.7507081
 93 Y  93 0.0000000 0.0000000 0.0000000 0.0000000 0.0000000 0.0000000 0.0000000 0.0000000 0.0000000 0.1979121 0.0000000 0.0000000 0.0000000 0.1728758 0.0000000 0.0000000 0.0000000 0.0000000 0.6292121 0.0000000
 94 V  94 0.1605528 0.0000000 0.0000000 0.0000000 0.0000000 0.0000000 0.0000000 0.0000000 0.0000000 0.0000000 0.0000000 0.4132287 0.0000000 0.0000000 0.0000000 0.0000000 0.1483924 0.0000000 0.0000000 0.2778261
 95 L  95 0.0000000 0.0000000 0.0000000 0.0000000 0.0000000 0.0000000 0.0000000 0.0000000 0.0000000 0.0000000 0.5553195 0.0000000 0.1979121 0.0000000 0.0000000 0.0000000 0.0000000 0.0000000 0.1027052 0.1440632
 96 N  96 0.0000000 0.0000000 0.2492919 0.1331518 0.0000000 0.0000000 0.0000000 0.0000000 0.0000000 0.0000000 0.0000000 0.0000000 0.0000000 0.0000000 0.0000000 0.3707879 0.2467683 0.0000000 0.0000000 0.0000000
 97 R  97 0.0000000 0.2912504 0.0000000 0.0000000 0.0000000 0.0000000 0.0000000 0.0000000 0.0000000 0.2019726 0.0000000 0.0000000 0.0000000 0.0000000 0.2755541 0.0000000 0.0000000 0.0000000 0.0000000 0.2312228
 98 D  98 0.0000000 0.0000000 0.0000000 0.4112419 0.0000000 0.0000000 0.0000000 0.0000000 0.2019726 0.0000000 0.0000000 0.0000000 0.0000000 0.0000000 0.0000000 0.3867854 0.0000000 0.0000000 0.0000000 0.0000000
 99 L  99 0.2627507 0.0000000 0.0000000 0.0000000 0.0000000 0.2295121 0.0000000 0.0000000 0.0000000 0.0000000 0.5077372 0.0000000 0.0000000 0.0000000 0.0000000 0.0000000 0.0000000 0.0000000 0.0000000 0.0000000
100 F 100 0.0000000 0.0000000 0.0000000 0.0000000 0.0000000 0.0000000 0.0000000 0.0000000 0.0000000 0.0000000 0.4132287 0.0000000 0.0000000 0.4262186 0.0000000 0.0000000 0.0000000 0.0000000 0.0000000 0.1605528
101 G 101 0.1605528 0.2205653 0.0000000 0.0000000 0.0000000 0.0000000 0.0000000 0.2778261 0.1926633 0.0000000 0.0000000 0.0000000 0.0000000 0.0000000 0.0000000 0.1483924 0.0000000 0.0000000 0.0000000 0.0000000
102 Q 102 0.0000000 0.0000000 0.1027052 0.0000000 0.0000000 0.4221678 0.2772150 0.0000000 0.1979121 0.0000000 0.0000000 0.0000000 0.0000000 0.0000000 0.0000000 0.0000000 0.0000000 0.0000000 0.0000000 0.0000000
103 Y 103 0.0000000 0.0000000 0.1027052 0.1728758 0.0000000 0.0000000 0.0000000 0.0000000 0.1331518 0.0000000 0.1440632 0.0000000 0.0000000 0.0000000 0.0000000 0.1979121 0.0000000 0.0000000 0.2492919 0.0000000
104 S 104 0.0000000 0.0000000 0.1728758 0.0000000 0.0000000 0.0000000 0.1440632 0.4337691 0.0000000 0.0000000 0.0000000 0.0000000 0.0000000 0.0000000 0.0000000 0.2492919 0.0000000 0.0000000 0.0000000 0.0000000
105 I 105 0.1440632 0.0000000 0.0000000 0.0000000 0.0000000 0.0000000 0.0000000 0.0000000 0.0000000 0.4851489 0.0000000 0.0000000 0.0000000 0.0000000 0.0000000 0.0000000 0.0000000 0.0000000 0.0000000 0.3707879
106 F 106 0.1440632 0.0000000 0.1027052 0.1979121 0.0000000 0.0000000 0.0000000 0.0000000 0.0000000 0.0000000 0.0000000 0.0000000 0.0000000 0.2492919 0.0000000 0.0000000 0.1728758 0.0000000 0.0000000 0.1331518
107 E 107 0.0000000 0.0000000 0.0000000 0.0000000 0.0000000 0.0000000 0.2492919 0.1440632 0.0000000 0.4734931 0.0000000 0.0000000 0.0000000 0.0000000 0.0000000 0.0000000 0.1331518 0.0000000 0.0000000 0.0000000
108 Y 108 0.0000000 0.0000000 0.2358569 0.0000000 0.1440632 0.0000000 0.0000000 0.0000000 0.1979121 0.0000000 0.0000000 0.0000000 0.0000000 0.0000000 0.0000000 0.0000000 0.0000000 0.0000000 0.4221678 0.0000000
109 E 109 0.0000000 0.5148511 0.0000000 0.0000000 0.0000000 0.0000000 0.4851489 0.0000000 0.0000000 0.0000000 0.0000000 0.0000000 0.0000000 0.0000000 0.0000000 0.0000000 0.0000000 0.0000000 0.0000000 0.0000000
110 V 110 0.0000000 0.0000000 0.0000000 0.0000000 0.0000000 0.0000000 0.0000000 0.0000000 0.0000000 0.0000000 0.4751271 0.0000000 0.0000000 0.0000000 0.0000000 0.0000000 0.1027052 0.0000000 0.0000000 0.4221678
111 E 111 0.0000000 0.0000000 0.1728758 0.0000000 0.0000000 0.0000000 0.3933551 0.0000000 0.0000000 0.0000000 0.1027052 0.0000000 0.0000000 0.0000000 0.0000000 0.0000000 0.1979121 0.0000000 0.0000000 0.1331518
112 H 112 0.0000000 0.0000000 0.0000000 0.1440632 0.0000000 0.0000000 0.1728758 0.1027052 0.2492919 0.0000000 0.0000000 0.0000000 0.0000000 0.0000000 0.0000000 0.0000000 0.1979121 0.0000000 0.1331518 0.0000000
113 P 113 0.2358569 0.0000000 0.0000000 0.0000000 0.0000000 0.0000000 0.0000000 0.0000000 0.0000000 0.0000000 0.0000000 0.0000000 0.0000000 0.0000000 0.5662309 0.0000000 0.1979121 0.0000000 0.0000000 0.0000000
114 E 114 0.3707879 0.0000000 0.0000000 0.1027052 0.0000000 0.1440632 0.2492919 0.0000000 0.0000000 0.0000000 0.0000000 0.0000000 0.0000000 0.0000000 0.0000000 0.1331518 0.0000000 0.0000000 0.0000000 0.0000000
115 N 115 0.0000000 0.0000000 0.4537762 0.0000000 0.0000000 0.0000000 0.0000000 0.0000000 0.0000000 0.2283123 0.0000000 0.0000000 0.0000000 0.0000000 0.0000000 0.1184811 0.0000000 0.0000000 0.0000000 0.1994303
116 P 116 0.0000000 0.0000000 0.0000000 0.0000000 0.0000000 0.0000000 0.0000000 0.0000000 0.0000000 0.0000000 0.0000000 0.0000000 0.0000000 0.0000000 0.7716877 0.2283123 0.0000000 0.0000000 0.0000000 0.0000000
117 N 117 0.0000000 0.1184811 0.2875843 0.0000000 0.0000000 0.0000000 0.5939346 0.0000000 0.0000000 0.0000000 0.0000000 0.0000000 0.0000000 0.0000000 0.0000000 0.0000000 0.0000000 0.0000000 0.0000000 0.0000000
118 E 118 0.0000000 0.0000000 0.0000000 0.4277426 0.0000000 0.0000000 0.5722574 0.0000000 0.0000000 0.0000000 0.0000000 0.0000000 0.0000000 0.0000000 0.0000000 0.0000000 0.0000000 0.0000000 0.0000000 0.0000000
119 K 119 0.0000000 0.0000000 0.0000000 0.4277426 0.0000000 0.0000000 0.1184811 0.0000000 0.1661919 0.0000000 0.0000000 0.2875843 0.0000000 0.0000000 0.0000000 0.0000000 0.0000000 0.0000000 0.0000000 0.0000000
120 E 120 0.0000000 0.0000000 0.0000000 0.0000000 0.0000000 0.0000000 1.0000000 0.0000000 0.0000000 0.0000000 0.0000000 0.0000000 0.0000000 0.0000000 0.0000000 0.0000000 0.0000000 0.0000000 0.0000000 0.0000000
121 V 121 0.0000000 0.0000000 0.0000000 0.0000000 0.0000000 0.0000000 0.0000000 0.0000000 0.4277426 0.1184811 0.0000000 0.0000000 0.0000000 0.0000000 0.0000000 0.0000000 0.0000000 0.0000000 0.0000000 0.4537762
122 T 122 0.0000000 0.0000000 0.0000000 0.0000000 0.0000000 0.0000000 0.0000000 0.0000000 0.0000000 0.1661919 0.0000000 0.0000000 0.0000000 0.0000000 0.0000000 0.0000000 0.4060654 0.2283123 0.0000000 0.1994303
123 I 123 0.0000000 0.0000000 0.0000000 0.0000000 0.0000000 0.0000000 0.0000000 0.0000000 0.0000000 0.5158966 0.3179114 0.0000000 0.0000000 0.0000000 0.0000000 0.0000000 0.0000000 0.0000000 0.0000000 0.1661919
124 R 124 0.0000000 0.2875843 0.0000000 0.0000000 0.0000000 0.0000000 0.0000000 0.0000000 0.0000000 0.0000000 0.1184811 0.0000000 0.0000000 0.0000000 0.0000000 0.0000000 0.0000000 0.0000000 0.2283123 0.3656223
125 A 125 0.5840848 0.0000000 0.0000000 0.0000000 0.0000000 0.0000000 0.0000000 0.1420964 0.0000000 0.0000000 0.0000000 0.0000000 0.0000000 0.2738188 0.0000000 0.0000000 0.0000000 0.0000000 0.0000000 0.0000000
126 E 126 0.0000000 0.0000000 0.3191720 0.0000000 0.0000000 0.0000000 0.4020320 0.0000000 0.0000000 0.0000000 0.0000000 0.0000000 0.0000000 0.0000000 0.0000000 0.2787960 0.0000000 0.0000000 0.0000000 0.0000000
127 D 127 0.0000000 0.0000000 0.4094955 0.5905045 0.0000000 0.0000000 0.0000000 0.0000000 0.0000000 0.0000000 0.0000000 0.0000000 0.0000000 0.0000000 0.0000000 0.0000000 0.0000000 0.0000000 0.0000000 0.0000000
128 C 128 0.0000000 0.0000000 0.0000000 0.0000000 0.5905045 0.0000000 0.0000000 0.0000000 0.0000000 0.0000000 0.0000000 0.0000000 0.0000000 0.4094955 0.0000000 0.0000000 0.0000000 0.0000000 0.0000000 0.0000000
129 G 129 0.0000000 0.0000000 0.0000000 0.0000000 0.0000000 0.0000000 0.0000000 0.7608199 0.0000000 0.0000000 0.0000000 0.0000000 0.0000000 0.0000000 0.0000000 0.2391801 0.0000000 0.0000000 0.0000000 0.0000000
130 C 130 0.0000000 0.0000000 0.2391801 0.0000000 0.3449047 0.0000000 0.0000000 0.0000000 0.2738188 0.1420964 0.0000000 0.0000000 0.0000000 0.0000000 0.0000000 0.0000000 0.0000000 0.0000000 0.0000000 0.0000000
131 I 131 0.0000000 0.0000000 0.0000000 0.0000000 0.0000000 0.0000000 0.0000000 0.0000000 0.0000000 0.7261812 0.0000000 0.0000000 0.0000000 0.2738188 0.0000000 0.0000000 0.0000000 0.0000000 0.0000000 0.0000000
132 P 132 0.0000000 0.0000000 0.0000000 0.0000000 0.0000000 0.0000000 0.0000000 0.0000000 0.0000000 0.0000000 0.0000000 0.0000000 0.0000000 0.0000000 1.0000000 0.0000000 0.0000000 0.0000000 0.0000000 0.0000000
133 E 133 0.0000000 0.0000000 0.1420964 0.0000000 0.0000000 0.0000000 0.6187235 0.0000000 0.0000000 0.0000000 0.0000000 0.2391801 0.0000000 0.0000000 0.0000000 0.0000000 0.0000000 0.0000000 0.0000000 0.0000000
134 E 134 0.0000000 0.0000000 0.0000000 0.1420964 0.0000000 0.0000000 0.6187235 0.0000000 0.0000000 0.0000000 0.0000000 0.0000000 0.0000000 0.0000000 0.0000000 0.2391801 0.0000000 0.0000000 0.0000000 0.0000000
135 V 135 0.2738188 0.0000000 0.0000000 0.0000000 0.0000000 0.0000000 0.0000000 0.0000000 0.0000000 0.0000000 0.0000000 0.0000000 0.0000000 0.0000000 0.0000000 0.2391801 0.0000000 0.0000000 0.0000000 0.4870011
136 I 136 0.0000000 0.0000000 0.0000000 0.0000000 0.0000000 0.0000000 0.0000000 0.0000000 0.0000000 0.5840848 0.1420964 0.0000000 0.0000000 0.0000000 0.0000000 0.0000000 0.0000000 0.0000000 0.0000000 0.2738188
137 I 137 0.0000000 0.0000000 0.0000000 0.0000000 0.0000000 0.0000000 0.0000000 0.0000000 0.0000000 0.6808280 0.0000000 0.0000000 0.0000000 0.0000000 0.0000000 0.0000000 0.0000000 0.0000000 0.0000000 0.3191720
138 A 138 1.0000000 0.0000000 0.0000000 0.0000000 0.0000000 0.0000000 0.0000000 0.0000000 0.0000000 0.0000000 0.0000000 0.0000000 0.0000000 0.0000000 0.0000000 0.0000000 0.0000000 0.0000000 0.0000000 0.0000000
139 K 139 0.0000000 0.0000000 0.0000000 0.0000000 0.0000000 0.0000000 0.0000000 0.0000000 0.0000000 0.0000000 0.0000000 0.5905045 0.0000000 0.0000000 0.0000000 0.0000000 0.0000000 0.0000000 0.0000000 0.4094955
140 E 140 0.0000000 0.0000000 0.0000000 0.0000000 0.0000000 0.0000000 1.0000000 0.0000000 0.0000000 0.0000000 0.0000000 0.0000000 0.0000000 0.0000000 0.0000000 0.0000000 0.0000000 0.0000000 0.0000000 0.0000000
141 L 141 0.0000000 0.0000000 0.0000000 0.0000000 0.0000000 0.0000000 0.0000000 0.0000000 0.0000000 0.0000000 1.0000000 0.0000000 0.0000000 0.0000000 0.0000000 0.0000000 0.0000000 0.0000000 0.0000000 0.0000000
142 I 142 0.0000000 0.0000000 0.0000000 0.0000000 0.0000000 0.0000000 0.0000000 0.0000000 0.0000000 1.0000000 0.0000000 0.0000000 0.0000000 0.0000000 0.0000000 0.0000000 0.0000000 0.0000000 0.0000000 0.0000000
143 E 143 0.4425544 0.0000000 0.0000000 0.0000000 0.0000000 0.0000000 0.5574456 0.0000000 0.0000000 0.0000000 0.0000000 0.0000000 0.0000000 0.0000000 0.0000000 0.0000000 0.0000000 0.0000000 0.0000000 0.0000000
144 I 144 0.0000000 0.0000000 0.0000000 0.0000000 0.0000000 0.0000000 0.0000000 0.0000000 0.0000000 0.5574456 0.0000000 0.0000000 0.0000000 0.0000000 0.0000000 0.0000000 0.0000000 0.0000000 0.0000000 0.4425544
145 N 145 0.0000000 0.0000000 1.0000000 0.0000000 0.0000000 0.0000000 0.0000000 0.0000000 0.0000000 0.0000000 0.0000000 0.0000000 0.0000000 0.0000000 0.0000000 0.0000000 0.0000000 0.0000000 0.0000000 0.0000000
146 L 146 0.0000000 0.0000000 0.0000000 0.0000000 0.0000000 0.0000000 0.0000000 0.0000000 0.0000000 0.0000000 1.0000000 0.0000000 0.0000000 0.0000000 0.0000000 0.0000000 0.0000000 0.0000000 0.0000000 0.0000000
147 E 147 0.0000000 0.0000000 0.0000000 0.0000000 0.0000000 0.0000000 1.0000000 0.0000000 0.0000000 0.0000000 0.0000000 0.0000000 0.0000000 0.0000000 0.0000000 0.0000000 0.0000000 0.0000000 0.0000000 0.0000000
148 H 148 0.0000000 0.0000000 0.0000000 0.0000000 0.0000000 0.0000000 0.0000000 0.0000000 1.0000000 0.0000000 0.0000000 0.0000000 0.0000000 0.0000000 0.0000000 0.0000000 0.0000000 0.0000000 0.0000000 0.0000000
149 H 149 0.0000000 0.0000000 0.0000000 0.0000000 0.0000000 0.0000000 0.0000000 0.0000000 1.0000000 0.0000000 0.0000000 0.0000000 0.0000000 0.0000000 0.0000000 0.0000000 0.0000000 0.0000000 0.0000000 0.0000000
150 H 150 0.0000000 0.0000000 0.0000000 0.0000000 0.0000000 0.0000000 0.0000000 0.0000000 1.0000000 0.0000000 0.0000000 0.0000000 0.0000000 0.0000000 0.0000000 0.0000000 0.0000000 0.0000000 0.0000000 0.0000000
151 H 151 0.0000000 0.0000000 0.0000000 0.0000000 0.0000000 0.0000000 0.0000000 0.0000000 1.0000000 0.0000000 0.0000000 0.0000000 0.0000000 0.0000000 0.0000000 0.0000000 0.0000000 0.0000000 0.0000000 0.0000000
152 H 152 0.0000000 0.0000000 0.0000000 0.0000000 0.0000000 0.0000000 0.0000000 0.0000000 1.0000000 0.0000000 0.0000000 0.0000000 0.0000000 0.0000000 0.0000000 0.0000000 0.0000000 0.0000000 0.0000000 0.0000000
153 H 153 0.0000000 0.0000000 0.0000000 0.0000000 0.0000000 0.0000000 0.0000000 0.0000000 1.0000000 0.0000000 0.0000000 0.0000000 0.0000000 0.0000000 0.0000000 0.0000000 0.0000000 0.0000000 0.0000000 0.0000000
