  125         A         R         N         D         C         Q         E         G         H         I         L         K         M         F         P         S         T         W         Y         V         X    
  1 M   1 0.0000000 0.0000000 0.0000000 0.0000000 0.0000000 0.0000000 0.0000000 0.0000000 0.0000000 0.0061618 0.0094633 0.0000000 0.0262772 0.0000000 0.0000000 0.0000000 0.0000000 0.0000000 0.0000000 0.0207166 0.9373810
  2 R   2 0.0000000 0.0221936 0.0000000 0.0000000 0.0000000 0.0208039 0.0100985 0.0000000 0.0000000 0.0000000 0.0000000 0.0533691 0.0000000 0.0000000 0.0033075 0.0086282 0.0000000 0.0000000 0.0000000 0.0000000 0.8815992
  3 T   3 0.0202045 0.0257151 0.0000000 0.0000000 0.0000000 0.0111108 0.0068377 0.0000000 0.0000000 0.0000000 0.0065914 0.0052241 0.0044039 0.0000000 0.0161179 0.0181780 0.0463944 0.0000000 0.0000000 0.0020451 0.8371771
  4 Q   4 0.0023351 0.0036762 0.0050495 0.0189676 0.0000000 0.0543463 0.0306035 0.0000000 0.0000000 0.0000000 0.0039359 0.0189783 0.0035822 0.0000000 0.0185299 0.0299276 0.0045446 0.0000000 0.0000000 0.0043904 0.8011329
  5 Q   5 0.0021443 0.0151034 0.0489423 0.0116814 0.0000000 0.0592457 0.0267982 0.0061377 0.0040408 0.0000000 0.0000000 0.0513595 0.0000000 0.0000000 0.0000000 0.0074374 0.0063187 0.0000000 0.0026169 0.0197702 0.7384033
  6 K   6 0.0051588 0.0291912 0.0256698 0.0182064 0.0000000 0.0076900 0.0864242 0.0037955 0.0051894 0.0023873 0.0069102 0.0415801 0.0000000 0.0053178 0.0150964 0.0279618 0.0082180 0.0043788 0.0035953 0.0020942 0.7011347
  7 R   7 0.0287691 0.0509333 0.0180670 0.0066924 0.0000000 0.0257805 0.0194648 0.0016661 0.0000000 0.0055048 0.0205485 0.0279363 0.0024344 0.0000000 0.0457978 0.0392840 0.0203379 0.0000000 0.0000000 0.0192793 0.6675037
  8 D   8 0.0319708 0.0034107 0.0161491 0.0453895 0.0000000 0.0022344 0.0480626 0.0022271 0.0030767 0.0035309 0.0344122 0.0099590 0.0015180 0.0022584 0.0668696 0.0435499 0.0201159 0.0000000 0.0019999 0.0216609 0.6416044
  9 T   9 0.0325698 0.0209294 0.0232570 0.0281948 0.0000000 0.0109256 0.0330077 0.0232280 0.0000000 0.0078653 0.0048803 0.0392461 0.0030836 0.0030044 0.0510707 0.0585069 0.0322893 0.0000000 0.0000000 0.0088000 0.6191411
 10 K  10 0.0139176 0.0104738 0.0164513 0.0065174 0.0000000 0.0361688 0.0240532 0.0433502 0.0056984 0.0100283 0.0134396 0.1006547 0.0000000 0.0020275 0.0312053 0.0285187 0.0440586 0.0094615 0.0000000 0.0233115 0.5806637
 11 F  11 0.0120977 0.0254340 0.0141113 0.0272755 0.0000000 0.0252835 0.0229354 0.0190063 0.0069774 0.0352121 0.0195852 0.0140036 0.0256046 0.0329422 0.0510640 0.0260370 0.0090669 0.0052174 0.0485191 0.0134055 0.5662212
 12 R  12 0.0184828 0.0906602 0.0064324 0.0030074 0.0000000 0.0119392 0.0164438 0.0000000 0.0041618 0.0037955 0.0000000 0.0388943 0.0057289 0.0000000 0.1136613 0.0274233 0.0098223 0.0847178 0.0128531 0.0034464 0.5485296
 13 E  13 0.0434597 0.0617798 0.0059965 0.0303879 0.0000000 0.0121009 0.0339998 0.0326534 0.0089125 0.0204821 0.0124053 0.0712490 0.0090209 0.0032084 0.0189144 0.0601391 0.0340347 0.0000000 0.0000000 0.0228808 0.5183748
 14 D  14 0.0291434 0.0036762 0.0508393 0.1403780 0.0000000 0.0166615 0.0655962 0.0269159 0.0117864 0.0116653 0.0020275 0.0063437 0.0029075 0.0188071 0.0196510 0.0216472 0.0348481 0.0000000 0.0049458 0.0191873 0.5129724
 15 C  15 0.0228279 0.0026573 0.0310089 0.0309522 0.3339132 0.0030044 0.0130713 0.0184607 0.0000000 0.0019999 0.0100597 0.0000000 0.0015654 0.0018972 0.0067902 0.0000000 0.0216904 0.0000000 0.0089689 0.0000000 0.4911324
 16 P  16 0.0083226 0.0209922 0.0000000 0.0052700 0.0000000 0.0000000 0.0043788 0.0409289 0.0000000 0.0000000 0.0035707 0.0244761 0.0000000 0.0000000 0.3764575 0.0242650 0.0063473 0.0000000 0.0000000 0.0000000 0.4849908
 17 P  17 0.0271479 0.0000000 0.0111779 0.0000000 0.0000000 0.0189832 0.0220393 0.0448579 0.0000000 0.0019109 0.1175338 0.0031577 0.0000000 0.0114811 0.2838951 0.0035966 0.0078096 0.0000000 0.0000000 0.0455940 0.4008149
 18 D  18 0.0163529 0.0021039 0.0580208 0.3113163 0.0037935 0.0080815 0.0220430 0.0108743 0.0441683 0.0029277 0.0000000 0.0025153 0.0000000 0.0102434 0.0000000 0.0736588 0.0939141 0.0000000 0.0025315 0.0039641 0.3334906
 19 R  19 0.0066590 0.1313524 0.0023738 0.0000000 0.0000000 0.0000000 0.0059512 0.0105491 0.0000000 0.0032982 0.0580654 0.2390684 0.0000000 0.0329690 0.0867540 0.0269867 0.0561524 0.0000000 0.0128903 0.1243794 0.2025508
 20 E  20 0.0890332 0.2046091 0.0191699 0.0467008 0.0090423 0.0225216 0.2475289 0.0172952 0.0033737 0.0119012 0.0137614 0.0577108 0.0053435 0.0033075 0.0000000 0.0598859 0.0183057 0.0025116 0.0023675 0.0350682 0.1305621
 21 E  21 0.0172903 0.0341203 0.0125927 0.0286900 0.0000000 0.0561809 0.3259322 0.2115232 0.0043788 0.0194652 0.0096852 0.0116409 0.0000000 0.0111835 0.0000000 0.0250642 0.0446670 0.0111802 0.0000000 0.0440424 0.1323630
 22 L  22 0.0000000 0.0000000 0.0000000 0.0000000 0.0000000 0.0000000 0.0000000 0.0000000 0.0000000 0.0511830 0.4493412 0.0000000 0.0000000 0.1203794 0.0000000 0.0000000 0.0000000 0.1160664 0.1432045 0.0277124 0.0921130
 23 G  23 0.0000000 0.0138901 0.0148426 0.0000000 0.0000000 0.0000000 0.0000000 0.6386958 0.0000000 0.0000000 0.0000000 0.0000000 0.0000000 0.0000000 0.0984614 0.0572569 0.0847402 0.0000000 0.0000000 0.0000000 0.0921130
 24 R  24 0.0122360 0.3712011 0.0586844 0.0000000 0.2786249 0.0077592 0.0029491 0.0029277 0.0123080 0.0106027 0.0000000 0.0249706 0.0038251 0.0061625 0.0994960 0.0230803 0.0025730 0.0000000 0.0031165 0.0087495 0.0707334
 25 H  25 0.3076468 0.0045966 0.0234199 0.0014409 0.0182536 0.0044527 0.0000000 0.1961249 0.0512467 0.0000000 0.0059512 0.0124479 0.0000000 0.0031300 0.0154078 0.2852179 0.0040814 0.0000000 0.0101402 0.0095873 0.0468540
 26 S  26 0.0375751 0.0000000 0.0000000 0.0000000 0.0000000 0.0345289 0.0000000 0.0780721 0.0000000 0.0025484 0.2711016 0.0000000 0.0318053 0.0227166 0.0000000 0.1346313 0.2845441 0.0000000 0.0314558 0.0241668 0.0468540
 27 W  27 0.0000000 0.0000000 0.0000000 0.0000000 0.0000000 0.0000000 0.0000000 0.0000000 0.0000000 0.0000000 0.0000000 0.0000000 0.0000000 0.0000000 0.0000000 0.0000000 0.0000000 0.9575138 0.0000000 0.0000000 0.0424862
 28 A  28 0.0436234 0.0648867 0.0421914 0.0046550 0.0000000 0.0222378 0.0000000 0.0324870 0.0242948 0.0327667 0.0650645 0.1136420 0.0338930 0.0440040 0.0040161 0.0576176 0.3177296 0.0000000 0.0270677 0.0273363 0.0424862
 29 V  29 0.0093241 0.0000000 0.0000000 0.0000000 0.0000000 0.0000000 0.0000000 0.0000000 0.0117662 0.0348576 0.4927670 0.0000000 0.0262462 0.2293255 0.0000000 0.0153447 0.0471865 0.0000000 0.0391247 0.0515712 0.0424862
 30 L  30 0.0041528 0.0000000 0.0025730 0.0000000 0.0097130 0.0000000 0.0000000 0.0000000 0.0000000 0.0477756 0.5402274 0.0000000 0.0278793 0.3001166 0.0000000 0.0023330 0.0000000 0.0000000 0.0137448 0.0089983 0.0424862
 31 H  31 0.0000000 0.0043678 0.0000000 0.0000000 0.0000000 0.0000000 0.0000000 0.0000000 0.9188948 0.0000000 0.0000000 0.0000000 0.0000000 0.0000000 0.0000000 0.0000000 0.0000000 0.0283000 0.0059512 0.0000000 0.0424862
 32 T  32 0.0597651 0.0030836 0.0000000 0.0000000 0.0037935 0.0000000 0.0000000 0.0117915 0.0109636 0.0124023 0.0338717 0.0000000 0.0384110 0.0344551 0.0000000 0.1974666 0.4585610 0.0124057 0.0489741 0.0274851 0.0465702
 33 L  33 0.0376568 0.0030514 0.0000000 0.0000000 0.0000000 0.0000000 0.0000000 0.0078730 0.0093174 0.1521538 0.3150333 0.0000000 0.2392221 0.0359089 0.0034868 0.0350113 0.0273581 0.0000000 0.0225057 0.0750461 0.0363750
 34 A  34 0.4940744 0.0000000 0.0000000 0.0000000 0.0000000 0.0000000 0.0000000 0.0318905 0.0000000 0.0000000 0.0443512 0.0000000 0.0343092 0.0078368 0.0000000 0.1111343 0.2334826 0.0000000 0.0000000 0.0101147 0.0328063
 35 A  35 0.5399068 0.0028927 0.0068077 0.0145669 0.0000000 0.0074223 0.0167409 0.0056218 0.0122387 0.0269681 0.0389576 0.0000000 0.0043488 0.0238005 0.0074193 0.0471914 0.0020770 0.0000000 0.0000000 0.2118408 0.0311986
 36 Y  36 0.0153994 0.1671387 0.0939530 0.0018607 0.0000000 0.1406069 0.0364442 0.0595428 0.0029310 0.0055176 0.0178247 0.0476695 0.0000000 0.0217289 0.0000000 0.0456786 0.0823783 0.0035284 0.1871012 0.0301263 0.0405697
 37 Y  37 0.1110200 0.0051446 0.0059497 0.0022830 0.0078160 0.0231422 0.0026628 0.0019060 0.0213833 0.0388369 0.0198424 0.0057600 0.0058422 0.1519304 0.0038178 0.0215128 0.0000000 0.0053435 0.4581634 0.0619033 0.0457396
 38 P  38 0.0797331 0.0043678 0.0249093 0.0292301 0.0026100 0.0129839 0.0226416 0.0217815 0.0000000 0.0049458 0.0028891 0.0257635 0.0053642 0.0040323 0.6018534 0.0691705 0.0148653 0.0000000 0.0067302 0.0093331 0.0567953
 39 D  39 0.0379003 0.0175854 0.0329398 0.2651696 0.0046217 0.0231108 0.2833534 0.0101266 0.0071427 0.0266315 0.0339129 0.0356037 0.0074235 0.0013179 0.0227958 0.0204510 0.0431291 0.0048143 0.0195180 0.0547352 0.0477169
 40 L  40 0.0382755 0.0734284 0.1705729 0.0582474 0.0015231 0.0455022 0.0897428 0.0260609 0.0509661 0.0085011 0.0155415 0.2133570 0.0035371 0.0096141 0.0157326 0.0568759 0.0611502 0.0000000 0.0068876 0.0105087 0.0439750
 41 P  41 0.0429236 0.0012706 0.0187209 0.0077556 0.0000000 0.0130035 0.0588797 0.0226064 0.0130264 0.0039403 0.0264039 0.0080018 0.0000000 0.0240673 0.6728646 0.0185120 0.0048873 0.0000000 0.0046756 0.0120141 0.0464465
 42 T  42 0.0353534 0.0151395 0.0779492 0.0570670 0.0000000 0.0075882 0.0063171 0.0138684 0.0023184 0.0035966 0.0189640 0.0108175 0.0043788 0.0135152 0.0155966 0.2700479 0.4090866 0.0000000 0.0033920 0.0105642 0.0244394
 43 P  43 0.1109937 0.0782180 0.0283881 0.0625567 0.0032255 0.0698990 0.1412434 0.0125465 0.0227015 0.0060968 0.0411096 0.0756030 0.0039652 0.0124775 0.1469563 0.0518079 0.0527698 0.0047127 0.0327637 0.0184818 0.0234833
 44 E  44 0.0593314 0.0324989 0.0261535 0.0746222 0.0042895 0.1424822 0.2206102 0.0296344 0.0141841 0.0165446 0.0389709 0.0496888 0.0059619 0.0328542 0.0116827 0.0547609 0.0954763 0.0000000 0.0080078 0.0596127 0.0226328
 45 Q  45 0.0460241 0.0078119 0.0134580 0.1453844 0.0000000 0.3217042 0.1747465 0.0110279 0.0200027 0.0248524 0.0228957 0.0379562 0.0000000 0.0214914 0.0344520 0.0158646 0.0487137 0.0041467 0.0041655 0.0194622 0.0258399
 46 Q  46 0.0367853 0.1236886 0.0080396 0.0026941 0.0000000 0.2727723 0.0258968 0.0035822 0.0046217 0.0283844 0.0379180 0.2403426 0.0170183 0.0237452 0.0521077 0.0527112 0.0089924 0.0000000 0.0000000 0.0366840 0.0240156
 47 Q  47 0.0536127 0.1016344 0.0605808 0.0512153 0.0018200 0.1507922 0.1190501 0.0303216 0.0235094 0.0078191 0.0440023 0.1067064 0.0031314 0.0097579 0.0107732 0.0924784 0.0713006 0.0000000 0.0116902 0.0175819 0.0322220
 48 D  48 0.1977619 0.0286973 0.0588511 0.2142439 0.0000000 0.0170939 0.1202360 0.0182357 0.0178115 0.0124757 0.0095828 0.0686223 0.0000000 0.0038467 0.0037128 0.0672597 0.0664770 0.0056384 0.0103114 0.0451565 0.0339852
 49 M  49 0.0765090 0.0053435 0.0000000 0.0000000 0.0040840 0.0000000 0.0000000 0.0000000 0.0097737 0.1089755 0.1999186 0.0000000 0.2748776 0.0398498 0.0000000 0.0000000 0.0280433 0.0205288 0.0564123 0.1503836 0.0253003
 50 A  50 0.0712420 0.2014247 0.0204041 0.0081894 0.0212707 0.0158795 0.0509405 0.0216635 0.0397773 0.0390600 0.1314454 0.2013056 0.0211805 0.0121889 0.0018607 0.0559076 0.0245890 0.0000000 0.0229118 0.0134584 0.0253003
 51 Q  51 0.1012975 0.0341027 0.0819983 0.0940047 0.0039352 0.1443043 0.1042172 0.0674814 0.0198777 0.0071077 0.0111067 0.0290774 0.0087973 0.0000000 0.0000000 0.1355198 0.0639851 0.0200862 0.0084672 0.0406431 0.0239908
 52 F  52 0.0393893 0.0000000 0.0000000 0.0000000 0.0067951 0.0020873 0.0000000 0.0067700 0.0000000 0.0324052 0.1474548 0.0000000 0.0251913 0.4873071 0.0092326 0.0000000 0.0312685 0.0345458 0.1445448 0.0124281 0.0205801
 53 I  53 0.0068928 0.0201764 0.0000000 0.0000000 0.0022799 0.0024985 0.0038403 0.0026941 0.0019392 0.3264011 0.1874135 0.0054377 0.1307482 0.1354697 0.0000000 0.0000000 0.0000000 0.0000000 0.0449617 0.1049262 0.0243205
 54 H  54 0.0663238 0.1582128 0.0648244 0.0401617 0.0000000 0.0473978 0.0600689 0.0645368 0.1447549 0.0122860 0.0342581 0.1007799 0.0130104 0.0112341 0.0000000 0.0335483 0.0495299 0.0035779 0.0646225 0.0033402 0.0275316
 55 L  55 0.0533298 0.0159289 0.1013038 0.0042245 0.0099335 0.0052852 0.0090423 0.0697408 0.0000000 0.0895802 0.2532382 0.0035115 0.0023598 0.0162857 0.0000000 0.1676229 0.0600944 0.0114560 0.0445747 0.0174675 0.0650204
 56 F  56 0.0138716 0.0000000 0.0000000 0.0000000 0.0000000 0.0000000 0.0000000 0.0000000 0.0000000 0.0715084 0.1963990 0.0000000 0.0251676 0.4754421 0.0000000 0.0052443 0.0104220 0.0206948 0.0637021 0.0498007 0.0677474
 57 S  57 0.1611693 0.0264140 0.0000000 0.0022065 0.0114708 0.0336429 0.0044187 0.0827797 0.0190732 0.0143041 0.0000000 0.0494005 0.0049046 0.0125799 0.0862478 0.2568009 0.0341897 0.0104214 0.0066155 0.0266757 0.1566848
 58 K  58 0.0207071 0.1884128 0.0404904 0.0581050 0.0000000 0.0593512 0.0518597 0.0140425 0.1176482 0.0098483 0.0251590 0.1321175 0.0088839 0.0214400 0.0000000 0.0300858 0.0235765 0.0038849 0.0572281 0.0254323 0.1117268
 59 F  59 0.0058577 0.0000000 0.0151495 0.0000000 0.0078730 0.0113262 0.0000000 0.0000000 0.0102318 0.0264915 0.2632107 0.0000000 0.0492557 0.3185408 0.0000000 0.0063120 0.0222687 0.0000000 0.0226973 0.1317854 0.1089998
 60 Y  60 0.0000000 0.0000000 0.0000000 0.0000000 0.0113262 0.0000000 0.0000000 0.0090423 0.0000000 0.0294547 0.1164041 0.0000000 0.0150304 0.2942369 0.0000000 0.0000000 0.0000000 0.0000000 0.4935278 0.0055115 0.0254660
 61 P  61 0.0247346 0.0089568 0.0105055 0.0112388 0.0000000 0.0083086 0.0000000 0.1574873 0.0000000 0.0198144 0.0028635 0.0141907 0.0072632 0.0000000 0.6447496 0.0600063 0.0071767 0.0000000 0.0000000 0.0020302 0.0206737
 62 C  62 0.0090423 0.0056604 0.0087984 0.0000000 0.9229829 0.0000000 0.0000000 0.0000000 0.0000000 0.0000000 0.0000000 0.0042755 0.0078650 0.0056658 0.0047924 0.0040183 0.0000000 0.0021049 0.0067489 0.0055115 0.0125337
 63 E  63 0.0430202 0.0902780 0.0339456 0.0621313 0.0000000 0.0384438 0.1349310 0.1285722 0.0277232 0.0105899 0.0142790 0.1120086 0.0000000 0.0000000 0.0460203 0.0879436 0.0516450 0.0727264 0.0065317 0.0226941 0.0165160
 64 E  64 0.0170509 0.0164007 0.0258621 0.1417021 0.0000000 0.0111940 0.2964555 0.0156292 0.0715492 0.0193613 0.0192062 0.0176614 0.0000000 0.0287469 0.0233475 0.0345202 0.0431386 0.0351033 0.0768554 0.0863854 0.0198301
 65 C  65 0.0034082 0.0030472 0.0044187 0.0000000 0.9264583 0.0000000 0.0000000 0.0169711 0.0000000 0.0056658 0.0000000 0.0000000 0.0059512 0.0000000 0.0000000 0.0062249 0.0000000 0.0000000 0.0108175 0.0055115 0.0115256
 66 A  66 0.4580074 0.2120692 0.0024254 0.0049850 0.0121282 0.0224828 0.0131316 0.0501417 0.0000000 0.0000000 0.0000000 0.0454619 0.0000000 0.0000000 0.0047924 0.1268616 0.0145606 0.0000000 0.0042755 0.0081088 0.0205679
 67 E  67 0.0464804 0.0690076 0.0673427 0.1364353 0.0000000 0.0736324 0.1882222 0.0297503 0.0214904 0.0159997 0.0278651 0.1164260 0.0165496 0.0093916 0.0047924 0.0528345 0.0476963 0.0000000 0.0392054 0.0163102 0.0205679
 68 D  68 0.0084217 0.0129839 0.0675008 0.2301085 0.0109532 0.0027547 0.0438770 0.0166455 0.5066784 0.0000000 0.0000000 0.0223206 0.0000000 0.0000000 0.0000000 0.0271427 0.0180972 0.0000000 0.0079297 0.0000000 0.0245861
 69 L  69 0.0398345 0.0000000 0.0000000 0.0041987 0.0000000 0.0000000 0.0000000 0.0000000 0.0000000 0.0280565 0.1299252 0.0000000 0.0328337 0.6578945 0.0000000 0.0000000 0.0041618 0.0000000 0.0827589 0.0047924 0.0155439
 70 R  70 0.0311155 0.1712222 0.0206170 0.0075476 0.0000000 0.1939663 0.0994595 0.0306100 0.0122641 0.0298600 0.0716205 0.0761619 0.0290345 0.0209049 0.0000000 0.0577034 0.0358110 0.0041618 0.0271452 0.0513292 0.0294652
 71 K  71 0.0554672 0.0592341 0.0406794 0.0549850 0.0000000 0.1028125 0.2616828 0.0406499 0.0265173 0.0049063 0.0086950 0.2023529 0.0068087 0.0000000 0.0118735 0.0484602 0.0379621 0.0000000 0.0000000 0.0024801 0.0344328
 72 R  72 0.0282544 0.0374455 0.0359346 0.0382494 0.0000000 0.0176163 0.0549413 0.0208492 0.0392687 0.0954555 0.0987147 0.0123790 0.1892888 0.0702864 0.0000000 0.0015951 0.0022271 0.0353737 0.1413566 0.0412589 0.0395047
 73 L  73 0.1314818 0.0030537 0.0068891 0.0000000 0.0206489 0.0000000 0.0042755 0.0030883 0.0000000 0.1691114 0.3457273 0.0089002 0.0713604 0.0242321 0.0000000 0.0243494 0.0347931 0.0000000 0.0430580 0.0842357 0.0247949
 74 A  74 0.1419314 0.0783978 0.0284961 0.0662687 0.0125316 0.0442179 0.1048669 0.0184535 0.0052401 0.0184412 0.0133446 0.2696948 0.0077309 0.0073708 0.0047910 0.0752508 0.0588683 0.0000000 0.0014887 0.0178203 0.0247949
 75 R  75 0.0623543 0.1678424 0.0354564 0.0422555 0.0000000 0.0280679 0.1091220 0.0116288 0.0136635 0.0151526 0.0249645 0.2363916 0.0206499 0.0000000 0.0021613 0.0818009 0.0932220 0.0000000 0.0054268 0.0284167 0.0214229
 76 N  76 0.0214822 0.0449379 0.2623127 0.0257277 0.0060884 0.0071216 0.0293438 0.0104108 0.0708993 0.0293249 0.0662256 0.0189245 0.0082397 0.0869077 0.0000000 0.0891834 0.0582322 0.0019420 0.1106854 0.0293871 0.0226231
 77 H  77 0.0423248 0.0244499 0.0122256 0.0636893 0.0000000 0.0574941 0.0395652 0.0139679 0.0101208 0.0087999 0.0301664 0.0694538 0.0610272 0.0172547 0.4713473 0.0353174 0.0077582 0.0000000 0.0040323 0.0083822 0.0226231
 78 P  78 0.0346692 0.0033898 0.0144202 0.0572126 0.0000000 0.0000000 0.0394164 0.0085683 0.0208669 0.0649056 0.0659680 0.0310100 0.0118757 0.0157033 0.4693332 0.0138898 0.0297131 0.0000000 0.0083494 0.0810233 0.0296851
 79 D  79 0.0454944 0.1066367 0.0777136 0.1495025 0.0044187 0.2075564 0.0546293 0.0048066 0.0170717 0.0216236 0.0151365 0.0965968 0.0000000 0.0042825 0.0207552 0.0701746 0.0317495 0.0000000 0.0018087 0.0403578 0.0296851
 80 T  80 0.0773695 0.0000000 0.0046352 0.0033155 0.0166457 0.0000000 0.0062289 0.0088820 0.0000000 0.0537934 0.1091027 0.0000000 0.0054317 0.0307521 0.0113628 0.0145669 0.1638375 0.0000000 0.0000000 0.4544382 0.0396379
 81 R  81 0.0563276 0.0828472 0.0733680 0.0633215 0.0080615 0.0334484 0.1027059 0.0819945 0.0181304 0.0162976 0.0060310 0.1263269 0.0051489 0.0000000 0.0102980 0.2118095 0.0631394 0.0000000 0.0000000 0.0067628 0.0339808
 82 T  82 0.0048554 0.0079622 0.1007469 0.0677277 0.0000000 0.0021723 0.0036569 0.0798316 0.0068788 0.0014329 0.0000000 0.0133535 0.0000000 0.0000000 0.0000000 0.5035380 0.1764471 0.0000000 0.0000000 0.0000000 0.0313968
 83 R  83 0.0411172 0.4559510 0.0184657 0.0040378 0.0018746 0.0872932 0.0000000 0.0535910 0.0356829 0.0017840 0.0304788 0.1233340 0.0014473 0.0000000 0.0685312 0.0224546 0.0102616 0.0031577 0.0078178 0.0013228 0.0313968
 84 A  84 0.0693276 0.1124899 0.0596283 0.2166892 0.0000000 0.0189730 0.1625122 0.0101546 0.0375178 0.0110522 0.0388239 0.0811740 0.0081159 0.0073491 0.0116235 0.0556985 0.0396721 0.0000000 0.0121396 0.0244357 0.0226231
 85 A  85 0.1974871 0.0160716 0.0244555 0.1896301 0.0112216 0.0520144 0.2246115 0.0232569 0.0155061 0.0082759 0.0092700 0.0304340 0.0083046 0.0000000 0.0020749 0.1119143 0.0440163 0.0000000 0.0014229 0.0051416 0.0248908
 86 F  86 0.2101735 0.0000000 0.0045669 0.0000000 0.0000000 0.0111250 0.0270732 0.0067374 0.0000000 0.0053175 0.3465096 0.0000000 0.0181786 0.2224659 0.0103872 0.0226068 0.0167471 0.0000000 0.0108902 0.0645979 0.0226231
 87 T  87 0.1568603 0.0262579 0.0195270 0.0000000 0.0100052 0.0120987 0.0112745 0.0787169 0.0000000 0.1027031 0.0234926 0.0197556 0.0394863 0.0506501 0.0051014 0.2108055 0.0489664 0.0000000 0.0057600 0.1536305 0.0249080
 88 Q  88 0.0281989 0.1066606 0.0298927 0.0072273 0.0039403 0.1408487 0.0129680 0.0487631 0.0035062 0.0359489 0.3177776 0.0705046 0.0566774 0.0142665 0.0000000 0.0176586 0.0427569 0.0012731 0.0138192 0.0168918 0.0304195
 89 W  89 0.0032255 0.0000000 0.0000000 0.0000000 0.0000000 0.0121844 0.0000000 0.0000000 0.0025716 0.0000000 0.0185672 0.0000000 0.0046756 0.0502485 0.0000000 0.0028927 0.0000000 0.8049881 0.0640680 0.0000000 0.0365785
 90 L  90 0.0461157 0.0000000 0.0000000 0.0000000 0.0000000 0.0000000 0.0000000 0.0565582 0.0000000 0.0404643 0.5672200 0.0000000 0.0983288 0.0452304 0.0000000 0.0117858 0.0534578 0.0174781 0.0000000 0.0329414 0.0304195
 91 C  91 0.0000000 0.0093174 0.0047910 0.0000000 0.4870263 0.0192577 0.0000000 0.0000000 0.0123204 0.0108367 0.0044654 0.0000000 0.0000000 0.0315200 0.0000000 0.0028974 0.0042895 0.3123131 0.0407922 0.0297534 0.0304195
 92 H  92 0.0430356 0.1395695 0.0633475 0.0855484 0.0000000 0.0377394 0.1969020 0.0253669 0.0577111 0.0066948 0.0438117 0.0870553 0.0337484 0.0317739 0.0000000 0.0752635 0.0247645 0.0000000 0.0147806 0.0024674 0.0304195
 93 L  93 0.2725752 0.0311723 0.0000000 0.0000000 0.0056604 0.0302293 0.0023873 0.0019255 0.0038805 0.1066188 0.1333373 0.0175430 0.0678666 0.0702355 0.0000000 0.0349162 0.0332355 0.0000000 0.0000000 0.1579970 0.0304195
 94 H  94 0.0000000 0.0000000 0.0000000 0.0000000 0.0000000 0.0000000 0.0339658 0.0000000 0.9311493 0.0000000 0.0000000 0.0000000 0.0044654 0.0000000 0.0000000 0.0000000 0.0000000 0.0000000 0.0000000 0.0000000 0.0304195
 95 N  95 0.0000000 0.0000000 0.9286994 0.0215782 0.0000000 0.0000000 0.0087720 0.0000000 0.0000000 0.0000000 0.0000000 0.0000000 0.0000000 0.0000000 0.0000000 0.0105308 0.0000000 0.0000000 0.0000000 0.0000000 0.0304195
 96 E  96 0.0535058 0.0794537 0.0169891 0.0646118 0.0045383 0.0463923 0.2358098 0.0041410 0.0381471 0.0547736 0.0607226 0.1113101 0.0361043 0.0132174 0.0000000 0.0409177 0.0387023 0.0000000 0.0135529 0.0566907 0.0304195
 97 V  97 0.0079453 0.0000000 0.0000000 0.0000000 0.0256612 0.0000000 0.0000000 0.0000000 0.0000000 0.0450176 0.0101630 0.0000000 0.0075636 0.0042755 0.0000000 0.0000000 0.0000000 0.0000000 0.0000000 0.8647038 0.0346700
 98 N  98 0.0000000 0.0256612 0.8991531 0.0000000 0.0000000 0.0083046 0.0000000 0.0000000 0.0000000 0.0034638 0.0000000 0.0000000 0.0000000 0.0000000 0.0000000 0.0100190 0.0000000 0.0000000 0.0000000 0.0000000 0.0533984
 99 R  99 0.1026639 0.1487198 0.0351201 0.0295157 0.0000000 0.0454642 0.1637502 0.0173115 0.0101164 0.0288640 0.0288835 0.1959896 0.0032805 0.0029491 0.0000000 0.0373138 0.0224835 0.0000000 0.0142487 0.0563633 0.0569622
100 K 100 0.0068146 0.4289035 0.0085417 0.0178970 0.0000000 0.0103778 0.0347804 0.0138161 0.0049054 0.0047899 0.0052764 0.2703346 0.0300816 0.0121944 0.0000000 0.0500216 0.0042310 0.0061625 0.0208851 0.0130244 0.0569622
101 L 101 0.0000000 0.0000000 0.0052927 0.0000000 0.0019391 0.0051138 0.0000000 0.0000000 0.0000000 0.0609827 0.7914447 0.0077299 0.0059606 0.0000000 0.0000000 0.0000000 0.0401715 0.0000000 0.0000000 0.0188796 0.0624852
102 G 102 0.0514833 0.0140375 0.0494280 0.0226937 0.0000000 0.0092284 0.0145470 0.4753502 0.0463212 0.0022677 0.0073794 0.0877958 0.0178568 0.0000000 0.0056604 0.0259881 0.0000000 0.0000000 0.0020397 0.0000000 0.1679226
103 K 103 0.0034464 0.0119116 0.0096592 0.0689564 0.0000000 0.0095923 0.0000000 0.0000000 0.0084974 0.0023890 0.0052927 0.6527933 0.0047032 0.0000000 0.0083046 0.0034638 0.0000000 0.0000000 0.0072096 0.0185156 0.1852649
104 P 104 0.0159820 0.0055650 0.0019299 0.0570272 0.0000000 0.0327327 0.0990211 0.0000000 0.0000000 0.0051351 0.0083485 0.0616617 0.0000000 0.0000000 0.4829992 0.0244256 0.0121429 0.0000000 0.0000000 0.0000000 0.1930293
105 D 105 0.0379255 0.0288610 0.0054317 0.0174070 0.0046217 0.0811652 0.1816326 0.0081737 0.0092667 0.0840248 0.0914226 0.0683983 0.0138429 0.0026032 0.0164519 0.0422590 0.0318472 0.0017242 0.0048407 0.0614467 0.2066535
106 F 106 0.0000000 0.0113177 0.0000000 0.0000000 0.0000000 0.0000000 0.0105653 0.0000000 0.0080319 0.0024175 0.0322176 0.0073772 0.0235641 0.5108539 0.0142372 0.0000000 0.0131649 0.0250625 0.0799465 0.0278121 0.2334318
107 D 107 0.0153413 0.0031385 0.0595424 0.3706668 0.0000000 0.0043040 0.0088845 0.0051654 0.0000000 0.0047505 0.0029915 0.0068772 0.0000000 0.0000000 0.2039534 0.0544426 0.0072251 0.0000000 0.0000000 0.0045669 0.2481499
108 C 108 0.0025917 0.0042895 0.0000000 0.0000000 0.4865664 0.0000000 0.0085559 0.0000000 0.0000000 0.0192816 0.0189807 0.0607500 0.0000000 0.0202124 0.0026032 0.0000000 0.0038827 0.0000000 0.0593251 0.0000000 0.3129606
109 S 109 0.0563621 0.0311894 0.0699561 0.0643221 0.0033402 0.0377287 0.0776500 0.0124653 0.0046756 0.0082908 0.0032201 0.0325385 0.0013242 0.0000000 0.0051300 0.1831304 0.0537239 0.0000000 0.0022773 0.0340393 0.3186359
110 K 110 0.0113078 0.0685319 0.0477691 0.0383197 0.0000000 0.0935030 0.0508182 0.0054031 0.0059710 0.0060227 0.0599055 0.1618675 0.0000000 0.0262207 0.0255524 0.0186258 0.0494466 0.0000000 0.0000000 0.0065169 0.3242182
111 V 111 0.0342721 0.0000000 0.0067518 0.0000000 0.0000000 0.0000000 0.0048891 0.0000000 0.0000000 0.0992335 0.1165663 0.0051822 0.0000000 0.0304125 0.0000000 0.0000000 0.0121109 0.1277460 0.0049853 0.2325801 0.3252700
112 D 112 0.0092356 0.0433531 0.0444258 0.1427753 0.0000000 0.0197651 0.0661709 0.0493056 0.0075051 0.0110421 0.0810304 0.0471603 0.0270858 0.0058000 0.0423137 0.0125079 0.0022340 0.0000000 0.0150136 0.0181809 0.3550947
113 E 113 0.0412176 0.0604737 0.0038849 0.0704296 0.0000000 0.0531513 0.2888602 0.0070960 0.0000000 0.0017674 0.0045154 0.0610301 0.0000000 0.0000000 0.0161841 0.0171376 0.0068321 0.0000000 0.0024344 0.0022344 0.3627509
114 R 114 0.0025418 0.4111117 0.0050356 0.0479614 0.0000000 0.0028362 0.0090455 0.0000000 0.0025666 0.0028824 0.0165343 0.0536822 0.0076456 0.0395500 0.0017710 0.0079654 0.0068681 0.0000000 0.0000000 0.0139722 0.3680301
115 W 115 0.0000000 0.0000000 0.0000000 0.0000000 0.0000000 0.0000000 0.0033898 0.0000000 0.0000000 0.0000000 0.0043192 0.0098723 0.0000000 0.0000000 0.0000000 0.0000000 0.0000000 0.3862607 0.2023545 0.0000000 0.3938034
116 R 116 0.0038827 0.2047653 0.0052831 0.0974173 0.0000000 0.0069040 0.0000000 0.0115569 0.0334413 0.0000000 0.0234569 0.1172325 0.0000000 0.0140188 0.0000000 0.0056135 0.0000000 0.0000000 0.0000000 0.0070071 0.4694204
117 D 117 0.0113207 0.0056754 0.0122004 0.1395192 0.1339216 0.0019315 0.0105929 0.0000000 0.0046778 0.0072162 0.0203048 0.0157003 0.0000000 0.0000000 0.0192984 0.0052904 0.0793415 0.0023250 0.0042814 0.0000000 0.5264025
118 G 118 0.0000000 0.0150684 0.0000000 0.0128612 0.0000000 0.0032084 0.0101009 0.3670425 0.0000000 0.0000000 0.0074974 0.0000000 0.0000000 0.0031385 0.0028353 0.0070553 0.0094564 0.0000000 0.0000000 0.0000000 0.5617357
119 W 119 0.0000000 0.0000000 0.0031385 0.0040161 0.1404485 0.0000000 0.0038403 0.0000000 0.0034812 0.0000000 0.0111835 0.0026487 0.0000000 0.0117867 0.0312482 0.0080858 0.0000000 0.1783627 0.0362756 0.0000000 0.5654840
120 K 120 0.0375436 0.0027291 0.0057773 0.0324087 0.0106359 0.0036435 0.0544253 0.0706140 0.0000000 0.0057944 0.0219884 0.1149077 0.0000000 0.0000000 0.0396114 0.0104852 0.0081277 0.0000000 0.0000000 0.0016990 0.5796089
121 D 121 0.0000000 0.0000000 0.0020596 0.2649821 0.0000000 0.0119154 0.0491451 0.0099711 0.0121789 0.0000000 0.0037955 0.0171468 0.0000000 0.0000000 0.0000000 0.0036435 0.0000000 0.0000000 0.0000000 0.0000000 0.6251619
122 G 122 0.0000000 0.0167769 0.0044718 0.0116522 0.0166629 0.0000000 0.0000000 0.2298397 0.0000000 0.0000000 0.0000000 0.0079223 0.0019553 0.0000000 0.0000000 0.0023054 0.0062028 0.0000000 0.0000000 0.0021388 0.7000719
123 S 123 0.0343640 0.0458732 0.0000000 0.0000000 0.0000000 0.0000000 0.0088517 0.0051822 0.0087851 0.0000000 0.0023599 0.0000000 0.0000000 0.0000000 0.0000000 0.1459144 0.0040842 0.0000000 0.0000000 0.0000000 0.7445852
124 C 124 0.0000000 0.0000000 0.0000000 0.0000000 0.2155463 0.0000000 0.0034377 0.0063254 0.0000000 0.0000000 0.0000000 0.0022841 0.0000000 0.0000000 0.0000000 0.0079245 0.0000000 0.0000000 0.0000000 0.0000000 0.7644820
125 D 125 0.0000000 0.0000000 0.0102402 0.1826248 0.0000000 0.0000000 0.0117211 0.0000000 0.0000000 0.0000000 0.0000000 0.0000000 0.0000000 0.0000000 0.0000000 0.0128427 0.0000000 0.0000000 0.0000000 0.0000000 0.7825712
