  124         A         R         N         D         C         Q         E         G         H         I         L         K         M         F         P         S         T         W         Y         V    
  1 M   1 0.0000000 0.0000000 0.0000000 0.0000000 0.0000000 0.0000000 0.0000000 0.0000000 0.0000000 0.0000000 0.0000000 0.0000000 1.0000000 0.0000000 0.0000000 0.0000000 0.0000000 0.0000000 0.0000000 0.0000000
  2 Q   2 0.0652367 0.0376439 0.1128285 0.0141792 0.0030931 0.0521694 0.0358223 0.0092450 0.0122150 0.0061560 0.0019887 0.0616071 0.0016204 0.0020248 0.0256204 0.3792837 0.1755314 0.0000000 0.0000000 0.0037345
  3 R   3 0.0183704 0.1249845 0.0676430 0.0475574 0.0000000 0.1438722 0.0787048 0.0131220 0.0252211 0.0112047 0.0158355 0.3158654 0.0049491 0.0044618 0.0114084 0.0437225 0.0641150 0.0000000 0.0000000 0.0089621
  4 G   4 0.2415411 0.0120926 0.0365924 0.0120172 0.0029840 0.0324841 0.0442035 0.1532285 0.0159640 0.0150626 0.0265395 0.0530127 0.0024554 0.0200202 0.1675934 0.0927322 0.0488865 0.0000000 0.0193535 0.0032364
  5 I   5 0.0075584 0.2331613 0.0588368 0.0400277 0.0092080 0.0320780 0.0109311 0.0026570 0.0682341 0.0138249 0.0212131 0.2098581 0.0020362 0.0015049 0.0110717 0.0933437 0.1694358 0.0000000 0.0128003 0.0022188
  6 V   6 0.0036512 0.0000000 0.0000000 0.0000000 0.0000000 0.0000000 0.0000000 0.0000000 0.0000000 0.6501414 0.0432436 0.0000000 0.0000000 0.0000000 0.0000000 0.0000000 0.0000000 0.0000000 0.0000000 0.3029638
  7 W   7 0.0181046 0.0000000 0.0000000 0.0000000 0.0034061 0.0000000 0.0000000 0.0000000 0.0040282 0.0155409 0.7778565 0.0000000 0.0197553 0.0076336 0.0000000 0.0000000 0.0013691 0.1343818 0.0088365 0.0090875
  8 V   8 0.0126677 0.0000000 0.0000000 0.0000000 0.0000000 0.0000000 0.0000000 0.0000000 0.0000000 0.4202134 0.0968099 0.0000000 0.0028994 0.0211603 0.0000000 0.0000000 0.0036264 0.0000000 0.0000000 0.4426230
  9 V   9 0.0445127 0.0000000 0.0000000 0.0000000 0.0130625 0.0000000 0.0000000 0.0000000 0.0000000 0.2048159 0.0216039 0.0000000 0.0000000 0.0000000 0.0000000 0.0000000 0.0027751 0.0000000 0.0029000 0.7103298
 10 D  10 0.0000000 0.0000000 0.0000000 0.9056907 0.0000000 0.0000000 0.0943093 0.0000000 0.0000000 0.0000000 0.0000000 0.0000000 0.0000000 0.0000000 0.0000000 0.0000000 0.0000000 0.0000000 0.0000000 0.0000000
 11 D  11 0.0000000 0.0000000 0.0109003 0.9890997 0.0000000 0.0000000 0.0000000 0.0000000 0.0000000 0.0000000 0.0000000 0.0000000 0.0000000 0.0000000 0.0000000 0.0000000 0.0000000 0.0000000 0.0000000 0.0000000
 12 D  12 0.0000000 0.0000000 0.0030756 0.3342552 0.0000000 0.0096734 0.6401970 0.0021988 0.0036259 0.0000000 0.0000000 0.0035353 0.0000000 0.0000000 0.0000000 0.0034387 0.0000000 0.0000000 0.0000000 0.0000000
 13 S  13 0.1372301 0.1288290 0.0091412 0.0266127 0.0000000 0.0477182 0.1724331 0.0031854 0.0134049 0.0144385 0.0376129 0.1237047 0.0018679 0.0014622 0.1607634 0.0746102 0.0236933 0.0000000 0.0000000 0.0232923
 14 S  14 0.1074637 0.0106497 0.1085143 0.1716899 0.0000000 0.0106471 0.0260357 0.1188692 0.0439672 0.0376962 0.0243027 0.0086348 0.0079525 0.0000000 0.0199250 0.2745416 0.0079089 0.0000000 0.0052269 0.0159746
 15 I  15 0.0183220 0.0000000 0.0033043 0.0000000 0.0000000 0.0124921 0.0000000 0.0028743 0.0301164 0.5151832 0.1383516 0.0000000 0.1304661 0.0193504 0.0000000 0.0067966 0.0031240 0.0000000 0.0286401 0.0909787
 16 R  16 0.0103849 0.7981452 0.0033636 0.0000000 0.0534388 0.0058888 0.0000000 0.0025516 0.0000000 0.0094194 0.0990921 0.0000000 0.0000000 0.0000000 0.0090475 0.0053136 0.0018493 0.0000000 0.0000000 0.0015052
 17 W  17 0.0342394 0.1156075 0.0218160 0.0836708 0.0000000 0.0667205 0.2077534 0.0116544 0.0245355 0.0191048 0.0718966 0.0431112 0.0161845 0.0194386 0.0043432 0.0282646 0.0489558 0.1664807 0.0046881 0.0115345
 18 V  18 0.1112783 0.0000000 0.0199142 0.0000000 0.0000000 0.0035701 0.0000000 0.0579873 0.0000000 0.0469027 0.1865414 0.0000000 0.0759360 0.0392599 0.0000000 0.1241601 0.0575136 0.0000000 0.0108367 0.2660997
 19 L  19 0.0076188 0.0000000 0.0062082 0.0000000 0.0301649 0.0011808 0.0000000 0.0029394 0.0000000 0.0967018 0.6743325 0.0000000 0.0456610 0.0202089 0.0000000 0.0039924 0.0150497 0.0000000 0.0026488 0.0932927
 20 E  20 0.1443192 0.1032724 0.0180128 0.0239433 0.0096401 0.0698749 0.2381775 0.0627215 0.0092146 0.0063110 0.0061203 0.0819627 0.0016306 0.0057490 0.0000000 0.1429932 0.0257708 0.0000000 0.0087760 0.0415101
 21 R  21 0.0665402 0.1093717 0.0076706 0.0831369 0.0000000 0.1355728 0.1135646 0.0796803 0.0150224 0.0470349 0.0373487 0.1692187 0.0353484 0.0081819 0.0000000 0.0163103 0.0444635 0.0000000 0.0133427 0.0181917
 22 A  22 0.2312257 0.0487707 0.0124002 0.0040126 0.0025739 0.0116938 0.0138003 0.0167776 0.0027948 0.2336042 0.0988905 0.0000000 0.0322243 0.0198812 0.0025516 0.0349619 0.0864151 0.0533160 0.0087437 0.0853618
 23 L  23 0.0028883 0.0000000 0.0000000 0.0000000 0.0000000 0.0000000 0.0000000 0.0000000 0.0000000 0.0101863 0.9259781 0.0000000 0.0132222 0.0401147 0.0000000 0.0000000 0.0027829 0.0000000 0.0000000 0.0048274
 24 A  24 0.1091858 0.0807498 0.0209024 0.0225470 0.0000000 0.0801834 0.2680855 0.0419038 0.0099246 0.0080483 0.0131633 0.0768875 0.0072983 0.0022782 0.0019923 0.1497273 0.0870315 0.0000000 0.0000000 0.0200909
 25 G  25 0.0423543 0.1524684 0.0179656 0.2533963 0.0000000 0.0605475 0.0765698 0.0529092 0.0096796 0.0059078 0.1271605 0.0868328 0.0157524 0.0075792 0.0056309 0.0478348 0.0127186 0.0000000 0.0206377 0.0040544
 26 A  26 0.2316348 0.0277666 0.0181759 0.0478580 0.0024535 0.0393008 0.4446146 0.0088805 0.0047926 0.0014803 0.0152723 0.0348237 0.0093048 0.0013425 0.0021239 0.0705285 0.0040887 0.0257310 0.0012349 0.0085922
 27 G  27 0.0034600 0.0083168 0.0638920 0.0629254 0.0000000 0.0054898 0.0211588 0.7807337 0.0062093 0.0000000 0.0018347 0.0162864 0.0000000 0.0000000 0.0040981 0.0224043 0.0031907 0.0000000 0.0000000 0.0000000
 28 L  28 0.0000000 0.0083582 0.0015021 0.0000000 0.0112155 0.0017314 0.0000000 0.0000000 0.0625006 0.0815991 0.0694608 0.0000000 0.0213222 0.1529452 0.0000000 0.0000000 0.0000000 0.0122006 0.5727895 0.0043748
 29 T  29 0.0920203 0.0688663 0.0327510 0.0903293 0.0024048 0.1211781 0.2693563 0.0217780 0.0213167 0.0068484 0.0199574 0.0484613 0.0032871 0.0026162 0.0266903 0.0581942 0.0904385 0.0000000 0.0032646 0.0202414
 30 C  30 0.0351727 0.0013898 0.0012928 0.0000000 0.0508031 0.0000000 0.0000000 0.0000000 0.0040163 0.0347701 0.0043937 0.0000000 0.0000000 0.0065426 0.0364556 0.0116267 0.1522862 0.0066088 0.0054963 0.6491456
 31 T  31 0.0668465 0.1579150 0.0027392 0.0794789 0.0050649 0.0471462 0.1517949 0.0027379 0.0219627 0.0492298 0.0704186 0.0416712 0.0123247 0.0408250 0.0000000 0.0497341 0.1132050 0.0000000 0.0076470 0.0792585
 32 T  32 0.0943153 0.0057928 0.0020479 0.0140342 0.0512272 0.0148787 0.1107443 0.0284102 0.0030103 0.0193982 0.0938806 0.0059652 0.0119638 0.0031035 0.0178130 0.1268149 0.3288996 0.0036552 0.0008753 0.0631700
 33 F  33 0.6068580 0.0034898 0.0000000 0.0000000 0.0269777 0.0000000 0.0012455 0.0016827 0.0045890 0.0061693 0.0200450 0.0000000 0.0030733 0.2010233 0.0000000 0.0121408 0.0246558 0.0000000 0.0234830 0.0645669
 34 E  34 0.2465742 0.0240832 0.0200317 0.0866929 0.0058475 0.0095773 0.2073406 0.1136854 0.0081598 0.0024417 0.0142972 0.0286930 0.0000000 0.0109469 0.0347888 0.1219352 0.0443040 0.0014602 0.0040729 0.0150675
 35 N  35 0.0090407 0.0465397 0.2669698 0.2864391 0.0089412 0.0084910 0.0123942 0.0376607 0.0087586 0.0000000 0.0000000 0.0013197 0.0000000 0.0000000 0.0000000 0.2587610 0.0535385 0.0011458 0.0000000 0.0000000
 36 G  36 0.3169652 0.0000000 0.0000000 0.0000000 0.0019059 0.0000000 0.0000000 0.5673748 0.0000000 0.0038154 0.0027327 0.0000000 0.0000000 0.0000000 0.0300693 0.0587194 0.0033382 0.0000000 0.0000000 0.0150791
 37 N  37 0.0954068 0.0602059 0.0286991 0.1131565 0.0000000 0.0807845 0.3340028 0.0182472 0.0116325 0.0147762 0.0548705 0.0509846 0.0096727 0.0177442 0.0018400 0.0242686 0.0398601 0.0000000 0.0108738 0.0329741
 38 E  38 0.1085925 0.0200591 0.0066592 0.0916155 0.0022234 0.1019679 0.4033029 0.0175893 0.0067324 0.0124036 0.0186162 0.0321063 0.0126151 0.0000000 0.0024551 0.0937656 0.0488394 0.0010754 0.0019275 0.0174536
 39 V  39 0.6533649 0.0000000 0.0000000 0.0000000 0.0255638 0.0000000 0.0000000 0.1749052 0.0000000 0.0052928 0.0637288 0.0000000 0.0057451 0.0050425 0.0000000 0.0029528 0.0025801 0.0000000 0.0000000 0.0608240
 40 L  40 0.0125878 0.0516277 0.0008602 0.0012718 0.0040119 0.0062059 0.0024936 0.0000000 0.0000000 0.0880518 0.6863626 0.0080835 0.0391171 0.0087402 0.0023734 0.0017783 0.0059791 0.0296975 0.0029773 0.0477802
 41 A  41 0.1772157 0.0821617 0.0504426 0.0828507 0.0017558 0.0732692 0.2425949 0.0285188 0.0091892 0.0089932 0.0150523 0.0937823 0.0075937 0.0011849 0.0141956 0.0499713 0.0409754 0.0000000 0.0018278 0.0184250
 42 A  42 0.1911370 0.0968555 0.0069363 0.0038483 0.0182656 0.0557476 0.0527039 0.0085874 0.0355038 0.0608493 0.1940748 0.0895908 0.0542252 0.0170507 0.0000000 0.0220034 0.0108686 0.0171784 0.0158490 0.0487246
 43 L  43 0.0434962 0.0232809 0.0035125 0.0000000 0.0130488 0.0037219 0.0000000 0.0013371 0.0000000 0.1975509 0.4671065 0.0033676 0.0219090 0.0789252 0.0000000 0.0026676 0.0051085 0.0074711 0.0060267 0.1214696
 44 A  44 0.1131511 0.1375424 0.0516947 0.0887338 0.0059127 0.1069374 0.1594364 0.0577009 0.0157099 0.0057635 0.0164462 0.1163156 0.0034093 0.0020932 0.0200600 0.0537198 0.0310739 0.0000000 0.0077150 0.0065842
 45 S  45 0.1117563 0.1076398 0.0529422 0.0568704 0.0037275 0.1074733 0.1812286 0.0279904 0.0327072 0.0058164 0.0139995 0.1132828 0.0045008 0.0074053 0.0148330 0.0661383 0.0732867 0.0000000 0.0081794 0.0102220
 46 K  46 0.0264986 0.0957741 0.0731592 0.1157172 0.0038845 0.0845243 0.2222011 0.0929241 0.0527313 0.0156218 0.0074503 0.0469745 0.0047198 0.0231575 0.0071156 0.0615983 0.0503752 0.0011856 0.0052248 0.0091621
 47 T  47 0.0541626 0.1243959 0.0218930 0.0897738 0.0102405 0.0834710 0.0846106 0.0221868 0.0272372 0.0086591 0.0326421 0.0492187 0.0109140 0.0539739 0.1179819 0.0629434 0.0661723 0.0207027 0.0221123 0.0367083
 48 P  48 0.0267573 0.0022546 0.0035330 0.0054301 0.0018946 0.0027773 0.0047153 0.0150891 0.0019294 0.0679460 0.0091571 0.0000000 0.0000000 0.1730139 0.4683460 0.0021728 0.0035735 0.0113568 0.1198887 0.0801642
 49 D  49 0.0472666 0.0109510 0.0270679 0.6187580 0.0000000 0.0362675 0.0294141 0.1069522 0.0167506 0.0000000 0.0026220 0.0107343 0.0029573 0.0000000 0.0084516 0.0662652 0.0119482 0.0000000 0.0014343 0.0021594
 50 V  50 0.0578490 0.0000000 0.0000000 0.0000000 0.0147221 0.0000000 0.0000000 0.0020268 0.0000000 0.1041259 0.4643899 0.0000000 0.0298163 0.0075468 0.0000000 0.0000000 0.0074593 0.0000000 0.0017872 0.3102768
 51 L  51 0.0284907 0.0000000 0.0000000 0.0000000 0.0000000 0.0000000 0.0000000 0.0045255 0.0000000 0.2083825 0.1455900 0.0000000 0.0262782 0.0000000 0.0000000 0.0000000 0.0020282 0.0000000 0.0000000 0.5847049
 52 L  52 0.0000000 0.0000000 0.0000000 0.0000000 0.0000000 0.0000000 0.0000000 0.0000000 0.0000000 0.3277052 0.4193856 0.0000000 0.0092459 0.0538890 0.0000000 0.0000000 0.0022803 0.0000000 0.0000000 0.1874941
 53 S  53 0.0086435 0.0000000 0.0000000 0.0000000 0.0627219 0.0103712 0.0000000 0.0000000 0.0029992 0.0058018 0.2767674 0.0000000 0.0457685 0.0077723 0.0000000 0.2706679 0.2931648 0.0000000 0.0000000 0.0153215
 54 D  54 0.0000000 0.0000000 0.0000000 1.0000000 0.0000000 0.0000000 0.0000000 0.0000000 0.0000000 0.0000000 0.0000000 0.0000000 0.0000000 0.0000000 0.0000000 0.0000000 0.0000000 0.0000000 0.0000000 0.0000000
 55 I  55 0.0026220 0.0000000 0.0000000 0.0000000 0.0000000 0.0027948 0.0000000 0.0000000 0.0000000 0.5227839 0.2308822 0.0000000 0.0600122 0.0027621 0.0000000 0.0000000 0.0000000 0.0038893 0.0073772 0.1668763
 56 R  56 0.0015124 0.4410441 0.0123115 0.0000000 0.0034752 0.0369943 0.0012546 0.0000000 0.0186163 0.0042767 0.0032518 0.2671951 0.0199991 0.0015534 0.0000000 0.0064554 0.0024295 0.1552096 0.0012523 0.0231685
 57 M  57 0.0000000 0.0000000 0.0000000 0.0000000 0.0000000 0.0000000 0.0000000 0.0000000 0.0000000 0.0059780 0.1792205 0.0000000 0.8148015 0.0000000 0.0000000 0.0000000 0.0000000 0.0000000 0.0000000 0.0000000
 58 P  58 0.0225198 0.0041122 0.0084194 0.0108677 0.0000000 0.0445981 0.0147501 0.0210818 0.0062669 0.0025190 0.0000000 0.0214775 0.0014845 0.0000000 0.8253871 0.0127808 0.0012529 0.0000000 0.0000000 0.0024823
 59 G  59 0.0029297 0.0476185 0.0198209 0.1526348 0.0000000 0.0128800 0.0665500 0.5625415 0.0064897 0.0036383 0.0018975 0.0793185 0.0018543 0.0000000 0.0103953 0.0074249 0.0033153 0.0000000 0.0000000 0.0206908
 60 M  60 0.0162951 0.0027144 0.0017886 0.0012496 0.0163441 0.0066879 0.0267984 0.0329531 0.0020563 0.1490105 0.1206127 0.0159746 0.4994199 0.0044438 0.0029868 0.0097169 0.0487563 0.0000000 0.0000000 0.0421909
 61 D  61 0.0000000 0.0000000 0.0722029 0.7020810 0.0000000 0.0018695 0.0058060 0.0410275 0.0000000 0.0000000 0.0000000 0.0000000 0.0000000 0.0000000 0.0020782 0.1494658 0.0254691 0.0000000 0.0000000 0.0000000
 62 G  62 0.0093090 0.0000000 0.0000000 0.0046906 0.0000000 0.0000000 0.0000000 0.9860004 0.0000000 0.0000000 0.0000000 0.0000000 0.0000000 0.0000000 0.0000000 0.0000000 0.0000000 0.0000000 0.0000000 0.0000000
 63 L  63 0.0027621 0.0074008 0.0000000 0.0036620 0.0000000 0.0135102 0.0165345 0.0000000 0.0049877 0.2099918 0.4736074 0.0015359 0.1645761 0.0432693 0.0038893 0.0011867 0.0059341 0.0000000 0.0054569 0.0416951
 64 A  64 0.1261782 0.0082661 0.0022506 0.1272599 0.0000000 0.0792771 0.4454453 0.0250861 0.0034918 0.0027764 0.0011706 0.0154661 0.0049458 0.0000000 0.0000000 0.0591068 0.0937744 0.0027829 0.0000000 0.0027218
 65 L  65 0.0582341 0.0000000 0.0000000 0.0000000 0.0000000 0.0000000 0.0000000 0.0000000 0.0000000 0.0486412 0.5334865 0.0000000 0.0123411 0.0705847 0.0000000 0.0000000 0.0461726 0.0000000 0.0023734 0.2281664
 66 L  66 0.0018163 0.0000000 0.0000000 0.0000000 0.0087741 0.0069389 0.0000000 0.0000000 0.0000000 0.0131668 0.8809424 0.0000000 0.0369188 0.0352564 0.0000000 0.0000000 0.0025905 0.0000000 0.0029234 0.0106725
 67 K  67 0.0609694 0.1511571 0.0214026 0.0641380 0.0011883 0.1069925 0.2018924 0.0171065 0.0079488 0.0046906 0.0052410 0.2396408 0.0012541 0.0000000 0.0210050 0.0584815 0.0253083 0.0000000 0.0031697 0.0084134
 68 Q  68 0.1234040 0.2308672 0.0178604 0.0060599 0.0024306 0.1127259 0.1861514 0.0050859 0.0414934 0.0172084 0.0152622 0.1524986 0.0051605 0.0009909 0.0000000 0.0212663 0.0342837 0.0037036 0.0072525 0.0162947
 69 I  69 0.0973262 0.0014404 0.0000000 0.0000000 0.0147001 0.0022444 0.0000000 0.0052881 0.0000000 0.3635850 0.1932170 0.0000000 0.0355421 0.0140688 0.0000000 0.0049520 0.0122886 0.0416291 0.0000000 0.2137183
 70 K  70 0.0252776 0.2262493 0.0152359 0.0019437 0.0011975 0.0952519 0.0038381 0.0155824 0.0637774 0.0160437 0.0449828 0.4110574 0.0199855 0.0041526 0.0000000 0.0123474 0.0170500 0.0000000 0.0015546 0.0244724
 71 Q  71 0.1677514 0.0792264 0.0286108 0.0366328 0.0000000 0.1140413 0.2612373 0.0420231 0.0022841 0.0123678 0.0176562 0.1239466 0.0021287 0.0000000 0.0014999 0.0605352 0.0334138 0.0000000 0.0009710 0.0156735
 72 R  72 0.0430750 0.1514027 0.0414789 0.0648538 0.0000000 0.0590629 0.0773769 0.0276937 0.0433606 0.1132497 0.1383931 0.0526553 0.0141146 0.0182892 0.0000000 0.0633296 0.0372372 0.0050234 0.0162452 0.0331583
 73 H  73 0.0311476 0.0551574 0.0948599 0.2029109 0.0042055 0.0690129 0.0240990 0.0592147 0.1250661 0.0084049 0.0151785 0.0386111 0.0049287 0.0393197 0.0011549 0.0579192 0.0172334 0.0385172 0.1052020 0.0078565
 74 P  74 0.0490398 0.0219336 0.0105305 0.0117971 0.0000000 0.0081920 0.0131844 0.0043786 0.0035718 0.0153067 0.0443012 0.0146299 0.0000000 0.0027587 0.7193765 0.0532056 0.0142253 0.0000000 0.0018398 0.0117284
 75 M  75 0.0644642 0.0325785 0.0609005 0.3035295 0.0013749 0.0283590 0.1869375 0.0855116 0.0497523 0.0021851 0.0245184 0.0309133 0.0047215 0.0011760 0.0086506 0.0537589 0.0434095 0.0041775 0.0101745 0.0029065
 76 L  76 0.0258291 0.0012414 0.0000000 0.0000000 0.0142743 0.0111381 0.0017769 0.0000000 0.0000000 0.1740867 0.4394132 0.0000000 0.0426030 0.0051295 0.0124620 0.0163084 0.1289251 0.0000000 0.0000000 0.1268123
 77 P  77 0.0237872 0.0097184 0.0026595 0.0143411 0.0061512 0.0323032 0.0780551 0.0059384 0.0015548 0.0114170 0.0364418 0.0057408 0.0039555 0.0038597 0.6904525 0.0173491 0.0339814 0.0000000 0.0020475 0.0202459
 78 V  78 0.0054793 0.0000000 0.0000000 0.0000000 0.0034407 0.0000000 0.0000000 0.0000000 0.0000000 0.1023569 0.0066768 0.0000000 0.0187548 0.0395151 0.0000000 0.0000000 0.0125553 0.0000000 0.0000000 0.8112211
 79 I  79 0.0000000 0.0000000 0.0000000 0.0000000 0.0026141 0.0000000 0.0000000 0.0000000 0.0000000 0.6310864 0.0781147 0.0000000 0.0060306 0.0000000 0.0000000 0.0000000 0.0000000 0.0000000 0.0000000 0.2821542
 80 I  80 0.0000000 0.0000000 0.0000000 0.0000000 0.0000000 0.0000000 0.0000000 0.0000000 0.0000000 0.2951802 0.1750666 0.0000000 0.3709753 0.0104370 0.0000000 0.0000000 0.0000000 0.0000000 0.0000000 0.1483409
 81 M  81 0.0022414 0.0000000 0.0000000 0.0000000 0.0000000 0.0000000 0.0000000 0.0000000 0.0000000 0.3706638 0.1106724 0.0000000 0.4319793 0.0105236 0.0000000 0.0000000 0.0121302 0.0000000 0.0000000 0.0617892
 82 T  82 0.0000000 0.0000000 0.0000000 0.0000000 0.0000000 0.0000000 0.0000000 0.0000000 0.0000000 0.0000000 0.0000000 0.0000000 0.0000000 0.0000000 0.0000000 0.2394356 0.7605644 0.0000000 0.0000000 0.0000000
 83 A  83 0.5490813 0.0000000 0.0000000 0.0000000 0.0000000 0.0000000 0.0000000 0.4509187 0.0000000 0.0000000 0.0000000 0.0000000 0.0000000 0.0000000 0.0000000 0.0000000 0.0000000 0.0000000 0.0000000 0.0000000
 84 H  84 0.0000000 0.0069358 0.0060271 0.0000000 0.0000000 0.0262524 0.0062543 0.0000000 0.5677270 0.0000000 0.0034851 0.0000000 0.0027332 0.1335315 0.0000000 0.0000000 0.0000000 0.0000000 0.2442336 0.0028200
 85 S  85 0.1464483 0.0000000 0.0105477 0.0000000 0.0016594 0.0000000 0.0000000 0.6448661 0.0027332 0.0000000 0.0000000 0.0000000 0.0000000 0.0000000 0.0082304 0.1810165 0.0044984 0.0000000 0.0000000 0.0000000
 86 N  86 0.0176580 0.0011109 0.0942621 0.3133951 0.0014437 0.0019205 0.0189362 0.0065326 0.0025835 0.0011370 0.0000000 0.0020326 0.0016666 0.0000000 0.0000000 0.1939571 0.3417101 0.0000000 0.0000000 0.0016539
 87 L  87 0.0161792 0.0000000 0.0000000 0.0000000 0.0000000 0.0000000 0.0073989 0.0034980 0.0030172 0.3525172 0.1933571 0.0029992 0.0210939 0.0077014 0.0073277 0.0031641 0.0393997 0.0000000 0.0000000 0.3423462
 88 D  88 0.0175088 0.0050165 0.0131991 0.3297503 0.0000000 0.0377367 0.4143304 0.0139209 0.0033769 0.0000000 0.0028462 0.0255303 0.0077014 0.0000000 0.0743356 0.0422927 0.0106655 0.0000000 0.0000000 0.0017885
 89 T  89 0.0355197 0.0029968 0.0518059 0.0359681 0.0000000 0.0144779 0.0042212 0.0112139 0.0000000 0.0420087 0.0581106 0.0151782 0.0763084 0.0000000 0.0000000 0.2232585 0.4162826 0.0000000 0.0017345 0.0109150
 90 A  90 0.9640518 0.0000000 0.0000000 0.0000000 0.0000000 0.0000000 0.0000000 0.0113507 0.0000000 0.0000000 0.0000000 0.0000000 0.0000000 0.0000000 0.0000000 0.0108951 0.0105657 0.0000000 0.0000000 0.0031367
 91 V  91 0.0000000 0.0034262 0.0000000 0.0000000 0.0000000 0.0000000 0.0022356 0.0000000 0.0000000 0.1344477 0.0126907 0.0000000 0.0044062 0.0000000 0.0000000 0.0036852 0.0039292 0.0000000 0.0000000 0.8351792
 92 S  92 0.1095330 0.0338709 0.0753332 0.0580904 0.0013271 0.1215109 0.3924902 0.0111895 0.0033031 0.0000000 0.0026559 0.0444701 0.0000000 0.0000000 0.0000000 0.1125108 0.0312215 0.0000000 0.0000000 0.0024932
 93 A  93 0.8479126 0.0000000 0.0000000 0.0000000 0.0162668 0.0000000 0.0000000 0.0059945 0.0000000 0.0018655 0.0000000 0.0000000 0.0018614 0.0000000 0.0000000 0.0729397 0.0380014 0.0000000 0.0000000 0.0151582
 94 Y  94 0.0000000 0.0000000 0.0000000 0.0000000 0.0000000 0.0000000 0.0000000 0.0000000 0.0036852 0.1501041 0.0913704 0.0017400 0.4767506 0.0565435 0.0000000 0.0118222 0.1084190 0.0000000 0.0799142 0.0196507
 95 Q  95 0.0000000 0.2858095 0.0026817 0.0048459 0.0000000 0.1666686 0.0221623 0.0032796 0.0190974 0.0000000 0.0000000 0.4867924 0.0000000 0.0000000 0.0000000 0.0086625 0.0000000 0.0000000 0.0000000 0.0000000
 96 Q  96 0.0884019 0.0925826 0.0457070 0.0410404 0.0058778 0.0803643 0.0537288 0.0770093 0.0198304 0.0422235 0.2346017 0.1034097 0.0278955 0.0048225 0.0000000 0.0387864 0.0180853 0.0015124 0.0127190 0.0114016
 97 G  97 0.0000000 0.0022150 0.0029493 0.0078091 0.0000000 0.0050116 0.0025174 0.9776609 0.0018366 0.0000000 0.0000000 0.0000000 0.0000000 0.0000000 0.0000000 0.0000000 0.0000000 0.0000000 0.0000000 0.0000000
 98 A  98 0.9758751 0.0000000 0.0000000 0.0000000 0.0000000 0.0000000 0.0000000 0.0000000 0.0000000 0.0000000 0.0000000 0.0000000 0.0000000 0.0000000 0.0000000 0.0029010 0.0039522 0.0000000 0.0000000 0.0172717
 99 F  99 0.0207458 0.0012213 0.0015008 0.0074869 0.0076399 0.0019056 0.0057730 0.0013310 0.0150534 0.0146644 0.0180495 0.0018513 0.0114231 0.3770010 0.0000000 0.0259836 0.0218142 0.0078846 0.4228426 0.0358280
100 D 100 0.0014661 0.0000000 0.0104909 0.7959399 0.0000000 0.0000000 0.1345803 0.0191245 0.0174768 0.0000000 0.0000000 0.0000000 0.0000000 0.0022862 0.0000000 0.0102983 0.0059139 0.0000000 0.0024232 0.0000000
101 Y 101 0.0000000 0.0000000 0.0000000 0.0000000 0.0000000 0.0000000 0.0000000 0.0000000 0.0000000 0.0021090 0.0030741 0.0000000 0.0108951 0.3809093 0.0000000 0.0000000 0.0000000 0.0000000 0.6009306 0.0020819
102 L 102 0.0000000 0.0000000 0.0000000 0.0000000 0.0000000 0.0000000 0.0000000 0.0000000 0.0000000 0.4233976 0.4673135 0.0024190 0.0183912 0.0145659 0.0000000 0.0000000 0.0000000 0.0000000 0.0000000 0.0739127
103 P 103 0.0773491 0.0076864 0.0072335 0.0000000 0.0034371 0.0267208 0.2728398 0.0110099 0.0000000 0.0209497 0.0543674 0.0017298 0.0145779 0.0000000 0.1478830 0.0791607 0.2513465 0.0030385 0.0000000 0.0206698
104 K 104 0.0000000 0.0061496 0.0000000 0.0000000 0.0000000 0.0000000 0.0000000 0.0000000 0.0000000 0.0000000 0.0000000 0.9938504 0.0000000 0.0000000 0.0000000 0.0000000 0.0000000 0.0000000 0.0000000 0.0000000
105 P 105 0.0000000 0.0000000 0.0041529 0.0034980 0.0000000 0.0000000 0.0000000 0.0035701 0.0000000 0.0000000 0.0000000 0.0000000 0.0000000 0.0000000 0.9887790 0.0000000 0.0000000 0.0000000 0.0000000 0.0000000
106 F 106 0.0089203 0.0000000 0.0000000 0.0000000 0.0102335 0.0000000 0.0000000 0.0000000 0.0000000 0.0603935 0.1314290 0.0000000 0.0000000 0.6765427 0.0408335 0.0028883 0.0015427 0.0000000 0.0226407 0.0445758
107 D 107 0.0488004 0.0172354 0.1165598 0.4016587 0.0000000 0.0113075 0.0774903 0.0026281 0.0125170 0.0000000 0.0018947 0.0973465 0.0000000 0.0027621 0.0328673 0.1436861 0.0281197 0.0000000 0.0015098 0.0036165
108 I 108 0.0486233 0.0413901 0.0473655 0.0195378 0.0000000 0.0101396 0.0144623 0.0075017 0.0086566 0.1461546 0.2700485 0.0168447 0.0279620 0.0277216 0.1550288 0.0445627 0.0171034 0.0000000 0.0027301 0.0941669
109 D 109 0.0403419 0.0047571 0.0853719 0.4696576 0.0000000 0.0456919 0.2413371 0.0105787 0.0071590 0.0022130 0.0025835 0.0211573 0.0014139 0.0000000 0.0216906 0.0284926 0.0136901 0.0000000 0.0018715 0.0019923
110 E 110 0.0540181 0.1937971 0.0071794 0.0527474 0.0000000 0.0731111 0.4036169 0.0033273 0.0216933 0.0029493 0.0063707 0.1207947 0.0046564 0.0000000 0.0000000 0.0066755 0.0197337 0.0000000 0.0026232 0.0267059
111 A 111 0.1153789 0.0000000 0.0000000 0.0000000 0.0000000 0.0000000 0.0000000 0.0000000 0.0000000 0.0929712 0.6188197 0.0000000 0.0367047 0.0104748 0.0000000 0.0000000 0.0192601 0.0000000 0.0000000 0.1063906
112 V 112 0.0264967 0.0740962 0.0066541 0.0214932 0.0034165 0.0115086 0.0586259 0.0066887 0.0033034 0.0927640 0.3565734 0.0717258 0.0162504 0.0089567 0.0000000 0.0275388 0.0301183 0.0000000 0.0013626 0.1824269
113 A 113 0.1159806 0.0094350 0.0496316 0.0455587 0.0020004 0.0283115 0.0852152 0.0348915 0.0256720 0.0987874 0.2495719 0.0223305 0.0180048 0.0140103 0.0014832 0.0604941 0.0288103 0.0019038 0.0152242 0.0926829
114 L 114 0.0522217 0.0306086 0.0080516 0.0011715 0.0027819 0.0239101 0.0000000 0.0021806 0.0044433 0.0890071 0.2149559 0.0293895 0.0183886 0.0030434 0.0000000 0.0729216 0.2336216 0.0000000 0.0000000 0.2133031
115 V 115 0.0623710 0.0000000 0.0000000 0.0000000 0.0067897 0.0000000 0.0000000 0.0000000 0.0000000 0.2200616 0.1421193 0.0000000 0.0056428 0.0000000 0.0000000 0.0023687 0.0242597 0.0000000 0.0000000 0.5363872
116 E 116 0.0576077 0.2453600 0.0400461 0.0365191 0.0000000 0.0977708 0.2281622 0.0457974 0.0184476 0.0000000 0.0092610 0.1561689 0.0010515 0.0012815 0.0000000 0.0430305 0.0157584 0.0000000 0.0019531 0.0017840
117 R 117 0.0131326 0.5310073 0.1329009 0.0078223 0.0012978 0.0283574 0.0118549 0.0000000 0.0130519 0.0032879 0.0072155 0.2274824 0.0033580 0.0000000 0.0000000 0.0162248 0.0030063 0.0000000 0.0000000 0.0000000
118 A 118 0.8878873 0.0028863 0.0000000 0.0000000 0.0100530 0.0000000 0.0000000 0.0207661 0.0000000 0.0139167 0.0035722 0.0000000 0.0019917 0.0038810 0.0000000 0.0096167 0.0119967 0.0000000 0.0000000 0.0334325
119 I 119 0.0220399 0.0064316 0.0091414 0.0000000 0.0206423 0.0027192 0.0186647 0.0021830 0.0059529 0.0771991 0.6245102 0.0030527 0.0447320 0.0376015 0.0014054 0.0082998 0.0272739 0.0056924 0.0087258 0.0737322
120 S 120 0.0909753 0.0416392 0.0269043 0.1241985 0.0000000 0.0877863 0.4573506 0.0126644 0.0033869 0.0045532 0.0092326 0.0465655 0.0000000 0.0000000 0.0000000 0.0662663 0.0224206 0.0000000 0.0000000 0.0060563
121 H 121 0.0595555 0.1782937 0.0399122 0.0000000 0.0000000 0.0945908 0.0377289 0.0052152 0.1777108 0.0014658 0.0316463 0.1714054 0.0288082 0.0308124 0.0000000 0.0305370 0.0671042 0.0068904 0.0242310 0.0140922
122 Y 122 0.0938811 0.3334277 0.0138794 0.0055671 0.0000000 0.0443696 0.0231385 0.0349071 0.0285671 0.0056644 0.0193873 0.0816417 0.0027959 0.0000000 0.0171052 0.2154070 0.0320526 0.0000000 0.0212150 0.0269933
123 Q 123 0.0000000 0.5830293 0.0064757 0.0000000 0.0000000 0.1850134 0.0987619 0.0000000 0.0096626 0.0000000 0.0000000 0.1032003 0.0000000 0.0000000 0.0000000 0.0036359 0.0059223 0.0000000 0.0042986 0.0000000
124 E 124 0.0000000 0.0663014 0.0000000 0.0400296 0.0000000 0.1629921 0.6689062 0.0000000 0.0000000 0.0000000 0.0000000 0.0617707 0.0000000 0.0000000 0.0000000 0.0000000 0.0000000 0.0000000 0.0000000 0.0000000
