  124         A         R         N         D         C         Q         E         G         H         I         L         K         M         F         P         S         T         W         Y         V         X    
  1 M   1 0.0000000 0.0000000 0.0000000 0.0000000 0.0000000 0.0000000 0.0000000 0.0000000 0.0000000 0.0000000 0.0000000 0.0000000 0.5269889 0.0000000 0.0000000 0.0000000 0.0000000 0.0000000 0.0000000 0.0000000 0.4730111
  2 Q   2 0.0401941 0.0229633 0.0692836 0.0089013 0.0018654 0.0330870 0.0218937 0.0055891 0.0074386 0.0036965 0.0012015 0.0387430 0.0009873 0.0012070 0.0160151 0.2330321 0.1092840 0.0000000 0.0000000 0.0022847 0.3823326
  3 R   3 0.0125423 0.0837729 0.0454626 0.0321298 0.0000000 0.0984676 0.0526458 0.0083860 0.0168621 0.0076870 0.0106116 0.2114750 0.0032464 0.0029496 0.0076234 0.0291345 0.0428462 0.0000000 0.0000000 0.0058686 0.3282886
  4 G   4 0.1757431 0.0086741 0.0265681 0.0104446 0.0021612 0.0239774 0.0318198 0.1112675 0.0120405 0.0109612 0.0191192 0.0382765 0.0017575 0.0146722 0.1240765 0.0673263 0.0368795 0.0000000 0.0141590 0.0023188 0.2677569
  5 I   5 0.0063623 0.2010018 0.0494242 0.0337011 0.0078172 0.0267526 0.0092528 0.0022294 0.0583503 0.0113148 0.0182618 0.1792618 0.0016603 0.0012503 0.0093034 0.0789423 0.1433575 0.0000000 0.0105721 0.0023404 0.1488438
  6 V   6 0.0032128 0.0000000 0.0000000 0.0000000 0.0000000 0.0000000 0.0000000 0.0000000 0.0000000 0.6429019 0.0421582 0.0000000 0.0000000 0.0000000 0.0000000 0.0000000 0.0000000 0.0000000 0.0000000 0.2947343 0.0169928
  7 W   7 0.0175177 0.0000000 0.0000000 0.0000000 0.0033173 0.0000000 0.0000000 0.0000000 0.0042928 0.0151181 0.7724780 0.0000000 0.0186871 0.0078205 0.0000000 0.0000000 0.0013080 0.1318599 0.0085661 0.0088556 0.0101788
  8 V   8 0.0123694 0.0000000 0.0000000 0.0000000 0.0000000 0.0000000 0.0000000 0.0000000 0.0000000 0.4156464 0.0943282 0.0000000 0.0025928 0.0205768 0.0000000 0.0000000 0.0034420 0.0000000 0.0000000 0.4394473 0.0115970
  9 V   9 0.0454294 0.0000000 0.0000000 0.0000000 0.0126371 0.0000000 0.0000000 0.0000000 0.0000000 0.2000653 0.0209946 0.0000000 0.0000000 0.0000000 0.0000000 0.0000000 0.0026256 0.0000000 0.0025928 0.7037937 0.0118616
 10 D  10 0.0000000 0.0000000 0.0000000 0.8979144 0.0000000 0.0000000 0.0919069 0.0000000 0.0000000 0.0000000 0.0000000 0.0000000 0.0000000 0.0000000 0.0000000 0.0000000 0.0000000 0.0000000 0.0000000 0.0000000 0.0101788
 11 D  11 0.0000000 0.0000000 0.0094405 0.9803807 0.0000000 0.0000000 0.0000000 0.0000000 0.0000000 0.0000000 0.0000000 0.0000000 0.0000000 0.0000000 0.0000000 0.0000000 0.0000000 0.0000000 0.0000000 0.0000000 0.0101788
 12 D  12 0.0000000 0.0000000 0.0029617 0.3298869 0.0000000 0.0095553 0.6347820 0.0020372 0.0034873 0.0000000 0.0000000 0.0039183 0.0000000 0.0000000 0.0000000 0.0031925 0.0000000 0.0000000 0.0000000 0.0000000 0.0101788
 13 S  13 0.1373665 0.1274163 0.0089680 0.0259807 0.0000000 0.0471766 0.1695084 0.0030984 0.0134863 0.0140354 0.0389478 0.1219583 0.0018387 0.0014103 0.1597527 0.0725645 0.0234189 0.0000000 0.0000000 0.0228933 0.0101788
 14 S  14 0.1065707 0.0108133 0.1081395 0.1712950 0.0000000 0.0104453 0.0254863 0.1159340 0.0435370 0.0368546 0.0237446 0.0088605 0.0078020 0.0000000 0.0194980 0.2702040 0.0082776 0.0000000 0.0051351 0.0172238 0.0101788
 15 I  15 0.0180240 0.0000000 0.0032022 0.0000000 0.0000000 0.0124853 0.0000000 0.0027730 0.0295177 0.5096925 0.1362684 0.0000000 0.1292586 0.0188898 0.0000000 0.0079782 0.0029914 0.0000000 0.0283437 0.0903963 0.0101788
 16 R  16 0.0113911 0.8009118 0.0032836 0.0000000 0.0516627 0.0058630 0.0000000 0.0024920 0.0000000 0.0091545 0.0977624 0.0000000 0.0000000 0.0000000 0.0089498 0.0052111 0.0018224 0.0000000 0.0000000 0.0014956 0.0000000
 17 W  17 0.0354117 0.1124010 0.0213909 0.0834996 0.0000000 0.0653149 0.2069103 0.0114829 0.0242595 0.0196173 0.0724518 0.0425310 0.0159227 0.0290983 0.0042750 0.0278067 0.0479506 0.1636376 0.0046393 0.0113989 0.0000000
 18 V  18 0.1108449 0.0000000 0.0192828 0.0000000 0.0000000 0.0035530 0.0000000 0.0585324 0.0000000 0.0476143 0.1849439 0.0000000 0.0733189 0.0387542 0.0000000 0.1334656 0.0570991 0.0000000 0.0104683 0.2621227 0.0000000
 19 L  19 0.0074615 0.0000000 0.0060728 0.0000000 0.0294177 0.0016828 0.0000000 0.0028848 0.0000000 0.0973656 0.6775393 0.0000000 0.0441598 0.0201068 0.0000000 0.0038851 0.0146658 0.0000000 0.0025792 0.0921790 0.0000000
 20 E  20 0.1430025 0.1114067 0.0176051 0.0235993 0.0095144 0.0696057 0.2335293 0.0615908 0.0093725 0.0062334 0.0060059 0.0833585 0.0016126 0.0056639 0.0000000 0.1417717 0.0265663 0.0000000 0.0087157 0.0408457 0.0000000
 21 R  21 0.0642233 0.1092210 0.0079515 0.0816688 0.0000000 0.1337809 0.1147326 0.0891276 0.0146398 0.0467013 0.0379085 0.1649022 0.0351989 0.0083863 0.0000000 0.0162420 0.0436246 0.0000000 0.0136588 0.0180318 0.0000000
 22 A  22 0.2286518 0.0482751 0.0122925 0.0039484 0.0025403 0.0131739 0.0138593 0.0165460 0.0027121 0.2404172 0.0986832 0.0000000 0.0319650 0.0194310 0.0024920 0.0343287 0.0852933 0.0538699 0.0086331 0.0828873 0.0000000
 23 L  23 0.0028816 0.0000000 0.0000000 0.0000000 0.0000000 0.0000000 0.0000000 0.0000000 0.0000000 0.0099592 0.9271465 0.0000000 0.0130446 0.0395220 0.0000000 0.0000000 0.0027671 0.0000000 0.0000000 0.0046790 0.0000000
 24 A  24 0.1086193 0.0797535 0.0203725 0.0237597 0.0000000 0.0784557 0.2770418 0.0415972 0.0097171 0.0078685 0.0126286 0.0754104 0.0071617 0.0022645 0.0022615 0.1471049 0.0859542 0.0000000 0.0000000 0.0200290 0.0000000
 25 G  25 0.0416824 0.1509072 0.0175601 0.2606499 0.0000000 0.0591317 0.0767128 0.0519171 0.0096869 0.0057695 0.1256482 0.0867511 0.0154748 0.0075182 0.0055401 0.0483289 0.0126735 0.0000000 0.0202730 0.0037747 0.0000000
 26 A  26 0.2321699 0.0278100 0.0171915 0.0477854 0.0024062 0.0387768 0.4475091 0.0086807 0.0046314 0.0014403 0.0155717 0.0344392 0.0091646 0.0013204 0.0020794 0.0691383 0.0040207 0.0265501 0.0012193 0.0080951 0.0000000
 27 G  27 0.0039621 0.0081827 0.0627797 0.0609919 0.0000000 0.0053376 0.0208493 0.7828664 0.0060147 0.0000000 0.0017677 0.0160701 0.0000000 0.0000000 0.0040276 0.0216079 0.0031304 0.0000000 0.0000000 0.0000000 0.0024119
 28 L  28 0.0000000 0.0081782 0.0014217 0.0000000 0.0109830 0.0016417 0.0000000 0.0000000 0.0710327 0.0787919 0.0676946 0.0000000 0.0217789 0.1546081 0.0000000 0.0000000 0.0000000 0.0119939 0.5661172 0.0042210 0.0015372
 29 T  29 0.0910658 0.0677005 0.0320487 0.0891923 0.0023608 0.1201582 0.2797024 0.0216804 0.0209882 0.0066446 0.0193639 0.0473352 0.0035118 0.0028877 0.0260540 0.0567471 0.0892697 0.0000000 0.0032128 0.0200760 0.0000000
 30 C  30 0.0355433 0.0013618 0.0012807 0.0000000 0.0491332 0.0000000 0.0000000 0.0000000 0.0039640 0.0343441 0.0043203 0.0000000 0.0000000 0.0064974 0.0360044 0.0113507 0.1511724 0.0067258 0.0056610 0.6526409 0.0000000
 31 T  31 0.0666805 0.1555301 0.0026429 0.0800100 0.0049323 0.0466249 0.1492060 0.0028001 0.0217101 0.0481361 0.0702072 0.0404436 0.0120333 0.0406308 0.0000000 0.0489418 0.1227377 0.0000000 0.0076008 0.0791318 0.0000000
 32 T  32 0.0929316 0.0068898 0.0020575 0.0137402 0.0503104 0.0146279 0.1188683 0.0277012 0.0029764 0.0189096 0.0932733 0.0058917 0.0132813 0.0030070 0.0190241 0.1239233 0.3255866 0.0036334 0.0008818 0.0624845 0.0000000
 33 F  33 0.6149499 0.0034510 0.0000000 0.0000000 0.0266492 0.0000000 0.0012395 0.0016663 0.0041790 0.0060617 0.0197078 0.0000000 0.0030429 0.1970146 0.0000000 0.0117951 0.0241677 0.0000000 0.0228916 0.0631837 0.0000000
 34 E  34 0.2470931 0.0250381 0.0196893 0.0850814 0.0058230 0.0094002 0.2046965 0.1115985 0.0081727 0.0023987 0.0142477 0.0281785 0.0000000 0.0108098 0.0440581 0.1201025 0.0427613 0.0014090 0.0040441 0.0153975 0.0000000
 35 N  35 0.0086864 0.0450257 0.2636150 0.2955059 0.0088266 0.0083209 0.0120758 0.0367666 0.0086489 0.0000000 0.0000000 0.0012901 0.0000000 0.0000000 0.0000000 0.2579625 0.0521154 0.0011602 0.0000000 0.0000000 0.0000000
 36 G  36 0.3116888 0.0000000 0.0000000 0.0000000 0.0018692 0.0000000 0.0000000 0.5755795 0.0000000 0.0037673 0.0026811 0.0000000 0.0000000 0.0000000 0.0293420 0.0567906 0.0032497 0.0000000 0.0000000 0.0150319 0.0000000
 37 N  37 0.0957551 0.0604532 0.0281921 0.1103992 0.0000000 0.0812826 0.3412089 0.0182670 0.0113538 0.0144902 0.0535978 0.0498482 0.0094704 0.0161273 0.0018111 0.0238366 0.0391599 0.0000000 0.0109435 0.0338033 0.0000000
 38 E  38 0.1159260 0.0199460 0.0067391 0.0897374 0.0024914 0.1004970 0.4035642 0.0171489 0.0065982 0.0123923 0.0185477 0.0314811 0.0124335 0.0000000 0.0023916 0.0914952 0.0487615 0.0010419 0.0018787 0.0169282 0.0000000
 39 V  39 0.6499350 0.0000000 0.0000000 0.0000000 0.0254765 0.0000000 0.0000000 0.1818324 0.0000000 0.0050635 0.0618364 0.0000000 0.0055552 0.0053010 0.0000000 0.0029138 0.0025590 0.0000000 0.0000000 0.0595271 0.0000000
 40 L  40 0.0120434 0.0507418 0.0008670 0.0012646 0.0039822 0.0060279 0.0024623 0.0000000 0.0000000 0.0863412 0.6915502 0.0081568 0.0380171 0.0085962 0.0023379 0.0017797 0.0057721 0.0297147 0.0029035 0.0474415 0.0000000
 41 A  41 0.1760697 0.0902812 0.0493104 0.0822094 0.0017274 0.0719853 0.2418415 0.0289001 0.0088760 0.0093117 0.0147436 0.0926698 0.0073263 0.0011873 0.0139293 0.0492229 0.0404252 0.0000000 0.0018369 0.0181461 0.0000000
 42 A  42 0.1900070 0.0946729 0.0067218 0.0034089 0.0180260 0.0548997 0.0509969 0.0082938 0.0346174 0.0596801 0.1914896 0.0904916 0.0546563 0.0169742 0.0000000 0.0211845 0.0203697 0.0167269 0.0154434 0.0487583 0.0025809
 43 L  43 0.0444143 0.0226234 0.0035004 0.0000000 0.0128444 0.0036483 0.0000000 0.0013103 0.0000000 0.1950034 0.4719743 0.0033240 0.0219669 0.0778731 0.0000000 0.0026300 0.0050757 0.0078337 0.0058904 0.1200874 0.0000000
 44 A  44 0.1214277 0.1356586 0.0509241 0.0891763 0.0057944 0.1062271 0.1558943 0.0592602 0.0154276 0.0056941 0.0162597 0.1142312 0.0033413 0.0020633 0.0200021 0.0542683 0.0306042 0.0000000 0.0075547 0.0061908 0.0000000
 45 S  45 0.1094183 0.1090037 0.0515365 0.0562507 0.0036820 0.1056009 0.1812165 0.0274502 0.0319634 0.0059271 0.0136973 0.1119363 0.0044236 0.0075090 0.0147569 0.0747444 0.0728875 0.0000000 0.0079048 0.0100909 0.0000000
 46 K  46 0.0260135 0.0953549 0.0720031 0.1230956 0.0038234 0.0853604 0.2190034 0.0912698 0.0520797 0.0154601 0.0086162 0.0463046 0.0045692 0.0227984 0.0068984 0.0614399 0.0502669 0.0011789 0.0051418 0.0093221 0.0000000
 47 T  47 0.0537021 0.1237644 0.0216677 0.0871903 0.0099169 0.0830959 0.0840749 0.0219001 0.0267564 0.0084997 0.0322452 0.0485289 0.0106626 0.0535679 0.1177612 0.0633234 0.0744504 0.0203788 0.0213570 0.0358751 0.0012810
 48 P  48 0.0265048 0.0021686 0.0033994 0.0052500 0.0018443 0.0026920 0.0045445 0.0146919 0.0018787 0.0668279 0.0090364 0.0000000 0.0000000 0.1724576 0.4725476 0.0021079 0.0034403 0.0101250 0.1193699 0.0796867 0.0014266
 49 D  49 0.0462786 0.0110245 0.0267568 0.6188373 0.0000000 0.0365821 0.0287798 0.1074020 0.0165225 0.0000000 0.0025834 0.0105404 0.0029095 0.0000000 0.0083745 0.0673204 0.0120643 0.0000000 0.0018886 0.0021353 0.0000000
 50 V  50 0.0561877 0.0000000 0.0000000 0.0000000 0.0148387 0.0000000 0.0000000 0.0020117 0.0000000 0.1020762 0.4616330 0.0000000 0.0296761 0.0073794 0.0000000 0.0000000 0.0073303 0.0000000 0.0017607 0.3171061 0.0000000
 51 L  51 0.0283612 0.0000000 0.0000000 0.0000000 0.0000000 0.0000000 0.0000000 0.0047123 0.0000000 0.2075821 0.1450848 0.0000000 0.0257292 0.0000000 0.0000000 0.0000000 0.0020025 0.0000000 0.0000000 0.5865279 0.0000000
 52 L  52 0.0000000 0.0000000 0.0000000 0.0000000 0.0000000 0.0000000 0.0000000 0.0000000 0.0000000 0.3263462 0.4126370 0.0000000 0.0102998 0.0642203 0.0000000 0.0000000 0.0022525 0.0000000 0.0000000 0.1842442 0.0000000
 53 S  53 0.0097940 0.0000000 0.0000000 0.0000000 0.0610447 0.0101017 0.0000000 0.0000000 0.0029947 0.0058918 0.2864184 0.0000000 0.0450031 0.0078993 0.0000000 0.2653365 0.2905654 0.0000000 0.0000000 0.0149505 0.0000000
 54 D  54 0.0000000 0.0000000 0.0000000 1.0000000 0.0000000 0.0000000 0.0000000 0.0000000 0.0000000 0.0000000 0.0000000 0.0000000 0.0000000 0.0000000 0.0000000 0.0000000 0.0000000 0.0000000 0.0000000 0.0000000 0.0000000
 55 I  55 0.0025834 0.0000000 0.0000000 0.0000000 0.0000000 0.0027121 0.0000000 0.0000000 0.0000000 0.5238523 0.2305643 0.0000000 0.0594352 0.0027432 0.0000000 0.0000000 0.0000000 0.0037992 0.0070764 0.1672338 0.0000000
 56 R  56 0.0014948 0.4358168 0.0121182 0.0000000 0.0034055 0.0370402 0.0012411 0.0000000 0.0182637 0.0054844 0.0036354 0.2647040 0.0195655 0.0015120 0.0000000 0.0061766 0.0024143 0.1630998 0.0012476 0.0227801 0.0000000
 57 M  57 0.0000000 0.0000000 0.0000000 0.0000000 0.0000000 0.0000000 0.0000000 0.0000000 0.0000000 0.0057953 0.1770333 0.0000000 0.8171714 0.0000000 0.0000000 0.0000000 0.0000000 0.0000000 0.0000000 0.0000000 0.0000000
 58 P  58 0.0222847 0.0040805 0.0083121 0.0105687 0.0000000 0.0441921 0.0148433 0.0208142 0.0063001 0.0024951 0.0000000 0.0209829 0.0014979 0.0000000 0.8272871 0.0126905 0.0012529 0.0000000 0.0000000 0.0023980 0.0000000
 59 G  59 0.0028782 0.0481036 0.0193647 0.1495705 0.0000000 0.0125153 0.0653523 0.5652965 0.0063505 0.0035237 0.0018643 0.0786052 0.0017696 0.0000000 0.0104147 0.0083431 0.0032027 0.0000000 0.0000000 0.0209566 0.0018886
 60 M  60 0.0164904 0.0026781 0.0017556 0.0012185 0.0156832 0.0065905 0.0262673 0.0326135 0.0023050 0.1472848 0.1208334 0.0161845 0.5040070 0.0043753 0.0029242 0.0094235 0.0478482 0.0000000 0.0000000 0.0415172 0.0000000
 61 D  61 0.0000000 0.0000000 0.0711746 0.7050131 0.0000000 0.0018638 0.0057208 0.0411355 0.0000000 0.0000000 0.0000000 0.0000000 0.0000000 0.0000000 0.0020662 0.1474728 0.0255532 0.0000000 0.0000000 0.0000000 0.0000000
 62 G  62 0.0090944 0.0000000 0.0000000 0.0046326 0.0000000 0.0000000 0.0000000 0.9862730 0.0000000 0.0000000 0.0000000 0.0000000 0.0000000 0.0000000 0.0000000 0.0000000 0.0000000 0.0000000 0.0000000 0.0000000 0.0000000
 63 L  63 0.0027432 0.0072912 0.0000000 0.0036163 0.0000000 0.0132547 0.0163040 0.0000000 0.0049367 0.2082603 0.4785641 0.0015092 0.1624400 0.0429447 0.0037992 0.0011807 0.0058340 0.0000000 0.0053707 0.0419509 0.0000000
 64 A  64 0.1266495 0.0083789 0.0021570 0.1258379 0.0000000 0.0779681 0.4418367 0.0246632 0.0034397 0.0027203 0.0011589 0.0152276 0.0049276 0.0000000 0.0000000 0.0581354 0.1014625 0.0027671 0.0000000 0.0026696 0.0000000
 65 L  65 0.0577745 0.0000000 0.0000000 0.0000000 0.0000000 0.0000000 0.0000000 0.0000000 0.0000000 0.0479155 0.5275663 0.0000000 0.0123797 0.0694990 0.0000000 0.0000000 0.0452706 0.0000000 0.0023379 0.2372566 0.0000000
 66 L  66 0.0017633 0.0000000 0.0000000 0.0000000 0.0086137 0.0068481 0.0000000 0.0000000 0.0000000 0.0129262 0.8824296 0.0000000 0.0364193 0.0351002 0.0000000 0.0000000 0.0025479 0.0000000 0.0029075 0.0104441 0.0000000
 67 K  67 0.0607683 0.1539280 0.0209663 0.0629746 0.0011787 0.1040551 0.2086781 0.0168685 0.0077847 0.0046326 0.0052063 0.2367892 0.0012255 0.0000000 0.0204933 0.0582088 0.0248184 0.0000000 0.0031440 0.0082796 0.0000000
 68 Q  68 0.1223714 0.2294588 0.0181938 0.0070761 0.0028585 0.1103637 0.1835667 0.0050079 0.0504536 0.0185683 0.0154423 0.1482889 0.0051310 0.0009779 0.0000000 0.0212601 0.0338748 0.0036898 0.0072025 0.0162139 0.0000000
 69 I  69 0.0976573 0.0014316 0.0000000 0.0000000 0.0144052 0.0025809 0.0000000 0.0050528 0.0000000 0.3690841 0.1920993 0.0000000 0.0351258 0.0139886 0.0000000 0.0048650 0.0120162 0.0409121 0.0000000 0.2107813 0.0000000
 70 K  70 0.0256791 0.2239087 0.0148133 0.0018952 0.0011783 0.0932481 0.0039686 0.0151937 0.0735196 0.0156461 0.0442867 0.4071808 0.0194026 0.0040453 0.0000000 0.0120969 0.0172694 0.0000000 0.0015070 0.0238628 0.0012978
 71 Q  71 0.1765640 0.0781665 0.0276922 0.0363965 0.0000000 0.1115703 0.2599945 0.0414949 0.0021802 0.0118574 0.0173047 0.1217058 0.0020816 0.0000000 0.0014378 0.0599408 0.0331877 0.0000000 0.0009498 0.0155725 0.0019027
 72 R  72 0.0522113 0.1510348 0.0408560 0.0640448 0.0000000 0.0594168 0.0766249 0.0268995 0.0426621 0.1116778 0.1360621 0.0504417 0.0154957 0.0179920 0.0000000 0.0623385 0.0363778 0.0048368 0.0159935 0.0331311 0.0019027
 73 H  73 0.0407806 0.0544932 0.0932556 0.1981532 0.0040133 0.0675384 0.0239142 0.0605819 0.1242416 0.0082304 0.0162326 0.0372415 0.0049047 0.0392931 0.0011256 0.0568733 0.0171490 0.0389213 0.1024300 0.0076825 0.0029439
 74 P  74 0.0479431 0.0219619 0.0102216 0.0123454 0.0000000 0.0076131 0.0128559 0.0042956 0.0035178 0.0151470 0.0435980 0.0143453 0.0000000 0.0027130 0.7192463 0.0523315 0.0143381 0.0000000 0.0018155 0.0115085 0.0042025
 75 M  75 0.0627800 0.0316386 0.0603346 0.2994787 0.0013720 0.0294159 0.1873093 0.0841880 0.0487056 0.0021744 0.0239755 0.0311384 0.0045739 0.0011467 0.0084628 0.0640817 0.0425219 0.0040595 0.0098023 0.0028402 0.0000000
 76 L  76 0.0257338 0.0012377 0.0000000 0.0000000 0.0140105 0.0108891 0.0018059 0.0000000 0.0000000 0.1706737 0.4461923 0.0000000 0.0428113 0.0050184 0.0122262 0.0160285 0.1292174 0.0000000 0.0000000 0.1241552 0.0000000
 77 P  77 0.0235115 0.0095549 0.0026253 0.0138575 0.0059864 0.0315656 0.0777192 0.0058002 0.0015211 0.0111499 0.0359955 0.0062182 0.0038854 0.0037523 0.6918479 0.0168556 0.0340786 0.0000000 0.0020026 0.0197589 0.0023134
 78 V  78 0.0068312 0.0000000 0.0000000 0.0000000 0.0031925 0.0000000 0.0000000 0.0000000 0.0000000 0.1009153 0.0065032 0.0000000 0.0180057 0.0391875 0.0000000 0.0000000 0.0123114 0.0000000 0.0000000 0.8107399 0.0023134
 79 I  79 0.0000000 0.0000000 0.0000000 0.0000000 0.0025903 0.0000000 0.0000000 0.0000000 0.0000000 0.6328990 0.0775191 0.0000000 0.0059961 0.0000000 0.0000000 0.0000000 0.0000000 0.0000000 0.0000000 0.2809955 0.0000000
 80 I  80 0.0000000 0.0000000 0.0000000 0.0000000 0.0000000 0.0000000 0.0000000 0.0000000 0.0000000 0.2923461 0.1729515 0.0000000 0.3771192 0.0104439 0.0000000 0.0000000 0.0000000 0.0000000 0.0000000 0.1471393 0.0000000
 81 M  81 0.0022196 0.0000000 0.0000000 0.0000000 0.0000000 0.0000000 0.0000000 0.0000000 0.0000000 0.3770909 0.1109747 0.0000000 0.4269080 0.0104515 0.0000000 0.0000000 0.0117550 0.0000000 0.0000000 0.0606003 0.0000000
 82 T  82 0.0000000 0.0000000 0.0000000 0.0000000 0.0000000 0.0000000 0.0000000 0.0000000 0.0000000 0.0000000 0.0000000 0.0000000 0.0000000 0.0000000 0.0000000 0.2452096 0.7547904 0.0000000 0.0000000 0.0000000 0.0000000
 83 A  83 0.5436598 0.0000000 0.0000000 0.0000000 0.0000000 0.0000000 0.0000000 0.4563402 0.0000000 0.0000000 0.0000000 0.0000000 0.0000000 0.0000000 0.0000000 0.0000000 0.0000000 0.0000000 0.0000000 0.0000000 0.0000000
 84 H  84 0.0000000 0.0068593 0.0058749 0.0000000 0.0000000 0.0269812 0.0063332 0.0000000 0.5720597 0.0000000 0.0034037 0.0000000 0.0026994 0.1319042 0.0000000 0.0000000 0.0000000 0.0000000 0.2410994 0.0027850 0.0000000
 85 S  85 0.1447162 0.0000000 0.0103093 0.0000000 0.0016620 0.0000000 0.0000000 0.6495144 0.0026994 0.0000000 0.0000000 0.0000000 0.0000000 0.0000000 0.0084190 0.1781900 0.0044896 0.0000000 0.0000000 0.0000000 0.0000000
 86 N  86 0.0173140 0.0010975 0.0935142 0.3084823 0.0014086 0.0019361 0.0186852 0.0064808 0.0025260 0.0011372 0.0000000 0.0020057 0.0016647 0.0000000 0.0000000 0.1929455 0.3491662 0.0000000 0.0000000 0.0016360 0.0000000
 87 L  87 0.0159936 0.0000000 0.0000000 0.0000000 0.0000000 0.0000000 0.0084972 0.0035031 0.0029301 0.3600692 0.1892610 0.0029947 0.0213129 0.0075142 0.0071861 0.0031207 0.0389133 0.0000000 0.0000000 0.3387039 0.0000000
 88 D  88 0.0171442 0.0050121 0.0129335 0.3272824 0.0000000 0.0373144 0.4194454 0.0136386 0.0032943 0.0000000 0.0027951 0.0252822 0.0075142 0.0000000 0.0746138 0.0416369 0.0103583 0.0000000 0.0000000 0.0017345 0.0000000
 89 T  89 0.0354404 0.0029471 0.0512741 0.0357102 0.0000000 0.0143653 0.0040979 0.0112541 0.0000000 0.0424694 0.0571843 0.0155710 0.0748436 0.0000000 0.0000000 0.2194412 0.4229248 0.0000000 0.0016981 0.0107785 0.0000000
 90 A  90 0.9657452 0.0000000 0.0000000 0.0000000 0.0000000 0.0000000 0.0000000 0.0112384 0.0000000 0.0000000 0.0000000 0.0000000 0.0000000 0.0000000 0.0000000 0.0094405 0.0104389 0.0000000 0.0000000 0.0031370 0.0000000
 91 V  91 0.0000000 0.0033687 0.0000000 0.0000000 0.0000000 0.0000000 0.0021889 0.0000000 0.0000000 0.1318595 0.0126810 0.0000000 0.0043576 0.0000000 0.0000000 0.0036359 0.0038813 0.0000000 0.0000000 0.8380271 0.0000000
 92 S  92 0.1188172 0.0346174 0.0732166 0.0583484 0.0013110 0.1195569 0.3904318 0.0110374 0.0032321 0.0000000 0.0026159 0.0434675 0.0000000 0.0000000 0.0000000 0.1099565 0.0309374 0.0000000 0.0000000 0.0024537 0.0000000
 93 A  93 0.8513454 0.0000000 0.0000000 0.0000000 0.0159602 0.0000000 0.0000000 0.0059286 0.0000000 0.0018307 0.0000000 0.0000000 0.0018667 0.0000000 0.0000000 0.0718937 0.0366022 0.0000000 0.0000000 0.0145726 0.0000000
 94 Y  94 0.0000000 0.0000000 0.0000000 0.0000000 0.0000000 0.0000000 0.0000000 0.0000000 0.0036359 0.1587180 0.0892756 0.0017180 0.4749641 0.0559578 0.0000000 0.0116157 0.1066260 0.0000000 0.0779931 0.0194959 0.0000000
 95 Q  95 0.0000000 0.2797221 0.0026437 0.0047651 0.0000000 0.1656658 0.0212197 0.0032606 0.0186027 0.0000000 0.0000000 0.4955208 0.0000000 0.0000000 0.0000000 0.0085996 0.0000000 0.0000000 0.0000000 0.0000000 0.0000000
 96 Q  96 0.0866205 0.0909059 0.0455035 0.0407816 0.0058164 0.0794198 0.0548175 0.0759744 0.0197619 0.0411998 0.2319054 0.1124147 0.0274095 0.0047473 0.0000000 0.0383902 0.0177783 0.0014948 0.0124501 0.0126085 0.0000000
 97 G  97 0.0000000 0.0021871 0.0029210 0.0078698 0.0000000 0.0047995 0.0025058 0.9778808 0.0018360 0.0000000 0.0000000 0.0000000 0.0000000 0.0000000 0.0000000 0.0000000 0.0000000 0.0000000 0.0000000 0.0000000 0.0000000
 98 A  98 0.9762967 0.0000000 0.0000000 0.0000000 0.0000000 0.0000000 0.0000000 0.0000000 0.0000000 0.0000000 0.0000000 0.0000000 0.0000000 0.0000000 0.0000000 0.0028736 0.0039046 0.0000000 0.0000000 0.0169252 0.0000000
 99 F  99 0.0203688 0.0012113 0.0014734 0.0072823 0.0074938 0.0018848 0.0056545 0.0013308 0.0245238 0.0146773 0.0194460 0.0033941 0.0112688 0.3710030 0.0000000 0.0259337 0.0217058 0.0077114 0.4179110 0.0357253 0.0000000
100 D 100 0.0014411 0.0000000 0.0103699 0.7999824 0.0000000 0.0000000 0.1319991 0.0185634 0.0170844 0.0000000 0.0000000 0.0000000 0.0000000 0.0022294 0.0000000 0.0101500 0.0058097 0.0000000 0.0023707 0.0000000 0.0000000
101 Y 101 0.0000000 0.0000000 0.0000000 0.0000000 0.0000000 0.0000000 0.0000000 0.0000000 0.0000000 0.0020895 0.0029617 0.0000000 0.0094405 0.3853324 0.0000000 0.0000000 0.0000000 0.0000000 0.5981179 0.0020581 0.0000000
102 L 102 0.0000000 0.0000000 0.0000000 0.0000000 0.0000000 0.0000000 0.0000000 0.0000000 0.0000000 0.4309604 0.4612579 0.0024037 0.0182363 0.0143982 0.0000000 0.0000000 0.0000000 0.0000000 0.0000000 0.0727436 0.0000000
103 P 103 0.0767348 0.0075542 0.0070684 0.0000000 0.0031925 0.0272351 0.2791927 0.0107838 0.0000000 0.0205347 0.0535327 0.0017246 0.0158713 0.0000000 0.1447251 0.0791680 0.2491923 0.0030075 0.0000000 0.0204821 0.0000000
104 K 104 0.0000000 0.0060673 0.0000000 0.0000000 0.0000000 0.0000000 0.0000000 0.0000000 0.0000000 0.0000000 0.0000000 0.9939327 0.0000000 0.0000000 0.0000000 0.0000000 0.0000000 0.0000000 0.0000000 0.0000000 0.0000000
105 P 105 0.0000000 0.0000000 0.0040922 0.0035031 0.0000000 0.0000000 0.0000000 0.0035530 0.0000000 0.0000000 0.0000000 0.0000000 0.0000000 0.0000000 0.9888517 0.0000000 0.0000000 0.0000000 0.0000000 0.0000000 0.0000000
106 F 106 0.0087675 0.0000000 0.0000000 0.0000000 0.0100427 0.0000000 0.0000000 0.0000000 0.0000000 0.0593037 0.1397384 0.0000000 0.0000000 0.6702858 0.0395713 0.0028816 0.0015327 0.0000000 0.0224732 0.0454032 0.0000000
107 D 107 0.0483914 0.0169611 0.1154074 0.3986110 0.0000000 0.0112151 0.0751856 0.0025529 0.0122369 0.0000000 0.0018643 0.0964384 0.0000000 0.0027432 0.0321049 0.1524345 0.0288135 0.0000000 0.0014816 0.0035581 0.0000000
108 I 108 0.0482916 0.0406249 0.0465198 0.0197844 0.0000000 0.0106450 0.0142798 0.0075757 0.0084482 0.1457944 0.2757301 0.0168566 0.0276870 0.0276621 0.1521381 0.0444108 0.0187584 0.0000000 0.0028440 0.0919492 0.0000000
109 D 109 0.0400362 0.0047497 0.0836545 0.4647167 0.0000000 0.0447039 0.2487716 0.0116892 0.0072598 0.0021612 0.0025260 0.0205768 0.0014167 0.0000000 0.0213301 0.0288284 0.0135037 0.0000000 0.0018141 0.0022615 0.0000000
110 E 110 0.0554719 0.1921057 0.0070472 0.0534227 0.0000000 0.0721207 0.3960822 0.0033009 0.0222707 0.0029210 0.0063091 0.1288889 0.0045843 0.0000000 0.0000000 0.0065148 0.0198079 0.0000000 0.0025495 0.0266025 0.0000000
111 A 111 0.1140953 0.0000000 0.0000000 0.0000000 0.0000000 0.0000000 0.0000000 0.0000000 0.0000000 0.0916937 0.6123338 0.0000000 0.0370699 0.0103455 0.0000000 0.0000000 0.0188509 0.0000000 0.0000000 0.1156109 0.0000000
112 V 112 0.0260058 0.0751130 0.0066210 0.0211258 0.0032821 0.0110530 0.0584452 0.0065540 0.0032930 0.0914657 0.3519884 0.0708332 0.0160003 0.0088050 0.0000000 0.0272729 0.0297560 0.0000000 0.0013048 0.1886024 0.0024785
113 A 113 0.1141480 0.0091689 0.0483215 0.0445701 0.0018977 0.0293244 0.0840967 0.0348105 0.0253170 0.1070666 0.2471393 0.0217823 0.0177536 0.0138510 0.0014786 0.0590304 0.0277149 0.0018571 0.0136506 0.0928163 0.0042047
114 L 114 0.0607572 0.0288904 0.0079615 0.0011262 0.0027181 0.0234794 0.0000000 0.0020909 0.0042870 0.0876244 0.2114970 0.0305074 0.0182145 0.0030075 0.0000000 0.0729132 0.2295269 0.0000000 0.0000000 0.2111937 0.0042047
115 V 115 0.0708746 0.0000000 0.0000000 0.0000000 0.0066036 0.0000000 0.0000000 0.0000000 0.0000000 0.2174039 0.1400106 0.0000000 0.0053920 0.0000000 0.0000000 0.0025856 0.0234261 0.0000000 0.0000000 0.5294988 0.0042047
116 E 116 0.0570305 0.2405371 0.0392769 0.0356185 0.0000000 0.0953840 0.2360622 0.0446046 0.0184271 0.0000000 0.0090674 0.1517609 0.0009977 0.0012383 0.0000000 0.0424066 0.0159740 0.0000000 0.0018654 0.0017013 0.0080474
117 R 117 0.0125335 0.5310528 0.1278247 0.0076121 0.0012137 0.0279762 0.0114523 0.0000000 0.0126679 0.0031345 0.0074438 0.2246362 0.0032466 0.0000000 0.0000000 0.0164124 0.0029242 0.0000000 0.0000000 0.0000000 0.0098691
118 A 118 0.8578609 0.0027121 0.0000000 0.0000000 0.0095297 0.0000000 0.0000000 0.0201507 0.0000000 0.0135793 0.0033233 0.0000000 0.0019935 0.0036174 0.0000000 0.0090833 0.0112692 0.0000000 0.0000000 0.0315702 0.0353104
119 I 119 0.0211646 0.0060903 0.0085168 0.0000000 0.0191417 0.0025084 0.0175510 0.0020348 0.0056430 0.0738547 0.6017214 0.0028705 0.0426097 0.0355244 0.0012940 0.0078361 0.0258363 0.0053685 0.0082255 0.0699751 0.0422333
120 S 120 0.0838113 0.0384748 0.0253391 0.1143655 0.0000000 0.0816086 0.4375172 0.0117979 0.0031064 0.0040602 0.0083102 0.0430843 0.0000000 0.0000000 0.0000000 0.0609119 0.0202288 0.0000000 0.0000000 0.0054618 0.0619218
121 H 121 0.0510298 0.1553980 0.0346552 0.0000000 0.0000000 0.0809893 0.0325080 0.0044426 0.1489689 0.0012519 0.0271564 0.1473257 0.0343571 0.0267151 0.0000000 0.0260805 0.0581553 0.0058717 0.0209129 0.0120877 0.1320939
122 Y 122 0.0741405 0.2708057 0.0107925 0.0043234 0.0000000 0.0351548 0.0182383 0.0270648 0.0223656 0.0044172 0.0151440 0.0642678 0.0021903 0.0000000 0.0133362 0.1688900 0.0240282 0.0000000 0.0165303 0.0211212 0.2071890
123 Q 123 0.0000000 0.3565678 0.0038159 0.0000000 0.0000000 0.1119423 0.0701555 0.0000000 0.0061995 0.0000000 0.0000000 0.0630575 0.0000000 0.0000000 0.0000000 0.0021056 0.0035027 0.0000000 0.0025538 0.0000000 0.3800995
124 E 124 0.0000000 0.0100552 0.0000000 0.0059179 0.0000000 0.0254234 0.1017011 0.0000000 0.0000000 0.0000000 0.0000000 0.0092459 0.0000000 0.0000000 0.0000000 0.0000000 0.0000000 0.0000000 0.0000000 0.0000000 0.8476565
