  425         A         R         N         D         C         Q         E         G         H         I         L         K         M         F         P         S         T         W         Y         V         X    
  1 T   1 0.0000000 0.0000000 0.0000000 0.0000000 0.0000000 0.0000000 0.0000000 0.0000000 0.0000000 0.0000000 0.0000000 0.0000000 0.0000000 0.0000000 0.0000000 0.0181211 0.0195017 0.0000000 0.0000000 0.0000000 0.9623772
  2 D   2 0.0000000 0.0000000 0.0081777 0.0104616 0.0000000 0.0015253 0.0017663 0.0000000 0.0014213 0.0000000 0.0014686 0.0000000 0.0000000 0.0000000 0.0080565 0.0366772 0.0013559 0.0000000 0.0000000 0.0000000 0.9290896
  3 V   3 0.0016340 0.0000000 0.0015278 0.0000000 0.0000000 0.0013372 0.0030714 0.0000000 0.0035095 0.0083123 0.0120555 0.0011347 0.0000000 0.0074975 0.0025727 0.0107195 0.0031470 0.0000000 0.0010813 0.0296823 0.9127173
  4 E   4 0.0026051 0.0000000 0.0075067 0.0100206 0.0000000 0.0040169 0.0277012 0.0051621 0.0000000 0.0016325 0.0013556 0.0044553 0.0000000 0.0016465 0.0084647 0.0179766 0.0019753 0.0000000 0.0000000 0.0000000 0.9054808
  5 T   5 0.0043696 0.0024099 0.0000000 0.0064408 0.0000000 0.0049954 0.0000000 0.0000000 0.0000000 0.0000000 0.0064174 0.0053127 0.0030281 0.0121252 0.0015278 0.0344880 0.0154934 0.0000000 0.0049485 0.0016881 0.8967550
  6 T   6 0.0065565 0.0012011 0.0094610 0.0304769 0.0000000 0.0029568 0.0050337 0.0017635 0.0014686 0.0000000 0.0015253 0.0030857 0.0000000 0.0000000 0.0118754 0.0248650 0.0114864 0.0000000 0.0000000 0.0013920 0.8868521
  7 Y   7 0.0130825 0.0035607 0.0077338 0.0052809 0.0036115 0.0059125 0.0040801 0.0000000 0.0010608 0.0070843 0.0103579 0.0000000 0.0022047 0.0277582 0.0077452 0.0026098 0.0013751 0.0000000 0.0131529 0.0050209 0.8783680
  8 A   8 0.0117396 0.0000000 0.0047332 0.0121160 0.0000000 0.0011113 0.0046199 0.0038813 0.0096851 0.0000000 0.0030313 0.0026163 0.0011420 0.0000000 0.0000000 0.0452900 0.0205761 0.0000000 0.0000000 0.0039671 0.8754909
  9 D   9 0.0035095 0.0061784 0.0072392 0.0428881 0.0000000 0.0139832 0.0177377 0.0026933 0.0055106 0.0000000 0.0000000 0.0011127 0.0000000 0.0014386 0.0119992 0.0051831 0.0034974 0.0000000 0.0019753 0.0049256 0.8701282
 10 F  10 0.0098323 0.0043304 0.0015253 0.0034304 0.0000000 0.0045596 0.0000000 0.0011191 0.0049072 0.0071175 0.0124354 0.0030678 0.0000000 0.0153433 0.0069550 0.0057507 0.0021870 0.0014873 0.0095841 0.0378419 0.8685256
 11 I  11 0.0077273 0.0010528 0.0167712 0.0083012 0.0014873 0.0000000 0.0000000 0.0057326 0.0000000 0.0106150 0.0120932 0.0000000 0.0035982 0.0184470 0.0108541 0.0216422 0.0108205 0.0000000 0.0050163 0.0054393 0.8604016
 12 A  12 0.0141991 0.0060598 0.0092012 0.0045419 0.0016100 0.0150260 0.0048343 0.0241966 0.0009508 0.0014213 0.0033001 0.0047892 0.0024099 0.0031366 0.0034093 0.0307378 0.0126831 0.0000000 0.0012134 0.0034630 0.8528168
 13 S  13 0.0057538 0.0166660 0.0038132 0.0012142 0.0013372 0.0065281 0.0055716 0.0000000 0.0000000 0.0030742 0.0057591 0.0161068 0.0000000 0.0000000 0.0384369 0.0392392 0.0166099 0.0000000 0.0000000 0.0049258 0.8349642
 14 G  14 0.0094973 0.0030578 0.0147185 0.0038992 0.0000000 0.0139001 0.0107012 0.0526752 0.0000000 0.0000000 0.0059777 0.0019338 0.0026858 0.0015041 0.0087782 0.0397234 0.0177068 0.0000000 0.0000000 0.0059623 0.8072787
 15 R  15 0.0047080 0.1174056 0.0136350 0.0050048 0.0000000 0.0089932 0.0141161 0.0023576 0.0034675 0.0010778 0.0097797 0.0396558 0.0000000 0.0000000 0.0157420 0.0189592 0.0029446 0.0000000 0.0016529 0.0080040 0.7324962
 16 T  16 0.0078802 0.0025286 0.0156314 0.0000000 0.0000000 0.1378321 0.0028516 0.0059798 0.0028456 0.0000000 0.0109232 0.0098992 0.0000000 0.0016325 0.0113113 0.0183301 0.0320556 0.0000000 0.0030800 0.0133959 0.7238230
 17 G  17 0.0095032 0.0028837 0.0147807 0.0082998 0.0000000 0.0135830 0.0060225 0.1369525 0.0094888 0.0000000 0.0068096 0.0146773 0.0000000 0.0016304 0.0036326 0.0424453 0.0107653 0.0000000 0.0000000 0.0029694 0.7155560
 18 R  18 0.0177925 0.0489780 0.0053608 0.0059978 0.0000000 0.0089454 0.0084901 0.0009474 0.0077844 0.0054000 0.0778095 0.0044953 0.0133340 0.0229864 0.0120429 0.0205568 0.0162211 0.0000000 0.0263036 0.0045251 0.6920289
 19 R  19 0.0162077 0.0446901 0.0181677 0.0027479 0.0000000 0.0540130 0.0041419 0.0041393 0.0121188 0.0041711 0.0042701 0.0769520 0.0013692 0.0000000 0.0129252 0.0389797 0.0111433 0.0000000 0.0000000 0.0031554 0.6908077
 20 N  20 0.0092720 0.0101542 0.0153600 0.0047635 0.1086578 0.0072872 0.0144279 0.0024565 0.0028717 0.0035519 0.0110913 0.0009508 0.0011626 0.0037363 0.0139838 0.0408491 0.0356569 0.0000000 0.0231393 0.0044099 0.6862172
 21 A  21 0.0226847 0.0042244 0.0185987 0.0132835 0.0000000 0.0224628 0.0514684 0.0340306 0.0014324 0.0318533 0.0123902 0.0233169 0.0013834 0.0089032 0.0136711 0.0326280 0.0075699 0.0000000 0.0043664 0.0129551 0.6827770
 22 I  22 0.0191623 0.0059202 0.0283910 0.0343880 0.0023265 0.0311211 0.0367064 0.0046242 0.0067637 0.0210616 0.0274037 0.0092417 0.0085856 0.0008152 0.0055362 0.0199438 0.0204699 0.0000000 0.0018780 0.0403623 0.6752985
 23 H  23 0.0032224 0.0062207 0.0505677 0.0183974 0.1143109 0.0235403 0.0064943 0.0060610 0.0078691 0.0019753 0.0008663 0.0054742 0.0000000 0.0221665 0.0331729 0.0254424 0.0085683 0.0000000 0.0018156 0.0015924 0.6622423
 24 D  24 0.0193067 0.0103837 0.0272172 0.0353888 0.0025170 0.0306926 0.0226538 0.0261300 0.0049826 0.0059060 0.0048658 0.0670498 0.0000000 0.0000000 0.0439824 0.0290733 0.0081151 0.0000000 0.0013536 0.0045078 0.6558738
 25 I  25 0.0077698 0.0100640 0.0115789 0.0054083 0.0017789 0.0081023 0.0040244 0.0035904 0.0033877 0.0327096 0.0707592 0.0233472 0.0507917 0.0160160 0.0122318 0.0055999 0.0246527 0.0027759 0.0143381 0.0463625 0.6447105
 26 L  26 0.0197082 0.0145378 0.0762504 0.0116035 0.0069037 0.0179262 0.0043604 0.0084698 0.0012627 0.0122479 0.0765737 0.0057622 0.0063363 0.0038478 0.0072450 0.0149210 0.0311540 0.0035353 0.0012011 0.0392069 0.6369460
 27 V  27 0.0269193 0.0054083 0.0176936 0.0140523 0.0073132 0.0132476 0.0154660 0.0043618 0.0016795 0.0203523 0.0237809 0.0021753 0.0031693 0.0076801 0.0222471 0.0278434 0.0215156 0.0014386 0.0188730 0.1115976 0.6331852
 28 S  28 0.0181234 0.0113589 0.0339397 0.0341683 0.0000000 0.0145151 0.0196682 0.0183030 0.1092723 0.0000000 0.0026159 0.0099136 0.0000000 0.0020097 0.0461220 0.0334641 0.0119977 0.0018638 0.0037915 0.0028717 0.6260008
 29 S  29 0.0348002 0.0123435 0.0655665 0.0107930 0.0031330 0.0139399 0.0173579 0.0092511 0.0225470 0.0040501 0.0043506 0.0509818 0.0038055 0.0033634 0.0346932 0.0574709 0.0195777 0.0000000 0.0007596 0.0136580 0.6175571
 30 A  30 0.0421688 0.0406287 0.0097372 0.0052314 0.0582219 0.0164968 0.0041288 0.0163268 0.0010461 0.0073335 0.0370457 0.0275645 0.0015136 0.0050112 0.0228223 0.0403867 0.0220316 0.0000000 0.0031502 0.0077932 0.6313609
 31 S  31 0.0275199 0.0185586 0.0069357 0.0082237 0.0366577 0.0143676 0.0067400 0.1023978 0.0094105 0.0022708 0.0128491 0.0167542 0.0010259 0.0000000 0.0289425 0.0465307 0.0210862 0.0000000 0.0037007 0.0084038 0.6276247
 32 G  32 0.0233113 0.0173791 0.0140548 0.0294657 0.0000000 0.0097561 0.0125864 0.0388388 0.0287275 0.0390024 0.0075219 0.0228762 0.0021241 0.0013834 0.0455034 0.0341261 0.0111990 0.0000000 0.0101948 0.0334696 0.6184795
 33 N  33 0.0270135 0.0193821 0.0870406 0.0264675 0.0000000 0.0406384 0.0143999 0.0211595 0.0021477 0.0117792 0.0098146 0.0462779 0.0036396 0.0062735 0.0094706 0.0399298 0.0169980 0.0000000 0.0021200 0.0149586 0.6004890
 34 S  34 0.0443592 0.0087713 0.0214326 0.0064467 0.0297399 0.0221085 0.0099159 0.0044259 0.0025082 0.0184800 0.0345128 0.0224921 0.0060007 0.0143313 0.0222211 0.0668515 0.0703312 0.0045906 0.0098322 0.0057313 0.5749172
 35 N  35 0.0162423 0.0244165 0.0491432 0.0281078 0.0061437 0.0299446 0.0291513 0.0130433 0.0216424 0.0081552 0.0014391 0.0420593 0.0000000 0.0068835 0.0557023 0.0364334 0.0225429 0.0000000 0.0009318 0.0446593 0.5633581
 36 E  36 0.0284935 0.0216677 0.0121096 0.0333254 0.0034658 0.0371588 0.0455349 0.0149296 0.0060787 0.0000000 0.0243463 0.0305129 0.0047571 0.0051505 0.1187382 0.0305077 0.0212558 0.0000000 0.0034136 0.0059973 0.5525567
 37 L  37 0.0138429 0.0095001 0.0162857 0.0109862 0.0051767 0.0191176 0.0066214 0.0126597 0.0172088 0.0557060 0.0748217 0.0355447 0.0440695 0.0118930 0.0103884 0.0299462 0.0209512 0.0000000 0.0074280 0.0471810 0.5506711
 38 A  38 0.0848221 0.0178712 0.0182951 0.0115456 0.0032355 0.0229383 0.0102223 0.0143922 0.0171386 0.0080982 0.0123638 0.0163921 0.0074262 0.0139616 0.0251225 0.0428867 0.0235713 0.0736183 0.0111313 0.0250799 0.5398872
 39 L  39 0.0381567 0.0130814 0.0350275 0.0335025 0.0253997 0.0291085 0.0450029 0.0070699 0.0169786 0.0047955 0.0470949 0.0321052 0.0212724 0.0039687 0.0587897 0.0149675 0.0111975 0.0000000 0.0079615 0.0316092 0.5229103
 40 K  40 0.0526016 0.0241214 0.0268551 0.0018742 0.0021694 0.0282614 0.0142400 0.0323267 0.0452457 0.0277248 0.0038595 0.0732215 0.0061738 0.0080164 0.0435803 0.0290579 0.0182375 0.0023161 0.0247822 0.0151060 0.5202288
 41 L  41 0.0230944 0.0143431 0.0099782 0.0084257 0.0021918 0.0160179 0.0467338 0.0148193 0.0081429 0.0306676 0.1309739 0.0169042 0.0147266 0.0236174 0.0420539 0.0187630 0.0288843 0.0021386 0.0091977 0.0216498 0.5166759
 42 A  42 0.1221312 0.0213259 0.0172982 0.0215845 0.0392492 0.0182994 0.0208752 0.0183288 0.0058185 0.0093093 0.0338160 0.0141601 0.0007080 0.0043663 0.0487250 0.0577551 0.0223631 0.0000000 0.0028073 0.0130772 0.5080019
 43 G  43 0.0395129 0.0083826 0.0318689 0.0390868 0.0015523 0.0304665 0.0411127 0.0681044 0.0150730 0.0108759 0.0096317 0.0188943 0.0111598 0.0033517 0.0267801 0.0600726 0.0599083 0.0014104 0.0012123 0.0226581 0.4988845
 44 L  44 0.0327669 0.0103281 0.0074959 0.0126415 0.0008870 0.0221594 0.0261575 0.0138188 0.0034116 0.0442394 0.0609280 0.0440684 0.0181739 0.0751715 0.0296639 0.0256008 0.0142017 0.0011358 0.0063656 0.0485954 0.5021889
 45 D  45 0.0246634 0.0181925 0.0402875 0.1247488 0.0017205 0.0172134 0.0376171 0.0481047 0.0050611 0.0025149 0.0173336 0.0159810 0.0010840 0.0036178 0.0229470 0.0643214 0.0289661 0.0000000 0.0047457 0.0235032 0.4973765
 46 I  46 0.0166970 0.0186043 0.0102167 0.0220011 0.0000000 0.0418547 0.0218421 0.0161175 0.0187962 0.0574742 0.0555437 0.0150553 0.0044062 0.0120986 0.0251438 0.0177668 0.0195233 0.0016535 0.0117339 0.1216909 0.4917801
 47 N  47 0.0295499 0.0079066 0.0238427 0.0252686 0.0022289 0.0360585 0.0186897 0.0232095 0.0224526 0.0262198 0.0394541 0.0295544 0.0099426 0.0214547 0.0253635 0.0958676 0.0393130 0.0000000 0.0033895 0.0359483 0.4842857
 48 K  48 0.0164379 0.0673876 0.0201633 0.0184778 0.0032256 0.0472830 0.0423271 0.0709234 0.0152098 0.0062743 0.0095526 0.0403037 0.0046185 0.0122204 0.0938739 0.0330142 0.0127367 0.0052541 0.0065086 0.0057844 0.4684231
 49 T  49 0.0401849 0.0208780 0.0293140 0.0790269 0.0018219 0.0355913 0.0165660 0.0071779 0.0160872 0.0097723 0.0346930 0.0244437 0.0119645 0.0067699 0.0525170 0.0727180 0.0470105 0.0007565 0.0151535 0.0229063 0.4546466
 50 E  50 0.0477979 0.0379117 0.0405201 0.0333185 0.0114106 0.0397222 0.0456110 0.0130997 0.0292775 0.0070021 0.0398285 0.0458975 0.0086829 0.0254899 0.0357730 0.0536329 0.0239057 0.0000000 0.0042020 0.0108123 0.4461040
 51 G  51 0.0326984 0.0173297 0.0221881 0.0326212 0.0035440 0.0389211 0.0211692 0.0463269 0.0145073 0.0147081 0.0284354 0.0364365 0.0213707 0.0381742 0.0158315 0.1232973 0.0251762 0.0041325 0.0082034 0.0132687 0.4416596
 52 E  52 0.0287356 0.0250257 0.0143759 0.0490166 0.0022444 0.0451175 0.0896567 0.0142433 0.0300223 0.0193271 0.0293889 0.0134021 0.0058365 0.0094482 0.0510889 0.0668640 0.0247519 0.0007913 0.0176571 0.0282716 0.4347343
 53 E  53 0.0417511 0.0118446 0.0170696 0.0144187 0.0041255 0.0336489 0.0697882 0.0142842 0.0014686 0.0427962 0.0521910 0.0234150 0.0088831 0.0104007 0.0781662 0.0704857 0.0185266 0.0000000 0.0128185 0.0479246 0.4259932
 54 D  54 0.0206332 0.0431287 0.0293308 0.0966970 0.0012837 0.0285957 0.0492370 0.0252303 0.0039520 0.0159171 0.0527717 0.0201028 0.0122479 0.0186603 0.0477307 0.0526962 0.0291740 0.0021424 0.0088085 0.0264864 0.4151734
 55 A  55 0.0338253 0.0336729 0.0220497 0.0315922 0.0103054 0.0463614 0.0304396 0.0222701 0.0101623 0.0541373 0.0304735 0.0161657 0.0064836 0.0259283 0.0507655 0.0681616 0.0391305 0.0055377 0.0062819 0.0438058 0.4124496
 56 Q  56 0.0244769 0.0128306 0.0215489 0.0169996 0.0076379 0.0646946 0.0361807 0.0258770 0.0184737 0.0420165 0.0220851 0.0415511 0.0040084 0.0018647 0.0453124 0.1332667 0.0441922 0.0026361 0.0101029 0.0400100 0.3842343
 57 R  57 0.0335197 0.0430389 0.0166331 0.0157351 0.0082334 0.0564952 0.0583701 0.0140761 0.0100547 0.0165180 0.0310082 0.0656889 0.0025735 0.0220420 0.0493098 0.0637431 0.0189265 0.0000000 0.0233271 0.0711903 0.3795162
 58 S  58 0.0507717 0.0099973 0.0283294 0.0388637 0.0030341 0.0395558 0.0259045 0.0197725 0.0157581 0.0182921 0.0364603 0.0284421 0.0152616 0.0313147 0.0265609 0.0706846 0.0606273 0.0012059 0.0683267 0.0365869 0.3742500
 59 S  59 0.0330715 0.0489588 0.0293978 0.0657156 0.0042495 0.0228363 0.0362634 0.0200917 0.0163276 0.0126597 0.0336742 0.0145546 0.0069788 0.0241404 0.0734311 0.0932003 0.0718806 0.0000000 0.0051329 0.0147241 0.3727110
 60 T  60 0.0508931 0.0606915 0.0202160 0.0397129 0.0079923 0.0393757 0.0230210 0.0107290 0.0294700 0.0203520 0.0236972 0.0248198 0.0094342 0.0082666 0.0656517 0.0932090 0.0778630 0.0007602 0.0157392 0.0214286 0.3566770
 61 E  61 0.0622779 0.0265488 0.0234531 0.0314013 0.0035566 0.0587404 0.0431793 0.0282126 0.0140546 0.0214384 0.0346950 0.0318448 0.0074817 0.0114065 0.0824679 0.0651390 0.0331209 0.0029704 0.0113266 0.0564916 0.3501925
 62 Q  62 0.0360001 0.0225600 0.0382833 0.0359122 0.0067475 0.0732515 0.0696155 0.0363971 0.0176237 0.0078544 0.0202266 0.0520474 0.0053424 0.0069182 0.0690615 0.0700885 0.0504158 0.0014104 0.0208200 0.0151835 0.3442404
 63 S  63 0.0384085 0.0358370 0.0180055 0.0474594 0.0067823 0.0451969 0.0545748 0.0322288 0.0254187 0.0128916 0.0502046 0.0282490 0.0078335 0.0239705 0.0928099 0.0699244 0.0377708 0.0012837 0.0074897 0.0211554 0.3425049
 64 G  64 0.0275649 0.0342526 0.0303317 0.0775126 0.0027932 0.0325578 0.0451301 0.1146833 0.0349056 0.0108408 0.0194966 0.0358589 0.0130518 0.0026626 0.0505521 0.0784279 0.0333022 0.0000000 0.0026610 0.0146055 0.3388088
 65 E  65 0.0478762 0.0197545 0.0406579 0.1033451 0.0005977 0.0424911 0.1006163 0.0184202 0.0181768 0.0113403 0.0296597 0.0334679 0.0206823 0.0047045 0.0738171 0.0409840 0.0349570 0.0000000 0.0072674 0.0214977 0.3296861
 66 A  66 0.0346125 0.0279292 0.0227442 0.0379684 0.0072819 0.0279094 0.0530481 0.0388635 0.0119937 0.0198448 0.0324776 0.0333558 0.0045657 0.0679290 0.0526981 0.1001022 0.0411036 0.0026516 0.0321407 0.0225949 0.3281849
 67 Q  67 0.0250676 0.0452001 0.0241605 0.0515032 0.0011159 0.0798630 0.0411538 0.0219565 0.0110624 0.0192691 0.0676799 0.0132284 0.0155045 0.0433742 0.0967486 0.0359417 0.0287467 0.0010660 0.0242039 0.0271242 0.3260295
 68 G  68 0.0269894 0.0304721 0.0754060 0.0330527 0.0043394 0.0545052 0.0460559 0.1369186 0.0159441 0.0081560 0.0225035 0.0192342 0.0075792 0.0130228 0.0218102 0.0884425 0.0443538 0.0000000 0.0046463 0.0271150 0.3194533
 69 E  69 0.0434799 0.0199475 0.0234407 0.0621949 0.0006126 0.0468447 0.0817620 0.0340817 0.0371584 0.0275842 0.0366285 0.0438940 0.0061342 0.0128634 0.0431699 0.0672462 0.0216730 0.0035353 0.0056384 0.0631449 0.3189658
 70 A  70 0.0577547 0.0153532 0.0179392 0.0340619 0.0000000 0.0280992 0.0205537 0.0315070 0.0146521 0.0278489 0.0672303 0.0342633 0.0101558 0.0169963 0.1120892 0.0623281 0.0415241 0.0142300 0.0068367 0.0698496 0.3167269
 71 A  71 0.0867833 0.0388365 0.0226039 0.0324603 0.0080447 0.0285954 0.0568209 0.0352001 0.0111065 0.0316591 0.0350848 0.0263762 0.0144353 0.0079652 0.0681337 0.0811979 0.0554138 0.0006167 0.0053239 0.0389052 0.3144366
 72 K  72 0.0507547 0.0335406 0.0230581 0.0514021 0.0000000 0.0509894 0.0332844 0.0206589 0.0386889 0.0328479 0.0648819 0.0509271 0.0070152 0.0065068 0.0813748 0.0862615 0.0227301 0.0026843 0.0080005 0.0252825 0.3091106
 73 S  73 0.0990606 0.0216631 0.0233367 0.0543546 0.0063274 0.0435714 0.0553866 0.0252055 0.0178684 0.0169982 0.0214198 0.0405909 0.0092067 0.0090820 0.0785929 0.0802992 0.0404530 0.0025975 0.0126134 0.0346193 0.3067527
 74 E  74 0.0438604 0.0555936 0.0437906 0.0617253 0.0020846 0.0563849 0.1130146 0.0394023 0.0120132 0.0377649 0.0319370 0.0307305 0.0140699 0.0025164 0.0668175 0.0395052 0.0289539 0.0000000 0.0025060 0.0133112 0.3040181
 75 S  75 0.0685354 0.0144789 0.0580038 0.0380263 0.0119596 0.0477493 0.0439671 0.0264955 0.0339389 0.0283874 0.0432510 0.0120942 0.0151401 0.0239033 0.0425520 0.1148898 0.0429264 0.0019187 0.0072703 0.0246344 0.2998776
 76 G  76 0.0665457 0.0171304 0.0433784 0.0446909 0.0056188 0.0415289 0.0304586 0.0856387 0.0529500 0.0271232 0.0356245 0.0310967 0.0084507 0.0089982 0.0483757 0.0765651 0.0406263 0.0010021 0.0159211 0.0271368 0.2911392
 77 N  77 0.0489996 0.0124186 0.1225525 0.0605078 0.0030081 0.0615791 0.0483809 0.0361973 0.0358500 0.0182459 0.0235697 0.0325892 0.0073602 0.0115593 0.0400210 0.0672704 0.0260356 0.0012059 0.0071743 0.0474818 0.2879927
 78 A  78 0.0725173 0.0272379 0.0188420 0.0245285 0.0022896 0.0369428 0.0479064 0.0412942 0.0347030 0.0433937 0.0852161 0.0258271 0.0125358 0.0118713 0.0450262 0.0843922 0.0476068 0.0039302 0.0069498 0.0513522 0.2756370
 79 A  79 0.0665860 0.0057170 0.0196667 0.0462844 0.0057162 0.0386689 0.0586626 0.0355028 0.0131745 0.0310742 0.0328230 0.0211805 0.0105452 0.0398496 0.1206409 0.0866617 0.0469551 0.0000000 0.0120890 0.0347990 0.2734028
 80 A  80 0.0855827 0.0514948 0.0211331 0.0441108 0.0093341 0.0638990 0.0495046 0.0231241 0.0199134 0.0198982 0.0344341 0.0560773 0.0191898 0.0188603 0.0428129 0.0654556 0.0485618 0.0112115 0.0147237 0.0267134 0.2739646
 81 A  81 0.0596801 0.0204801 0.0270111 0.0286434 0.0140873 0.0438547 0.0451586 0.0587222 0.0183854 0.0566173 0.0844351 0.0208310 0.0090289 0.0121725 0.0432762 0.0944938 0.0368258 0.0024497 0.0051908 0.0433025 0.2753534
 82 K  82 0.0499423 0.0342242 0.0361106 0.0290528 0.0059528 0.0951976 0.0458546 0.0312405 0.0177163 0.0082728 0.0297318 0.0794527 0.0080198 0.0404591 0.0667512 0.0862920 0.0298123 0.0024323 0.0025451 0.0281707 0.2727684
 83 K  83 0.0456754 0.0311916 0.0537883 0.0220809 0.0046285 0.0618013 0.0577861 0.0394595 0.0230459 0.0098032 0.0379580 0.0669359 0.0083796 0.0052020 0.0733787 0.1157786 0.0393896 0.0116125 0.0072496 0.0229547 0.2619002
 84 G  84 0.0444898 0.0173303 0.0205978 0.0412135 0.0198834 0.0737289 0.0721629 0.0858097 0.0327600 0.0285275 0.0366834 0.0265726 0.0051630 0.0672951 0.0664866 0.0538989 0.0347348 0.0005893 0.0116272 0.0244644 0.2359809
 85 S  85 0.0478118 0.0286655 0.0355875 0.0600616 0.0095527 0.0437089 0.0519137 0.0365062 0.0321048 0.0367934 0.0567714 0.0231080 0.0187093 0.0081212 0.0489844 0.0846952 0.0370601 0.0081434 0.0145889 0.0847088 0.2324034
 86 E  86 0.0654688 0.0287049 0.0179886 0.0765069 0.0017786 0.0540012 0.1376874 0.0530761 0.0288132 0.0098188 0.0323698 0.0398327 0.0074589 0.0016175 0.0489911 0.1019144 0.0214884 0.0148311 0.0017491 0.0215546 0.2343477
 87 Q  87 0.0577545 0.0343720 0.0568263 0.0506586 0.0046902 0.0621188 0.0785342 0.0165981 0.0293223 0.0280719 0.0299425 0.0298848 0.0353778 0.0084418 0.0630663 0.0742298 0.0468950 0.0137784 0.0104099 0.0360237 0.2330031
 88 E  88 0.0347136 0.0385743 0.0328243 0.0841712 0.0086854 0.0681108 0.1489274 0.0238151 0.0160347 0.0151248 0.0171181 0.0395871 0.0067803 0.0120349 0.0425942 0.1092476 0.0383616 0.0000000 0.0043131 0.0267077 0.2322737
 89 S  89 0.0346416 0.0337960 0.0378022 0.0584289 0.0000000 0.0364242 0.0387668 0.0590238 0.0099250 0.0289777 0.0538831 0.0383309 0.0131715 0.0164247 0.0410438 0.1424168 0.0571475 0.0488176 0.0113993 0.0233121 0.2162664
 90 V  90 0.0412821 0.0118776 0.0142108 0.0389802 0.0069305 0.0324901 0.0320568 0.0359374 0.0131092 0.0581821 0.0816585 0.0511409 0.0302753 0.0225189 0.0514580 0.0593176 0.0355606 0.0043980 0.0369697 0.1239076 0.2177381
 91 K  91 0.0451891 0.0258586 0.0479659 0.0828061 0.0030408 0.0929103 0.0644249 0.0280936 0.0485900 0.0085969 0.0243472 0.0952999 0.0106532 0.0190560 0.0529533 0.0770789 0.0444786 0.0016019 0.0046849 0.0190090 0.2033608
 92 E  92 0.0587259 0.0562082 0.0457297 0.0755045 0.0000000 0.0692641 0.1511777 0.0312741 0.0254863 0.0109933 0.0386268 0.0273313 0.0100362 0.0061028 0.0308207 0.0860662 0.0298080 0.0009434 0.0122594 0.0341160 0.1995256
 93 F  93 0.0459973 0.0181372 0.0502025 0.0635500 0.0030316 0.0748559 0.0566197 0.0492559 0.0260142 0.0324543 0.0307628 0.0540750 0.0041713 0.0619883 0.0475078 0.0710033 0.0430183 0.0037097 0.0170057 0.0473429 0.1992963
 94 L  94 0.0458446 0.0259129 0.0581244 0.0249032 0.0031029 0.0539713 0.0458420 0.0417125 0.0230648 0.0422396 0.0984129 0.0279035 0.0215563 0.0221183 0.0581435 0.0944742 0.0367099 0.0000000 0.0204606 0.0569371 0.1985653
 95 A  95 0.0776014 0.0221317 0.0366398 0.0550776 0.0046078 0.0576423 0.0852141 0.1009576 0.0158997 0.0183575 0.0207235 0.0350915 0.0109000 0.0046118 0.0557848 0.1084537 0.0389208 0.0011747 0.0038462 0.0573122 0.1890510
 96 K  96 0.0468527 0.0370354 0.0659061 0.0490796 0.0040628 0.0687420 0.0707671 0.0511108 0.0141676 0.0120825 0.0181821 0.0715962 0.0140995 0.0087563 0.0485428 0.0930486 0.0727370 0.0025776 0.0246791 0.0330190 0.1929553
 97 A  97 0.1106278 0.0162786 0.0212403 0.0383204 0.0017014 0.0326538 0.0758508 0.1014935 0.0042228 0.0394648 0.0522103 0.0359950 0.0124540 0.0070550 0.0535038 0.1256861 0.0459569 0.0019361 0.0035769 0.0379256 0.1818459
 98 K  98 0.0373298 0.0631303 0.0228848 0.0435422 0.0028966 0.0490025 0.0715318 0.0478285 0.0481985 0.0166841 0.0254274 0.1468706 0.0142993 0.0033991 0.0452934 0.0998585 0.0576623 0.0014587 0.0069426 0.0202915 0.1754677
 99 E  99 0.0303029 0.0382756 0.0220845 0.0401962 0.0047956 0.0478077 0.1781911 0.0303365 0.0141635 0.0956190 0.0404269 0.0422967 0.0118578 0.0143774 0.0462699 0.0600226 0.0353748 0.0000000 0.0058851 0.0626755 0.1790407
100 D 100 0.0413480 0.0348528 0.0429894 0.1021494 0.0055519 0.0600344 0.0866528 0.0260575 0.0244691 0.0646203 0.0253265 0.0572445 0.0060173 0.0103965 0.0699326 0.0902279 0.0376124 0.0036168 0.0149763 0.0294537 0.1664699
101 F 101 0.0337342 0.0162482 0.0241517 0.0395019 0.0023019 0.0379061 0.0932138 0.0369762 0.0159257 0.0882182 0.0947664 0.0262070 0.0113988 0.0617370 0.0444634 0.0806728 0.0443037 0.0009434 0.0106566 0.0736136 0.1630594
102 L 102 0.0411883 0.0236261 0.0263998 0.0380965 0.0059642 0.0525067 0.1034627 0.0541262 0.0238307 0.0558578 0.1271050 0.0296958 0.0277379 0.0050805 0.0472828 0.0850363 0.0512843 0.0007743 0.0037330 0.0335127 0.1636983
103 K 103 0.0450178 0.0450458 0.0373896 0.0446419 0.0052903 0.0534644 0.0873698 0.0266453 0.0129894 0.0550149 0.0248375 0.0754033 0.0198423 0.0103106 0.0715822 0.0706477 0.0510097 0.0044737 0.0044324 0.0944520 0.1601394
104 K 104 0.0569145 0.0501968 0.0398007 0.0548148 0.0024595 0.0484929 0.0970851 0.0362215 0.0317616 0.0526822 0.0352411 0.0792767 0.0149800 0.0120339 0.0482994 0.0956971 0.0307216 0.0000000 0.0194257 0.0371428 0.1567521
105 W 105 0.0340955 0.0602979 0.0388275 0.0283455 0.0023183 0.0420059 0.0379275 0.0221077 0.0314644 0.0366421 0.0615973 0.0358516 0.0104736 0.0555075 0.0359995 0.0551183 0.0461504 0.0564423 0.0720063 0.0800070 0.1568139
106 E 106 0.0385289 0.0531630 0.0364468 0.0289888 0.0050715 0.0934259 0.0835293 0.0641897 0.0123386 0.0188632 0.0303536 0.0658336 0.0054851 0.0108283 0.0423410 0.0852941 0.0776075 0.0006947 0.0072715 0.0925774 0.1471674
107 T 107 0.0332017 0.1467582 0.0700293 0.0220574 0.0058744 0.0524738 0.0404578 0.0439002 0.0132951 0.0258587 0.0330556 0.0782477 0.0195810 0.0094294 0.0858520 0.0911047 0.0641188 0.0008895 0.0106557 0.0203790 0.1327801
108 P 108 0.0405090 0.0355119 0.0501584 0.0151718 0.0000000 0.0644256 0.0699931 0.0527900 0.0206227 0.0151893 0.0425364 0.0696613 0.0059113 0.0072381 0.1507882 0.0885897 0.0803926 0.0000000 0.0047063 0.0510477 0.1347567
109 S 109 0.0537001 0.0598931 0.0364447 0.0306131 0.0036659 0.0347642 0.0661099 0.1183755 0.0411890 0.0144338 0.0178876 0.0752490 0.0077498 0.0046334 0.0517986 0.1123269 0.1066509 0.0000000 0.0102996 0.0277402 0.1264747
110 Q 110 0.0421843 0.1014012 0.0744209 0.0167134 0.0032613 0.0848385 0.0231366 0.0541009 0.0629633 0.0046801 0.0125626 0.2060770 0.0006231 0.0100220 0.0315209 0.0831953 0.0417544 0.0000000 0.0092565 0.0263672 0.1109205
111 N 111 0.0263701 0.1401531 0.0870524 0.0426171 0.0035480 0.0383338 0.1130880 0.1077351 0.0258940 0.0061812 0.0043577 0.1207423 0.0069359 0.0139097 0.0627832 0.0617159 0.0331910 0.0012629 0.0009003 0.0116846 0.0915437
112 T 112 0.0187206 0.1470579 0.0396628 0.0026943 0.0020373 0.0631431 0.0086856 0.0218161 0.0513722 0.0101259 0.0059474 0.3409669 0.0091724 0.0000000 0.0360496 0.0646228 0.0755130 0.0000000 0.0000000 0.0206738 0.0817381
113 A 113 0.1392605 0.0006890 0.0089665 0.0000000 0.0210704 0.0008001 0.0023637 0.0038833 0.0000000 0.1075627 0.1743584 0.0051422 0.0290755 0.0486095 0.0105657 0.0073800 0.0119179 0.0136037 0.1650931 0.1737252 0.0759325
114 Q 114 0.0237587 0.0526933 0.0466615 0.0683896 0.0199212 0.0157155 0.0037100 0.2171490 0.0190043 0.0145246 0.0032197 0.1130832 0.0000000 0.0087616 0.0016892 0.1674103 0.1547497 0.0000000 0.0000000 0.0015260 0.0680326
115 L 115 0.0385519 0.0008971 0.0010316 0.0000000 0.0000000 0.0057459 0.0033797 0.0000000 0.0000000 0.1357887 0.4012282 0.0063035 0.0453995 0.0279159 0.2109861 0.0030313 0.0051383 0.0000000 0.0051546 0.0408072 0.0686406
116 D 116 0.0227031 0.0137820 0.0734620 0.3216031 0.0006423 0.0714481 0.1576783 0.0462748 0.0149001 0.0008809 0.0026099 0.0219312 0.0008870 0.0000000 0.0007414 0.1334352 0.0609889 0.0000000 0.0022761 0.0000000 0.0537557
117 Q 117 0.0085673 0.0000000 0.0437292 0.6897029 0.0116256 0.0771123 0.0472145 0.0000000 0.0394318 0.0000000 0.0008001 0.0023195 0.0000000 0.0000000 0.0000000 0.0311971 0.0000000 0.0000000 0.0000000 0.0035883 0.0447115
118 F 118 0.0000000 0.0000000 0.0000000 0.0000000 0.0000000 0.0000000 0.0000000 0.0000000 0.0000000 0.0000000 0.0305020 0.0000000 0.0000000 0.8279839 0.0000000 0.0000000 0.0000000 0.0038537 0.1008982 0.0000000 0.0367622
119 D 119 0.0032304 0.0203428 0.1304828 0.1646986 0.0010428 0.0889039 0.3708021 0.0000000 0.0162974 0.0175284 0.0087977 0.0285327 0.0011380 0.0000000 0.0000000 0.0234733 0.0589790 0.0000000 0.0074551 0.0215328 0.0367622
120 R 120 0.0022600 0.0383241 0.0000000 0.0000000 0.0139907 0.0050630 0.0000000 0.0000000 0.0000000 0.1691046 0.3817833 0.0010382 0.0250298 0.2391391 0.0000000 0.0000000 0.0095040 0.0000000 0.0200882 0.0600890 0.0345859
121 I 121 0.0027429 0.0186534 0.0014464 0.0000000 0.0117861 0.0355098 0.0064290 0.0110803 0.0242839 0.1333011 0.5803295 0.0630337 0.0381796 0.0022874 0.0000000 0.0078898 0.0035095 0.0000000 0.0049959 0.0206836 0.0338581
122 K 122 0.0832611 0.2282857 0.0090433 0.0142856 0.0000000 0.0324992 0.0704747 0.0098528 0.0082997 0.0000000 0.0000000 0.4462394 0.0147362 0.0009759 0.0000000 0.0177080 0.0195002 0.0000000 0.0015278 0.0094523 0.0338581
123 T 123 0.0011787 0.0000000 0.0027429 0.0201811 0.0010040 0.0000000 0.0400740 0.0000000 0.0000000 0.0076357 0.0926050 0.0111870 0.0229372 0.0011757 0.0098085 0.0021954 0.2418192 0.0000000 0.0007643 0.5143747 0.0303166
124 L 124 0.0000000 0.0000000 0.0000000 0.0000000 0.0000000 0.0000000 0.0000000 0.0000000 0.0000000 0.2540004 0.6200193 0.0000000 0.0014514 0.0000000 0.0000000 0.0012502 0.0000000 0.0000000 0.0000000 0.0993237 0.0239551
125 G 125 0.0035095 0.0000000 0.0000000 0.0000000 0.0000000 0.0000000 0.0000000 0.9700168 0.0000000 0.0000000 0.0000000 0.0000000 0.0000000 0.0000000 0.0000000 0.0031801 0.0000000 0.0000000 0.0000000 0.0000000 0.0232936
126 T 126 0.0000000 0.1069038 0.0091194 0.0000000 0.0000000 0.0931622 0.0224070 0.0000000 0.0017879 0.0085133 0.0026441 0.4446101 0.0039638 0.0000000 0.0000000 0.0035095 0.2481861 0.0000000 0.0019581 0.0324947 0.0207397
127 G 127 0.0000000 0.0000000 0.0000000 0.0000000 0.0000000 0.0000000 0.0000000 0.9800246 0.0000000 0.0000000 0.0000000 0.0000000 0.0000000 0.0000000 0.0000000 0.0000000 0.0000000 0.0000000 0.0000000 0.0000000 0.0199754
128 S 128 0.0684195 0.0000000 0.0692022 0.0000000 0.0000000 0.0029385 0.0000000 0.0353533 0.0127068 0.0000000 0.0000000 0.0000000 0.0000000 0.0030050 0.0000000 0.6042039 0.1856851 0.0000000 0.0000000 0.0000000 0.0184856
129 F 129 0.0000000 0.0000000 0.0000000 0.0000000 0.0000000 0.0000000 0.0000000 0.0000000 0.0111870 0.0000000 0.0041722 0.0000000 0.0000000 0.8236612 0.0000000 0.0021668 0.0000000 0.0000000 0.1403272 0.0000000 0.0184856
130 G 130 0.0451851 0.0000000 0.0000000 0.0000000 0.0000000 0.0000000 0.0000000 0.8300992 0.0000000 0.0000000 0.0000000 0.0000000 0.0000000 0.0000000 0.0017287 0.1045014 0.0000000 0.0000000 0.0000000 0.0000000 0.0184856
131 R 131 0.0000000 0.2507180 0.0000000 0.0000000 0.0000000 0.0504132 0.0000000 0.0000000 0.0000000 0.0203574 0.0000000 0.5749051 0.0019556 0.0000000 0.0000000 0.0074299 0.0047647 0.0000000 0.0000000 0.0709704 0.0184856
132 V 132 0.0000000 0.0000000 0.0000000 0.0000000 0.0823790 0.0000000 0.0000000 0.0000000 0.0000000 0.0000000 0.0000000 0.0000000 0.0000000 0.0000000 0.0000000 0.0000000 0.0000000 0.0000000 0.0000000 0.9004185 0.0172025
133 M 133 0.0000000 0.0675111 0.0028723 0.0000000 0.0096762 0.0088989 0.0000000 0.0000000 0.1316359 0.0397887 0.1476194 0.0453678 0.2517536 0.1631731 0.0000000 0.0000000 0.0034578 0.0097843 0.0797467 0.0215118 0.0172025
134 L 134 0.0000000 0.0447665 0.0000000 0.0000000 0.0000000 0.1934512 0.0000000 0.0000000 0.0000000 0.0130564 0.6603493 0.0297808 0.0280439 0.0042544 0.0000000 0.0005254 0.0000000 0.0000000 0.0019019 0.0066677 0.0172025
135 V 135 0.2603962 0.0000000 0.0000000 0.0000000 0.1303156 0.0000000 0.0000000 0.0150108 0.0000000 0.0185391 0.0000000 0.0000000 0.0000000 0.0000000 0.0000000 0.0204960 0.0075266 0.0000000 0.0000000 0.5305132 0.0172025
136 K 136 0.0000000 0.3930277 0.0009251 0.0028584 0.0000000 0.1048830 0.2186944 0.0000000 0.0029741 0.0204042 0.0096337 0.1585160 0.0114662 0.0000000 0.0000000 0.0026315 0.0105564 0.0039388 0.0000000 0.0422880 0.0172025
137 H 137 0.0004546 0.0566522 0.0130374 0.0183083 0.0000000 0.0161123 0.0759281 0.0023186 0.1925722 0.0045211 0.0926912 0.3017093 0.0166157 0.0121758 0.0000000 0.1342780 0.0250355 0.0000000 0.0235452 0.0012862 0.0127582
138 K 138 0.0024131 0.1389199 0.0231655 0.0000000 0.0011620 0.0068198 0.0000000 0.0013357 0.0051024 0.0376344 0.0026125 0.7080920 0.0021884 0.0000000 0.0000000 0.0016892 0.0128415 0.0000000 0.0009610 0.0423045 0.0127582
139 E 139 0.1106972 0.0315655 0.0314991 0.2542095 0.0018718 0.0250505 0.0415853 0.1297421 0.1296572 0.0155031 0.0050776 0.0757597 0.0042644 0.0010081 0.0093576 0.0468337 0.0464045 0.0035095 0.0025500 0.0210954 0.0127582
140 S 140 0.0501881 0.0071039 0.1530472 0.0426697 0.0000000 0.0061009 0.0214801 0.0169928 0.0016193 0.0000000 0.0045498 0.0454033 0.0017911 0.0000000 0.0033793 0.1626747 0.4656419 0.0000000 0.0000000 0.0045999 0.0127582
141 G 141 0.0132640 0.0542486 0.1132739 0.0909411 0.0000000 0.0741785 0.0528352 0.3141531 0.0277742 0.0000000 0.0065030 0.1544224 0.0024015 0.0000000 0.0051309 0.0670780 0.0062144 0.0000000 0.0028675 0.0019556 0.0127582
142 N 142 0.0283620 0.2668635 0.0233068 0.0195993 0.0043064 0.1122675 0.1435146 0.0110467 0.0248393 0.0091860 0.0076461 0.1878509 0.0254427 0.0013692 0.0000000 0.0216347 0.0470735 0.0000000 0.0066131 0.0451453 0.0139324
143 H 143 0.0112147 0.0059098 0.0015645 0.0063507 0.0010517 0.0117397 0.0562858 0.0019778 0.0502458 0.2473229 0.2114124 0.0068206 0.0131946 0.1191351 0.0014435 0.0017635 0.0039182 0.0053283 0.1502476 0.0791402 0.0139324
144 Y 144 0.0013157 0.0000000 0.0009648 0.0000000 0.0262409 0.0000000 0.0000000 0.0000000 0.0019757 0.0000000 0.0050762 0.0000000 0.0027732 0.1969332 0.0000000 0.0015508 0.0000000 0.0062596 0.7383068 0.0058448 0.0127582
145 A 145 0.9782507 0.0000000 0.0000000 0.0000000 0.0044443 0.0000000 0.0000000 0.0000000 0.0000000 0.0000000 0.0000000 0.0000000 0.0000000 0.0000000 0.0016304 0.0000000 0.0000000 0.0000000 0.0000000 0.0029164 0.0127582
146 M 146 0.0000000 0.0000000 0.0000000 0.0000000 0.0000000 0.0000000 0.0000000 0.0000000 0.0000000 0.2505161 0.1140921 0.0000000 0.3950067 0.0000000 0.0000000 0.0000000 0.0000000 0.0000000 0.0000000 0.2276270 0.0127582
147 K 147 0.0000000 0.0000000 0.0000000 0.0000000 0.0000000 0.0000000 0.0000000 0.0000000 0.0000000 0.0000000 0.0000000 0.9856066 0.0000000 0.0000000 0.0016352 0.0000000 0.0000000 0.0000000 0.0000000 0.0000000 0.0127582
148 I 148 0.0505813 0.0028710 0.0000000 0.0000000 0.0198840 0.0000000 0.0000000 0.0000000 0.0000000 0.2685908 0.0024916 0.0037306 0.0136498 0.0019019 0.0016352 0.0124964 0.0515385 0.0000000 0.0000000 0.5523292 0.0182996
149 L 149 0.0000000 0.0000000 0.0000000 0.0000000 0.0000000 0.0000000 0.0000000 0.0000000 0.0000000 0.1663800 0.7236227 0.0000000 0.0590173 0.0068784 0.0000000 0.0000000 0.0000000 0.0000000 0.0000000 0.0241341 0.0199675
150 D 150 0.0100005 0.1682811 0.0310036 0.0883386 0.0015508 0.0373478 0.0260015 0.0012521 0.0032891 0.0000000 0.0000000 0.5031898 0.0016779 0.0000000 0.0000000 0.1012057 0.0031546 0.0000000 0.0010128 0.0027266 0.0199675
151 K 151 0.0000000 0.0124634 0.0000000 0.0000000 0.0000000 0.0000000 0.0000000 0.0000000 0.0000000 0.0186306 0.0015508 0.9387549 0.0069977 0.0000000 0.0000000 0.0000000 0.0000000 0.0000000 0.0000000 0.0000000 0.0216027
152 Q 152 0.2523027 0.0328103 0.0102420 0.1694790 0.0014972 0.0684094 0.1350409 0.0174150 0.0180340 0.0039788 0.0055888 0.0980075 0.0006807 0.0000000 0.0196076 0.0997911 0.0243370 0.0000000 0.0042496 0.0087525 0.0297760
153 K 153 0.0546570 0.0269010 0.0180348 0.0642581 0.0006552 0.0606161 0.0680708 0.0000000 0.0658602 0.0209613 0.0420176 0.0809880 0.0159959 0.0608568 0.0000000 0.0275572 0.0869877 0.0000000 0.0154311 0.2035337 0.0866173
154 V 154 0.0015373 0.0000000 0.0000000 0.0000000 0.0029642 0.0000000 0.0000000 0.0000000 0.0057113 0.4945340 0.0639014 0.0000000 0.0050079 0.0161374 0.0000000 0.0000000 0.0023679 0.0000000 0.0045505 0.2813401 0.1219479
155 V 155 0.0216712 0.0042293 0.0058495 0.0267810 0.0000000 0.0000000 0.0038278 0.0000000 0.0071745 0.2543657 0.1717684 0.0344805 0.0187188 0.0083794 0.0000000 0.0012440 0.0147370 0.0000000 0.0021464 0.3396392 0.0849872
156 K 156 0.0738183 0.1348692 0.0211974 0.0453607 0.0086755 0.1399491 0.1090565 0.0010603 0.0000000 0.0095717 0.0014860 0.3044371 0.0142538 0.0000000 0.0069184 0.0645296 0.0063843 0.0000000 0.0000000 0.0265042 0.0319279
157 L 157 0.0098073 0.2049685 0.0709923 0.1395880 0.0000000 0.0233476 0.0113663 0.0025413 0.0158464 0.0008971 0.1353180 0.1964770 0.0867036 0.0013451 0.0000000 0.0096496 0.0213139 0.0000000 0.0044906 0.0360637 0.0292837
158 K 158 0.0007694 0.0638373 0.0974004 0.3091034 0.0011408 0.0120528 0.0760161 0.0079047 0.0057448 0.0000000 0.0000000 0.3560734 0.0065888 0.0000000 0.0000000 0.0438928 0.0000000 0.0000000 0.0000000 0.0000000 0.0194752
159 Q 159 0.0012801 0.0274451 0.0024516 0.2212154 0.0068866 0.3032626 0.3178503 0.0000000 0.0277803 0.0000000 0.0037923 0.0000000 0.0130394 0.0000000 0.0442145 0.0026992 0.0071807 0.0000000 0.0014265 0.0000000 0.0194752
160 I 160 0.0251157 0.0382675 0.0000000 0.0000000 0.0000000 0.0267520 0.0355305 0.0072041 0.0000000 0.1323619 0.0152650 0.0018477 0.0062819 0.0010210 0.0000000 0.0413598 0.0536488 0.0000000 0.0013201 0.5945487 0.0194752
161 E 161 0.1515151 0.0328758 0.0090178 0.1057340 0.0000000 0.0366105 0.5343838 0.0040964 0.0018858 0.0039032 0.0067384 0.0337844 0.0028452 0.0000000 0.0000000 0.0106590 0.0435094 0.0000000 0.0016535 0.0013125 0.0194752
162 H 162 0.0010253 0.0387522 0.0220998 0.0019563 0.1134479 0.0039217 0.0000000 0.0000000 0.5351846 0.0298760 0.0000000 0.0000000 0.0000000 0.0016193 0.0000000 0.0886703 0.0000000 0.0301815 0.0321555 0.0000000 0.1011095
163 T 163 0.0162705 0.0000000 0.0000000 0.0000000 0.0019563 0.0000000 0.0000000 0.0000000 0.0000000 0.0765716 0.0459339 0.0000000 0.0358351 0.0000000 0.0000000 0.0036394 0.6162327 0.0000000 0.0000000 0.1103810 0.0931794
164 L 164 0.0040570 0.0726707 0.1265935 0.0000000 0.0033661 0.0546979 0.0000000 0.0000000 0.0103380 0.0416567 0.1764065 0.1935479 0.1719368 0.0023009 0.0000000 0.0018569 0.0028710 0.0019563 0.0000000 0.0200118 0.1157320
165 N 165 0.1800670 0.0057370 0.1147354 0.0810602 0.0194180 0.0088268 0.0065586 0.0577351 0.0009977 0.0180955 0.0040150 0.0103402 0.0558450 0.0000000 0.0000000 0.1232644 0.1574152 0.0000000 0.0013108 0.0497336 0.1048445
166 E 166 0.0000000 0.0000000 0.0000000 0.0000000 0.0000000 0.0000000 0.9494966 0.0000000 0.0000000 0.0000000 0.0000000 0.0024436 0.0000000 0.0000000 0.0000000 0.0000000 0.0000000 0.0000000 0.0000000 0.0000000 0.0480599
167 K 167 0.0022142 0.4809749 0.0315605 0.0000000 0.0000000 0.0030013 0.0000000 0.0000000 0.0020190 0.0606214 0.0000000 0.3336006 0.0044459 0.0000000 0.0018780 0.0169389 0.0000000 0.0000000 0.0000000 0.0146853 0.0480599
168 R 168 0.0199498 0.3256998 0.1918857 0.0661789 0.0013374 0.0165041 0.0679714 0.0036129 0.0479298 0.0038042 0.0089040 0.0537470 0.0048882 0.0019586 0.0000000 0.0792912 0.0528888 0.0000000 0.0053882 0.0000000 0.0480599
169 I 169 0.0148675 0.0000000 0.0000000 0.0000000 0.0000000 0.0000000 0.0000000 0.0000000 0.0000000 0.4649202 0.0069247 0.0000000 0.0901304 0.0000000 0.0000000 0.0000000 0.0034515 0.0000000 0.0000000 0.3864636 0.0332421
170 L 170 0.0000000 0.0000000 0.0000000 0.0000000 0.0000000 0.0000000 0.0000000 0.0000000 0.0000000 0.0000000 0.8641352 0.0000000 0.0099433 0.1064026 0.0000000 0.0000000 0.0000000 0.0021116 0.0011720 0.0024436 0.0137917
171 Q 171 0.2074813 0.0503403 0.0111653 0.0000000 0.0007405 0.1141387 0.1235486 0.0188021 0.0011462 0.0027893 0.1186705 0.0932061 0.0274846 0.0018119 0.0000000 0.0938323 0.0536535 0.0000000 0.0015138 0.0658831 0.0137917
172 A 172 0.1075550 0.1471138 0.0500249 0.0589429 0.0097496 0.0698809 0.0730496 0.0036545 0.0175656 0.0377713 0.1067833 0.0811047 0.0274079 0.0014230 0.0000000 0.0673987 0.0791827 0.0011727 0.0259891 0.0197935 0.0144365
173 V 173 0.1818308 0.0006405 0.0018977 0.0009867 0.0270270 0.0014987 0.0024626 0.0175400 0.0056256 0.1604875 0.0403074 0.0000000 0.0068127 0.0068652 0.0084563 0.0523825 0.0670197 0.0000000 0.0592102 0.3451571 0.0137917
174 N 174 0.0211252 0.1165276 0.2338957 0.0919634 0.0042015 0.0847398 0.0620945 0.0215544 0.0428576 0.0006305 0.0016690 0.1674892 0.0000000 0.0000000 0.0000000 0.1070112 0.0149088 0.0000000 0.0000000 0.0155398 0.0137917
175 F 175 0.0000000 0.0024304 0.0759986 0.0000000 0.0233501 0.0000000 0.0000000 0.0000000 0.7260553 0.0000000 0.0000000 0.0034893 0.0000000 0.0522229 0.0299249 0.0658302 0.0000000 0.0000000 0.0069066 0.0000000 0.0137917
176 P 176 0.0128273 0.0000000 0.0033331 0.0021884 0.0011408 0.0135681 0.0019581 0.0000000 0.0000000 0.0000000 0.0000000 0.0000000 0.0000000 0.0000000 0.9490767 0.0009469 0.0011688 0.0000000 0.0000000 0.0000000 0.0137917
177 F 177 0.0000000 0.0000000 0.0851317 0.0000000 0.0015924 0.0000000 0.0000000 0.0029642 0.0109354 0.0000000 0.0012560 0.0000000 0.0023340 0.8570411 0.0000000 0.0000000 0.0000000 0.0011408 0.0231216 0.0000000 0.0144829
178 L 178 0.0000000 0.0000000 0.0000000 0.0000000 0.0000000 0.0000000 0.0000000 0.0021116 0.0000000 0.4486317 0.4735477 0.0000000 0.0087619 0.0000000 0.0000000 0.0000000 0.0000000 0.0000000 0.0000000 0.0513235 0.0156237
179 V 179 0.0073241 0.0000000 0.0000000 0.0000000 0.0124699 0.0000000 0.0000000 0.0000000 0.0000000 0.1497611 0.0409674 0.0000000 0.0048832 0.0000000 0.0000000 0.0000000 0.1525730 0.0000000 0.0000000 0.6175383 0.0144829
180 K 180 0.0405502 0.0795464 0.1528205 0.0249634 0.0114617 0.0799131 0.0146849 0.1430790 0.0382959 0.0023618 0.0015138 0.0912231 0.0000000 0.0015348 0.0592059 0.0662117 0.1441979 0.0000000 0.0039374 0.0000000 0.0444987
