  425         A         R         N         D         C         Q         E         G         H         I         L         K         M         F         P         S         T         W         Y         V    
  1 T   1 0.0000000 0.0000000 0.0000000 0.0000000 0.0000000 0.0000000 0.0000000 0.0000000 0.0000000 0.0000000 0.0000000 0.0000000 0.0000000 0.0000000 0.0000000 0.4845104 0.5154896 0.0000000 0.0000000 0.0000000
  2 D   2 0.0000000 0.0000000 0.1142263 0.1480692 0.0000000 0.0216655 0.0252377 0.0000000 0.0201256 0.0000000 0.0208084 0.0000000 0.0000000 0.0000000 0.1134768 0.5170430 0.0193476 0.0000000 0.0000000 0.0000000
  3 V   3 0.0186218 0.0000000 0.0174267 0.0000000 0.0000000 0.0153876 0.0352548 0.0000000 0.0418084 0.0963162 0.1371215 0.0128071 0.0000000 0.0865905 0.0294065 0.1221182 0.0361238 0.0000000 0.0124698 0.3385471
  4 E   4 0.0270022 0.0000000 0.0789995 0.1054033 0.0000000 0.0425306 0.2928309 0.0549190 0.0000000 0.0170935 0.0141514 0.0474140 0.0000000 0.0174350 0.0903403 0.1912399 0.0206405 0.0000000 0.0000000 0.0000000
  5 T   5 0.0425659 0.0238928 0.0000000 0.0625214 0.0000000 0.0496678 0.0000000 0.0000000 0.0000000 0.0000000 0.0631177 0.0516791 0.0292426 0.1181239 0.0148353 0.3290560 0.1513805 0.0000000 0.0476740 0.0162430
  6 T   6 0.0592121 0.0105793 0.0855536 0.2730593 0.0000000 0.0262821 0.0446304 0.0160046 0.0132219 0.0000000 0.0137665 0.0274138 0.0000000 0.0000000 0.1058562 0.2172267 0.0949895 0.0000000 0.0000000 0.0122038
  7 Y   7 0.1092673 0.0289952 0.0653607 0.0434458 0.0300021 0.0500777 0.0336042 0.0000000 0.0087210 0.0517060 0.0811840 0.0000000 0.0184128 0.2307056 0.0644197 0.0215361 0.0114951 0.0000000 0.1091992 0.0418675
  8 A   8 0.0957978 0.0000000 0.0382644 0.0984330 0.0000000 0.0088972 0.0370445 0.0312769 0.0791638 0.0000000 0.0247818 0.0211074 0.0094337 0.0000000 0.0000000 0.3620408 0.1615191 0.0000000 0.0000000 0.0322398
  9 D   9 0.0284626 0.0482548 0.0495350 0.3335705 0.0000000 0.1043914 0.1384885 0.0208843 0.0427037 0.0000000 0.0000000 0.0085635 0.0000000 0.0109902 0.0925818 0.0410812 0.0269246 0.0000000 0.0152011 0.0383668
 10 F  10 0.0758382 0.0329443 0.0118379 0.0259962 0.0000000 0.0347564 0.0000000 0.0085243 0.0375672 0.0545830 0.0851359 0.0236807 0.0000000 0.1173479 0.0530941 0.0441770 0.0165901 0.0114222 0.0743139 0.2921907
 11 I  11 0.0560100 0.0074980 0.1171475 0.0600002 0.0107621 0.0000000 0.0000000 0.0414055 0.0000000 0.0763714 0.0876778 0.0000000 0.0204611 0.1337885 0.0793693 0.1562437 0.0782094 0.0000000 0.0358718 0.0391836
 12 A  12 0.0971026 0.0414921 0.0575949 0.0312215 0.0111398 0.1038117 0.0327485 0.1665187 0.0064304 0.0098243 0.0222765 0.0328348 0.0168629 0.0215068 0.0234707 0.2061156 0.0868900 0.0000000 0.0082503 0.0239079
 13 S  13 0.0349056 0.1013995 0.0230291 0.0074650 0.0082446 0.0367790 0.0340484 0.0000000 0.0000000 0.0186943 0.0353827 0.0977044 0.0000000 0.0000000 0.2359459 0.2393073 0.0971396 0.0000000 0.0000000 0.0299545
 14 G  14 0.0500622 0.0158816 0.0762293 0.0200913 0.0000000 0.0684432 0.0528396 0.2754718 0.0000000 0.0000000 0.0316351 0.0100109 0.0138716 0.0079233 0.0456410 0.2083354 0.0920825 0.0000000 0.0000000 0.0314811
 15 R  15 0.0177624 0.4404849 0.0492171 0.0186808 0.0000000 0.0306527 0.0532943 0.0087859 0.0125451 0.0040132 0.0365789 0.1487946 0.0000000 0.0000000 0.0593939 0.0717025 0.0112955 0.0000000 0.0061265 0.0306719
 16 T  16 0.0287196 0.0092180 0.0566486 0.0000000 0.0000000 0.5013342 0.0102670 0.0218954 0.0103358 0.0000000 0.0391820 0.0364808 0.0000000 0.0059174 0.0381458 0.0642009 0.1174445 0.0000000 0.0112233 0.0489868
 17 G  17 0.0334929 0.0101147 0.0520500 0.0266926 0.0000000 0.0480521 0.0203898 0.4832300 0.0335886 0.0000000 0.0242256 0.0522518 0.0000000 0.0059583 0.0129121 0.1478491 0.0384999 0.0000000 0.0000000 0.0106925
 18 R  18 0.0577252 0.1593416 0.0173527 0.0200615 0.0000000 0.0294572 0.0275635 0.0030602 0.0253676 0.0177524 0.2510811 0.0146326 0.0433758 0.0751104 0.0367963 0.0667359 0.0529912 0.0000000 0.0869370 0.0146577
 19 R  19 0.0505141 0.1452325 0.0593052 0.0089493 0.0000000 0.1752853 0.0134902 0.0134583 0.0389308 0.0135349 0.0138201 0.2493019 0.0044089 0.0000000 0.0402637 0.1268134 0.0363408 0.0000000 0.0000000 0.0103505
 20 N  20 0.0270475 0.0326178 0.0501996 0.0151808 0.3472956 0.0220648 0.0460884 0.0078329 0.0091099 0.0112632 0.0354539 0.0030129 0.0037061 0.0119372 0.0449674 0.1313101 0.1125152 0.0000000 0.0744640 0.0139325
 21 A  21 0.0690543 0.0133953 0.0596146 0.0419643 0.0000000 0.0714565 0.1622629 0.1081322 0.0045441 0.1016587 0.0392847 0.0720176 0.0043537 0.0282179 0.0429732 0.1032464 0.0236749 0.0000000 0.0138030 0.0403456
 22 I  22 0.0590225 0.0173800 0.0857156 0.1061117 0.0070915 0.0965116 0.1134492 0.0143313 0.0209918 0.0648890 0.0850085 0.0290828 0.0265092 0.0025118 0.0153553 0.0615204 0.0639764 0.0000000 0.0057948 0.1247467
 23 H  23 0.0095006 0.0186917 0.1467942 0.0546766 0.3400971 0.0704245 0.0192616 0.0179583 0.0235354 0.0058469 0.0025972 0.0162066 0.0000000 0.0657480 0.0968099 0.0763367 0.0254043 0.0000000 0.0053750 0.0047355
 24 D  24 0.0545891 0.0304887 0.0774619 0.1033780 0.0074141 0.0905218 0.0643104 0.0765818 0.0145393 0.0172191 0.0142917 0.1958921 0.0000000 0.0000000 0.1276020 0.0846451 0.0239819 0.0000000 0.0039470 0.0131359
 25 I  25 0.0219472 0.0287494 0.0304391 0.0151529 0.0050012 0.0230133 0.0113918 0.0103454 0.0095774 0.0927908 0.2012626 0.0656985 0.1429242 0.0428226 0.0349200 0.0155576 0.0701474 0.0078568 0.0405387 0.1298629
 26 L  26 0.0548919 0.0403776 0.2103707 0.0320807 0.0192218 0.0500171 0.0122281 0.0211311 0.0034631 0.0316782 0.2113575 0.0156498 0.0174632 0.0108267 0.0200760 0.0415469 0.0859564 0.0096865 0.0032970 0.1086798
 27 V  27 0.0735040 0.0148119 0.0485224 0.0381858 0.0198368 0.0361388 0.0429311 0.0121240 0.0045746 0.0541629 0.0647554 0.0058869 0.0086473 0.0209619 0.0599299 0.0763574 0.0592899 0.0038887 0.0494505 0.3060395
 28 S  28 0.0478617 0.0307309 0.0910550 0.0906761 0.0000000 0.0390814 0.0528237 0.0496035 0.2932275 0.0000000 0.0070558 0.0266384 0.0000000 0.0053225 0.1207541 0.0903184 0.0319735 0.0049438 0.0102897 0.0076438
 29 S  29 0.0917797 0.0323319 0.1698132 0.0283442 0.0067186 0.0364388 0.0455973 0.0245151 0.0587494 0.0107007 0.0113838 0.1349639 0.0102367 0.0087876 0.0916148 0.1495666 0.0512054 0.0000000 0.0019835 0.0352690
 30 A  30 0.1152683 0.1113141 0.0268782 0.0143849 0.1585639 0.0444498 0.0112522 0.0448179 0.0028399 0.0200934 0.1003020 0.0752776 0.0041420 0.0136655 0.0624529 0.1041793 0.0602882 0.0000000 0.0085693 0.0212605
 31 S  31 0.0743577 0.0499196 0.0190544 0.0226158 0.0990494 0.0392028 0.0183362 0.2755446 0.0233686 0.0060661 0.0334714 0.0455244 0.0027122 0.0000000 0.0782434 0.1264234 0.0531734 0.0000000 0.0099909 0.0229458
 32 G  32 0.0612914 0.0462036 0.0358715 0.0773253 0.0000000 0.0255467 0.0322722 0.1017605 0.0764290 0.0997566 0.0199476 0.0605271 0.0055602 0.0036388 0.1208850 0.0903333 0.0294770 0.0000000 0.0253144 0.0878597
 33 N  33 0.0678273 0.0480470 0.2150931 0.0651645 0.0000000 0.1027821 0.0366027 0.0536965 0.0054508 0.0298786 0.0251068 0.1169319 0.0091875 0.0156787 0.0217298 0.1010687 0.0427548 0.0000000 0.0053407 0.0376587
 34 S  34 0.1033222 0.0209856 0.0495538 0.0151832 0.0708397 0.0526462 0.0236249 0.0107489 0.0058865 0.0431344 0.0824373 0.0503481 0.0142551 0.0342056 0.0526543 0.1584429 0.1667110 0.0077893 0.0235651 0.0136660
 35 N  35 0.0377880 0.0567242 0.1104218 0.0654713 0.0142964 0.0694901 0.0619316 0.0302651 0.0506087 0.0190582 0.0033122 0.0978786 0.0000000 0.0154225 0.1253281 0.0841984 0.0521946 0.0000000 0.0021769 0.1034333
 36 E  36 0.0646683 0.0494585 0.0273830 0.0753836 0.0078853 0.0851748 0.1018233 0.0339853 0.0135661 0.0000000 0.0503729 0.0692709 0.0106662 0.0108007 0.2621294 0.0680339 0.0483203 0.0000000 0.0073616 0.0137158
 37 L  37 0.0310832 0.0216023 0.0365312 0.0238620 0.0115674 0.0427215 0.0150498 0.0287648 0.0388215 0.1212857 0.1669354 0.0799102 0.0994263 0.0219119 0.0211731 0.0678947 0.0477450 0.0000000 0.0167426 0.1069714
 38 A  38 0.1862497 0.0397216 0.0403718 0.0250450 0.0072037 0.0494376 0.0226010 0.0309868 0.0365536 0.0178902 0.0274017 0.0341303 0.0164124 0.0285997 0.0534680 0.0940774 0.0521261 0.1620563 0.0204562 0.0552109
 39 L  39 0.0806014 0.0283030 0.0742632 0.0713968 0.0541857 0.0591735 0.0961372 0.0151507 0.0364012 0.0101502 0.1009020 0.0630299 0.0446128 0.0079299 0.1209368 0.0319440 0.0238326 0.0000000 0.0170634 0.0639859
 40 K  40 0.1070835 0.0482790 0.0550871 0.0039456 0.0045458 0.0599094 0.0300254 0.0685241 0.0959107 0.0594801 0.0081112 0.1521572 0.0119432 0.0169227 0.0889347 0.0594288 0.0386249 0.0069933 0.0519845 0.0321088
 41 L  41 0.0491574 0.0288192 0.0209570 0.0177169 0.0046213 0.0336464 0.0957319 0.0311864 0.0171078 0.0637650 0.2684670 0.0352499 0.0328855 0.0479204 0.0874919 0.0396991 0.0604895 0.0044677 0.0188775 0.0417423
 42 A  42 0.2517057 0.0445337 0.0355771 0.0437117 0.0790965 0.0378245 0.0425783 0.0400578 0.0104187 0.0164908 0.0676584 0.0280018 0.0014671 0.0089997 0.0978083 0.1166903 0.0460852 0.0000000 0.0054057 0.0258887
 43 G  43 0.0786382 0.0170579 0.0616482 0.0794408 0.0031305 0.0589804 0.0848969 0.1378911 0.0298186 0.0221621 0.0199956 0.0349358 0.0228658 0.0067663 0.0534290 0.1207249 0.1163514 0.0028243 0.0024526 0.0459896
 44 L  44 0.0660301 0.0207241 0.0156408 0.0263272 0.0018029 0.0443925 0.0496841 0.0286133 0.0069433 0.0902194 0.1250120 0.0872482 0.0368457 0.1528995 0.0554955 0.0525086 0.0295433 0.0022792 0.0130291 0.0947614
 45 D  45 0.0498213 0.0368174 0.0810011 0.2495737 0.0035249 0.0351335 0.0728862 0.0975110 0.0102663 0.0051011 0.0351174 0.0317496 0.0021799 0.0072681 0.0439683 0.1258310 0.0554371 0.0000000 0.0092258 0.0475863
 46 I  46 0.0333815 0.0330729 0.0187549 0.0403416 0.0000000 0.0836396 0.0422572 0.0309054 0.0372962 0.1131858 0.1106857 0.0300351 0.0088399 0.0219671 0.0522089 0.0354309 0.0383144 0.0032862 0.0235465 0.2428503
 47 N  47 0.0524481 0.0150222 0.0456944 0.0472611 0.0043431 0.0702430 0.0366381 0.0454838 0.0424901 0.0519875 0.0791514 0.0549944 0.0196096 0.0424329 0.0520642 0.1863987 0.0757815 0.0000000 0.0066830 0.0712729
 48 K  48 0.0311523 0.1262506 0.0385318 0.0348823 0.0061498 0.0909641 0.0782344 0.1357713 0.0293959 0.0119148 0.0182034 0.0760483 0.0087919 0.0197525 0.1728957 0.0630971 0.0245496 0.0100398 0.0122800 0.0110945
 49 T  49 0.0726847 0.0370956 0.0550953 0.1406859 0.0028197 0.0663953 0.0309961 0.0118575 0.0301794 0.0182618 0.0642493 0.0455732 0.0222160 0.0126170 0.0973879 0.1345929 0.0879492 0.0013393 0.0252576 0.0427464
 50 E  50 0.0846918 0.0697052 0.0745766 0.0596536 0.0190503 0.0734889 0.0822319 0.0232651 0.0541253 0.0130168 0.0733720 0.0840549 0.0160272 0.0406513 0.0643707 0.0974917 0.0426427 0.0000000 0.0077303 0.0198537
 51 G  51 0.0586870 0.0305347 0.0406177 0.0516291 0.0066018 0.0717907 0.0385914 0.0819619 0.0267934 0.0269809 0.0536464 0.0637693 0.0391575 0.0647936 0.0289282 0.2246573 0.0450286 0.0075295 0.0150344 0.0232664
 52 E  52 0.0518192 0.0429120 0.0237443 0.0856556 0.0041061 0.0820163 0.1600996 0.0252809 0.0530095 0.0350792 0.0523728 0.0242419 0.0105543 0.0155366 0.0876238 0.1217682 0.0439302 0.0014204 0.0286995 0.0501294
 53 E  53 0.0687895 0.0191330 0.0302461 0.0248296 0.0084106 0.0597925 0.1196054 0.0254667 0.0026429 0.0758888 0.0932152 0.0418944 0.0156391 0.0158423 0.1368290 0.1220374 0.0330621 0.0000000 0.0218342 0.0848413
 54 D  54 0.0361345 0.0748393 0.0512088 0.1590930 0.0022453 0.0500849 0.0847950 0.0442763 0.0069473 0.0264105 0.0918852 0.0333177 0.0213912 0.0275377 0.0823167 0.0912474 0.0508005 0.0037069 0.0153174 0.0464445
 55 A  55 0.0569770 0.0582150 0.0381496 0.0508024 0.0198891 0.0780719 0.0496545 0.0374120 0.0176308 0.0942841 0.0515651 0.0281001 0.0112525 0.0432036 0.0886162 0.1145556 0.0647320 0.0095653 0.0108705 0.0764527
 56 Q  56 0.0380850 0.0202920 0.0360000 0.0284912 0.0105218 0.1079054 0.0579877 0.0431464 0.0311047 0.0694175 0.0385893 0.0682085 0.0067067 0.0030980 0.0649994 0.2227271 0.0699979 0.0026137 0.0170489 0.0630588
 57 R  57 0.0520324 0.0711637 0.0268629 0.0261969 0.0140468 0.0929696 0.0850504 0.0228655 0.0169008 0.0273723 0.0515153 0.1049958 0.0042875 0.0316905 0.0825293 0.1055747 0.0315334 0.0000000 0.0379225 0.1144900
 58 S  58 0.0795378 0.0164233 0.0456252 0.0598099 0.0050090 0.0639115 0.0419374 0.0329951 0.0261210 0.0301101 0.0601042 0.0452516 0.0242620 0.0405716 0.0437944 0.1163418 0.0943873 0.0019428 0.1103674 0.0614966
 59 S  59 0.0527384 0.0793192 0.0482228 0.1079258 0.0061237 0.0361287 0.0591711 0.0328626 0.0270691 0.0208414 0.0559605 0.0238255 0.0114421 0.0375632 0.1189749 0.1444280 0.1046061 0.0000000 0.0085178 0.0242792
 60 T  60 0.0706308 0.0919861 0.0324635 0.0613220 0.0127909 0.0618277 0.0365893 0.0169275 0.0454545 0.0305232 0.0378385 0.0387441 0.0149203 0.0132906 0.1039546 0.1484822 0.1219358 0.0010799 0.0252012 0.0340375
 61 E  61 0.0976284 0.0310110 0.0364598 0.0470212 0.0056201 0.0888781 0.0724067 0.0445995 0.0222194 0.0332513 0.0549137 0.0483606 0.0118485 0.0169975 0.1275573 0.0996621 0.0494377 0.0047104 0.0178744 0.0895423
 62 Q  62 0.0543887 0.0357497 0.0597486 0.0563072 0.0102614 0.1162524 0.1074411 0.0567988 0.0278177 0.0122700 0.0313973 0.0811697 0.0083155 0.0104190 0.1016879 0.1058819 0.0678792 0.0021705 0.0303631 0.0236801
 63 S  63 0.0600803 0.0529682 0.0280031 0.0742157 0.0105191 0.0696663 0.0861730 0.0497686 0.0373988 0.0200612 0.0782496 0.0440014 0.0123150 0.0329062 0.1323181 0.1106937 0.0589889 0.0020005 0.0116048 0.0280675
 64 G  64 0.0412858 0.0526755 0.0462262 0.1194541 0.0043467 0.0504304 0.0692894 0.1724540 0.0524835 0.0166648 0.0295823 0.0536632 0.0202931 0.0041717 0.0774313 0.1219543 0.0406296 0.0000000 0.0041757 0.0227884
 65 E  65 0.0731878 0.0302039 0.0607113 0.1405499 0.0009106 0.0638043 0.1554824 0.0283157 0.0294162 0.0157200 0.0445174 0.0508884 0.0318303 0.0068373 0.1135270 0.0607173 0.0518757 0.0000000 0.0111368 0.0303677
 66 A  66 0.0553274 0.0411104 0.0345869 0.0581806 0.0126858 0.0423944 0.0789520 0.0556540 0.0183639 0.0302577 0.0498918 0.0489247 0.0069729 0.1027799 0.0760394 0.1363692 0.0628784 0.0040790 0.0502262 0.0343254
 67 Q  67 0.0380944 0.0698679 0.0370538 0.0767044 0.0017142 0.1215241 0.0617216 0.0340901 0.0167118 0.0295169 0.0990248 0.0203940 0.0235818 0.0644490 0.1284822 0.0543372 0.0418576 0.0016126 0.0382458 0.0410158
 68 G  68 0.0377317 0.0472539 0.1118731 0.0499525 0.0065842 0.0830477 0.0697421 0.1928468 0.0207908 0.0122180 0.0341142 0.0288692 0.0114064 0.0196316 0.0307001 0.1306006 0.0647644 0.0000000 0.0072971 0.0405757
 69 E  69 0.0581898 0.0301210 0.0352821 0.0945530 0.0009197 0.0688140 0.1216237 0.0509391 0.0563240 0.0379974 0.0534758 0.0643184 0.0107039 0.0187704 0.0653707 0.0998426 0.0326638 0.0052812 0.0077251 0.0870843
 70 A  70 0.0832402 0.0210316 0.0275258 0.0502861 0.0000000 0.0421379 0.0296042 0.0466740 0.0219987 0.0418869 0.1012247 0.0512672 0.0154272 0.0251392 0.1533291 0.0927331 0.0597902 0.0214918 0.0101648 0.1050475
 71 A  71 0.1255982 0.0576897 0.0333024 0.0486021 0.0123392 0.0399348 0.0834249 0.0525977 0.0166743 0.0469312 0.0528178 0.0396004 0.0215684 0.0113170 0.0886449 0.1213771 0.0806528 0.0009146 0.0079898 0.0580224
 72 K  72 0.0737119 0.0498164 0.0340382 0.0765601 0.0000000 0.0730375 0.0498227 0.0304683 0.0557217 0.0482638 0.0971640 0.0748652 0.0103519 0.0096625 0.1177834 0.1140580 0.0337707 0.0039589 0.0118280 0.0351167
 73 S  73 0.1297173 0.0290562 0.0337495 0.0802566 0.0093846 0.0638246 0.0803306 0.0373370 0.0266723 0.0251078 0.0316138 0.0577314 0.0124507 0.0134072 0.1186470 0.1193386 0.0593533 0.0036326 0.0169739 0.0514150
 74 E  74 0.0640341 0.0824446 0.0547896 0.0879328 0.0026828 0.0806261 0.1680763 0.0575052 0.0177898 0.0558218 0.0442646 0.0455759 0.0176915 0.0036837 0.0967241 0.0576481 0.0413625 0.0000000 0.0036957 0.0176507
 75 S  75 0.0855379 0.0210513 0.0856069 0.0558942 0.0169826 0.0699426 0.0652477 0.0401209 0.0459914 0.0416180 0.0630707 0.0178170 0.0222320 0.0327308 0.0596534 0.1653822 0.0611450 0.0027132 0.0105396 0.0367227
 76 G  76 0.0964771 0.0226055 0.0624491 0.0648322 0.0081105 0.0598745 0.0442226 0.1214303 0.0620196 0.0391456 0.0509247 0.0452444 0.0123275 0.0130860 0.0662151 0.1084531 0.0598808 0.0014518 0.0230438 0.0382055
 77 N  77 0.0687664 0.0180022 0.1748876 0.0876640 0.0043513 0.0837293 0.0647800 0.0493581 0.0438420 0.0263902 0.0333392 0.0461722 0.0106439 0.0162271 0.0570576 0.0964433 0.0376287 0.0017026 0.0103454 0.0686689
 78 A  78 0.0969606 0.0386581 0.0265829 0.0348509 0.0031356 0.0509944 0.0680509 0.0590619 0.0460701 0.0616306 0.1057483 0.0367012 0.0177144 0.0145842 0.0638301 0.1203654 0.0669841 0.0054980 0.0099083 0.0726700
 79 A  79 0.0944951 0.0081081 0.0282082 0.0656597 0.0080415 0.0534335 0.0832299 0.0494185 0.0184105 0.0441313 0.0468501 0.0300269 0.0147528 0.0422281 0.1647240 0.1180165 0.0644046 0.0000000 0.0166570 0.0492038
 80 A  80 0.1196829 0.0598504 0.0299165 0.0617633 0.0112664 0.0890883 0.0703656 0.0326375 0.0273616 0.0277678 0.0495892 0.0794999 0.0273321 0.0243633 0.0590835 0.0899849 0.0657896 0.0158673 0.0208636 0.0379264
 81 A  81 0.0822933 0.0300968 0.0384157 0.0405380 0.0199135 0.0596174 0.0633834 0.0697576 0.0231102 0.0815712 0.1163676 0.0294666 0.0127735 0.0172873 0.0624539 0.1314817 0.0516754 0.0034628 0.0073269 0.0590075
 82 K  82 0.0686069 0.0480960 0.0503628 0.0408343 0.0085311 0.1278083 0.0648975 0.0441832 0.0243642 0.0116429 0.0418529 0.1092419 0.0117196 0.0420037 0.0936105 0.1231556 0.0421527 0.0034258 0.0035619 0.0399481
 83 K  83 0.0636697 0.0447442 0.0721685 0.0310976 0.0064514 0.0860072 0.0793709 0.0546448 0.0322739 0.0136051 0.0510505 0.0898464 0.0116272 0.0068729 0.0984067 0.1476862 0.0540907 0.0160613 0.0101400 0.0301847
 84 G  84 0.0642685 0.0240838 0.0291292 0.0553926 0.0253526 0.1001414 0.0598505 0.1151913 0.0462881 0.0398851 0.0504165 0.0368277 0.0071530 0.0806696 0.0925947 0.0750991 0.0479862 0.0008191 0.0147136 0.0341373
 85 S  85 0.0684312 0.0386607 0.0509957 0.0834456 0.0132529 0.0577768 0.0731483 0.0510583 0.0424230 0.0481301 0.0760443 0.0314526 0.0258217 0.0109738 0.0681220 0.1137106 0.0505204 0.0113634 0.0202733 0.0643951
 86 E  86 0.0765046 0.0411186 0.0249151 0.0653354 0.0024788 0.0715166 0.1853921 0.0743472 0.0400825 0.0136333 0.0430295 0.0558656 0.0095676 0.0022335 0.0679536 0.1415878 0.0290362 0.0208162 0.0024067 0.0321793
 87 Q  87 0.0831326 0.0475821 0.0385578 0.0686258 0.0067586 0.0817203 0.1049026 0.0229146 0.0411706 0.0369974 0.0413438 0.0415885 0.0470425 0.0094904 0.0837307 0.0955981 0.0641919 0.0191448 0.0144931 0.0510136
 88 E  88 0.0478737 0.0538577 0.0451963 0.1142232 0.0116182 0.0878880 0.1658417 0.0326064 0.0221985 0.0202859 0.0239627 0.0559154 0.0093601 0.0160475 0.0590308 0.1392441 0.0517878 0.0000000 0.0059753 0.0370867
 89 S  89 0.0463330 0.0439869 0.0550250 0.0775379 0.0000000 0.0460684 0.0536242 0.0410404 0.0131388 0.0384400 0.0633354 0.0517993 0.0167006 0.0207577 0.0560034 0.1878711 0.0774282 0.0661687 0.0135448 0.0311963
 90 V  90 0.0562105 0.0163231 0.0193285 0.0526599 0.0079780 0.0398539 0.0422337 0.0477729 0.0172508 0.0720601 0.1102591 0.0299766 0.0409679 0.0305388 0.0697202 0.0807293 0.0505322 0.0059423 0.0512511 0.1584113
 91 K  91 0.0583878 0.0345997 0.0640172 0.1090592 0.0039904 0.1162690 0.0820770 0.0373284 0.0257083 0.0114455 0.0315632 0.1238795 0.0139279 0.0244568 0.0727688 0.1001767 0.0580192 0.0021131 0.0062420 0.0239703
 92 E  92 0.0799090 0.0363327 0.0560226 0.1022931 0.0000000 0.0921425 0.1853164 0.0414837 0.0327093 0.0145749 0.0518134 0.0359510 0.0118635 0.0081518 0.0388130 0.1129947 0.0393312 0.0011249 0.0145888 0.0445836
 93 F  93 0.0580977 0.0241888 0.0665938 0.0802969 0.0040351 0.0954584 0.0750307 0.0640720 0.0327874 0.0415881 0.0403222 0.0332833 0.0054934 0.0778037 0.0608704 0.0957552 0.0541701 0.0049371 0.0227969 0.0624187
 94 L  94 0.0628257 0.0342632 0.0386335 0.0327920 0.0041012 0.0669385 0.0595920 0.0551515 0.0305479 0.0537091 0.1264039 0.0327933 0.0289701 0.0298775 0.0759941 0.1204037 0.0477882 0.0000000 0.0271184 0.0720963
 95 A  95 0.1006198 0.0288881 0.0468011 0.0724454 0.0060378 0.0650219 0.1118853 0.1307473 0.0188535 0.0225833 0.0272183 0.0455756 0.0129294 0.0060579 0.0730964 0.1036725 0.0481382 0.0015662 0.0051232 0.0727388
 96 K  96 0.0595381 0.0486963 0.0474959 0.0648070 0.0046913 0.0813348 0.0895021 0.0659260 0.0169737 0.0198910 0.0238572 0.0902609 0.0185372 0.0109197 0.0639551 0.1201175 0.0954489 0.0033311 0.0317682 0.0429481
 97 A  97 0.1387829 0.0211417 0.0276783 0.0431279 0.0027122 0.0392292 0.0953886 0.1315142 0.0042999 0.0512908 0.0681061 0.0456404 0.0160190 0.0089598 0.0715078 0.1248081 0.0554126 0.0024804 0.0046390 0.0472610
 98 K  98 0.0487587 0.0793095 0.0273538 0.0549200 0.0056905 0.0610364 0.0907000 0.0613346 0.0234699 0.0211468 0.0317838 0.1789844 0.0176633 0.0043251 0.0589155 0.1234459 0.0778541 0.0018450 0.0084548 0.0230080
 99 E  99 0.0385424 0.0483751 0.0270851 0.0514771 0.0052429 0.0579435 0.1860178 0.0386812 0.0172565 0.1230388 0.0515013 0.0576891 0.0150695 0.0195023 0.0624013 0.0774176 0.0424749 0.0000000 0.0071257 0.0731579
100 D 100 0.0558535 0.0436509 0.0517927 0.1256040 0.0070389 0.0719499 0.1093507 0.0329064 0.0309720 0.0454180 0.0295352 0.0698628 0.0069533 0.0136274 0.0827446 0.1130482 0.0488079 0.0045434 0.0190061 0.0373342
101 F 101 0.0423040 0.0202750 0.0300136 0.0498371 0.0026687 0.0476681 0.0810277 0.0448371 0.0193630 0.1111631 0.1170432 0.0331517 0.0140459 0.0757354 0.0579606 0.0977077 0.0573989 0.0010724 0.0133674 0.0833594
102 L 102 0.0512426 0.0296867 0.0331196 0.0482668 0.0074245 0.0675170 0.1351556 0.0684208 0.0238250 0.0687248 0.1170445 0.0380023 0.0333243 0.0064334 0.0577561 0.1053759 0.0633702 0.0009758 0.0044544 0.0398797
103 K 103 0.0554081 0.0565685 0.0466943 0.0563625 0.0067145 0.0666492 0.1074745 0.0337431 0.0164904 0.0674814 0.0317776 0.0910593 0.0247335 0.0129497 0.0840635 0.0876095 0.0606379 0.0056567 0.0055680 0.0823579
104 K 104 0.0691748 0.0657945 0.0498584 0.0684864 0.0030363 0.0602391 0.0853992 0.0455703 0.0395648 0.0581005 0.0431249 0.0947177 0.0182902 0.0149273 0.0600804 0.1114038 0.0374595 0.0000000 0.0279153 0.0468566
105 W 105 0.0429879 0.0735093 0.0497389 0.0365641 0.0028731 0.0507790 0.0468549 0.0275759 0.0393425 0.0411002 0.0778860 0.0445293 0.0130116 0.0681287 0.0448618 0.0757815 0.0562884 0.0662566 0.0895925 0.0523379
106 E 106 0.0454532 0.0647062 0.0460705 0.0358395 0.0063383 0.1076163 0.0998757 0.0800946 0.0153495 0.0233254 0.0360218 0.0838773 0.0064368 0.0124937 0.0507259 0.1022912 0.0606556 0.0008465 0.0084338 0.1135482
107 T 107 0.0401961 0.1371411 0.0833346 0.0267699 0.0072410 0.0536923 0.0513978 0.0532286 0.0161574 0.0301685 0.0432468 0.0942743 0.0237115 0.0093198 0.1029757 0.1097232 0.0768584 0.0010599 0.0130918 0.0264114
108 P 108 0.0494022 0.0442130 0.0619782 0.0185497 0.0000000 0.0761284 0.0479364 0.0648667 0.0251617 0.0181836 0.0440734 0.0847253 0.0071876 0.0075803 0.1833606 0.1063194 0.0957520 0.0000000 0.0044173 0.0601641
109 S 109 0.0584921 0.0743904 0.0453324 0.0369425 0.0043816 0.0413196 0.0805218 0.1059582 0.0425615 0.0157462 0.0217846 0.0897973 0.0090959 0.0055996 0.0633369 0.1356142 0.1234716 0.0000000 0.0154192 0.0302345
110 Q 110 0.0557577 0.1177811 0.0855991 0.0198128 0.0038600 0.0962910 0.0260969 0.0573182 0.0403335 0.0054882 0.0154762 0.2359462 0.0007088 0.0118293 0.0376417 0.1002782 0.0481570 0.0000000 0.0111734 0.0304509
111 N 111 0.0286324 0.1611135 0.0923013 0.0505728 0.0041260 0.0444205 0.0978274 0.1204160 0.0302759 0.0070974 0.0050212 0.1417894 0.0068001 0.0158729 0.0702431 0.0704522 0.0369601 0.0014879 0.0010234 0.0135666
112 T 112 0.0213570 0.1409496 0.0367471 0.0030712 0.0023421 0.0720052 0.0102315 0.0251153 0.0590236 0.0113619 0.0068275 0.3839433 0.0085886 0.0000000 0.0411952 0.0740880 0.0799785 0.0000000 0.0000000 0.0231743
113 A 113 0.1219319 0.0007880 0.0129209 0.0000000 0.0216957 0.0009080 0.0026674 0.0044694 0.0000000 0.1162900 0.1976045 0.0058341 0.0341697 0.0543922 0.0116568 0.0083008 0.0124125 0.0155349 0.1830822 0.1953411
114 Q 114 0.0303460 0.0604219 0.0514529 0.0444799 0.0223267 0.0167701 0.0042146 0.2454529 0.0149809 0.0104318 0.0033478 0.1281832 0.0000000 0.0087922 0.0017018 0.1833219 0.1720523 0.0000000 0.0000000 0.0017231
115 L 115 0.0464446 0.0010054 0.0011535 0.0000000 0.0000000 0.0062993 0.0038328 0.0000000 0.0000000 0.1528848 0.4446810 0.0071140 0.0517108 0.0218740 0.2055755 0.0034156 0.0045185 0.0000000 0.0039589 0.0455312
116 D 116 0.0251223 0.0154462 0.0794932 0.3477423 0.0006801 0.0817035 0.1729120 0.0191754 0.0165434 0.0009802 0.0031070 0.0238579 0.0009835 0.0000000 0.0008225 0.1475995 0.0613502 0.0000000 0.0024808 0.0000000
117 Q 117 0.0090918 0.0000000 0.0463943 0.7481714 0.0131153 0.0510028 0.0470019 0.0000000 0.0438233 0.0000000 0.0008811 0.0025095 0.0000000 0.0000000 0.0000000 0.0342065 0.0000000 0.0000000 0.0000000 0.0038021
118 F 118 0.0000000 0.0000000 0.0000000 0.0000000 0.0000000 0.0000000 0.0000000 0.0000000 0.0000000 0.0000000 0.0291504 0.0000000 0.0000000 0.8731574 0.0000000 0.0000000 0.0000000 0.0043007 0.0933914 0.0000000
119 D 119 0.0034665 0.0214673 0.1408930 0.1758037 0.0011651 0.0972655 0.3620756 0.0000000 0.0186009 0.0193194 0.0094325 0.0306426 0.0012404 0.0000000 0.0000000 0.0248795 0.0619739 0.0000000 0.0084220 0.0233521
120 R 120 0.0024819 0.0396092 0.0000000 0.0000000 0.0153771 0.0055605 0.0000000 0.0000000 0.0000000 0.1730429 0.3720849 0.0011375 0.0268617 0.2637281 0.0000000 0.0000000 0.0122869 0.0000000 0.0219330 0.0658963
121 I 121 0.0018637 0.0200356 0.0015837 0.0000000 0.0127674 0.0360899 0.0070435 0.0121049 0.0265310 0.1453067 0.5996876 0.0556004 0.0378307 0.0025003 0.0000000 0.0086650 0.0040417 0.0000000 0.0055773 0.0227704
122 K 122 0.0914016 0.2461480 0.0098840 0.0148725 0.0000000 0.0313433 0.0621668 0.0098709 0.0123030 0.0000000 0.0000000 0.4495820 0.0170418 0.0010665 0.0000000 0.0192913 0.0213785 0.0000000 0.0016847 0.0119652
123 T 123 0.0011049 0.0000000 0.0018572 0.0142693 0.0010943 0.0000000 0.0378063 0.0000000 0.0000000 0.0082070 0.1012672 0.0108091 0.0245800 0.0012316 0.0063985 0.0023817 0.2566964 0.0000000 0.0012638 0.5310326
124 L 124 0.0000000 0.0000000 0.0000000 0.0000000 0.0000000 0.0000000 0.0000000 0.0000000 0.0000000 0.2656062 0.6212425 0.0000000 0.0016165 0.0000000 0.0000000 0.0014270 0.0000000 0.0000000 0.0000000 0.1101078
125 G 125 0.0040048 0.0000000 0.0000000 0.0000000 0.0000000 0.0000000 0.0000000 0.9923400 0.0000000 0.0000000 0.0000000 0.0000000 0.0000000 0.0000000 0.0000000 0.0036551 0.0000000 0.0000000 0.0000000 0.0000000
126 T 126 0.0000000 0.1167643 0.0086075 0.0000000 0.0000000 0.0698621 0.0195796 0.0000000 0.0019493 0.0078123 0.0025510 0.4768236 0.0036290 0.0000000 0.0000000 0.0039960 0.2609407 0.0000000 0.0015923 0.0258922
127 G 127 0.0000000 0.0000000 0.0000000 0.0000000 0.0000000 0.0000000 0.0000000 1.0000000 0.0000000 0.0000000 0.0000000 0.0000000 0.0000000 0.0000000 0.0000000 0.0000000 0.0000000 0.0000000 0.0000000 0.0000000
128 S 128 0.0717323 0.0000000 0.0761660 0.0000000 0.0000000 0.0032096 0.0000000 0.0384593 0.0132068 0.0000000 0.0000000 0.0000000 0.0000000 0.0034238 0.0000000 0.5960638 0.1977385 0.0000000 0.0000000 0.0000000
129 F 129 0.0000000 0.0000000 0.0000000 0.0000000 0.0000000 0.0000000 0.0000000 0.0000000 0.0107018 0.0000000 0.0050709 0.0000000 0.0000000 0.8403172 0.0000000 0.0023962 0.0000000 0.0000000 0.1415139 0.0000000
130 G 130 0.0494648 0.0000000 0.0000000 0.0000000 0.0000000 0.0000000 0.0000000 0.8591429 0.0000000 0.0000000 0.0000000 0.0000000 0.0000000 0.0000000 0.0020299 0.0893624 0.0000000 0.0000000 0.0000000 0.0000000
131 R 131 0.0000000 0.2621876 0.0000000 0.0000000 0.0000000 0.0548672 0.0000000 0.0000000 0.0000000 0.0162173 0.0000000 0.5913517 0.0024284 0.0000000 0.0000000 0.0100246 0.0035979 0.0000000 0.0000000 0.0593252
132 V 132 0.0000000 0.0000000 0.0000000 0.0000000 0.0696870 0.0000000 0.0000000 0.0000000 0.0000000 0.0000000 0.0000000 0.0000000 0.0000000 0.0000000 0.0000000 0.0000000 0.0000000 0.0000000 0.0000000 0.9303130
133 M 133 0.0000000 0.0610062 0.0027544 0.0000000 0.0104640 0.0094560 0.0000000 0.0000000 0.1362126 0.0415788 0.1611384 0.0415447 0.2700606 0.1450858 0.0000000 0.0000000 0.0038522 0.0106607 0.0837298 0.0224557
134 L 134 0.0000000 0.0336575 0.0000000 0.0000000 0.0000000 0.2093768 0.0000000 0.0000000 0.0000000 0.0142030 0.6732724 0.0257613 0.0299889 0.0045950 0.0000000 0.0005491 0.0000000 0.0000000 0.0020963 0.0064997
135 V 135 0.2796657 0.0000000 0.0000000 0.0000000 0.1179050 0.0000000 0.0000000 0.0165098 0.0000000 0.0197450 0.0000000 0.0000000 0.0000000 0.0000000 0.0000000 0.0230233 0.0081198 0.0000000 0.0000000 0.5350314
136 K 136 0.0000000 0.3922841 0.0009643 0.0031789 0.0000000 0.1057990 0.2336508 0.0000000 0.0032349 0.0180526 0.0096321 0.1703771 0.0125182 0.0000000 0.0000000 0.0023114 0.0114679 0.0024741 0.0000000 0.0340545
137 H 137 0.0004671 0.0632643 0.0123467 0.0194660 0.0000000 0.0172125 0.0814966 0.0024854 0.1837833 0.0047650 0.0997890 0.2934318 0.0164441 0.0131418 0.0000000 0.1383014 0.0269337 0.0000000 0.0253165 0.0013548
138 K 138 0.0026025 0.1390116 0.0251708 0.0000000 0.0012757 0.0072512 0.0000000 0.0012385 0.0054433 0.0400016 0.0025624 0.7113249 0.0017891 0.0000000 0.0000000 0.0016187 0.0134955 0.0000000 0.0010225 0.0461916
139 E 139 0.1028065 0.0339565 0.0346738 0.2414338 0.0019895 0.0264079 0.0424255 0.1400734 0.1343272 0.0153090 0.0054518 0.0766988 0.0044462 0.0010661 0.0101140 0.0491019 0.0524475 0.0039699 0.0027513 0.0205493
140 S 140 0.0554141 0.0075527 0.1585852 0.0453828 0.0000000 0.0065067 0.0239663 0.0176083 0.0017471 0.0000000 0.0031244 0.0179178 0.0019221 0.0000000 0.0036567 0.1631087 0.4885368 0.0000000 0.0000000 0.0049704
141 G 141 0.0127964 0.0586500 0.1138119 0.0929510 0.0000000 0.0761349 0.0569180 0.3018443 0.0278291 0.0000000 0.0070485 0.1608844 0.0025841 0.0000000 0.0053530 0.0710252 0.0066196 0.0000000 0.0031320 0.0024176
142 N 142 0.0275422 0.2800488 0.0249238 0.0209797 0.0046571 0.1126142 0.1557685 0.0119695 0.0275980 0.0131367 0.0081961 0.1978012 0.0243572 0.0014671 0.0000000 0.0226226 0.0437249 0.0000000 0.0071080 0.0154845
143 H 143 0.0078230 0.0061406 0.0016800 0.0046681 0.0011303 0.0111060 0.0480344 0.0021666 0.0492977 0.2666848 0.1963674 0.0061606 0.0141355 0.1257624 0.0015619 0.0019455 0.0041717 0.0058063 0.1596050 0.0857522
144 Y 144 0.0014113 0.0000000 0.0010478 0.0000000 0.0279638 0.0000000 0.0000000 0.0000000 0.0021084 0.0000000 0.0051423 0.0000000 0.0028718 0.2027842 0.0000000 0.0016917 0.0000000 0.0066758 0.7419908 0.0063121
145 A 145 0.9913206 0.0000000 0.0000000 0.0000000 0.0036681 0.0000000 0.0000000 0.0000000 0.0000000 0.0000000 0.0000000 0.0000000 0.0000000 0.0000000 0.0018210 0.0000000 0.0000000 0.0000000 0.0000000 0.0031903
146 M 146 0.0000000 0.0000000 0.0000000 0.0000000 0.0000000 0.0000000 0.0000000 0.0000000 0.0000000 0.2613035 0.1238153 0.0000000 0.3909980 0.0000000 0.0000000 0.0000000 0.0000000 0.0000000 0.0000000 0.2238832
147 K 147 0.0000000 0.0000000 0.0000000 0.0000000 0.0000000 0.0000000 0.0000000 0.0000000 0.0000000 0.0000000 0.0000000 0.9980601 0.0000000 0.0000000 0.0019399 0.0000000 0.0000000 0.0000000 0.0000000 0.0000000
148 I 148 0.0544433 0.0031477 0.0000000 0.0000000 0.0214352 0.0000000 0.0000000 0.0000000 0.0000000 0.2686035 0.0026862 0.0039813 0.0138236 0.0020981 0.0019488 0.0135380 0.0556677 0.0000000 0.0000000 0.5586266
149 L 149 0.0000000 0.0000000 0.0000000 0.0000000 0.0000000 0.0000000 0.0000000 0.0000000 0.0000000 0.1620175 0.7424605 0.0000000 0.0642194 0.0064255 0.0000000 0.0000000 0.0000000 0.0000000 0.0000000 0.0248771
150 D 150 0.0107458 0.1815486 0.0310443 0.0834243 0.0017009 0.0420559 0.0243393 0.0013280 0.0037085 0.0000000 0.0000000 0.5049367 0.0018153 0.0000000 0.0000000 0.1059638 0.0033469 0.0000000 0.0011041 0.0029376
151 K 151 0.0000000 0.0092366 0.0000000 0.0000000 0.0000000 0.0000000 0.0000000 0.0000000 0.0000000 0.0211775 0.0017042 0.9604769 0.0074048 0.0000000 0.0000000 0.0000000 0.0000000 0.0000000 0.0000000 0.0000000
152 Q 152 0.2346801 0.0356624 0.0107615 0.1843348 0.0016375 0.0718819 0.1451909 0.0185813 0.0197953 0.0043722 0.0051739 0.1067489 0.0007265 0.0000000 0.0209117 0.0998471 0.0254969 0.0000000 0.0047102 0.0094870
153 K 153 0.0623617 0.0303308 0.0205883 0.0740035 0.0007326 0.0627477 0.0772318 0.0000000 0.0753554 0.0235179 0.0481401 0.0906501 0.0190547 0.0697571 0.0000000 0.0312085 0.0664356 0.0000000 0.0170711 0.2308130
154 V 154 0.0014387 0.0000000 0.0000000 0.0000000 0.0031378 0.0000000 0.0000000 0.0000000 0.0055332 0.5690947 0.0736478 0.0000000 0.0057295 0.0175867 0.0000000 0.0000000 0.0020323 0.0000000 0.0042831 0.3175162
155 V 155 0.0229411 0.0047801 0.0067872 0.0261582 0.0000000 0.0000000 0.0044089 0.0000000 0.0083124 0.2907474 0.1648171 0.0390235 0.0210470 0.0098756 0.0000000 0.0014326 0.0170120 0.0000000 0.0024713 0.3801856
156 K 156 0.0771550 0.1459107 0.0223693 0.0497327 0.0081957 0.1527751 0.1188173 0.0011731 0.0000000 0.0103403 0.0015903 0.2861289 0.0154367 0.0000000 0.0059693 0.0688359 0.0069157 0.0000000 0.0000000 0.0286542
157 L 157 0.0091743 0.2079816 0.0778389 0.1527515 0.0000000 0.0249062 0.0127500 0.0027390 0.0154956 0.0009675 0.1458521 0.2160075 0.0889508 0.0014564 0.0000000 0.0089757 0.0213177 0.0000000 0.0049664 0.0078687
158 K 158 0.0008294 0.0321794 0.1057325 0.3217360 0.0012158 0.0131065 0.0768606 0.0085015 0.0063679 0.0000000 0.0000000 0.3799379 0.0069397 0.0000000 0.0000000 0.0465927 0.0000000 0.0000000 0.0000000 0.0000000
159 Q 159 0.0013572 0.0294073 0.0027068 0.2085091 0.0104112 0.3210176 0.3368722 0.0000000 0.0302998 0.0000000 0.0038290 0.0000000 0.0098512 0.0000000 0.0335457 0.0029549 0.0076852 0.0000000 0.0015530 0.0000000
160 I 160 0.0272565 0.0102079 0.0000000 0.0000000 0.0000000 0.0327442 0.0354633 0.0078635 0.0000000 0.1397487 0.0164490 0.0020398 0.0067404 0.0010993 0.0000000 0.0332633 0.0553548 0.0000000 0.0013974 0.6303721
161 E 161 0.1575644 0.0352645 0.0097024 0.1127199 0.0000000 0.0401512 0.5244347 0.0044594 0.0020096 0.0042299 0.0073077 0.0370921 0.0031327 0.0000000 0.0000000 0.0126017 0.0461641 0.0000000 0.0017742 0.0013914
162 H 162 0.0011912 0.0116394 0.0214036 0.0020089 0.1331264 0.0046074 0.0000000 0.0000000 0.6176711 0.0292813 0.0000000 0.0000000 0.0000000 0.0018971 0.0000000 0.1035517 0.0000000 0.0356921 0.0379298 0.0000000
163 T 163 0.0190260 0.0000000 0.0000000 0.0000000 0.0019873 0.0000000 0.0000000 0.0000000 0.0000000 0.0903340 0.0489579 0.0000000 0.0417725 0.0000000 0.0000000 0.0046369 0.6648714 0.0000000 0.0000000 0.1284138
164 L 164 0.0048247 0.0861514 0.1436455 0.0000000 0.0039798 0.0596470 0.0000000 0.0000000 0.0136054 0.0492835 0.2067792 0.1945030 0.2035271 0.0027201 0.0000000 0.0021920 0.0034420 0.0020322 0.0000000 0.0236672
165 N 165 0.2097813 0.0064196 0.1328872 0.0889462 0.0226220 0.0103131 0.0064770 0.0674972 0.0011655 0.0211783 0.0046254 0.0074375 0.0315274 0.0000000 0.0000000 0.1442919 0.1841866 0.0000000 0.0015298 0.0591140
166 E 166 0.0000000 0.0000000 0.0000000 0.0000000 0.0000000 0.0000000 0.9968683 0.0000000 0.0000000 0.0000000 0.0000000 0.0031317 0.0000000 0.0000000 0.0000000 0.0000000 0.0000000 0.0000000 0.0000000 0.0000000
167 K 167 0.0024559 0.4991851 0.0339047 0.0000000 0.0000000 0.0033613 0.0000000 0.0000000 0.0022517 0.0462371 0.0000000 0.3710746 0.0035031 0.0000000 0.0020929 0.0188596 0.0000000 0.0000000 0.0000000 0.0170741
168 R 168 0.0216534 0.3551039 0.1824854 0.0721291 0.0014969 0.0185615 0.0603592 0.0040688 0.0533363 0.0042817 0.0095436 0.0600527 0.0054098 0.0021880 0.0000000 0.0898480 0.0535124 0.0000000 0.0059693 0.0000000
169 I 169 0.0117036 0.0000000 0.0000000 0.0000000 0.0000000 0.0000000 0.0000000 0.0000000 0.0000000 0.4597251 0.0076832 0.0000000 0.0923038 0.0000000 0.0000000 0.0000000 0.0038265 0.0000000 0.0000000 0.4247578
170 L 170 0.0000000 0.0000000 0.0000000 0.0000000 0.0000000 0.0000000 0.0000000 0.0000000 0.0000000 0.0000000 0.8680001 0.0000000 0.0101837 0.1151323 0.0000000 0.0000000 0.0000000 0.0023549 0.0012952 0.0030338
171 Q 171 0.2231444 0.0487637 0.0120600 0.0000000 0.0007914 0.1184935 0.1337298 0.0201254 0.0012448 0.0030580 0.1124642 0.0973458 0.0283812 0.0016664 0.0000000 0.0988018 0.0582183 0.0000000 0.0016359 0.0400754
172 A 172 0.1139124 0.1386188 0.0556423 0.0315023 0.0104665 0.0754408 0.0787721 0.0041340 0.0179367 0.0403938 0.1117173 0.0868771 0.0295595 0.0015342 0.0000000 0.0725250 0.0843691 0.0012461 0.0238281 0.0215240
173 V 173 0.1964217 0.0006828 0.0020340 0.0010753 0.0244525 0.0016109 0.0026444 0.0160166 0.0058602 0.1732001 0.0432953 0.0000000 0.0073143 0.0059561 0.0098568 0.0525430 0.0708508 0.0000000 0.0501181 0.3360671
174 N 174 0.0226821 0.0923962 0.2451911 0.0990369 0.0045213 0.0794529 0.0625130 0.0229638 0.0441348 0.0006660 0.0017714 0.1762010 0.0000000 0.0000000 0.0000000 0.1157478 0.0157316 0.0000000 0.0000000 0.0169902
175 F 175 0.0000000 0.0026779 0.0806126 0.0000000 0.0252115 0.0000000 0.0000000 0.0000000 0.7211707 0.0000000 0.0000000 0.0037420 0.0000000 0.0547524 0.0332541 0.0711473 0.0000000 0.0000000 0.0074314 0.0000000
176 P 176 0.0120518 0.0000000 0.0070281 0.0017929 0.0011937 0.0128009 0.0015852 0.0000000 0.0000000 0.0000000 0.0000000 0.0000000 0.0000000 0.0000000 0.9612518 0.0010270 0.0012685 0.0000000 0.0000000 0.0000000
177 F 177 0.0000000 0.0000000 0.0694630 0.0000000 0.0017215 0.0000000 0.0000000 0.0029355 0.0089018 0.0000000 0.0013844 0.0000000 0.0025442 0.8869574 0.0000000 0.0000000 0.0000000 0.0011942 0.0248980 0.0000000
178 L 178 0.0000000 0.0000000 0.0000000 0.0000000 0.0000000 0.0000000 0.0000000 0.0023587 0.0000000 0.4277702 0.5067732 0.0000000 0.0090872 0.0000000 0.0000000 0.0000000 0.0000000 0.0000000 0.0000000 0.0540107
179 V 179 0.0065271 0.0000000 0.0000000 0.0000000 0.0135478 0.0000000 0.0000000 0.0000000 0.0000000 0.1401857 0.0442023 0.0000000 0.0053024 0.0000000 0.0000000 0.0000000 0.1651468 0.0000000 0.0000000 0.6250878
180 K 180 0.0432859 0.0850070 0.1642518 0.0275046 0.0126292 0.0872689 0.0157672 0.1564731 0.0398117 0.0025491 0.0016377 0.0911280 0.0000000 0.0016548 0.0631846 0.0711744 0.1324240 0.0000000 0.0042481 0.0000000
181 L 181 0.0062240 0.0000000 0.0000000 0.0000000 0.0000000 0.0000000 0.0000000 0.0000000 0.0000000 0.0112378 0.8669935 0.0000000 0.1108815 0.0000000 0.0000000 0.0000000 0.0000000 0.0000000 0.0014333 0.0032300
182 E 182 0.0093842 0.0826656 0.0100047 0.0050003 0.0023624 0.0079353 0.0393304 0.0000000 0.2847341 0.0200831 0.0281495 0.2092773 0.0102370 0.0723863 0.0010516 0.0010273 0.0098104 0.1101479 0.0831124 0.0133002
183 F 183 0.0853239 0.0024266 0.0000000 0.0515104 0.0828820 0.0076711 0.0092923 0.1385436 0.0025648 0.0007829 0.0000000 0.0049866 0.0032370 0.1794554 0.0000000 0.1346823 0.0024026 0.0334975 0.2597044 0.0010364
184 S 184 0.1771591 0.0000000 0.0000000 0.0000000 0.1979150 0.0000000 0.0000000 0.0054396 0.0117531 0.0044260 0.0050348 0.0000000 0.0000000 0.0049668 0.0000000 0.3176674 0.1937414 0.0013215 0.0040105 0.0765647
185 F 185 0.0012253 0.0000000 0.0000000 0.0027232 0.0031033 0.0009199 0.0000000 0.0035914 0.0124398 0.0000000 0.0010355 0.0000000 0.0000000 0.8835060 0.0000000 0.0025501 0.0067632 0.0097149 0.0724275 0.0000000
186 K 186 0.0011686 0.0043484 0.0000000 0.0281774 0.0000000 0.8043920 0.0451576 0.0000000 0.0305460 0.0000000 0.0000000 0.0673427 0.0043113 0.0000000 0.0000000 0.0078795 0.0055548 0.0000000 0.0000000 0.0011218
187 D 187 0.0046850 0.0000000 0.0238541 0.3301901 0.0000000 0.0000000 0.0129756 0.0000000 0.0000000 0.0000000 0.0000000 0.0000000 0.0000000 0.0000000 0.0000000 0.0844906 0.5438046 0.0000000 0.0000000 0.0000000
188 N 188 0.0737904 0.0193217 0.0706930 0.0595932 0.0129216 0.0277657 0.1999390 0.0669718 0.0104973 0.0018674 0.0055961 0.1060045 0.0243140 0.0006388 0.1723837 0.0927159 0.0303510 0.0041153 0.0013602 0.0191595
189 S 189 0.0371169 0.0602676 0.0390389 0.1955642 0.0012120 0.0233215 0.1329600 0.0868163 0.0106379 0.0054923 0.0108080 0.0857599 0.0008191 0.0010043 0.0000000 0.1636759 0.1103576 0.0012682 0.0291350 0.0047444
