  125         A         R         N         D         C         Q         E         G         H         I         L         K         M         F         P         S         T         W         Y         V    
  1 N   1 0.0000000 0.0000000 0.3907183 0.0000000 0.0000000 0.0000000 0.0000000 0.0000000 0.3919657 0.0000000 0.0000000 0.0000000 0.0000000 0.0000000 0.0000000 0.2173160 0.0000000 0.0000000 0.0000000 0.0000000
  2 P   2 0.0332672 0.0112460 0.0000000 0.0000000 0.0000000 0.0000000 0.0101741 0.0000000 0.0000000 0.0000000 0.0078508 0.0196004 0.0000000 0.0000000 0.8932655 0.0069471 0.0112037 0.0000000 0.0000000 0.0064451
  3 P   3 0.0298063 0.0149340 0.0037383 0.1148394 0.0000000 0.0211924 0.0291967 0.0150761 0.0000000 0.0105561 0.0050586 0.0608099 0.0077749 0.0000000 0.6231156 0.0285671 0.0353344 0.0000000 0.0000000 0.0000000
  4 P   4 0.0263404 0.0109592 0.0024457 0.0000000 0.0000000 0.0253453 0.0514900 0.0268785 0.0000000 0.0000000 0.0125014 0.1671141 0.0178315 0.0070768 0.4138078 0.2029901 0.0220314 0.0000000 0.0000000 0.0131879
  5 P   5 0.0310396 0.0570795 0.0239423 0.0186560 0.0000000 0.0505802 0.0427572 0.0034480 0.0000000 0.0043811 0.0112430 0.0976434 0.0044177 0.0025887 0.5194910 0.0708442 0.0377074 0.0000000 0.0000000 0.0241806
  6 E   6 0.0630881 0.0872176 0.0097118 0.1082571 0.0000000 0.0576301 0.1642007 0.0205818 0.0300764 0.0097476 0.0286692 0.1182698 0.0038080 0.0227176 0.0293899 0.1161917 0.0462703 0.0000000 0.0147033 0.0694691
  7 T   7 0.0683756 0.0575211 0.0250576 0.0609162 0.0063048 0.0357726 0.0612991 0.0423952 0.0263373 0.0164970 0.0836380 0.0627366 0.0757303 0.0155854 0.0575691 0.1281469 0.0755771 0.0000000 0.0351214 0.0654190
  8 S   8 0.0542661 0.0598850 0.0241457 0.0795291 0.0043831 0.0317637 0.0116168 0.0405680 0.0335769 0.0468432 0.0636826 0.0745255 0.0084200 0.0000000 0.2033108 0.1761518 0.0515931 0.0013619 0.0062608 0.0281158
  9 N   9 0.0539867 0.0975637 0.1178197 0.0414834 0.0034570 0.0676229 0.1120408 0.0287597 0.0026065 0.0040804 0.0289468 0.0624156 0.0077071 0.0075726 0.0857267 0.1394880 0.0598091 0.0000000 0.0474812 0.0314321
 10 P  10 0.0565978 0.0592058 0.0115874 0.0180939 0.0169712 0.0066853 0.0327968 0.0105283 0.0044779 0.0059361 0.0623164 0.1457433 0.0016901 0.0026595 0.3124696 0.1484644 0.0518878 0.0027058 0.0040813 0.0451014
 11 N  11 0.0750469 0.1217457 0.0792182 0.0423416 0.0000000 0.0247263 0.0259198 0.1526580 0.0178593 0.0065530 0.0315290 0.1384363 0.0125275 0.0017377 0.0852067 0.0957291 0.0710230 0.0000000 0.0045719 0.0131700
 12 K  12 0.0495447 0.2359396 0.0168046 0.0291139 0.0030511 0.0362692 0.0413313 0.0152669 0.0000000 0.0019399 0.0296127 0.3707852 0.0166180 0.0055595 0.0263626 0.0535323 0.0425312 0.0044860 0.0022505 0.0190009
 13 P  13 0.0441008 0.0975782 0.0497064 0.0166481 0.0042857 0.0355872 0.0860412 0.0240858 0.0202612 0.0057904 0.0020016 0.1664410 0.0100688 0.0015808 0.2782456 0.1038218 0.0344599 0.0030892 0.0065165 0.0096899
 14 K  14 0.0301446 0.1075901 0.0141345 0.0185289 0.0015940 0.0160480 0.0365641 0.2142514 0.0045850 0.0392127 0.0370973 0.2252259 0.0075916 0.0064508 0.0740822 0.0667927 0.0628390 0.0000000 0.0021147 0.0351526
 15 R  15 0.0168215 0.3516146 0.0176898 0.0071897 0.0120213 0.0292927 0.0313260 0.0146323 0.0047179 0.0188707 0.0179264 0.2442670 0.0089490 0.0496912 0.0636353 0.0500407 0.0369375 0.0057796 0.0152661 0.0033308
 16 Q  16 0.0171598 0.0768683 0.0337668 0.0546622 0.0039104 0.0519052 0.0233674 0.0372538 0.0655991 0.0189693 0.1765520 0.1358507 0.0944119 0.0087482 0.0226325 0.0369876 0.0508185 0.0058191 0.0271918 0.0575253
 17 T  17 0.0450197 0.0460153 0.0226533 0.0513956 0.0000000 0.0492727 0.0231052 0.0105169 0.0131063 0.0141759 0.0593569 0.0699625 0.0161177 0.0108306 0.1335915 0.1014435 0.3147020 0.0012000 0.0061428 0.0113917
 18 N  18 0.0540696 0.0333767 0.2061470 0.1100110 0.0026648 0.0388152 0.1593322 0.0341733 0.0514199 0.0054432 0.0094437 0.1177006 0.0043458 0.0148700 0.0362821 0.0628862 0.0364956 0.0000000 0.0137270 0.0087962
 19 Q  19 0.0335548 0.0209802 0.0204414 0.0804345 0.0080571 0.2713804 0.2333171 0.0139796 0.0119700 0.0104709 0.0149102 0.0939343 0.0103508 0.0011606 0.0954787 0.0384551 0.0106956 0.0000000 0.0053959 0.0250328
 20 L  20 0.0309760 0.0057963 0.0320251 0.0841597 0.0253412 0.0639963 0.0246590 0.0055193 0.0090986 0.0240618 0.4919422 0.0178487 0.0386053 0.0159909 0.0025564 0.0036550 0.0053181 0.0837023 0.0039795 0.0307684
 21 Q  21 0.0168154 0.1211298 0.0207935 0.0283591 0.0043130 0.1395507 0.0578128 0.0000000 0.0717264 0.0168562 0.0902912 0.1636000 0.0809229 0.0446837 0.0000000 0.0209421 0.0174171 0.0021257 0.0945191 0.0081412
 22 Y  22 0.0572546 0.1382274 0.0537843 0.0232737 0.0000000 0.0381105 0.0720466 0.0101577 0.0445722 0.0158196 0.0054001 0.2846216 0.0029109 0.0453426 0.0010645 0.0278257 0.0414611 0.0040034 0.1198753 0.0142481
 23 L  23 0.1307394 0.0276820 0.0119128 0.0050725 0.0127687 0.1067813 0.0127207 0.0267374 0.0289028 0.0697668 0.1599439 0.0557472 0.0255597 0.1893443 0.0113477 0.0489189 0.0316064 0.0014009 0.0184235 0.0246232
 24 L  24 0.0249460 0.0062468 0.0017803 0.0000000 0.4358278 0.0424524 0.0026837 0.0012926 0.0130702 0.0558626 0.2821053 0.0151326 0.0757281 0.0242354 0.0000000 0.0033027 0.0000000 0.0000000 0.0046777 0.0106559
 25 R  25 0.0426320 0.1263195 0.0719625 0.0135168 0.0000000 0.0735417 0.0948451 0.0377697 0.0136613 0.0081901 0.0746168 0.2050399 0.0494001 0.0071957 0.0000000 0.0872990 0.0241116 0.0035989 0.0381298 0.0281696
 26 V  26 0.0816646 0.0699823 0.0612548 0.0388465 0.0015343 0.0650811 0.1174458 0.0546270 0.0365810 0.0273653 0.0142912 0.0940577 0.0139322 0.0139900 0.0535230 0.0749653 0.1048084 0.0000000 0.0101035 0.0659460
 27 V  27 0.0308996 0.0037841 0.0000000 0.0000000 0.0097536 0.0017454 0.0000000 0.0040381 0.0000000 0.2910377 0.2836845 0.0028496 0.0114463 0.0129323 0.0000000 0.0115698 0.0638209 0.0000000 0.0000000 0.2724381
 28 L  28 0.0000000 0.0015926 0.0029518 0.0000000 0.0000000 0.0011638 0.0000000 0.0000000 0.0105331 0.1201342 0.6999253 0.0015784 0.0461299 0.0201793 0.0000000 0.0000000 0.0022899 0.0081554 0.0018876 0.0834786
 29 K  29 0.0448762 0.0831583 0.1222824 0.1223054 0.0015135 0.0505396 0.0947538 0.0093150 0.0047183 0.0052161 0.0163675 0.2898772 0.0174711 0.0000000 0.0054669 0.0596863 0.0621736 0.0000000 0.0011204 0.0091585
 30 T  30 0.1021618 0.0664376 0.0380372 0.0575006 0.0033248 0.1101269 0.2488432 0.0222436 0.0048263 0.0051730 0.0358910 0.1130119 0.0056328 0.0157797 0.0064930 0.0900264 0.0339226 0.0000000 0.0101314 0.0304360
 31 L  31 0.0196707 0.0000000 0.0000000 0.0000000 0.0020484 0.0000000 0.0000000 0.0000000 0.0000000 0.1302476 0.5690222 0.0016795 0.1322349 0.0093980 0.0000000 0.0023238 0.0093770 0.0000000 0.0000000 0.1239980
 32 W  32 0.0110894 0.0472547 0.0080915 0.0067653 0.0154895 0.1110065 0.0481269 0.0032773 0.0252494 0.0241796 0.0736243 0.1906544 0.1368692 0.0811677 0.0022865 0.0203980 0.0295458 0.0938230 0.0513077 0.0197931
 33 K  33 0.0848464 0.1429032 0.1180823 0.0274071 0.0185087 0.0599102 0.0222983 0.0099111 0.0087763 0.0027386 0.0104463 0.2782724 0.0034965 0.0000000 0.0000000 0.1614992 0.0404371 0.0000000 0.0025933 0.0078732
 34 H  34 0.0018966 0.0211320 0.0401863 0.0121763 0.0280759 0.0738344 0.0094301 0.0162119 0.4592777 0.0073917 0.0708010 0.1592174 0.0156314 0.0014885 0.0127203 0.0237580 0.0249053 0.0000000 0.0113781 0.0104870
 35 Q  35 0.0442828 0.0516688 0.0224817 0.1183066 0.0000000 0.0972461 0.1031501 0.0090187 0.0345505 0.0057068 0.0000000 0.3418870 0.0013683 0.0011183 0.1124483 0.0446577 0.0111506 0.0000000 0.0000000 0.0009578
 36 F  36 0.0425841 0.0059125 0.0232285 0.1908919 0.0119843 0.0190436 0.0597278 0.0240474 0.1477558 0.0484285 0.0234181 0.0093539 0.0230362 0.1089027 0.0047427 0.0756745 0.0339818 0.0305364 0.0965719 0.0201774
 37 A  37 0.5127453 0.0000000 0.0126168 0.0000000 0.0048889 0.0021483 0.0000000 0.0868808 0.0049213 0.0000000 0.0000000 0.0023066 0.0000000 0.0144254 0.0000000 0.3006275 0.0139161 0.0000000 0.0305511 0.0139718
 38 W  38 0.0434979 0.0330234 0.0085513 0.0051777 0.0000000 0.0173094 0.0608458 0.0436889 0.0130406 0.0277757 0.0599752 0.0194793 0.0062724 0.0323986 0.0066510 0.0182594 0.0106379 0.5266078 0.0372662 0.0295415
 39 P  39 0.0479221 0.0000000 0.0096919 0.0125150 0.0010698 0.0025054 0.0041559 0.0000000 0.0094252 0.0430932 0.0257980 0.0000000 0.0075603 0.0291643 0.7002602 0.0000000 0.0021924 0.0150345 0.0037646 0.0858470
 40 F  40 0.0000000 0.0000000 0.0000000 0.0000000 0.0000000 0.0000000 0.0000000 0.0000000 0.0000000 0.0000000 0.0031481 0.0000000 0.0000000 0.9814535 0.0000000 0.0000000 0.0000000 0.0000000 0.0153984 0.0000000
 41 Q  41 0.0534136 0.1788041 0.0720655 0.0076112 0.0026199 0.0525687 0.0096632 0.0016703 0.0388854 0.0180536 0.2908388 0.0470814 0.0667513 0.0023928 0.0000000 0.0240200 0.0138368 0.0000000 0.1013889 0.0183348
 42 Q  42 0.0589969 0.0448254 0.0412719 0.0461178 0.0000000 0.1728660 0.2464296 0.0132516 0.0390609 0.0074845 0.0478336 0.1465658 0.0053622 0.0111204 0.0000000 0.0254506 0.0348385 0.0000000 0.0185002 0.0400238
 43 P  43 0.0114342 0.0101604 0.0000000 0.0000000 0.0000000 0.0028891 0.0000000 0.0000000 0.0000000 0.0000000 0.0050364 0.0022932 0.0000000 0.0000000 0.9515677 0.0116315 0.0049874 0.0000000 0.0000000 0.0000000
 44 V  44 0.0091121 0.0000000 0.0000000 0.0000000 0.0000000 0.0000000 0.0074997 0.0000000 0.0000000 0.0043638 0.0023445 0.0000000 0.0000000 0.0000000 0.0000000 0.0000000 0.0000000 0.0000000 0.0000000 0.9766799
 45 D  45 0.0078019 0.0011224 0.1438361 0.7836567 0.0000000 0.0031705 0.0082184 0.0000000 0.0000000 0.0041237 0.0020959 0.0014232 0.0000000 0.0000000 0.0100359 0.0309766 0.0000000 0.0000000 0.0035388 0.0000000
 46 A  46 0.1964481 0.0012899 0.0022531 0.0012074 0.0021100 0.0081637 0.0062742 0.0014193 0.0088677 0.0213465 0.0999753 0.0055610 0.0013798 0.0000000 0.4137201 0.0148461 0.0735643 0.0110043 0.0122176 0.1183516
 47 V  47 0.0415506 0.0171300 0.0138448 0.0238459 0.0144267 0.0514759 0.1354230 0.0011329 0.0056515 0.0822200 0.0225936 0.1599362 0.0030752 0.0016726 0.0013117 0.0310429 0.0506982 0.0040872 0.0033930 0.3354882
 48 K  48 0.2614686 0.0852756 0.0022571 0.0075738 0.0000000 0.0372378 0.0533854 0.0525660 0.0016603 0.0050179 0.0871493 0.2876347 0.0070071 0.0044094 0.0039292 0.0345358 0.0320556 0.0196746 0.0035146 0.0136472
 49 L  49 0.0083081 0.0284180 0.0449228 0.1221570 0.0025154 0.0168142 0.0226296 0.0000000 0.0075870 0.0027473 0.5672893 0.0070756 0.0272961 0.0469531 0.0272493 0.0329311 0.0128529 0.0115156 0.0061639 0.0045736
 50 N  50 0.0108314 0.0036700 0.2288370 0.0589969 0.0124872 0.0499986 0.2136187 0.2791667 0.0218506 0.0122922 0.0119501 0.0392443 0.0079648 0.0037688 0.0000000 0.0206247 0.0000000 0.0000000 0.0231214 0.0015766
 51 L  51 0.1171393 0.0000000 0.0000000 0.0000000 0.0266707 0.0000000 0.0000000 0.0000000 0.0093854 0.2556819 0.2849183 0.0000000 0.0000000 0.0084459 0.0017239 0.0000000 0.0000000 0.0035391 0.0618684 0.2306270
 52 P  52 0.0168424 0.0000000 0.0000000 0.0044002 0.0000000 0.0013385 0.0093328 0.0128004 0.1006662 0.0019052 0.0144628 0.0020516 0.0000000 0.0013278 0.7770784 0.0188507 0.0135716 0.0096371 0.0068378 0.0088966
 53 D  53 0.0036485 0.0039398 0.0734105 0.6364202 0.0000000 0.0064534 0.0308106 0.0458220 0.0256623 0.0000000 0.0110195 0.0169878 0.0085642 0.0142669 0.0000000 0.0217918 0.0997569 0.0000000 0.0014453 0.0000000
 54 Y  54 0.0000000 0.0000000 0.0000000 0.0000000 0.0040001 0.0000000 0.0000000 0.0000000 0.0050275 0.0000000 0.0000000 0.0091998 0.0000000 0.0000000 0.0000000 0.0000000 0.0000000 0.0000000 0.9817727 0.0000000
 55 Y  55 0.0207224 0.0550286 0.0093178 0.0000000 0.0293220 0.0000000 0.0000000 0.0000000 0.1828218 0.0013323 0.0544570 0.0278327 0.0000000 0.2075921 0.0553699 0.0216441 0.0019035 0.0000000 0.3273129 0.0053430
 56 K  56 0.0267364 0.0183213 0.0718244 0.3027969 0.0000000 0.0793817 0.1442848 0.0171005 0.0060971 0.0032848 0.0077429 0.1494558 0.0063626 0.0038490 0.0000000 0.0520445 0.1034661 0.0000000 0.0053490 0.0019022
 57 I  57 0.0049106 0.0142269 0.0000000 0.0000000 0.0019702 0.0000000 0.0130314 0.0000000 0.0179563 0.5165836 0.0091901 0.0356569 0.0039389 0.0281053 0.0000000 0.0021004 0.0079128 0.0000000 0.0313378 0.3130788
 58 I  58 0.0074956 0.0000000 0.0000000 0.0000000 0.0000000 0.0000000 0.0000000 0.0000000 0.0000000 0.7889270 0.0000000 0.0000000 0.0000000 0.0000000 0.0000000 0.0000000 0.0108299 0.0000000 0.0000000 0.1927475
 59 K  59 0.0377689 0.0365199 0.0041284 0.0428523 0.0018586 0.0189928 0.0531212 0.0000000 0.0059211 0.0017135 0.0030053 0.6848339 0.0022291 0.0000000 0.0150280 0.0272631 0.0614799 0.0000000 0.0000000 0.0032841
 60 T  60 0.0055696 0.1071383 0.1480812 0.0318638 0.0220358 0.0711696 0.0907189 0.0000000 0.1577674 0.0070090 0.0009343 0.1651093 0.0000000 0.0203711 0.0000000 0.0318694 0.0717882 0.0000000 0.0642720 0.0043022
 61 P  61 0.0120935 0.0016032 0.0000000 0.0000000 0.0000000 0.0000000 0.0049920 0.0000000 0.0000000 0.0000000 0.0000000 0.0000000 0.0017960 0.0000000 0.9757104 0.0015560 0.0000000 0.0000000 0.0000000 0.0022490
 62 M  62 0.0049296 0.0126067 0.0000000 0.0000000 0.0000000 0.0000000 0.0000000 0.0000000 0.0000000 0.0496577 0.0023101 0.0000000 0.8742606 0.0000000 0.0000000 0.0021214 0.0431303 0.0000000 0.0000000 0.0109836
 63 D  63 0.0030486 0.0000000 0.0000000 0.9833732 0.0036971 0.0000000 0.0000000 0.0000000 0.0000000 0.0000000 0.0000000 0.0000000 0.0000000 0.0000000 0.0000000 0.0050356 0.0000000 0.0048455 0.0000000 0.0000000
 64 M  64 0.0000000 0.0000000 0.0000000 0.0000000 0.0000000 0.0000000 0.0000000 0.0000000 0.0000000 0.0477652 0.7194828 0.0000000 0.0634221 0.1516123 0.0050126 0.0000000 0.0000000 0.0000000 0.0039599 0.0087451
 65 G  65 0.0428995 0.0287381 0.0185973 0.0013406 0.0013341 0.0377700 0.0128476 0.3685869 0.0092640 0.0000000 0.0037976 0.0546272 0.0019893 0.0022415 0.0009385 0.3744629 0.0265668 0.0000000 0.0139980 0.0000000
 66 T  66 0.0033018 0.0063952 0.0016162 0.0022415 0.0040378 0.0048843 0.0012579 0.0028827 0.0000000 0.0068777 0.0248932 0.0119573 0.0014398 0.0000000 0.0000000 0.0230660 0.9016132 0.0010162 0.0000000 0.0025193
 67 I  67 0.0025613 0.0000000 0.0000000 0.0000000 0.0022096 0.0000000 0.0000000 0.0000000 0.0000000 0.5615917 0.0097764 0.0000000 0.2304431 0.0000000 0.0000000 0.0000000 0.0000000 0.0000000 0.0000000 0.1934179
 68 K  68 0.0099631 0.1840755 0.0026868 0.0102779 0.0021710 0.0483192 0.2197839 0.0257008 0.0070134 0.0089286 0.0116479 0.3912854 0.0085575 0.0000000 0.0000000 0.0344849 0.0221711 0.0045918 0.0048190 0.0035223
 69 K  69 0.0361551 0.1305543 0.0666667 0.0251724 0.0022830 0.0414420 0.1397523 0.0146507 0.0071247 0.0095114 0.0129055 0.3222599 0.0179607 0.0032583 0.0000000 0.1073665 0.0456387 0.0000000 0.0071371 0.0101608
 70 R  70 0.0011593 0.3044581 0.0520654 0.0079763 0.0000000 0.0109817 0.0014829 0.0014998 0.0022301 0.0000000 0.0031560 0.5911323 0.0000000 0.0000000 0.0000000 0.0019676 0.0218904 0.0000000 0.0000000 0.0000000
 71 L  71 0.0012971 0.0000000 0.0032500 0.0000000 0.0056437 0.0019783 0.0000000 0.0000000 0.0075765 0.0624967 0.7525790 0.0000000 0.0926879 0.0228452 0.0000000 0.0000000 0.0030451 0.0019116 0.0000000 0.0446890
 72 E  72 0.0409710 0.0720604 0.1030189 0.1800541 0.0022367 0.0574144 0.2913688 0.0112921 0.0134244 0.0099754 0.0347052 0.0933343 0.0053771 0.0000000 0.0000000 0.0267760 0.0335449 0.0000000 0.0048251 0.0196211
 73 N  73 0.1025118 0.0361692 0.3308107 0.0488028 0.0088449 0.0364221 0.0342945 0.0616020 0.0247104 0.0010506 0.0125119 0.0970704 0.0111652 0.0017440 0.0000000 0.1228268 0.0510806 0.0000000 0.0051247 0.0132574
 74 N  74 0.0067633 0.1262513 0.1892071 0.0778948 0.0050543 0.0181274 0.0088881 0.3348240 0.0265681 0.0058550 0.0242916 0.0833073 0.0017648 0.0195325 0.0035143 0.0325491 0.0078610 0.0110338 0.0083613 0.0083507
 75 Y  75 0.0660387 0.0297809 0.0317597 0.0323519 0.0022705 0.1499334 0.1689270 0.0228851 0.0199667 0.0065646 0.0491510 0.0767988 0.0151029 0.0501670 0.0000000 0.0396129 0.0226093 0.0098791 0.1713893 0.0348114
 76 Y  76 0.0000000 0.0000000 0.0000000 0.0000000 0.0017801 0.0000000 0.0000000 0.0000000 0.0049851 0.0048128 0.0034932 0.0000000 0.0000000 0.0065416 0.0000000 0.0000000 0.0000000 0.0000000 0.9783872 0.0000000
 77 W  77 0.0726264 0.1108720 0.0352661 0.0343148 0.0156743 0.0634889 0.0994670 0.0115687 0.0285984 0.0102172 0.0175945 0.1539894 0.0074276 0.0076686 0.0459966 0.0767716 0.0959728 0.0608396 0.0101547 0.0414908
 78 N  78 0.0209798 0.0433399 0.1234155 0.1413688 0.0155422 0.0090723 0.0328831 0.0122938 0.0108828 0.0090573 0.0048785 0.0458914 0.0027547 0.0018616 0.0000000 0.2864132 0.2322256 0.0020940 0.0026507 0.0023948
 79 A  79 0.1994078 0.0442542 0.0067335 0.0050422 0.0041247 0.0000000 0.0194683 0.0150011 0.0124168 0.0643719 0.1076636 0.0675535 0.0372113 0.0260962 0.2449077 0.0382469 0.0205512 0.0000000 0.0016127 0.0853362
 80 Q  80 0.0532050 0.0467842 0.0254720 0.1107930 0.0020288 0.1156777 0.2207427 0.0347000 0.0103237 0.0041520 0.0284088 0.1155626 0.0148456 0.0074508 0.0039168 0.1072787 0.0287656 0.0486758 0.0081924 0.0130237
 81 E  81 0.0800559 0.0014950 0.0029358 0.1798946 0.0000000 0.1311814 0.4866567 0.0184019 0.0042621 0.0048457 0.0366675 0.0071740 0.0121897 0.0000000 0.0000000 0.0209607 0.0109967 0.0000000 0.0000000 0.0022821
 82 C  82 0.0267047 0.0000000 0.0000000 0.0000000 0.0806978 0.0000000 0.0000000 0.0000000 0.0000000 0.0369350 0.0826369 0.0000000 0.0141251 0.6454111 0.0000000 0.0016770 0.0051475 0.0079339 0.0432637 0.0554673
 83 I  83 0.2336715 0.0138648 0.0025787 0.0121183 0.0511556 0.0135176 0.0871269 0.0075163 0.0048203 0.1721447 0.0514504 0.0383298 0.0604012 0.0162055 0.0000000 0.0117746 0.0136654 0.0038072 0.0202602 0.1855910
 84 Q  84 0.3039071 0.0436887 0.0531229 0.1460886 0.0024299 0.0630591 0.0745073 0.0253345 0.0140349 0.0056719 0.0134704 0.0799850 0.0015426 0.0027667 0.0000000 0.0804006 0.0345047 0.0237266 0.0189961 0.0127626
 85 D  85 0.0016148 0.0000000 0.0025981 0.9494667 0.0000000 0.0000000 0.0344235 0.0000000 0.0059657 0.0000000 0.0024397 0.0034915 0.0000000 0.0000000 0.0000000 0.0000000 0.0000000 0.0000000 0.0000000 0.0000000
 86 F  86 0.0576677 0.0000000 0.0000000 0.0000000 0.0143954 0.0000000 0.0000000 0.0000000 0.0000000 0.1117157 0.0828725 0.0000000 0.1175876 0.1788243 0.0000000 0.0015232 0.0038611 0.0000000 0.0046756 0.4268770
 87 N  87 0.0118980 0.4305712 0.1431368 0.0355806 0.0014665 0.0469566 0.0464519 0.0017608 0.0107354 0.0058129 0.0232468 0.1119017 0.0163954 0.0251375 0.0000000 0.0087781 0.0286093 0.0424467 0.0023692 0.0067445
 88 T  88 0.0035117 0.0477963 0.0011891 0.0000000 0.0017673 0.0549362 0.0000000 0.0000000 0.0000000 0.0063085 0.7223698 0.0257224 0.0079125 0.0000000 0.0000000 0.0025542 0.0850134 0.0000000 0.0368034 0.0041151
 89 M  89 0.0000000 0.0000000 0.0000000 0.0000000 0.0000000 0.0000000 0.0000000 0.0000000 0.0000000 0.3491375 0.0351324 0.0000000 0.3613839 0.0000000 0.0000000 0.0000000 0.0770477 0.0000000 0.0000000 0.1772984
 90 F  90 0.0144990 0.0019266 0.0000000 0.0000000 0.0192472 0.0000000 0.0228350 0.0014682 0.0000000 0.0586449 0.0303540 0.0000000 0.0015278 0.7230148 0.0000000 0.0016310 0.0064915 0.0305068 0.0111617 0.0766915
 91 T  91 0.0498735 0.0582680 0.1037251 0.1716167 0.0013374 0.0487376 0.0718473 0.0043588 0.0374381 0.0076984 0.0057987 0.0700708 0.0297399 0.0031423 0.0000000 0.1912428 0.1337896 0.0074050 0.0031137 0.0007962
 92 N  92 0.0000000 0.0000000 0.9892615 0.0032562 0.0000000 0.0000000 0.0000000 0.0000000 0.0000000 0.0000000 0.0000000 0.0000000 0.0000000 0.0000000 0.0000000 0.0074823 0.0000000 0.0000000 0.0000000 0.0000000
 93 C  93 0.2809049 0.0000000 0.0000000 0.0000000 0.6459170 0.0000000 0.0000000 0.0062205 0.0000000 0.0000000 0.0000000 0.0000000 0.0000000 0.0000000 0.0000000 0.0558543 0.0087132 0.0000000 0.0000000 0.0023901
 94 Y  94 0.0272450 0.1919340 0.0032436 0.0062760 0.0102422 0.0172031 0.0526288 0.0010535 0.0082922 0.0432173 0.0584937 0.0735569 0.1029161 0.0555525 0.0000000 0.0065598 0.0022305 0.0485214 0.2671225 0.0237109
 95 I  95 0.0551943 0.0410368 0.0126591 0.0021797 0.0052658 0.0536555 0.0344508 0.0017197 0.0067784 0.0570013 0.1586646 0.2306806 0.0155541 0.0066150 0.0009930 0.0270106 0.2255885 0.0000000 0.0243853 0.0405669
 96 Y  96 0.0000000 0.0116796 0.0000000 0.0000000 0.0025749 0.0000000 0.0000000 0.0000000 0.0082869 0.0000000 0.0000000 0.0000000 0.0000000 0.3215524 0.0000000 0.0000000 0.0000000 0.0000000 0.6559063 0.0000000
 97 N  97 0.0000000 0.0000000 0.9536364 0.0022623 0.0000000 0.0000000 0.0000000 0.0000000 0.0022268 0.0000000 0.0000000 0.0000000 0.0000000 0.0000000 0.0000000 0.0028339 0.0252394 0.0138012 0.0000000 0.0000000
 98 K  98 0.0530986 0.0670552 0.0386039 0.0361875 0.0000000 0.0224438 0.1058734 0.1608963 0.0066134 0.0156431 0.0082088 0.0996595 0.0060520 0.0000000 0.2806074 0.0774043 0.0126471 0.0000000 0.0056682 0.0033377
 99 P  99 0.0597283 0.0214630 0.0056760 0.0978917 0.0000000 0.0087490 0.1471155 0.0000000 0.0028346 0.0070455 0.0142381 0.1515299 0.0000000 0.0000000 0.4018308 0.0428752 0.0149599 0.0000000 0.0000000 0.0240626
100 G 100 0.0265072 0.0354029 0.0541047 0.2600679 0.0000000 0.0201743 0.0971293 0.2577102 0.0361202 0.0011537 0.0015838 0.0188990 0.0018979 0.0028031 0.0037888 0.0585045 0.1158370 0.0027771 0.0038696 0.0016688
101 D 101 0.0247965 0.0014487 0.0659106 0.1252768 0.0000000 0.0231315 0.0320931 0.0000000 0.1660810 0.0000000 0.0040611 0.0000000 0.0000000 0.0000000 0.0066200 0.3588047 0.1868133 0.0000000 0.0049629 0.0000000
102 D 102 0.0281060 0.0590961 0.0113478 0.2515283 0.0034011 0.0215135 0.1717216 0.0145124 0.0050687 0.0596123 0.0190571 0.0271945 0.0121428 0.0173615 0.1612550 0.0278615 0.0180516 0.0078040 0.0184864 0.0648778
103 I 103 0.0111444 0.0000000 0.0000000 0.0000000 0.0052085 0.0000000 0.0043575 0.0025822 0.0000000 0.2292553 0.0168553 0.0000000 0.0114120 0.0402443 0.0084247 0.0000000 0.0101759 0.0023062 0.1453095 0.5127241
104 V 104 0.0879613 0.0166450 0.0284267 0.0000000 0.0155220 0.0000000 0.0036916 0.0680483 0.1168480 0.0049819 0.0058662 0.0000000 0.0029959 0.0291753 0.0000000 0.0519281 0.0753480 0.0192448 0.2740581 0.1992589
105 L 105 0.0776289 0.1464855 0.0266654 0.0287414 0.0013880 0.0862588 0.0284346 0.0127776 0.0060612 0.0563351 0.0822456 0.2542089 0.0275747 0.0168395 0.0014309 0.0559890 0.0312680 0.0018551 0.0000000 0.0578118
106 M 106 0.1510188 0.0051493 0.0302792 0.0045440 0.1067017 0.0452897 0.0313528 0.0000000 0.0139679 0.0158825 0.0309014 0.0149250 0.4047449 0.0233911 0.0000000 0.0470650 0.0059902 0.0030681 0.0511489 0.0145796
107 A 107 0.6148556 0.0000000 0.0000000 0.0000000 0.0697245 0.0019412 0.0000000 0.2446296 0.0000000 0.0039250 0.0015132 0.0000000 0.0021651 0.0000000 0.0000000 0.0266090 0.0314452 0.0000000 0.0000000 0.0031915
108 E 108 0.0120641 0.1535630 0.0896034 0.0506229 0.0032057 0.1239285 0.1041237 0.0037283 0.0656781 0.0308797 0.0563154 0.1643382 0.0151308 0.0000000 0.0000000 0.0294248 0.0567788 0.0000000 0.0057950 0.0348195
109 A 109 0.0882442 0.1392967 0.0882484 0.0214246 0.0090204 0.0574314 0.0650713 0.0246363 0.0066003 0.0398807 0.0140216 0.2554580 0.0153314 0.0028085 0.0017902 0.0520511 0.0982347 0.0000000 0.0000000 0.0204502
110 L 110 0.0015491 0.0000000 0.0000000 0.0000000 0.0113089 0.0000000 0.0000000 0.0000000 0.0000000 0.0785440 0.7397572 0.0000000 0.0823069 0.0259909 0.0000000 0.0000000 0.0040126 0.0000000 0.0000000 0.0565303
111 E 111 0.0203268 0.0887986 0.0210022 0.0049257 0.0021126 0.1851632 0.4063837 0.0037424 0.0103129 0.0000000 0.0608683 0.0555787 0.0069594 0.0024514 0.0000000 0.1002506 0.0228315 0.0000000 0.0037611 0.0045308
112 K 112 0.1445992 0.0844609 0.0308050 0.1403957 0.0038104 0.0350068 0.1504651 0.0185547 0.0030295 0.0121107 0.0065968 0.2793744 0.0013335 0.0000000 0.0000000 0.0518909 0.0275878 0.0000000 0.0000000 0.0099786
113 L 113 0.0544244 0.0150328 0.0137560 0.0184461 0.0192031 0.0251451 0.0216663 0.0022281 0.0221949 0.0864473 0.1330123 0.0181779 0.0189174 0.1766235 0.0000000 0.0361431 0.0304386 0.0056417 0.1068791 0.1956223
114 F 114 0.0337790 0.0000000 0.0000000 0.0000000 0.0122485 0.0000000 0.0000000 0.0033245 0.0000000 0.0333197 0.0285453 0.0000000 0.0388947 0.7728799 0.0000000 0.0038039 0.0015383 0.0193728 0.0316943 0.0205993
115 L 115 0.0105707 0.0399471 0.0680271 0.0769791 0.0000000 0.0386682 0.4201053 0.0048766 0.0253279 0.0136915 0.1224794 0.0535542 0.0154777 0.0114211 0.0000000 0.0045607 0.0073252 0.0313718 0.0204074 0.0352089
116 Q 116 0.0430192 0.0786372 0.0344438 0.0388939 0.0000000 0.1307682 0.1272674 0.0240627 0.0051851 0.0023525 0.0095957 0.2270464 0.0524753 0.0191092 0.0090075 0.0985637 0.0789799 0.0000000 0.0056101 0.0149819
117 K 117 0.0208827 0.1811063 0.0078497 0.0159332 0.0039535 0.0670350 0.0773088 0.0105966 0.0832550 0.0230555 0.0784461 0.3365044 0.0264425 0.0152546 0.0000000 0.0140127 0.0057537 0.0064625 0.0142370 0.0119101
118 I 118 0.0031593 0.0032275 0.0026481 0.0000000 0.0157484 0.0000000 0.0000000 0.0000000 0.0000000 0.1868093 0.1826148 0.0000000 0.1368985 0.1075267 0.0000000 0.0018623 0.0014610 0.2354126 0.0449139 0.0777177
119 N 119 0.2447329 0.0668885 0.0151617 0.0545561 0.0000000 0.0234552 0.0897538 0.0165971 0.0032990 0.0032623 0.0499171 0.2719518 0.0029885 0.0012895 0.0193871 0.0787980 0.0326726 0.0022380 0.0000000 0.0230506
120 E 120 0.0337864 0.0260741 0.1129021 0.0592942 0.0038925 0.1277782 0.1993186 0.0111679 0.0342351 0.0042127 0.0320936 0.2058475 0.0028409 0.0023771 0.0544184 0.0588069 0.0230962 0.0000000 0.0013510 0.0065068
121 L 121 0.0085684 0.0208768 0.0013490 0.0000000 0.0047621 0.0061192 0.0000000 0.0000000 0.0000000 0.2482557 0.2682524 0.0115481 0.2386914 0.0764051 0.0000000 0.0027375 0.0024638 0.0000000 0.0101071 0.0998634
122 P 122 0.0026503 0.0590769 0.0084031 0.0012865 0.0069500 0.0128254 0.0761159 0.0000000 0.0000000 0.0055077 0.0141177 0.0208576 0.0790716 0.0126252 0.6188716 0.0240302 0.0069241 0.0000000 0.0379205 0.0127657
123 T 123 0.0821757 0.0182396 0.0060391 0.1631330 0.0000000 0.1700862 0.1372216 0.0355784 0.0026128 0.0044230 0.0078516 0.1259414 0.0018936 0.0024019 0.1048229 0.1015528 0.0204162 0.0000000 0.0000000 0.0156102
124 E 124 0.0423293 0.0198170 0.0000000 0.1833221 0.0000000 0.0126135 0.5564280 0.0247638 0.0115623 0.0000000 0.0000000 0.0477340 0.0000000 0.0027337 0.0488803 0.0066003 0.0111578 0.0000000 0.0000000 0.0320581
125 E 125 0.0000000 0.0000000 0.0000000 0.2872651 0.0000000 0.0000000 0.7127349 0.0000000 0.0000000 0.0000000 0.0000000 0.0000000 0.0000000 0.0000000 0.0000000 0.0000000 0.0000000 0.0000000 0.0000000 0.0000000
