  125         A         R         N         D         C         Q         E         G         H         I         L         K         M         F         P         S         T         W         Y         V         X    
  1 N   1 0.0000000 0.0000000 0.0481844 0.0000000 0.0000000 0.0000000 0.0000000 0.0000000 0.0408826 0.0000000 0.0000000 0.0000000 0.0000000 0.0000000 0.0000000 0.0230187 0.0000000 0.0000000 0.0000000 0.0000000 0.8879144
  2 P   2 0.0070333 0.0023551 0.0000000 0.0000000 0.0000000 0.0000000 0.0020923 0.0000000 0.0000000 0.0000000 0.0016226 0.0040847 0.0000000 0.0000000 0.2033055 0.0014363 0.0023219 0.0000000 0.0000000 0.0013303 0.7744180
  3 P   3 0.0083520 0.0041520 0.0010171 0.0346833 0.0000000 0.0059511 0.0080664 0.0041332 0.0000000 0.0029427 0.0013903 0.0169933 0.0020905 0.0000000 0.1795909 0.0115706 0.0096095 0.0000000 0.0000000 0.0000000 0.7094572
  4 P   4 0.0108597 0.0047860 0.0010243 0.0000000 0.0000000 0.0104840 0.0210500 0.0110090 0.0000000 0.0000000 0.0052079 0.0694489 0.0079712 0.0029621 0.1851852 0.0870372 0.0090997 0.0000000 0.0000000 0.0054382 0.5684366
  5 P   5 0.0142767 0.0260969 0.0109613 0.0091299 0.0000000 0.0254454 0.0196507 0.0015822 0.0000000 0.0020292 0.0051877 0.0450410 0.0020409 0.0012054 0.2463755 0.0325258 0.0196606 0.0000000 0.0000000 0.0148254 0.5239654
  6 E   6 0.0327236 0.0445383 0.0049781 0.0551617 0.0000000 0.0317602 0.0941989 0.0129727 0.0149577 0.0044766 0.0149412 0.0599111 0.0019738 0.0115878 0.0185049 0.0598906 0.0233269 0.0000000 0.0075469 0.0352708 0.4712783
  7 T   7 0.0359476 0.0337876 0.0130281 0.0318215 0.0033047 0.0211450 0.0321169 0.0225432 0.0168991 0.0085854 0.0437549 0.0328919 0.0398236 0.0080133 0.0302016 0.0663380 0.0392678 0.0000000 0.0253010 0.0364764 0.4587522
  8 S   8 0.0290116 0.0315275 0.0129175 0.0422930 0.0023149 0.0167737 0.0061762 0.0211047 0.0179591 0.0326454 0.0337095 0.0399961 0.0044270 0.0000000 0.1090959 0.0960143 0.0334457 0.0007191 0.0031698 0.0149917 0.4517073
  9 N   9 0.0326428 0.0571317 0.0744648 0.0225551 0.0019100 0.0395971 0.0619898 0.0156191 0.0014293 0.0022423 0.0158255 0.0336802 0.0040658 0.0042326 0.0461840 0.0710499 0.0322889 0.0000000 0.0256825 0.0171823 0.4402265
 10 P  10 0.0311637 0.0371863 0.0064729 0.0102052 0.0093047 0.0038064 0.0185475 0.0059270 0.0025288 0.0033430 0.0349496 0.0813519 0.0009606 0.0014841 0.1806812 0.0816039 0.0360427 0.0015477 0.0022802 0.0246300 0.4259828
 11 N  11 0.0436412 0.0782648 0.0500778 0.0241519 0.0000000 0.0143174 0.0183904 0.0841121 0.0105871 0.0038301 0.0177722 0.0887305 0.0071775 0.0010348 0.0506091 0.0562948 0.0418378 0.0000000 0.0026618 0.0077889 0.3987197
 12 K  12 0.0307610 0.1473202 0.0104743 0.0176967 0.0019100 0.0247250 0.0257454 0.0091296 0.0000000 0.0012088 0.0186219 0.2477053 0.0103117 0.0035729 0.0163186 0.0283065 0.0257407 0.0027497 0.0014008 0.0119651 0.3643357
 13 P  13 0.0281864 0.0612327 0.0385796 0.0105774 0.0028544 0.0228611 0.0583824 0.0153464 0.0133448 0.0036980 0.0012701 0.1051114 0.0064482 0.0010113 0.1823719 0.0673164 0.0221285 0.0019863 0.0042541 0.0061880 0.3468506
 14 K  14 0.0203263 0.0726245 0.0095940 0.0124398 0.0010796 0.0101294 0.0245321 0.1513075 0.0031237 0.0260145 0.0251993 0.1550791 0.0050679 0.0080172 0.0502786 0.0481285 0.0412038 0.0000000 0.0013995 0.0240152 0.3104393
 15 R  15 0.0114560 0.2463947 0.0119062 0.0049043 0.0081351 0.0190421 0.0234685 0.0098917 0.0032138 0.0128403 0.0121488 0.1692798 0.0060069 0.0338312 0.0438282 0.0348100 0.0248935 0.0040782 0.0140461 0.0022879 0.3035366
 16 Q  16 0.0133676 0.0567343 0.0242753 0.0403756 0.0028385 0.0401323 0.0205773 0.0274136 0.0476120 0.0135885 0.1338604 0.1034444 0.0673088 0.0062824 0.0163340 0.0269696 0.0363802 0.0042075 0.0197506 0.0395009 0.2590462
 17 T  17 0.0332564 0.0347124 0.0168084 0.0386853 0.0000000 0.0370391 0.0172590 0.0077051 0.0098190 0.0106293 0.0506342 0.0518186 0.0123152 0.0086930 0.1008901 0.0784403 0.2432636 0.0008989 0.0045644 0.0084685 0.2340992
 18 N  18 0.0420407 0.0250737 0.1702425 0.0905129 0.0020790 0.0302509 0.1277082 0.0269836 0.0402424 0.0042691 0.0073819 0.0900160 0.0033920 0.0114713 0.0283072 0.0517556 0.0289234 0.0000000 0.0106560 0.0068321 0.2018617
 19 Q  19 0.0263091 0.0164913 0.0159152 0.0686396 0.0062573 0.2201700 0.1832614 0.0105712 0.0094556 0.0082122 0.0115109 0.0738417 0.0080497 0.0009044 0.0784333 0.0292936 0.0083880 0.0000000 0.0042266 0.0193201 0.2007487
 20 L  20 0.0271075 0.0076513 0.0256750 0.0717236 0.0204725 0.0497965 0.0197101 0.0044196 0.0072852 0.0191411 0.4021560 0.0138936 0.0308991 0.0129332 0.0020303 0.0029226 0.0034696 0.0662832 0.0031796 0.0245665 0.1846837
 21 Q  21 0.0134581 0.1016056 0.0172157 0.0259852 0.0038039 0.1217684 0.0482153 0.0000000 0.0590065 0.0140608 0.0769258 0.1344079 0.0669361 0.0369567 0.0000000 0.0182900 0.0142058 0.0017534 0.0828845 0.0070249 0.1554957
 22 Y  22 0.0509831 0.1218428 0.0476673 0.0205796 0.0000000 0.0333209 0.0665408 0.0089493 0.0386071 0.0140860 0.0039392 0.2525526 0.0025575 0.0383154 0.0009549 0.0244666 0.0396251 0.0035012 0.1109903 0.0128388 0.1076812
 23 L  23 0.1148336 0.0236010 0.0102118 0.0043380 0.0140428 0.0903403 0.0139279 0.0229242 0.0237130 0.0582953 0.1404939 0.0474920 0.0214858 0.1597259 0.0097862 0.0440655 0.0274837 0.0011879 0.0153240 0.0214899 0.1352374
 24 L  24 0.0222126 0.0056460 0.0016014 0.0000000 0.4075866 0.0471382 0.0032676 0.0011652 0.0065907 0.0515687 0.2639726 0.0136962 0.0724864 0.0224770 0.0000000 0.0029725 0.0000000 0.0000000 0.0041842 0.0097368 0.0636973
 25 R  25 0.0391834 0.1219564 0.0679964 0.0127270 0.0000000 0.0683350 0.0930383 0.0351145 0.0126051 0.0072137 0.0691119 0.1946571 0.0458940 0.0066632 0.0000000 0.0848582 0.0218516 0.0033303 0.0388600 0.0262185 0.0503854
 26 V  26 0.0750813 0.0699851 0.0567453 0.0355245 0.0014080 0.0604093 0.1105767 0.0552769 0.0340494 0.0252017 0.0133565 0.0907716 0.0131775 0.0130076 0.0498372 0.0730700 0.0974590 0.0000000 0.0093271 0.0658325 0.0499027
 27 V  27 0.0290703 0.0035264 0.0000000 0.0000000 0.0090643 0.0015633 0.0000000 0.0036261 0.0000000 0.2806969 0.2670667 0.0026059 0.0109637 0.0117513 0.0000000 0.0104031 0.0593708 0.0000000 0.0000000 0.2659694 0.0443220
 28 L  28 0.0000000 0.0014465 0.0026762 0.0000000 0.0000000 0.0010522 0.0000000 0.0000000 0.0094385 0.1142683 0.6555956 0.0014083 0.0408140 0.0185036 0.0000000 0.0000000 0.0021511 0.0073578 0.0017299 0.0788690 0.0646891
 29 K  29 0.0426162 0.0785046 0.1196792 0.1161112 0.0014938 0.0472155 0.0940669 0.0090181 0.0044835 0.0048696 0.0160012 0.2848429 0.0163506 0.0000000 0.0051598 0.0562666 0.0591194 0.0000000 0.0010652 0.0085017 0.0346339
 30 T  30 0.1005997 0.0626186 0.0354034 0.0578878 0.0031342 0.1114907 0.2389004 0.0209864 0.0045937 0.0048710 0.0333895 0.1060708 0.0052116 0.0149055 0.0059858 0.0852174 0.0343568 0.0000000 0.0096781 0.0282023 0.0364964
 31 L  31 0.0185367 0.0000000 0.0000000 0.0000000 0.0018984 0.0000000 0.0000000 0.0000000 0.0000000 0.1239432 0.5546552 0.0015389 0.1272171 0.0087760 0.0000000 0.0021070 0.0086872 0.0000000 0.0000000 0.1168623 0.0357780
 32 W  32 0.0104458 0.0445840 0.0076599 0.0064306 0.0144072 0.1078654 0.0466964 0.0030602 0.0237314 0.0230234 0.0713621 0.1839930 0.1344096 0.0807597 0.0021545 0.0197259 0.0283305 0.0956707 0.0484405 0.0186270 0.0286221
 33 K  33 0.0842659 0.1348656 0.1131198 0.0262552 0.0180899 0.0573108 0.0221222 0.0096316 0.0085380 0.0026481 0.0104578 0.2674763 0.0031230 0.0000000 0.0000000 0.1582377 0.0455948 0.0000000 0.0024560 0.0075971 0.0282101
 34 H  34 0.0018190 0.0199514 0.0385514 0.0115542 0.0266821 0.0700789 0.0091221 0.0150311 0.4492566 0.0070149 0.0731707 0.1558908 0.0144337 0.0014079 0.0119167 0.0223973 0.0235611 0.0000000 0.0107316 0.0098067 0.0276218
 35 Q  35 0.0464576 0.0489160 0.0211507 0.1188115 0.0000000 0.0916716 0.0994115 0.0085191 0.0319007 0.0052770 0.0000000 0.3332621 0.0012855 0.0010747 0.1068318 0.0462230 0.0106609 0.0000000 0.0000000 0.0009244 0.0276218
 36 F  36 0.0401310 0.0056225 0.0223205 0.1848194 0.0116561 0.0184973 0.0565796 0.0223983 0.1444326 0.0516253 0.0230180 0.0090076 0.0228077 0.1071400 0.0050368 0.0762970 0.0325320 0.0292083 0.0903812 0.0188672 0.0276218
 37 A  37 0.5007124 0.0000000 0.0118202 0.0000000 0.0045986 0.0020303 0.0000000 0.0820105 0.0046010 0.0000000 0.0000000 0.0021789 0.0000000 0.0133411 0.0000000 0.2957699 0.0129519 0.0000000 0.0289111 0.0130202 0.0280539
 38 W  38 0.0419583 0.0308458 0.0082014 0.0050624 0.0000000 0.0163881 0.0584988 0.0415845 0.0122540 0.0265137 0.0573191 0.0183978 0.0058679 0.0305039 0.0063095 0.0217157 0.0102205 0.5178769 0.0352365 0.0276233 0.0276218
 39 P  39 0.0509819 0.0000000 0.0090474 0.0117712 0.0010214 0.0023379 0.0038405 0.0000000 0.0092431 0.0416781 0.0245651 0.0000000 0.0070723 0.0272699 0.6819261 0.0000000 0.0021082 0.0145531 0.0035779 0.0813844 0.0276218
 40 F  40 0.0000000 0.0000000 0.0000000 0.0000000 0.0000000 0.0000000 0.0000000 0.0000000 0.0000000 0.0000000 0.0024574 0.0000000 0.0000000 0.9584015 0.0000000 0.0000000 0.0000000 0.0000000 0.0140009 0.0000000 0.0251403
 41 Q  41 0.0525740 0.1644638 0.0680057 0.0072044 0.0053601 0.0575849 0.0090042 0.0015882 0.0393794 0.0162839 0.2815370 0.0448757 0.0645094 0.0022353 0.0000000 0.0229499 0.0133301 0.0000000 0.1018678 0.0221061 0.0251403
 42 Q  42 0.0609726 0.0489209 0.0395618 0.0437232 0.0000000 0.1618295 0.2387364 0.0135300 0.0395815 0.0072209 0.0466792 0.1443794 0.0052541 0.0105567 0.0000000 0.0248604 0.0334919 0.0000000 0.0170864 0.0384750 0.0251403
 43 P  43 0.0109568 0.0095987 0.0000000 0.0000000 0.0000000 0.0025856 0.0000000 0.0000000 0.0000000 0.0000000 0.0045512 0.0021547 0.0000000 0.0000000 0.9304627 0.0101218 0.0044284 0.0000000 0.0000000 0.0000000 0.0251403
 44 V  44 0.0077403 0.0000000 0.0000000 0.0000000 0.0000000 0.0000000 0.0063285 0.0000000 0.0000000 0.0038472 0.0020547 0.0000000 0.0000000 0.0000000 0.0000000 0.0000000 0.0000000 0.0000000 0.0000000 0.9543014 0.0257279
 45 D  45 0.0075195 0.0010398 0.1335978 0.7355908 0.0000000 0.0028517 0.0074183 0.0000000 0.0000000 0.0034663 0.0019035 0.0013268 0.0000000 0.0000000 0.0092096 0.0290903 0.0000000 0.0000000 0.0031864 0.0000000 0.0637993
 46 A  46 0.1645914 0.0010444 0.0017945 0.0009744 0.0016226 0.0063975 0.0051884 0.0011438 0.0070463 0.0175771 0.0867796 0.0044125 0.0011033 0.0000000 0.3330610 0.0118601 0.0597461 0.0088346 0.0095883 0.0968171 0.1804170
 47 V  47 0.0315180 0.0136553 0.0112043 0.0190032 0.0122674 0.0444489 0.1132119 0.0009005 0.0044498 0.0671974 0.0187780 0.1271889 0.0023775 0.0013087 0.0010501 0.0257019 0.0423953 0.0031609 0.0026729 0.2647876 0.1927215
 48 K  48 0.2214987 0.0704442 0.0018582 0.0061931 0.0000000 0.0315357 0.0473475 0.0434656 0.0013649 0.0041504 0.0742772 0.2416473 0.0057580 0.0038245 0.0031609 0.0281830 0.0270390 0.0165869 0.0029416 0.0111564 0.1575665
 49 L  49 0.0069174 0.0239789 0.0369277 0.1008775 0.0020345 0.0136411 0.0186847 0.0000000 0.0062162 0.0022626 0.4741689 0.0058290 0.0218825 0.0384324 0.0222824 0.0304088 0.0104969 0.0094478 0.0050335 0.0037466 0.1667306
 50 N  50 0.0117741 0.0032428 0.1955528 0.0515840 0.0107568 0.0420656 0.1863927 0.2418069 0.0190014 0.0108144 0.0098654 0.0405835 0.0067209 0.0031864 0.0000000 0.0167590 0.0000000 0.0000000 0.0231692 0.0013662 0.1253578
 51 L  51 0.1109809 0.0000000 0.0000000 0.0000000 0.0243506 0.0000000 0.0000000 0.0000000 0.0084907 0.2315683 0.2716829 0.0000000 0.0000000 0.0081304 0.0015554 0.0000000 0.0000000 0.0031609 0.0623836 0.2123158 0.0653804
 52 P  52 0.0161142 0.0000000 0.0000000 0.0040793 0.0000000 0.0012697 0.0082690 0.0110056 0.1008305 0.0017483 0.0142743 0.0019100 0.0000000 0.0012347 0.7380334 0.0173512 0.0125370 0.0089906 0.0064394 0.0082351 0.0476776
 53 D  53 0.0034168 0.0036913 0.0716706 0.6012019 0.0000000 0.0061584 0.0277948 0.0434006 0.0236114 0.0000000 0.0105008 0.0167675 0.0124473 0.0133620 0.0000000 0.0196876 0.0941418 0.0000000 0.0013299 0.0000000 0.0508174
 54 Y  54 0.0000000 0.0000000 0.0000000 0.0000000 0.0034663 0.0000000 0.0000000 0.0000000 0.0043471 0.0000000 0.0000000 0.0077403 0.0000000 0.0000000 0.0000000 0.0000000 0.0000000 0.0000000 0.9432417 0.0000000 0.0412045
 55 Y  55 0.0215956 0.0527715 0.0097699 0.0000000 0.0363290 0.0000000 0.0000000 0.0000000 0.1754192 0.0012681 0.0515826 0.0257752 0.0000000 0.1945039 0.0513442 0.0202112 0.0017787 0.0000000 0.3114888 0.0049576 0.0412045
 56 K  56 0.0265247 0.0168965 0.0674730 0.2962226 0.0000000 0.0747796 0.1365521 0.0155815 0.0057855 0.0031312 0.0072463 0.1394034 0.0061222 0.0038570 0.0000000 0.0489354 0.1032085 0.0000000 0.0052564 0.0018197 0.0412045
 57 I  57 0.0043858 0.0132787 0.0000000 0.0000000 0.0019264 0.0000000 0.0124525 0.0000000 0.0180541 0.4962155 0.0088480 0.0367404 0.0037039 0.0268262 0.0000000 0.0019777 0.0075498 0.0000000 0.0297426 0.3059830 0.0323155
 58 I  58 0.0063285 0.0000000 0.0000000 0.0000000 0.0000000 0.0000000 0.0000000 0.0000000 0.0000000 0.7626044 0.0000000 0.0000000 0.0000000 0.0000000 0.0000000 0.0000000 0.0092701 0.0000000 0.0000000 0.1894815 0.0323155
 59 K  59 0.0414012 0.0351915 0.0038903 0.0406602 0.0017534 0.0177951 0.0524209 0.0000000 0.0056159 0.0016609 0.0028283 0.6572976 0.0021268 0.0000000 0.0141217 0.0253015 0.0590661 0.0000000 0.0000000 0.0032973 0.0355713
 60 T  60 0.0052119 0.1009871 0.1456928 0.0307684 0.0198749 0.0618919 0.0875419 0.0000000 0.1568727 0.0065450 0.0008950 0.1590735 0.0000000 0.0197422 0.0000000 0.0309482 0.0678768 0.0000000 0.0665219 0.0039846 0.0355713
 61 P  61 0.0113975 0.0051976 0.0000000 0.0000000 0.0000000 0.0000000 0.0051815 0.0000000 0.0000000 0.0000000 0.0000000 0.0000000 0.0016387 0.0000000 0.9408052 0.0013914 0.0000000 0.0000000 0.0000000 0.0020725 0.0323155
 62 M  62 0.0041880 0.0120914 0.0000000 0.0000000 0.0000000 0.0000000 0.0000000 0.0000000 0.0000000 0.0476846 0.0020905 0.0000000 0.8461188 0.0000000 0.0000000 0.0019687 0.0451601 0.0000000 0.0000000 0.0120139 0.0286841
 63 D  63 0.0027043 0.0000000 0.0000000 0.9518267 0.0033278 0.0000000 0.0000000 0.0000000 0.0000000 0.0000000 0.0000000 0.0000000 0.0000000 0.0000000 0.0000000 0.0046797 0.0000000 0.0043489 0.0000000 0.0000000 0.0331126
 64 M  64 0.0000000 0.0000000 0.0000000 0.0000000 0.0000000 0.0000000 0.0000000 0.0000000 0.0000000 0.0460378 0.6957178 0.0000000 0.0644818 0.1438249 0.0043471 0.0000000 0.0000000 0.0000000 0.0035713 0.0081377 0.0338817
 65 G  65 0.0409567 0.0273842 0.0177898 0.0012689 0.0012457 0.0363604 0.0120406 0.3521674 0.0088342 0.0000000 0.0035230 0.0530800 0.0018742 0.0021227 0.0009085 0.3687951 0.0246924 0.0000000 0.0138436 0.0000000 0.0331126
 66 T  66 0.0031913 0.0061613 0.0015114 0.0021227 0.0037928 0.0047389 0.0011943 0.0027001 0.0000000 0.0068608 0.0260121 0.0114665 0.0014424 0.0000000 0.0000000 0.0218191 0.8704692 0.0009784 0.0000000 0.0024263 0.0331126
 67 I  67 0.0023164 0.0000000 0.0000000 0.0000000 0.0019838 0.0000000 0.0000000 0.0000000 0.0000000 0.5429197 0.0092150 0.0000000 0.2237663 0.0000000 0.0000000 0.0000000 0.0000000 0.0000000 0.0000000 0.1866861 0.0331126
 68 K  68 0.0096310 0.1766590 0.0025694 0.0106017 0.0020448 0.0455147 0.2113389 0.0247442 0.0067049 0.0083871 0.0109427 0.3817482 0.0082768 0.0000000 0.0000000 0.0332153 0.0222301 0.0044052 0.0045074 0.0033661 0.0331126
 69 K  69 0.0347385 0.1231640 0.0645800 0.0237444 0.0022004 0.0454297 0.1340643 0.0140197 0.0068147 0.0092390 0.0127001 0.3098143 0.0176421 0.0031386 0.0000000 0.1009910 0.0442922 0.0000000 0.0069813 0.0099148 0.0365309
 70 R  70 0.0011021 0.3001755 0.0500322 0.0075372 0.0000000 0.0103698 0.0013921 0.0014225 0.0020953 0.0000000 0.0030231 0.5634879 0.0000000 0.0000000 0.0000000 0.0018718 0.0209595 0.0000000 0.0000000 0.0000000 0.0365309
 71 L  71 0.0012316 0.0000000 0.0031317 0.0000000 0.0053312 0.0018734 0.0000000 0.0000000 0.0072720 0.0601435 0.7257511 0.0000000 0.0893104 0.0220003 0.0000000 0.0000000 0.0029125 0.0017841 0.0000000 0.0427273 0.0365309
 72 E  72 0.0393927 0.0709481 0.0999011 0.1727663 0.0021669 0.0561206 0.2808720 0.0107993 0.0129617 0.0095966 0.0324372 0.0897456 0.0050618 0.0000000 0.0000000 0.0251823 0.0319054 0.0000000 0.0045480 0.0190635 0.0365309
 73 N  73 0.0985833 0.0344192 0.3172175 0.0487961 0.0084603 0.0349036 0.0327055 0.0577344 0.0234069 0.0010221 0.0138145 0.0920568 0.0106342 0.0016774 0.0000000 0.1201655 0.0501988 0.0000000 0.0048530 0.0128199 0.0365309
 74 N  74 0.0063597 0.1309696 0.1714543 0.0743636 0.0047883 0.0184465 0.0084285 0.3183113 0.0254415 0.0073768 0.0237188 0.0819423 0.0018661 0.0167253 0.0033476 0.0308944 0.0072509 0.0102127 0.0076910 0.0077764 0.0426343
 75 Y  75 0.0626461 0.0286180 0.0300176 0.0308871 0.0021537 0.1409578 0.1613500 0.0223301 0.0194178 0.0063107 0.0461698 0.0736028 0.0144282 0.0554422 0.0000000 0.0383696 0.0215103 0.0094554 0.1588150 0.0341650 0.0433527
 76 Y  76 0.0000000 0.0000000 0.0000000 0.0000000 0.0015441 0.0000000 0.0000000 0.0000000 0.0043471 0.0043730 0.0031230 0.0000000 0.0000000 0.0060597 0.0000000 0.0000000 0.0000000 0.0000000 0.9407574 0.0000000 0.0397957
 77 W  77 0.0685040 0.1108772 0.0328135 0.0326976 0.0146075 0.0607160 0.0943158 0.0110948 0.0312074 0.0100110 0.0178143 0.1517145 0.0070328 0.0073661 0.0441009 0.0726275 0.0914308 0.0517956 0.0095627 0.0399143 0.0397957
 78 N  78 0.0139337 0.0440563 0.1182735 0.1323320 0.0147739 0.0095114 0.0317532 0.0117174 0.0107293 0.0086136 0.0047336 0.0445820 0.0026129 0.0017882 0.0000000 0.2782278 0.2227288 0.0019845 0.0025122 0.0022570 0.0428786
 79 A  79 0.1864743 0.0433982 0.0064534 0.0047623 0.0039469 0.0000000 0.0179663 0.0140908 0.0117942 0.0619914 0.1057440 0.0642381 0.0363111 0.0250137 0.2341501 0.0391988 0.0183005 0.0000000 0.0015062 0.0817810 0.0428786
 80 Q  80 0.0510032 0.0450590 0.0244361 0.1049333 0.0019377 0.1092319 0.2104673 0.0341783 0.0100605 0.0039809 0.0270077 0.1114093 0.0140864 0.0070632 0.0062116 0.1022798 0.0276609 0.0460806 0.0078111 0.0122225 0.0428786
 81 E  81 0.0786170 0.0014066 0.0028287 0.1716518 0.0000000 0.1258034 0.4613151 0.0171142 0.0041198 0.0046962 0.0355471 0.0068449 0.0117710 0.0000000 0.0000000 0.0217075 0.0107844 0.0000000 0.0000000 0.0021827 0.0436095
 82 C  82 0.0250531 0.0000000 0.0000000 0.0000000 0.0737517 0.0000000 0.0000000 0.0000000 0.0000000 0.0358210 0.0816351 0.0000000 0.0134454 0.6197669 0.0000000 0.0015570 0.0047652 0.0075531 0.0407630 0.0530097 0.0428786
 83 I  83 0.2194313 0.0130178 0.0024191 0.0116106 0.0487617 0.0125750 0.0818945 0.0071041 0.0045269 0.1637567 0.0497782 0.0377725 0.0585222 0.0152053 0.0000000 0.0109941 0.0128253 0.0035503 0.0190463 0.1744469 0.0527611
 84 Q  84 0.2921355 0.0415362 0.0495706 0.1389253 0.0022669 0.0536315 0.0774715 0.0247059 0.0128810 0.0053981 0.0128747 0.0746765 0.0014355 0.0026047 0.0000000 0.0787496 0.0307345 0.0251607 0.0182392 0.0126937 0.0443084
 85 D  85 0.0014337 0.0000000 0.0023615 0.9120988 0.0000000 0.0000000 0.0353257 0.0000000 0.0056411 0.0000000 0.0021914 0.0031230 0.0000000 0.0000000 0.0000000 0.0000000 0.0000000 0.0000000 0.0000000 0.0000000 0.0378247
 86 F  86 0.0560107 0.0000000 0.0000000 0.0000000 0.0138877 0.0000000 0.0000000 0.0000000 0.0000000 0.1068723 0.0829909 0.0000000 0.1128598 0.1716109 0.0000000 0.0014394 0.0036551 0.0000000 0.0043644 0.4084841 0.0378247
 87 N  87 0.0113187 0.4124992 0.1330577 0.0348686 0.0013523 0.0451713 0.0507197 0.0017104 0.0102991 0.0056107 0.0220951 0.1064688 0.0226191 0.0257908 0.0000000 0.0082995 0.0285553 0.0403847 0.0021816 0.0068617 0.0301357
 88 T  88 0.0032953 0.0466713 0.0011347 0.0000000 0.0016732 0.0523996 0.0000000 0.0000000 0.0000000 0.0059562 0.6911454 0.0258811 0.0073963 0.0000000 0.0000000 0.0090905 0.0831667 0.0000000 0.0382425 0.0038113 0.0301357
 89 M  89 0.0000000 0.0000000 0.0000000 0.0000000 0.0000000 0.0000000 0.0000000 0.0000000 0.0000000 0.3427279 0.0365445 0.0000000 0.3494962 0.0000000 0.0000000 0.0000000 0.0730448 0.0000000 0.0000000 0.1672818 0.0309048
 90 F  90 0.0141683 0.0018155 0.0000000 0.0000000 0.0183705 0.0000000 0.0244704 0.0014999 0.0000000 0.0566287 0.0289550 0.0000000 0.0014355 0.7000698 0.0000000 0.0015690 0.0061843 0.0287916 0.0121191 0.0737866 0.0301357
 91 T  91 0.0468247 0.0570759 0.1076803 0.1665307 0.0012704 0.0461754 0.0690376 0.0040501 0.0381961 0.0074666 0.0066741 0.0664575 0.0261718 0.0030848 0.0000000 0.1915133 0.1249194 0.0074356 0.0030936 0.0008131 0.0255290
 92 N  92 0.0000000 0.0000000 0.9655728 0.0025698 0.0000000 0.0000000 0.0000000 0.0000000 0.0000000 0.0000000 0.0000000 0.0000000 0.0000000 0.0000000 0.0000000 0.0063285 0.0000000 0.0000000 0.0000000 0.0000000 0.0255290
 93 C  93 0.2700919 0.0000000 0.0000000 0.0000000 0.6327346 0.0000000 0.0000000 0.0056783 0.0000000 0.0000000 0.0000000 0.0000000 0.0000000 0.0000000 0.0000000 0.0538682 0.0099599 0.0000000 0.0000000 0.0021381 0.0255290
 94 Y  94 0.0263134 0.1890694 0.0030943 0.0059348 0.0109737 0.0165163 0.0517359 0.0010322 0.0078768 0.0411841 0.0553989 0.0702651 0.0992750 0.0517800 0.0000000 0.0060940 0.0020971 0.0462260 0.2667332 0.0228708 0.0255290
 95 I  95 0.0539968 0.0386746 0.0120124 0.0020554 0.0050532 0.0514926 0.0332866 0.0015298 0.0064772 0.0503508 0.1524700 0.2265559 0.0154064 0.0063863 0.0009530 0.0260311 0.2261371 0.0000000 0.0256916 0.0399105 0.0255290
 96 Y  96 0.0000000 0.0098808 0.0000000 0.0000000 0.0025605 0.0000000 0.0000000 0.0000000 0.0098028 0.0000000 0.0000000 0.0000000 0.0000000 0.3211152 0.0000000 0.0000000 0.0000000 0.0000000 0.6311117 0.0000000 0.0255290
 97 N  97 0.0000000 0.0000000 0.9284797 0.0046068 0.0000000 0.0000000 0.0000000 0.0000000 0.0019861 0.0000000 0.0000000 0.0000000 0.0000000 0.0000000 0.0000000 0.0024825 0.0241059 0.0128101 0.0000000 0.0000000 0.0255290
 98 K  98 0.0511237 0.0634613 0.0370316 0.0349334 0.0000000 0.0276118 0.1064488 0.1550075 0.0063589 0.0147125 0.0078960 0.0941617 0.0057827 0.0000000 0.2764374 0.0725079 0.0120283 0.0000000 0.0058010 0.0031665 0.0255290
 99 P  99 0.0595065 0.0205102 0.0121635 0.0941920 0.0000000 0.0084095 0.1407988 0.0000000 0.0027611 0.0067009 0.0138972 0.1457755 0.0000000 0.0000000 0.3985331 0.0406062 0.0142370 0.0000000 0.0000000 0.0229447 0.0189638
100 G 100 0.0248071 0.0339469 0.0516945 0.2513968 0.0000000 0.0185234 0.1073964 0.2600759 0.0349179 0.0011034 0.0015128 0.0180792 0.0030320 0.0026809 0.0037126 0.0550377 0.1049436 0.0026354 0.0038558 0.0016840 0.0189638
101 D 101 0.0233705 0.0013798 0.0622374 0.1279154 0.0000000 0.0221826 0.0336123 0.0000000 0.1577262 0.0000000 0.0038655 0.0000000 0.0000000 0.0000000 0.0062131 0.3473657 0.1803813 0.0000000 0.0116896 0.0000000 0.0220606
102 D 102 0.0278115 0.0560813 0.0101222 0.2541733 0.0033744 0.0209469 0.1622404 0.0220705 0.0049138 0.0575215 0.0181148 0.0262691 0.0112991 0.0164818 0.1566647 0.0269570 0.0175767 0.0072611 0.0178742 0.0624251 0.0198206
103 I 103 0.0106191 0.0000000 0.0000000 0.0000000 0.0049511 0.0000000 0.0039634 0.0024560 0.0000000 0.2178036 0.0161038 0.0000000 0.0106720 0.0401975 0.0081857 0.0000000 0.0094977 0.0022154 0.1403903 0.5131238 0.0198206
104 V 104 0.0849313 0.0158573 0.0267824 0.0000000 0.0153805 0.0000000 0.0036725 0.0661464 0.1115239 0.0046947 0.0054138 0.0000000 0.0028504 0.0283806 0.0000000 0.0565536 0.0729523 0.0181223 0.2705771 0.1963407 0.0198206
105 L 105 0.0740564 0.1420449 0.0252415 0.0274767 0.0013373 0.0814215 0.0274371 0.0119798 0.0059783 0.0529981 0.0902507 0.2498058 0.0328757 0.0160584 0.0013649 0.0537199 0.0301013 0.0017483 0.0000000 0.0542827 0.0198206
106 M 106 0.1468431 0.0047765 0.0287239 0.0042849 0.1037344 0.0442094 0.0290724 0.0000000 0.0135943 0.0148915 0.0289623 0.0139741 0.4047729 0.0222907 0.0000000 0.0483797 0.0057858 0.0029051 0.0484792 0.0137302 0.0205896
107 A 107 0.6070702 0.0000000 0.0000000 0.0000000 0.0728195 0.0018425 0.0000000 0.2332637 0.0000000 0.0035713 0.0014425 0.0000000 0.0020448 0.0000000 0.0000000 0.0250755 0.0300256 0.0000000 0.0000000 0.0030239 0.0198206
108 E 108 0.0117766 0.1468686 0.0869793 0.0482167 0.0030482 0.1216420 0.1000499 0.0035462 0.0633727 0.0308394 0.0532695 0.1714336 0.0164305 0.0000000 0.0000000 0.0282481 0.0540501 0.0000000 0.0054667 0.0337396 0.0210224
109 A 109 0.0946923 0.1315840 0.0962371 0.0209612 0.0089392 0.0546087 0.0626267 0.0242607 0.0062160 0.0377800 0.0132995 0.2417253 0.0143829 0.0026024 0.0017234 0.0510827 0.0876344 0.0000000 0.0000000 0.0197768 0.0298666
110 L 110 0.0013903 0.0000000 0.0000000 0.0000000 0.0104249 0.0000000 0.0000000 0.0000000 0.0000000 0.0748472 0.7138457 0.0000000 0.0784124 0.0244312 0.0000000 0.0000000 0.0038003 0.0000000 0.0000000 0.0598831 0.0329648
111 E 111 0.0193813 0.0863809 0.0190353 0.0046459 0.0019845 0.1712812 0.4043583 0.0036477 0.0096697 0.0000000 0.0593726 0.0522716 0.0066319 0.0023521 0.0000000 0.0939993 0.0223558 0.0000000 0.0035442 0.0042254 0.0348622
112 K 112 0.1352498 0.0792186 0.0353046 0.1322912 0.0034980 0.0416229 0.1423069 0.0176596 0.0028383 0.0111812 0.0060123 0.2706082 0.0012592 0.0000000 0.0000000 0.0497844 0.0267042 0.0000000 0.0000000 0.0097123 0.0347483
113 L 113 0.0506813 0.0139936 0.0127512 0.0172659 0.0176931 0.0238726 0.0203095 0.0020763 0.0207936 0.0752191 0.1427229 0.0175021 0.0179623 0.1684044 0.0000000 0.0364064 0.0279125 0.0054322 0.1088506 0.1794119 0.0407386
114 F 114 0.0334183 0.0000000 0.0000000 0.0000000 0.0118914 0.0000000 0.0000000 0.0031731 0.0000000 0.0396285 0.0270174 0.0000000 0.0370393 0.7262383 0.0000000 0.0035503 0.0014280 0.0181731 0.0366425 0.0205416 0.0412581
115 L 115 0.0096004 0.0457180 0.0628821 0.0714975 0.0000000 0.0364568 0.3917618 0.0041974 0.0233366 0.0132598 0.1205945 0.0497813 0.0214933 0.0120067 0.0000000 0.0043413 0.0070534 0.0299727 0.0195668 0.0340928 0.0423868
116 Q 116 0.0397035 0.0735508 0.0324301 0.0364689 0.0000000 0.1236540 0.1286671 0.0226196 0.0049945 0.0022154 0.0090018 0.2119941 0.0481388 0.0179592 0.0085030 0.0964153 0.0803181 0.0000000 0.0064614 0.0140171 0.0428872
117 K 117 0.0191013 0.1712433 0.0073838 0.0149062 0.0036755 0.0620584 0.0709735 0.0098114 0.0755651 0.0219828 0.0737708 0.3362902 0.0241048 0.0145744 0.0000000 0.0130750 0.0053658 0.0063402 0.0131013 0.0110225 0.0456534
118 I 118 0.0041507 0.0031275 0.0024560 0.0000000 0.0147994 0.0000000 0.0000000 0.0000000 0.0000000 0.1734620 0.1878867 0.0000000 0.1330703 0.0980715 0.0000000 0.0016958 0.0013508 0.2197409 0.0414519 0.0705047 0.0482318
119 N 119 0.2214739 0.0612247 0.0136056 0.0484297 0.0000000 0.0210733 0.0802083 0.0154344 0.0029435 0.0029310 0.0445412 0.2553965 0.0026185 0.0012062 0.0176031 0.0768778 0.0295968 0.0019687 0.0000000 0.0217176 0.0811490
120 E 120 0.0355903 0.0230001 0.0948470 0.0506945 0.0033115 0.1169904 0.1703030 0.0093135 0.0282058 0.0035391 0.0334044 0.1701089 0.0022654 0.0019813 0.0452211 0.0464718 0.0188263 0.0000000 0.0011359 0.0055235 0.1392662
121 L 121 0.0062199 0.0150758 0.0009925 0.0000000 0.0034142 0.0043944 0.0000000 0.0000000 0.0000000 0.1816996 0.2056309 0.0083422 0.1926899 0.0560759 0.0000000 0.0019834 0.0030320 0.0000000 0.0073840 0.0729176 0.2401477
122 P 122 0.0015790 0.0356914 0.0049927 0.0007589 0.0041445 0.0076891 0.0457850 0.0000000 0.0000000 0.0032626 0.0083511 0.0126139 0.0465063 0.0075040 0.3866972 0.0142671 0.0040981 0.0000000 0.0230496 0.0076302 0.3853794
123 T 123 0.0466643 0.0100716 0.0035677 0.0904976 0.0000000 0.1019198 0.0790100 0.0197606 0.0014645 0.0024753 0.0056156 0.0704534 0.0010908 0.0013593 0.0718028 0.0622472 0.0115087 0.0000000 0.0000000 0.0086805 0.4118104
124 E 124 0.0157028 0.0074487 0.0000000 0.0709921 0.0000000 0.0113682 0.2216675 0.0092912 0.0043812 0.0000000 0.0000000 0.0180422 0.0000000 0.0010231 0.0200555 0.0024528 0.0041593 0.0000000 0.0000000 0.0115548 0.6018606
125 E 125 0.0000000 0.0000000 0.0000000 0.0647154 0.0000000 0.0000000 0.1601180 0.0000000 0.0000000 0.0000000 0.0000000 0.0000000 0.0000000 0.0000000 0.0000000 0.0000000 0.0000000 0.0000000 0.0000000 0.0000000 0.7751666
