   56         A         R         N         D         C         Q         E         G         H         I         L         K         M         F         P         S         T         W         Y         V    
  1 M   1 0.0000000 0.0000000 0.0000000 0.0000000 0.0000000 0.0000000 0.0000000 0.0000000 0.0000000 0.0000000 0.0000000 0.0000000 1.0000000 0.0000000 0.0000000 0.0000000 0.0000000 0.0000000 0.0000000 0.0000000
  2 Q   2 0.0000000 0.0000000 0.0000000 0.0000000 0.0000000 0.5180412 0.0887723 0.0000000 0.0000000 0.0000000 0.0000000 0.0000000 0.0000000 0.0000000 0.0000000 0.0000000 0.0683242 0.0000000 0.3248623 0.0000000
  3 Y   3 0.0000000 0.0000000 0.0000000 0.0000000 0.0000000 0.0000000 0.0000000 0.0000000 0.0000000 0.0000000 0.0000000 0.0000000 0.0000000 0.0748863 0.0000000 0.0000000 0.0000000 0.0000000 0.9251137 0.0000000
  4 K   4 0.0000000 0.0417746 0.0000000 0.0000000 0.0000000 0.0000000 0.0000000 0.0000000 0.0000000 0.0000000 0.0919888 0.8301331 0.0000000 0.0000000 0.0000000 0.0000000 0.0000000 0.0000000 0.0361035 0.0000000
  5 L   5 0.0000000 0.0000000 0.0000000 0.0000000 0.0000000 0.0000000 0.0000000 0.0000000 0.0000000 0.0361035 0.8719077 0.0000000 0.0000000 0.0000000 0.0000000 0.0000000 0.0000000 0.0000000 0.0000000 0.0919888
  6 V   6 0.0169667 0.0000000 0.0000000 0.0000000 0.0000000 0.0000000 0.0000000 0.0000000 0.0000000 0.5457265 0.0361035 0.0000000 0.0000000 0.0558537 0.0000000 0.0000000 0.0000000 0.0000000 0.0000000 0.3453496
  7 I   7 0.0000000 0.0000000 0.0919888 0.0000000 0.0000000 0.0000000 0.0000000 0.0000000 0.0000000 0.3519180 0.4278469 0.0000000 0.0000000 0.0000000 0.0000000 0.0000000 0.0000000 0.0000000 0.0000000 0.1282463
  8 N   8 0.0000000 0.0000000 0.5920271 0.0000000 0.0000000 0.0000000 0.0000000 0.0000000 0.0000000 0.0000000 0.0000000 0.3051439 0.0000000 0.0000000 0.0000000 0.0000000 0.0000000 0.0000000 0.0000000 0.1028290
  9 G   9 0.0000000 0.0000000 0.0000000 0.0000000 0.0361035 0.0000000 0.0000000 0.7233339 0.0000000 0.0558537 0.1847089 0.0000000 0.0000000 0.0000000 0.0000000 0.0000000 0.0000000 0.0000000 0.0000000 0.0000000
 10 K  10 0.0431342 0.0000000 0.1752217 0.0000000 0.0000000 0.1280923 0.0000000 0.0558537 0.0000000 0.0000000 0.0000000 0.5559236 0.0000000 0.0000000 0.0000000 0.0000000 0.0000000 0.0000000 0.0000000 0.0417746
 11 T  11 0.0000000 0.0000000 0.0919888 0.0558537 0.0000000 0.1377335 0.0000000 0.0469753 0.0000000 0.0000000 0.0000000 0.0000000 0.0000000 0.0000000 0.0000000 0.0000000 0.6674487 0.0000000 0.0000000 0.0000000
 12 L  12 0.2383267 0.0579457 0.0000000 0.0000000 0.0000000 0.0000000 0.0000000 0.0000000 0.0000000 0.0000000 0.4338537 0.0000000 0.0000000 0.2211390 0.0000000 0.0000000 0.0487348 0.0000000 0.0000000 0.0000000
 13 K  13 0.0000000 0.0000000 0.0000000 0.0000000 0.0000000 0.0000000 0.0000000 0.0000000 0.0000000 0.0000000 0.0000000 0.5767462 0.0000000 0.0954343 0.0000000 0.2211390 0.0487348 0.0000000 0.0000000 0.0579457
 14 G  14 0.0000000 0.0000000 0.0000000 0.0000000 0.0000000 0.0000000 0.1428925 0.6549927 0.0000000 0.0000000 0.0000000 0.0000000 0.0000000 0.0487348 0.0000000 0.0000000 0.0000000 0.0000000 0.0954343 0.0579457
 15 E  15 0.0000000 0.0000000 0.0000000 0.0000000 0.0000000 0.0000000 0.8933194 0.0000000 0.0000000 0.0000000 0.0000000 0.0000000 0.0000000 0.0000000 0.0000000 0.0000000 0.0487348 0.0000000 0.0000000 0.0579457
 16 T  16 0.1356931 0.0000000 0.0000000 0.0000000 0.0000000 0.0000000 0.0000000 0.0000000 0.0000000 0.0350897 0.0000000 0.0000000 0.0000000 0.0000000 0.0000000 0.0000000 0.7279116 0.0000000 0.0462794 0.0550262
 17 T  17 0.0836509 0.0000000 0.0000000 0.0000000 0.0000000 0.0000000 0.0000000 0.0000000 0.0000000 0.1356931 0.0906260 0.0000000 0.0000000 0.0000000 0.0000000 0.0000000 0.6900301 0.0000000 0.0000000 0.0000000
 18 T  18 0.0000000 0.0000000 0.0000000 0.0000000 0.0000000 0.0000000 0.0000000 0.0000000 0.0000000 0.0350897 0.0000000 0.1356931 0.0000000 0.0000000 0.0000000 0.0000000 0.8292172 0.0000000 0.0000000 0.0000000
 19 K  19 0.0000000 0.0000000 0.0000000 0.0000000 0.0247646 0.0000000 0.6327496 0.0000000 0.0000000 0.0000000 0.0000000 0.3424859 0.0000000 0.0000000 0.0000000 0.0000000 0.0000000 0.0000000 0.0000000 0.0000000
 20 A  20 0.8643069 0.0000000 0.0000000 0.0000000 0.0000000 0.0000000 0.0000000 0.0000000 0.0000000 0.0000000 0.1356931 0.0000000 0.0000000 0.0000000 0.0000000 0.0000000 0.0000000 0.0000000 0.0000000 0.0000000
 21 V  21 0.0000000 0.0000000 0.0000000 0.0000000 0.0000000 0.0000000 0.0000000 0.0000000 0.0000000 0.1071591 0.0000000 0.0000000 0.0000000 0.0000000 0.0000000 0.0000000 0.0000000 0.0000000 0.0000000 0.8928409
 22 D  22 0.0000000 0.0000000 0.0000000 1.0000000 0.0000000 0.0000000 0.0000000 0.0000000 0.0000000 0.0000000 0.0000000 0.0000000 0.0000000 0.0000000 0.0000000 0.0000000 0.0000000 0.0000000 0.0000000 0.0000000
 23 A  23 0.9116922 0.0000000 0.0000000 0.0000000 0.0000000 0.0000000 0.0000000 0.0000000 0.0000000 0.0000000 0.0000000 0.0000000 0.0000000 0.0000000 0.0000000 0.0000000 0.0646111 0.0000000 0.0000000 0.0236967
 24 E  24 0.7317037 0.0000000 0.0000000 0.0000000 0.0000000 0.0000000 0.1780689 0.0902275 0.0000000 0.0000000 0.0000000 0.0000000 0.0000000 0.0000000 0.0000000 0.0000000 0.0000000 0.0000000 0.0000000 0.0000000
 25 T  25 0.0000000 0.0000000 0.0000000 0.0000000 0.0000000 0.0000000 0.0350897 0.0000000 0.0000000 0.0902275 0.0000000 0.0000000 0.0000000 0.0000000 0.0000000 0.0000000 0.8321876 0.0000000 0.0000000 0.0424952
 26 A  26 1.0000000 0.0000000 0.0000000 0.0000000 0.0000000 0.0000000 0.0000000 0.0000000 0.0000000 0.0000000 0.0000000 0.0000000 0.0000000 0.0000000 0.0000000 0.0000000 0.0000000 0.0000000 0.0000000 0.0000000
 27 E  27 0.0503833 0.0906260 0.0000000 0.0000000 0.0000000 0.0000000 0.8589907 0.0000000 0.0000000 0.0000000 0.0000000 0.0000000 0.0000000 0.0000000 0.0000000 0.0000000 0.0000000 0.0000000 0.0000000 0.0000000
 28 K  28 0.0000000 0.0263930 0.0906260 0.0000000 0.0000000 0.0836509 0.0000000 0.0000000 0.0000000 0.0000000 0.0000000 0.7993301 0.0000000 0.0000000 0.0000000 0.0000000 0.0000000 0.0000000 0.0000000 0.0000000
 29 A  29 0.1516759 0.0000000 0.0000000 0.0000000 0.0000000 0.0000000 0.1071591 0.0000000 0.0000000 0.0350897 0.0000000 0.0000000 0.0000000 0.0000000 0.0000000 0.0000000 0.0836509 0.0000000 0.1356931 0.4867313
 30 F  30 0.0000000 0.0000000 0.0000000 0.0000000 0.0000000 0.0000000 0.0000000 0.0000000 0.0000000 0.0902275 0.0360235 0.0000000 0.0000000 0.8737490 0.0000000 0.0000000 0.0000000 0.0000000 0.0000000 0.0000000
 31 K  31 0.0000000 0.0836509 0.0000000 0.0000000 0.0000000 0.0000000 0.0000000 0.0000000 0.0000000 0.0906260 0.0000000 0.8257231 0.0000000 0.0000000 0.0000000 0.0000000 0.0000000 0.0000000 0.0000000 0.0000000
 32 Q  32 0.0000000 0.0000000 0.0000000 0.0424952 0.0000000 0.7574126 0.0263930 0.0000000 0.0380061 0.0000000 0.1356931 0.0000000 0.0000000 0.0000000 0.0000000 0.0000000 0.0000000 0.0000000 0.0000000 0.0000000
 33 Y  33 0.0000000 0.0000000 0.0000000 0.0000000 0.0000000 0.0000000 0.0000000 0.0000000 0.0000000 0.0902275 0.0000000 0.0000000 0.0000000 0.0000000 0.0000000 0.0906260 0.0000000 0.0000000 0.8191466 0.0000000
 34 A  34 0.8733505 0.0000000 0.0000000 0.0000000 0.0000000 0.0000000 0.0000000 0.0000000 0.0000000 0.0360235 0.0906260 0.0000000 0.0000000 0.0000000 0.0000000 0.0000000 0.0000000 0.0000000 0.0000000 0.0000000
 35 N  35 0.0000000 0.0000000 0.7566346 0.0000000 0.0000000 0.0000000 0.0000000 0.0000000 0.0000000 0.0000000 0.0000000 0.1170190 0.0000000 0.0000000 0.0000000 0.0000000 0.1263464 0.0000000 0.0000000 0.0000000
 36 D  36 0.2620395 0.0000000 0.0000000 0.6073695 0.0000000 0.0000000 0.0617028 0.0000000 0.0000000 0.0000000 0.0000000 0.0688882 0.0000000 0.0000000 0.0000000 0.0000000 0.0000000 0.0000000 0.0000000 0.0000000
 37 N  37 0.0000000 0.0000000 0.7356748 0.0906260 0.0000000 0.0000000 0.0000000 0.0000000 0.0380061 0.0000000 0.0000000 0.1356931 0.0000000 0.0000000 0.0000000 0.0000000 0.0000000 0.0000000 0.0000000 0.0000000
 38 G  38 0.0000000 0.0000000 0.1263464 0.0000000 0.0000000 0.0000000 0.0000000 0.7379605 0.0000000 0.0000000 0.0000000 0.0000000 0.0000000 0.0000000 0.0000000 0.0000000 0.1356931 0.0000000 0.0000000 0.0000000
 39 V  39 0.0000000 0.0000000 0.0000000 0.0000000 0.0000000 0.0000000 0.0000000 0.0000000 0.0000000 0.1626523 0.0000000 0.0000000 0.0000000 0.0000000 0.0000000 0.0000000 0.0000000 0.0000000 0.0000000 0.8373477
 40 D  40 0.0000000 0.0000000 0.0000000 0.6945191 0.0000000 0.0906260 0.1356931 0.0000000 0.0380061 0.0000000 0.0000000 0.0000000 0.0000000 0.0000000 0.0000000 0.0000000 0.0411557 0.0000000 0.0000000 0.0000000
 41 G  41 0.0000000 0.0000000 0.0000000 0.0000000 0.0000000 0.0000000 0.0000000 1.0000000 0.0000000 0.0000000 0.0000000 0.0000000 0.0000000 0.0000000 0.0000000 0.0000000 0.0000000 0.0000000 0.0000000 0.0000000
 42 V  42 0.0000000 0.0000000 0.0000000 0.0000000 0.0000000 0.0000000 0.6513170 0.0000000 0.0380061 0.0000000 0.0000000 0.0000000 0.0000000 0.0000000 0.0000000 0.0000000 0.0000000 0.0000000 0.0000000 0.3106768
 43 W  43 0.0000000 0.0000000 0.0000000 0.0000000 0.0000000 0.0000000 0.0000000 0.0000000 0.0000000 0.0000000 0.0000000 0.0000000 0.0000000 0.0000000 0.0000000 0.0000000 0.0000000 1.0000000 0.0000000 0.0000000
 44 T  44 0.0836509 0.0000000 0.0000000 0.0000000 0.0000000 0.0000000 0.0000000 0.0000000 0.0000000 0.0000000 0.0000000 0.0000000 0.0000000 0.0000000 0.0000000 0.1263464 0.7900027 0.0000000 0.0000000 0.0000000
 45 Y  45 0.0000000 0.0000000 0.0000000 0.0000000 0.0000000 0.0000000 0.0000000 0.0000000 0.0000000 0.0000000 0.0902275 0.0000000 0.0000000 0.0000000 0.0000000 0.0000000 0.0000000 0.0000000 0.9097725 0.0000000
 46 D  46 0.0462794 0.0000000 0.0000000 0.8180275 0.0000000 0.0000000 0.0000000 0.0000000 0.0000000 0.0000000 0.0000000 0.1356931 0.0000000 0.0000000 0.0000000 0.0000000 0.0000000 0.0000000 0.0000000 0.0000000
 47 D  47 0.0424952 0.0000000 0.0000000 0.8553390 0.0000000 0.0000000 0.0000000 0.0000000 0.0000000 0.0000000 0.0000000 0.0000000 0.0000000 0.0000000 0.0380061 0.0000000 0.0411557 0.0000000 0.0230039 0.0000000
 48 A  48 0.8263008 0.0000000 0.0000000 0.0000000 0.0000000 0.0000000 0.1736992 0.0000000 0.0000000 0.0000000 0.0000000 0.0000000 0.0000000 0.0000000 0.0000000 0.0000000 0.0000000 0.0000000 0.0000000 0.0000000
 49 T  49 0.0550262 0.0000000 0.0000000 0.0000000 0.0000000 0.0000000 0.0000000 0.0000000 0.0000000 0.0902275 0.0000000 0.0000000 0.0000000 0.0000000 0.0000000 0.0000000 0.8547463 0.0000000 0.0000000 0.0000000
 50 K  50 0.0000000 0.0000000 0.0000000 0.0000000 0.0000000 0.0000000 0.0000000 0.0000000 0.0000000 0.0000000 0.0902275 0.9097725 0.0000000 0.0000000 0.0000000 0.0000000 0.0000000 0.0000000 0.0000000 0.0000000
 51 T  51 0.0000000 0.0000000 0.0000000 0.0000000 0.0000000 0.0000000 0.0000000 0.0000000 0.0000000 0.0000000 0.0000000 0.0000000 0.0000000 0.0000000 0.0000000 0.0000000 1.0000000 0.0000000 0.0000000 0.0000000
 52 F  52 0.0000000 0.0000000 0.0000000 0.0000000 0.0000000 0.0000000 0.0000000 0.0000000 0.0000000 0.0000000 0.0000000 0.0000000 0.0000000 0.9431072 0.0000000 0.0000000 0.0000000 0.0360235 0.0208693 0.0000000
 53 T  53 0.0000000 0.0000000 0.0000000 0.0000000 0.0000000 0.0000000 0.0000000 0.0000000 0.0000000 0.0000000 0.0000000 0.0000000 0.0000000 0.0000000 0.0000000 0.0000000 1.0000000 0.0000000 0.0000000 0.0000000
 54 V  54 0.0000000 0.0000000 0.0000000 0.0000000 0.0000000 0.0000000 0.0000000 0.0000000 0.0000000 0.0000000 0.0000000 0.0000000 0.0000000 0.0000000 0.0000000 0.0000000 0.0000000 0.0000000 0.0000000 1.0000000
 55 T  55 0.0000000 0.0000000 0.0000000 0.0000000 0.0000000 0.0000000 0.0000000 0.0000000 0.0000000 0.0000000 0.0000000 0.0000000 0.0000000 0.0000000 0.0000000 0.0000000 1.0000000 0.0000000 0.0000000 0.0000000
 56 E  56 0.0000000 0.0000000 0.0000000 0.0000000 0.0000000 0.0000000 1.0000000 0.0000000 0.0000000 0.0000000 0.0000000 0.0000000 0.0000000 0.0000000 0.0000000 0.0000000 0.0000000 0.0000000 0.0000000 0.0000000
