  121         A         R         N         D         C         Q         E         G         H         I         L         K         M         F         P         S         T         W         Y         V         X    
  1 G   1 0.0000000 0.0000000 0.0000000 0.0000000 0.0000000 0.0000000 0.0000000 0.0086928 0.0000000 0.0000000 0.0000000 0.0000000 0.0000000 0.0000000 0.0000000 0.0000000 0.0000000 0.0000000 0.0000000 0.0000000 0.9913072
  2 S   2 0.2030689 0.0000000 0.0000000 0.0000000 0.0000000 0.0000000 0.0000000 0.0000000 0.0000000 0.0000000 0.0000000 0.0000000 0.0000000 0.0000000 0.0000000 0.0402159 0.0000000 0.0000000 0.0000000 0.0000000 0.7567152
  3 H   3 0.0176671 0.0000000 0.0000000 0.0000000 0.0102658 0.0000000 0.0000000 0.0000000 0.0053348 0.1398408 0.0670569 0.0000000 0.2321198 0.0034105 0.0000000 0.0029151 0.0029448 0.0000000 0.0000000 0.1970487 0.3213957
  4 M   4 0.0033360 0.0000000 0.0000000 0.0033046 0.0000000 0.0000000 0.0000000 0.0106023 0.0034011 0.0000000 0.0000000 0.0000000 0.0053348 0.0000000 0.0000000 0.7570286 0.0388096 0.0000000 0.0000000 0.0029653 0.1752177
  5 D   5 0.0122582 0.0018186 0.0087652 0.4243857 0.0000000 0.0108963 0.3174394 0.0109940 0.0000000 0.0000000 0.0051095 0.0031958 0.0000000 0.0000000 0.0652234 0.0092689 0.0096432 0.0000000 0.0000000 0.0019653 0.1190365
  6 E   6 0.0629917 0.1269099 0.0188551 0.0966048 0.0028301 0.0483523 0.2043244 0.0219208 0.0208585 0.0052177 0.0763136 0.0853587 0.0068605 0.0290287 0.0000000 0.0215056 0.0484577 0.0000000 0.0000000 0.0201962 0.1034137
  7 V   7 0.0359807 0.0000000 0.0000000 0.0000000 0.0000000 0.0000000 0.0181844 0.0000000 0.0000000 0.0301660 0.2912625 0.0000000 0.0417510 0.1675104 0.0000000 0.0000000 0.0247839 0.0000000 0.0000000 0.3032037 0.0871575
  8 E   8 0.0649573 0.0036560 0.0000000 0.0226164 0.0027056 0.0075939 0.3668576 0.0000000 0.0000000 0.1915328 0.0671500 0.0076011 0.0192542 0.0152727 0.0000000 0.0025908 0.0214676 0.0000000 0.0000000 0.1184808 0.0882629
  9 R   9 0.0910385 0.1713225 0.0575158 0.2130111 0.0020818 0.0309691 0.2411194 0.0061200 0.0053733 0.0018198 0.0042151 0.0501910 0.0000000 0.0000000 0.0000000 0.0321438 0.0186126 0.0000000 0.0000000 0.0050719 0.0693944
 10 R  10 0.0664634 0.5776653 0.0064853 0.0019300 0.0019824 0.0138816 0.0205531 0.0142572 0.0327893 0.0000000 0.0123905 0.1605414 0.0000000 0.0028436 0.0000000 0.0153303 0.0037314 0.0017984 0.0000000 0.0000000 0.0673568
 11 L  11 0.0039006 0.0000000 0.0000000 0.0000000 0.0000000 0.0000000 0.0000000 0.0000000 0.0000000 0.2737657 0.5263908 0.0000000 0.0652374 0.0000000 0.0000000 0.0000000 0.0031305 0.0000000 0.0000000 0.0730377 0.0545373
 12 V  12 0.1393349 0.0102749 0.0348005 0.3251715 0.0850347 0.0000000 0.0564361 0.0059378 0.0023616 0.0375345 0.0549569 0.0000000 0.0046081 0.0170526 0.0000000 0.0219692 0.0197515 0.0081869 0.0267420 0.0941656 0.0556808
 13 K  13 0.2262302 0.0511227 0.0184081 0.0792348 0.0000000 0.0429388 0.2359721 0.0129965 0.0118231 0.0124402 0.0050636 0.0893704 0.0000000 0.0000000 0.0096585 0.0524258 0.0689011 0.0000000 0.0000000 0.0277334 0.0556808
 14 V  14 0.0474525 0.0433354 0.0079596 0.0025054 0.0000000 0.0164775 0.0069584 0.0000000 0.0303367 0.0524482 0.2687096 0.0518551 0.0628726 0.1461134 0.0000000 0.0127019 0.0071888 0.0112416 0.0819929 0.0941696 0.0556808
 15 L  15 0.0037314 0.0000000 0.0000000 0.0000000 0.0021270 0.0000000 0.0000000 0.0000000 0.0000000 0.0093541 0.8763549 0.0000000 0.0221194 0.0057230 0.0000000 0.0000000 0.0097643 0.0000000 0.0000000 0.0213650 0.0494609
 16 K  16 0.0212836 0.0094314 0.1171453 0.1370825 0.0055982 0.0084285 0.0535167 0.5231124 0.0127611 0.0042365 0.0055586 0.0273250 0.0000000 0.0000000 0.0071550 0.0117265 0.0000000 0.0015429 0.0000000 0.0060292 0.0480668
 17 D  17 0.0101663 0.0405535 0.1611935 0.0854257 0.0031733 0.0120741 0.0428125 0.0102083 0.2564851 0.0000000 0.0021802 0.0213571 0.0115667 0.1200436 0.0033556 0.0163498 0.0124766 0.0000000 0.1366271 0.0053462 0.0486049
 18 V  18 0.0235122 0.0000000 0.0000000 0.0032157 0.0000000 0.0000000 0.0031658 0.0033884 0.0066342 0.0052093 0.0000000 0.0066327 0.0000000 0.0000000 0.8529318 0.0064254 0.0089487 0.0000000 0.0088952 0.0217524 0.0492882
 19 S  19 0.0664939 0.0659188 0.0000000 0.0717320 0.0024552 0.0486023 0.1037857 0.0340528 0.0119774 0.0016383 0.0332520 0.1344726 0.0073467 0.0000000 0.0132775 0.0689215 0.2392035 0.0022814 0.0051208 0.0401794 0.0492882
 20 R  20 0.0169455 0.1967927 0.0073360 0.0046790 0.0069041 0.0083707 0.0573486 0.0000000 0.0766109 0.0107150 0.0295021 0.0251988 0.0013965 0.1261095 0.0000000 0.0132678 0.2123871 0.0000000 0.0491595 0.1050205 0.0522557
 21 S  21 0.0000000 0.0000000 0.0000000 0.4449450 0.3132790 0.0000000 0.0000000 0.0063719 0.0000000 0.0000000 0.0000000 0.0037212 0.0000000 0.0000000 0.0000000 0.1694848 0.0099423 0.0000000 0.0000000 0.0000000 0.0522557
 22 P  22 0.0051965 0.0000000 0.0000000 0.0000000 0.0000000 0.0000000 0.0000000 0.0000000 0.0000000 0.0000000 0.0000000 0.0000000 0.0000000 0.0000000 0.9280532 0.0027443 0.0049551 0.0000000 0.0000000 0.0000000 0.0590509
 23 F  23 0.0000000 0.0000000 0.0000000 0.0243324 0.0000000 0.0020786 0.0000000 0.0028159 0.6667220 0.0000000 0.0000000 0.0000000 0.0033324 0.0755659 0.0000000 0.0033430 0.0000000 0.0178889 0.1462633 0.0000000 0.0576575
 24 G  24 0.0029381 0.0000000 0.0064853 0.0207901 0.0000000 0.0000000 0.0031411 0.9104883 0.0000000 0.0000000 0.0000000 0.0000000 0.0000000 0.0000000 0.0000000 0.0000000 0.0000000 0.0000000 0.0000000 0.0000000 0.0561571
 25 N  25 0.0212896 0.0141464 0.3014193 0.3254888 0.0053286 0.0000000 0.0150730 0.1130139 0.0483213 0.0024013 0.0054435 0.0236865 0.0025734 0.0000000 0.0000000 0.0431189 0.0171655 0.0000000 0.0015398 0.0000000 0.0599902
 26 P  26 0.0142616 0.0097800 0.0087127 0.0019152 0.0041884 0.0032462 0.0174800 0.0000000 0.0030081 0.0261132 0.0155438 0.0025186 0.0155641 0.0000000 0.7195886 0.0117444 0.0340725 0.0000000 0.0000000 0.0522725 0.0599902
 27 I  27 0.0000000 0.0000000 0.0038128 0.0000000 0.0000000 0.0000000 0.0000000 0.0000000 0.0000000 0.8918746 0.0074268 0.0000000 0.0130456 0.0000000 0.0000000 0.0000000 0.0000000 0.0000000 0.0000000 0.0232455 0.0605945
 28 P  28 0.0000000 0.0000000 0.0037701 0.0038138 0.0000000 0.0000000 0.0000000 0.0000000 0.0000000 0.0027265 0.0000000 0.0000000 0.0000000 0.0000000 0.8737458 0.0034853 0.0067051 0.0000000 0.0028827 0.0000000 0.1028707
 29 G  29 0.0896530 0.0416499 0.0267476 0.0440545 0.0038138 0.0201741 0.0168709 0.2476170 0.0045144 0.0035603 0.0029920 0.0344723 0.0059952 0.0000000 0.0540337 0.0730031 0.0909368 0.0000000 0.0046412 0.0000000 0.2352704
 30 L  30 0.1285645 0.0366615 0.0109948 0.0037701 0.0283530 0.0236824 0.0096633 0.0513464 0.0066200 0.0181899 0.1952957 0.0931240 0.0031658 0.0020882 0.0465798 0.0180076 0.0115923 0.0000000 0.0086111 0.0137419 0.2899479
 31 D  31 0.0348506 0.0036352 0.0320124 0.3519681 0.0035603 0.0073598 0.1356872 0.0521402 0.0025186 0.0034105 0.0041444 0.0083001 0.0027982 0.0000000 0.0157434 0.0284326 0.0050470 0.0000000 0.0067199 0.0131595 0.2885122
 32 E  32 0.0463900 0.0038841 0.0000000 0.0220399 0.0559096 0.0498584 0.1572934 0.0773103 0.0054058 0.0042433 0.0687266 0.0469596 0.0041609 0.0054236 0.0200152 0.0097207 0.0028501 0.0042365 0.0000000 0.0066707 0.4089014
 33 L  33 0.0190377 0.0042365 0.0453993 0.0204244 0.0637182 0.0142386 0.0195768 0.0062213 0.0092960 0.0400519 0.1921789 0.0095761 0.0050655 0.0093364 0.0155119 0.0141065 0.0265726 0.0034853 0.0051920 0.0250567 0.4517173
 34 G  34 0.0152719 0.0222466 0.0297188 0.0313146 0.0000000 0.0121287 0.0240018 0.2438256 0.0137279 0.0384004 0.0367309 0.0127853 0.0142240 0.0351507 0.0307459 0.0065367 0.0218119 0.0000000 0.0089132 0.0119675 0.3904978
 35 V  35 0.0955862 0.0309413 0.0225818 0.0453056 0.0000000 0.0224187 0.1043896 0.0283819 0.0162542 0.0245741 0.0414328 0.0325805 0.0109777 0.0082712 0.0080204 0.0386504 0.0181099 0.0021287 0.0155607 0.0754592 0.3583750
 36 G  36 0.0513278 0.0319034 0.0393223 0.0641694 0.0025722 0.0415585 0.1282292 0.0344714 0.0092125 0.0171253 0.0101831 0.0639743 0.0045686 0.0252929 0.0594765 0.0402506 0.0293752 0.0018150 0.0043898 0.0234859 0.3172963
 37 N  37 0.0371432 0.0793090 0.0393377 0.0467238 0.0170250 0.0386016 0.0514515 0.2485561 0.0210194 0.0229922 0.0220296 0.0416519 0.0072430 0.0033171 0.0457294 0.0620753 0.0275726 0.0000000 0.0075028 0.0203200 0.1603989
 38 S  38 0.0920320 0.0716667 0.0505236 0.0461779 0.0097855 0.0320471 0.0961962 0.0235288 0.0324536 0.0155802 0.0191186 0.0552340 0.0122236 0.0115824 0.0622122 0.0916170 0.0723488 0.0000000 0.0276710 0.0410218 0.1369788
 39 D  39 0.0439287 0.0712065 0.0177643 0.0742793 0.0089428 0.0382658 0.1077474 0.0566118 0.0088882 0.0408742 0.0525407 0.0319943 0.0248985 0.0266572 0.0721996 0.0271087 0.0452420 0.0067449 0.0206822 0.0928385 0.1305846
 40 A  40 0.0707871 0.0307644 0.0306219 0.0518502 0.0126244 0.0257716 0.1089155 0.0353250 0.0235545 0.0427989 0.0196181 0.0478857 0.0033286 0.0128452 0.1640297 0.0434999 0.0665480 0.0000000 0.0131418 0.0586013 0.1374882
 41 A  41 0.0607844 0.0522545 0.0123798 0.0601171 0.0040357 0.0216295 0.1078744 0.0255621 0.0150145 0.0568698 0.0828775 0.0374281 0.0084223 0.0505885 0.0620641 0.0503015 0.0932207 0.0000000 0.0237207 0.0569368 0.1179180
 42 A  42 0.0745419 0.0484228 0.0305172 0.0692046 0.0027355 0.0246249 0.0856185 0.0223413 0.0116292 0.0372944 0.1047852 0.0483064 0.0132970 0.0153068 0.1343992 0.0319517 0.0420705 0.0000000 0.0019300 0.0764957 0.1245272
 43 P  43 0.0579746 0.0195325 0.0349391 0.1235595 0.0020274 0.0249388 0.1244996 0.0739054 0.0294971 0.0232850 0.0157309 0.0369013 0.0030543 0.0060974 0.1299177 0.0963467 0.0357228 0.0013850 0.0073118 0.0241178 0.1292552
 44 G  44 0.1171302 0.0116335 0.0066487 0.0249902 0.0068178 0.0242286 0.0469468 0.1634132 0.0253759 0.0364255 0.1502744 0.0430788 0.0076836 0.0059567 0.0048298 0.0522429 0.0572312 0.0000000 0.0226335 0.0769739 0.1154846
 45 T  45 0.0326682 0.0842777 0.0237021 0.0279723 0.0194819 0.0400792 0.0290131 0.0152959 0.0226787 0.0680803 0.0563605 0.0655911 0.0195182 0.0175329 0.0077608 0.0581336 0.0895788 0.0020172 0.0170440 0.2198215 0.0833921
 46 R  46 0.0373417 0.1948158 0.0181409 0.0079597 0.0068941 0.0398790 0.0312662 0.0142778 0.0244152 0.0030956 0.0912199 0.0625979 0.0101427 0.0034791 0.1730719 0.1078165 0.0532612 0.0000000 0.0072416 0.0368548 0.0762284
 47 V  47 0.0573305 0.0077843 0.0064437 0.0024498 0.0122884 0.0083532 0.0147652 0.0045531 0.0015735 0.0613501 0.6101125 0.0017884 0.0211612 0.0114283 0.0086194 0.0174681 0.0235017 0.0020192 0.0000000 0.0577096 0.0692996
 48 I  48 0.1215003 0.0109295 0.0172169 0.0756299 0.0056759 0.0065838 0.0264114 0.0208874 0.0048477 0.0370477 0.0560928 0.0174285 0.0055444 0.0025734 0.0222299 0.2690924 0.1773988 0.0041207 0.0060358 0.0355793 0.0771736
 49 D  49 0.0637240 0.0255476 0.0178435 0.1996442 0.0000000 0.0472595 0.2749500 0.0064324 0.0079252 0.0066849 0.1253564 0.0137437 0.0068191 0.0034960 0.0026492 0.0540285 0.0457800 0.0026196 0.0000000 0.0163591 0.0791371
 50 A  50 0.1662953 0.0158522 0.0113236 0.0165109 0.0444373 0.0049658 0.0063465 0.0175839 0.0020209 0.0379410 0.3125247 0.0079483 0.0369408 0.0531277 0.0043159 0.0188133 0.0221618 0.0126366 0.0043775 0.1102170 0.0936591
 51 A  51 0.1318939 0.0258813 0.0409457 0.0835233 0.0000000 0.0428487 0.1335149 0.0202701 0.0063732 0.0105746 0.0162629 0.1011546 0.0065539 0.0040501 0.1318150 0.0588078 0.0400666 0.0056928 0.0040633 0.0303321 0.1053752
 52 T  52 0.1231176 0.0455927 0.0183264 0.0304323 0.0138973 0.0158033 0.0716720 0.0257004 0.0111097 0.0543714 0.0604839 0.0489710 0.0111115 0.0083604 0.1213790 0.0581460 0.0599689 0.0000000 0.0084304 0.1037620 0.1093637
 53 S  53 0.0443807 0.0159734 0.0509756 0.0516316 0.0000000 0.0184709 0.0235147 0.5161265 0.0123172 0.0022021 0.0052955 0.0366890 0.0000000 0.0060403 0.0434083 0.0449581 0.0126081 0.0000000 0.0000000 0.0159843 0.0994238
 54 M  54 0.0477461 0.0175960 0.0163103 0.1286287 0.0053286 0.1093841 0.2584988 0.0535157 0.0128308 0.0100817 0.0127059 0.0351096 0.0140566 0.0020376 0.0115932 0.0462493 0.0659232 0.0000000 0.0027265 0.0230334 0.1266440
 55 P  55 0.0457083 0.0103082 0.0145922 0.0178655 0.0147020 0.0221759 0.0711939 0.1516746 0.0091117 0.0083368 0.0337222 0.0572371 0.0045838 0.0064631 0.1226553 0.0758458 0.0742264 0.0053578 0.0106601 0.0317671 0.2118122
 56 R  56 0.0739256 0.0380379 0.0056935 0.0269136 0.0179355 0.0187215 0.0137902 0.2917539 0.0103783 0.0204797 0.0323283 0.0460530 0.0038128 0.0058829 0.0000000 0.0202933 0.0755301 0.0000000 0.0072784 0.0782274 0.2129640
 57 K  57 0.0507895 0.1617296 0.0119646 0.0242254 0.0027056 0.0441236 0.0915778 0.0038963 0.0246869 0.0341682 0.0061394 0.1147575 0.0079453 0.0086014 0.0321310 0.0450687 0.1162144 0.0023044 0.0000000 0.0381061 0.1788642
 58 V  58 0.1063537 0.0000000 0.0000000 0.0000000 0.0408885 0.0000000 0.0027070 0.0341345 0.0051311 0.0484351 0.0630137 0.0000000 0.0065670 0.0449261 0.0000000 0.0000000 0.0000000 0.0064712 0.0805811 0.3796560 0.1811352
 59 R  59 0.0211899 0.1407091 0.0022058 0.0000000 0.0037205 0.0241236 0.0566234 0.0017629 0.0045288 0.0793485 0.0363606 0.0455090 0.0096404 0.0026909 0.0000000 0.0393977 0.1665688 0.0000000 0.0015970 0.2100870 0.1539363
 60 I  60 0.0126951 0.0113108 0.0000000 0.0000000 0.0000000 0.0000000 0.0000000 0.0244957 0.0000000 0.2975803 0.0853774 0.0066200 0.0104762 0.0272532 0.0000000 0.0086349 0.0070057 0.0054005 0.0055603 0.3384720 0.1591177
 61 V  61 0.1228021 0.1534378 0.0092529 0.0250061 0.0029631 0.0135133 0.0659282 0.0206445 0.0033836 0.0580202 0.0314789 0.0331447 0.0130628 0.0030418 0.0036220 0.0562816 0.0548816 0.0111890 0.0020225 0.1691678 0.1471555
 62 Q  62 0.0167761 0.5905387 0.0035603 0.0030418 0.0148946 0.0567875 0.0032170 0.0190401 0.0062962 0.0000000 0.0064974 0.0363087 0.0166026 0.0047245 0.0000000 0.0324409 0.0100715 0.0301463 0.0076991 0.0000000 0.1413567
 63 I  63 0.0066023 0.0000000 0.0018310 0.0043594 0.0000000 0.0000000 0.0070763 0.0043837 0.0000000 0.3962618 0.1348710 0.0036560 0.0036739 0.0483224 0.0000000 0.0000000 0.0046574 0.0000000 0.0000000 0.2077830 0.1765217
 64 N  64 0.1212983 0.0349954 0.0518999 0.0268206 0.0202320 0.0114786 0.0175430 0.0907799 0.0438382 0.0316382 0.0196142 0.0165231 0.0058486 0.0031658 0.0224295 0.2006712 0.0463665 0.0017778 0.0072138 0.0277528 0.1981125
 65 E  65 0.0143042 0.0161087 0.0028436 0.3085617 0.0022841 0.0103084 0.3186927 0.0160371 0.0229412 0.0000000 0.0049718 0.0078576 0.0111914 0.0021623 0.0000000 0.0072757 0.0091289 0.0000000 0.0231030 0.0059017 0.2163260
 66 I  66 0.0181392 0.0287120 0.0140368 0.0145341 0.0016509 0.0478848 0.0400976 0.0077608 0.0791410 0.0859952 0.0128436 0.0225232 0.0020376 0.0190643 0.0824957 0.0357874 0.0068894 0.0097751 0.0067008 0.0675893 0.3963414
 67 F  67 0.0748697 0.0148118 0.0104974 0.0055158 0.0000000 0.0145357 0.0169295 0.0062848 0.0049950 0.0763118 0.1004755 0.0158952 0.0125313 0.0369278 0.0044977 0.0293459 0.0100939 0.0000000 0.0059676 0.1386917 0.4208218
 68 Q  68 0.0208572 0.0087425 0.0216143 0.0826370 0.0089596 0.2830682 0.0533699 0.0147400 0.0089800 0.0059501 0.0073141 0.0218712 0.0000000 0.0000000 0.0055957 0.0210299 0.0349738 0.0019483 0.0093504 0.0000000 0.3889978
 69 V  69 0.0991070 0.0616817 0.0207519 0.0891610 0.0000000 0.0374496 0.0643780 0.0754065 0.0043293 0.0065475 0.0165118 0.0222026 0.0017247 0.0046108 0.0000000 0.0966387 0.0917862 0.0029675 0.0070603 0.0563357 0.2413489
 70 E  70 0.0000000 0.0086845 0.0858891 0.5312899 0.0047332 0.0049892 0.0903931 0.0058107 0.0036698 0.0000000 0.0000000 0.0020765 0.0000000 0.0058910 0.0000000 0.0788145 0.0118224 0.0000000 0.0019657 0.0033886 0.1605820
 71 T  71 0.0811620 0.0465690 0.0315483 0.0276121 0.0000000 0.0145044 0.0789044 0.0213511 0.0525805 0.0191321 0.0115227 0.0513903 0.0074298 0.0050686 0.2388042 0.0729981 0.0780956 0.0000000 0.0217627 0.0265107 0.1130534
 72 D  72 0.0865881 0.0352852 0.0200512 0.1820638 0.0045893 0.0478214 0.3101480 0.0713694 0.0053738 0.0121550 0.0017480 0.0479248 0.0015373 0.0026570 0.0149225 0.0516385 0.0097439 0.0081715 0.0035603 0.0101512 0.0725000
 73 Q  73 0.0353323 0.0363987 0.0053286 0.0014148 0.0000000 0.0241627 0.0121654 0.0029861 0.0000000 0.0610008 0.4115573 0.0306166 0.0364940 0.1419986 0.0000000 0.0081981 0.0463307 0.0033324 0.0045872 0.0903290 0.0477668
 74 F  74 0.0052063 0.0115259 0.0000000 0.0000000 0.0000000 0.0000000 0.0000000 0.0075689 0.0000000 0.0656377 0.6717621 0.0101932 0.0824571 0.0582663 0.0000000 0.0000000 0.0025119 0.0000000 0.0144544 0.0331336 0.0372827
 75 T  75 0.0837281 0.2712580 0.0432848 0.0502275 0.0014241 0.1213460 0.0515410 0.0292425 0.0232148 0.0123352 0.0194718 0.1067591 0.0000000 0.0113565 0.0000000 0.0545983 0.0643000 0.0000000 0.0030131 0.0214206 0.0314788
 76 Q  76 0.0399727 0.1238990 0.0101589 0.0119283 0.0027057 0.0744781 0.0420031 0.0040998 0.0367045 0.0104068 0.0393958 0.0856279 0.0130163 0.0880692 0.0000000 0.0097500 0.0159197 0.0016241 0.3576229 0.0125438 0.0200734
 77 L  77 0.0120336 0.0000000 0.0000000 0.0000000 0.0134402 0.0000000 0.0000000 0.0000000 0.0000000 0.0524920 0.7520720 0.0000000 0.0129959 0.0932001 0.0000000 0.0000000 0.0041084 0.0040597 0.0048610 0.0328344 0.0179026
 78 L  78 0.1654355 0.0622915 0.0433421 0.1257402 0.0113876 0.0300509 0.1074921 0.0278196 0.0330837 0.0317568 0.0433734 0.0406218 0.0485447 0.0032990 0.0000000 0.0920167 0.0448303 0.0119352 0.0213389 0.0402141 0.0154260
 79 D  79 0.1272489 0.0846711 0.0333458 0.1723379 0.0000000 0.0679743 0.1658954 0.0227741 0.0150775 0.0066492 0.0112528 0.1005855 0.0021532 0.0000000 0.0000000 0.1366607 0.0349186 0.0000000 0.0000000 0.0030289 0.0154260
 80 A  80 0.2138209 0.0300939 0.0398197 0.0017760 0.0070248 0.0404153 0.0100596 0.0072716 0.0850977 0.0753798 0.2002611 0.0788688 0.0651646 0.0068550 0.0000000 0.0227981 0.0244948 0.0000000 0.0125705 0.0628018 0.0154260
 81 D  81 0.0169116 0.0082816 0.0543667 0.0501152 0.0039006 0.0262919 0.0335871 0.6784919 0.0259358 0.0000000 0.0063710 0.0580723 0.0000000 0.0000000 0.0015519 0.0186790 0.0000000 0.0000000 0.0000000 0.0048157 0.0126278
 82 I  82 0.0132218 0.0000000 0.0000000 0.0000000 0.0000000 0.0000000 0.0000000 0.0048157 0.0000000 0.4048393 0.3407496 0.0000000 0.0290052 0.0237671 0.0000000 0.0000000 0.0000000 0.0000000 0.0000000 0.1709734 0.0126278
 83 R  83 0.0670104 0.0981126 0.0494960 0.0252620 0.0031755 0.0353488 0.0396451 0.0459711 0.0178992 0.0550585 0.1259781 0.0569142 0.0253742 0.0107725 0.0024132 0.0549836 0.1137714 0.0000000 0.0243786 0.1358072 0.0126278
 84 V  84 0.0148090 0.0035570 0.0023616 0.0000000 0.0000000 0.0051315 0.0025722 0.0000000 0.0000000 0.1355577 0.2031153 0.0146125 0.0038938 0.0037032 0.5205570 0.0024552 0.0219642 0.0000000 0.0078352 0.0452470 0.0126278
 85 G  85 0.0028791 0.0066924 0.0654140 0.1008502 0.0000000 0.0056785 0.0178003 0.7603325 0.0071130 0.0000000 0.0023543 0.0000000 0.0000000 0.0000000 0.0000000 0.0134423 0.0000000 0.0000000 0.0000000 0.0048157 0.0126278
 86 S  86 0.2411111 0.0309694 0.0411007 0.0937048 0.0206553 0.0318944 0.0546741 0.0130536 0.0084131 0.0092631 0.0118527 0.0542685 0.0350869 0.0000000 0.0000000 0.1250354 0.1344740 0.0000000 0.0000000 0.0818151 0.0126278
 87 E  87 0.0286062 0.1489956 0.0157235 0.0428721 0.0016430 0.0551179 0.1736434 0.0072150 0.0247960 0.0358783 0.0314366 0.0933276 0.0115289 0.0016170 0.0609993 0.0445676 0.1131081 0.0000000 0.0064868 0.0898092 0.0126278
 88 V  88 0.0220059 0.0000000 0.0000000 0.0000000 0.0045060 0.0000000 0.0000000 0.0187333 0.0079469 0.3289153 0.1764476 0.0032369 0.0054378 0.0440835 0.0000000 0.0000000 0.0031874 0.0022279 0.0090770 0.3615667 0.0126278
 89 E  89 0.0282248 0.0777764 0.0104251 0.0337554 0.0155830 0.0455225 0.2208370 0.0099673 0.0222524 0.0171981 0.0182352 0.1046320 0.0074731 0.0120509 0.0049233 0.0672567 0.2394089 0.0000000 0.0158659 0.0336096 0.0150023
 90 I  90 0.0404881 0.0079998 0.0014397 0.0000000 0.0000000 0.0034011 0.0000000 0.0022741 0.0000000 0.2244110 0.1959798 0.0000000 0.0176277 0.0308914 0.0031937 0.0027517 0.0036564 0.0013371 0.0047070 0.4472139 0.0126278
 91 V  91 0.0386628 0.0903799 0.0108391 0.0168852 0.0069707 0.0255926 0.1407358 0.0088435 0.0123454 0.1129724 0.1350949 0.0537118 0.0225480 0.0024498 0.0088672 0.0527429 0.1019036 0.0020716 0.0000000 0.1398356 0.0165473
 92 D  92 0.1020583 0.0958588 0.0319825 0.1210495 0.0055336 0.1048321 0.1941678 0.0386387 0.0141569 0.0042926 0.0054598 0.0629298 0.0021532 0.0116019 0.0636684 0.0762976 0.0244591 0.0000000 0.0046360 0.0196762 0.0165473
 93 R  93 0.0504068 0.1572534 0.0498466 0.0429357 0.0000000 0.0237861 0.0390751 0.0398471 0.0535326 0.0454417 0.0125733 0.1689001 0.0019024 0.0722500 0.0087344 0.0588033 0.0398528 0.0026990 0.0386687 0.0769436 0.0165473
 94 D  94 0.1495369 0.0433314 0.0481723 0.2871998 0.0064727 0.0215169 0.0629382 0.1142243 0.0046870 0.0067168 0.0070666 0.0169545 0.0036880 0.0431472 0.0651567 0.0633538 0.0126456 0.0020345 0.0137733 0.0070288 0.0203549
 95 G  95 0.0420121 0.0087720 0.0566001 0.1762227 0.0000000 0.0227686 0.0533218 0.3778233 0.0296734 0.0034105 0.0055642 0.0268373 0.0000000 0.0025925 0.1144833 0.0374678 0.0148709 0.0000000 0.0000000 0.0014981 0.0260814
 96 H  96 0.0559532 0.0405688 0.0251913 0.0104321 0.0148135 0.0065632 0.0169515 0.1345375 0.0104978 0.0237378 0.0365283 0.0091726 0.0368161 0.0064617 0.1131313 0.2217968 0.1175222 0.0024865 0.0498860 0.0387226 0.0282291
 97 I  97 0.0180764 0.0027057 0.0054109 0.0000000 0.0123360 0.0018683 0.0061705 0.0046607 0.0070442 0.1933478 0.1540145 0.0024132 0.0544676 0.0479825 0.0017692 0.0041998 0.0231973 0.0045121 0.0994421 0.3223917 0.0339895
 98 T  98 0.0281693 0.1007164 0.0068257 0.0046716 0.0070366 0.0191204 0.0846245 0.0050984 0.0231126 0.0825305 0.0830453 0.0257179 0.0148470 0.0022641 0.0016149 0.0855456 0.1960489 0.0037451 0.0102201 0.1772484 0.0377969
 99 L  99 0.0268136 0.0077489 0.0000000 0.0000000 0.0000000 0.0000000 0.0000000 0.0018666 0.0000000 0.2963595 0.2062360 0.0000000 0.0022741 0.0599126 0.0024129 0.0027635 0.0051579 0.0049551 0.0000000 0.3481521 0.0353471
100 S 100 0.0802939 0.1354778 0.0201096 0.0470268 0.0072231 0.1189950 0.1042635 0.0464331 0.0135484 0.0275000 0.0386107 0.0883032 0.0085979 0.0034853 0.0000000 0.0957743 0.0848316 0.0027894 0.0035442 0.0392397 0.0339524
101 H 101 0.0595545 0.0459333 0.0391314 0.0147909 0.0096639 0.0108857 0.0149671 0.0520436 0.0213971 0.1515933 0.0826157 0.0427680 0.0154648 0.0102592 0.0087891 0.0549421 0.0737969 0.0041783 0.0460888 0.2039423 0.0371937
102 N 102 0.0639985 0.0401857 0.0975582 0.1935873 0.0000000 0.0199515 0.1414882 0.1651981 0.0079048 0.0030846 0.0219019 0.0458189 0.0033046 0.0034863 0.0627058 0.0597152 0.0186377 0.0000000 0.0054837 0.0105264 0.0354626
103 G 103 0.0293580 0.0226282 0.0755953 0.1753668 0.0000000 0.0332791 0.0738635 0.4531545 0.0085684 0.0000000 0.0000000 0.0239195 0.0000000 0.0055876 0.0026492 0.0237946 0.0164837 0.0018747 0.0121515 0.0037149 0.0380105
104 K 104 0.0740371 0.0967446 0.0349574 0.0345879 0.0066888 0.0535478 0.1446432 0.0920301 0.0479284 0.0097107 0.0062733 0.1526463 0.0118952 0.0000000 0.0000000 0.0835261 0.0870744 0.0000000 0.0038799 0.0117464 0.0480825
105 D 105 0.0509205 0.0900120 0.0212846 0.0644729 0.0053737 0.0790514 0.1911015 0.0244063 0.0102886 0.0157242 0.0098692 0.0701450 0.0032187 0.0048157 0.0725088 0.0843853 0.1195709 0.0000000 0.0000000 0.0351114 0.0477392
106 V 106 0.0438912 0.0141546 0.0065154 0.0018534 0.0068421 0.0273392 0.0137735 0.0049658 0.0313984 0.1962231 0.2046736 0.0048295 0.0245034 0.0772866 0.0000000 0.0090057 0.0336112 0.0000000 0.0265957 0.2265679 0.0459698
107 E 107 0.1791215 0.0276888 0.0182859 0.0714845 0.0031119 0.0477241 0.1174373 0.0050688 0.0194018 0.0428435 0.0398153 0.0097650 0.0107324 0.0185533 0.0293424 0.1139973 0.0955876 0.0016710 0.0074997 0.0972728 0.0435952
108 L 108 0.0019908 0.0000000 0.0000000 0.0000000 0.0028337 0.0000000 0.0000000 0.0000000 0.0019154 0.2460333 0.5388562 0.0000000 0.0043468 0.0135841 0.0000000 0.0000000 0.0036352 0.0015703 0.0000000 0.1394237 0.0458106
109 L 109 0.0464095 0.0038265 0.0174315 0.1210549 0.0000000 0.0038477 0.0081013 0.1718716 0.0000000 0.0064044 0.0068039 0.0037804 0.0019644 0.0000000 0.2607974 0.2598768 0.0348896 0.0000000 0.0000000 0.0047678 0.0481722
110 D 110 0.0540365 0.1249549 0.0308382 0.0825386 0.0028431 0.0355322 0.1001086 0.0189359 0.0421023 0.0204368 0.0632445 0.0788706 0.0158534 0.0211361 0.0909212 0.0335114 0.0408660 0.0013998 0.0608778 0.0280164 0.0529756
111 D 111 0.0813387 0.0475371 0.0215438 0.1488739 0.0000000 0.0234159 0.2024734 0.0296927 0.0257880 0.0174964 0.0230919 0.1181134 0.0154293 0.0000000 0.0334447 0.0680795 0.0492011 0.0000000 0.0072392 0.0329761 0.0542649
112 L 112 0.1895587 0.0078992 0.0184075 0.0044682 0.0000000 0.0088896 0.0156230 0.0000000 0.0090753 0.2440421 0.1393359 0.0000000 0.0565544 0.0139210 0.0019387 0.0158307 0.0326933 0.0000000 0.0079139 0.1779746 0.0558740
113 A 113 0.7495766 0.0000000 0.0000000 0.0000000 0.0141947 0.0020376 0.0063713 0.0234180 0.0000000 0.0019394 0.0361563 0.0000000 0.0000000 0.0061705 0.0000000 0.0498671 0.0369464 0.0000000 0.0000000 0.0135291 0.0597930
114 H 114 0.0754833 0.0842860 0.0365779 0.0773796 0.0197797 0.0784635 0.1276889 0.0365769 0.1292520 0.0017067 0.0000000 0.0746555 0.0181717 0.0016502 0.0071833 0.1244530 0.0273777 0.0028831 0.0022122 0.0144256 0.0597930
115 T 115 0.2171634 0.0389514 0.1351259 0.0167018 0.0112185 0.0758846 0.0348042 0.0251854 0.1207796 0.0091882 0.0338183 0.0652691 0.0122031 0.0119929 0.0000000 0.0569691 0.0340090 0.0000000 0.0299313 0.0065971 0.0642072
116 I 116 0.0025456 0.0000000 0.0000000 0.0000000 0.0000000 0.0000000 0.0000000 0.0000000 0.0000000 0.4848121 0.1697756 0.0000000 0.0190269 0.0128310 0.0000000 0.0000000 0.0000000 0.0000000 0.0000000 0.2460043 0.0650045
117 R 117 0.0038203 0.0952165 0.0109603 0.0064782 0.0000000 0.0281662 0.0080627 0.0057055 0.0236943 0.0109587 0.0645210 0.0135069 0.0282778 0.3102416 0.0000000 0.0165658 0.0196302 0.0896021 0.1704184 0.0159683 0.0782054
118 I 118 0.0140865 0.0000000 0.0000000 0.0000000 0.0050193 0.0000000 0.0000000 0.0032770 0.0000000 0.1045628 0.0130016 0.0000000 0.0080772 0.0000000 0.0000000 0.0000000 0.0000000 0.0000000 0.0000000 0.7157477 0.1362279
119 E 119 0.0232148 0.1146216 0.0107787 0.0461013 0.0000000 0.0379694 0.1872265 0.0028639 0.0000000 0.0013541 0.0015093 0.1195569 0.0000000 0.0000000 0.0000000 0.0765493 0.0367771 0.0047700 0.0000000 0.0061238 0.3305834
120 E 120 0.0610213 0.0725242 0.0000000 0.0030881 0.0000000 0.0126654 0.0398539 0.0000000 0.0018157 0.0124006 0.0095805 0.1346759 0.0000000 0.0000000 0.1189185 0.0059814 0.0017556 0.0000000 0.0000000 0.0026570 0.5230618
121 L 121 0.0000000 0.0000000 0.0000000 0.0000000 0.0000000 0.0000000 0.0000000 0.0000000 0.0000000 0.0643431 0.0699568 0.0000000 0.0000000 0.0000000 0.0000000 0.0000000 0.0000000 0.0000000 0.0000000 0.1131565 0.7525437
