  121         A         R         N         D         C         Q         E         G         H         I         L         K         M         F         P         S         T         W         Y         V    
  1 G   1 0.0000000 0.0000000 0.0000000 0.0000000 0.0000000 0.0000000 0.0000000 1.0000000 0.0000000 0.0000000 0.0000000 0.0000000 0.0000000 0.0000000 0.0000000 0.0000000 0.0000000 0.0000000 0.0000000 0.0000000
  2 S   2 0.8116094 0.0000000 0.0000000 0.0000000 0.0000000 0.0000000 0.0000000 0.0000000 0.0000000 0.0000000 0.0000000 0.0000000 0.0000000 0.0000000 0.0000000 0.1883906 0.0000000 0.0000000 0.0000000 0.0000000
  3 H   3 0.0261494 0.0000000 0.0000000 0.0000000 0.0095859 0.0000000 0.0000000 0.0000000 0.0112377 0.2063503 0.1001638 0.0000000 0.3465908 0.0050818 0.0000000 0.0046544 0.0044585 0.0000000 0.0000000 0.2857275
  4 M   4 0.0041308 0.0000000 0.0000000 0.0042149 0.0000000 0.0000000 0.0000000 0.0135120 0.0043162 0.0000000 0.0000000 0.0000000 0.0092507 0.0000000 0.0000000 0.9172033 0.0435766 0.0000000 0.0000000 0.0037955
  5 D   5 0.0141988 0.0021273 0.0096513 0.4831749 0.0000000 0.0119593 0.3535380 0.0131058 0.0000000 0.0000000 0.0060363 0.0036956 0.0000000 0.0000000 0.0781977 0.0108652 0.0111988 0.0000000 0.0000000 0.0022511
  6 E   6 0.0706605 0.1319555 0.0214914 0.1056771 0.0032538 0.0541034 0.2337992 0.0247856 0.0232933 0.0053648 0.0875969 0.0958481 0.0077825 0.0326714 0.0000000 0.0247361 0.0544403 0.0000000 0.0000000 0.0225400
  7 V   7 0.0413995 0.0000000 0.0000000 0.0000000 0.0000000 0.0000000 0.0202785 0.0000000 0.0000000 0.0326251 0.3181859 0.0000000 0.0461777 0.1729432 0.0000000 0.0000000 0.0280286 0.0000000 0.0000000 0.3403614
  8 E   8 0.0722248 0.0041941 0.0000000 0.0253130 0.0030506 0.0083414 0.4088951 0.0000000 0.0000000 0.2053466 0.0698306 0.0083647 0.0215100 0.0168920 0.0000000 0.0028962 0.0238320 0.0000000 0.0000000 0.1293089
  9 R   9 0.0980033 0.1876337 0.0617087 0.2286673 0.0023098 0.0338137 0.2535493 0.0030295 0.0059005 0.0020282 0.0047073 0.0553007 0.0000000 0.0000000 0.0000000 0.0374400 0.0201107 0.0000000 0.0000000 0.0057973
 10 R  10 0.0715736 0.6136231 0.0073149 0.0021201 0.0021389 0.0139995 0.0217364 0.0155450 0.0363120 0.0000000 0.0137429 0.1761693 0.0000000 0.0031243 0.0000000 0.0164834 0.0041532 0.0019635 0.0000000 0.0000000
 11 L  11 0.0043826 0.0000000 0.0000000 0.0000000 0.0000000 0.0000000 0.0000000 0.0000000 0.0000000 0.2892677 0.5595105 0.0000000 0.0688750 0.0000000 0.0000000 0.0000000 0.0035462 0.0000000 0.0000000 0.0744179
 12 V  12 0.1443064 0.0115715 0.0393442 0.3348639 0.0927725 0.0000000 0.0593984 0.0062455 0.0023723 0.0411787 0.0597570 0.0000000 0.0049905 0.0186702 0.0000000 0.0239409 0.0217174 0.0087947 0.0286335 0.1014424
 13 K  13 0.2305416 0.0550703 0.0195671 0.0849119 0.0000000 0.0469585 0.2537674 0.0143702 0.0127295 0.0133702 0.0054073 0.0927139 0.0000000 0.0000000 0.0107866 0.0561150 0.0737104 0.0000000 0.0000000 0.0299801
 14 V  14 0.0494748 0.0458059 0.0083710 0.0027104 0.0000000 0.0172785 0.0074858 0.0000000 0.0276780 0.0567102 0.2894368 0.0501200 0.0684970 0.1560520 0.0000000 0.0140789 0.0076267 0.0119214 0.0862993 0.1004533
 15 L  15 0.0040803 0.0000000 0.0000000 0.0000000 0.0023704 0.0000000 0.0000000 0.0000000 0.0000000 0.0101908 0.9215153 0.0000000 0.0219212 0.0063605 0.0000000 0.0000000 0.0105187 0.0000000 0.0000000 0.0230427
 16 K  16 0.0223207 0.0099609 0.1210626 0.1458589 0.0060749 0.0090785 0.0569317 0.5438117 0.0136202 0.0045165 0.0059702 0.0318218 0.0000000 0.0000000 0.0078687 0.0128663 0.0000000 0.0015492 0.0000000 0.0066871
 17 D  17 0.0110812 0.0419021 0.1638167 0.0943866 0.0033339 0.0131331 0.0460505 0.0112038 0.2691211 0.0000000 0.0023633 0.0227682 0.0131905 0.1234859 0.0036646 0.0172693 0.0135508 0.0000000 0.1438505 0.0058279
 18 V  18 0.0253618 0.0000000 0.0000000 0.0035104 0.0000000 0.0000000 0.0034414 0.0036806 0.0073027 0.0057475 0.0000000 0.0069922 0.0000000 0.0000000 0.8917415 0.0069800 0.0094167 0.0000000 0.0097861 0.0260390
 19 S  19 0.0728229 0.0691021 0.0000000 0.0765998 0.0026720 0.0471957 0.1099003 0.0371542 0.0127721 0.0016845 0.0353574 0.1429701 0.0079262 0.0000000 0.0141361 0.0736548 0.2462254 0.0026566 0.0056327 0.0415369
 20 R  20 0.0183867 0.2047962 0.0080000 0.0051154 0.0075466 0.0090841 0.0621702 0.0000000 0.0800745 0.0115262 0.0321941 0.0260683 0.0014917 0.1340558 0.0000000 0.0145966 0.2214485 0.0000000 0.0519416 0.1115035
 21 S  21 0.0000000 0.0000000 0.0000000 0.4575461 0.3372128 0.0000000 0.0000000 0.0071452 0.0000000 0.0000000 0.0000000 0.0041810 0.0000000 0.0000000 0.0000000 0.1828673 0.0110476 0.0000000 0.0000000 0.0000000
 22 P  22 0.0060530 0.0000000 0.0000000 0.0000000 0.0000000 0.0000000 0.0000000 0.0000000 0.0000000 0.0000000 0.0000000 0.0000000 0.0000000 0.0000000 0.9848211 0.0033017 0.0058242 0.0000000 0.0000000 0.0000000
 23 F  23 0.0000000 0.0000000 0.0000000 0.0271555 0.0000000 0.0019934 0.0000000 0.0032614 0.6989283 0.0000000 0.0000000 0.0000000 0.0036661 0.0815748 0.0000000 0.0037958 0.0000000 0.0199788 0.1596459 0.0000000
 24 G  24 0.0035096 0.0000000 0.0072351 0.0230316 0.0000000 0.0000000 0.0037351 0.9624885 0.0000000 0.0000000 0.0000000 0.0000000 0.0000000 0.0000000 0.0000000 0.0000000 0.0000000 0.0000000 0.0000000 0.0000000
 25 N  25 0.0213406 0.0152444 0.3301712 0.3391509 0.0060024 0.0000000 0.0160237 0.1202617 0.0480688 0.0027337 0.0059401 0.0260441 0.0028469 0.0000000 0.0000000 0.0452483 0.0192697 0.0000000 0.0016535 0.0000000
 26 P  26 0.0143562 0.0108393 0.0092096 0.0020807 0.0007056 0.0034247 0.0191763 0.0000000 0.0032213 0.0275104 0.0168532 0.0026797 0.0164189 0.0000000 0.7668426 0.0125308 0.0361502 0.0000000 0.0000000 0.0580006
 27 I  27 0.0000000 0.0000000 0.0043886 0.0000000 0.0000000 0.0000000 0.0000000 0.0000000 0.0000000 0.9476298 0.0083467 0.0000000 0.0139196 0.0000000 0.0000000 0.0000000 0.0000000 0.0000000 0.0000000 0.0257152
 28 P  28 0.0000000 0.0000000 0.0040985 0.0040724 0.0000000 0.0000000 0.0000000 0.0000000 0.0000000 0.0031541 0.0000000 0.0000000 0.0000000 0.0000000 0.9732305 0.0041067 0.0079473 0.0000000 0.0033905 0.0000000
 29 G  29 0.1147891 0.0504849 0.0354224 0.0553982 0.0047804 0.0252778 0.0227129 0.3333482 0.0061847 0.0047418 0.0039894 0.0455502 0.0083040 0.0000000 0.0713732 0.0950098 0.1163792 0.0000000 0.0062541 0.0000000
 30 L  30 0.1741185 0.0512271 0.0156651 0.0052001 0.0424484 0.0334106 0.0137266 0.0744349 0.0092899 0.0248643 0.2773399 0.1296628 0.0046287 0.0030068 0.0661768 0.0257578 0.0168962 0.0000000 0.0126167 0.0195288
 31 D  31 0.0498122 0.0054023 0.0453632 0.4935645 0.0051103 0.0104614 0.1944896 0.0737076 0.0035543 0.0048842 0.0060303 0.0117907 0.0031267 0.0000000 0.0223162 0.0400662 0.0073105 0.0000000 0.0088747 0.0141349
 32 E  32 0.0783839 0.0068126 0.0000000 0.0385351 0.0975978 0.0849740 0.2682421 0.1212798 0.0096138 0.0071994 0.1176217 0.0781588 0.0073896 0.0088516 0.0338302 0.0175013 0.0050612 0.0072441 0.0000000 0.0117028
 33 L  33 0.0355073 0.0078216 0.0806075 0.0374663 0.1173937 0.0259433 0.0365366 0.0115829 0.0167584 0.0747860 0.3556052 0.0172651 0.0090129 0.0171519 0.0287403 0.0195622 0.0474680 0.0067021 0.0094149 0.0446739
 34 G  34 0.0254518 0.0359821 0.0493120 0.0508011 0.0000000 0.0204853 0.0415343 0.4049313 0.0223622 0.0564054 0.0603611 0.0211774 0.0241624 0.0581819 0.0503447 0.0098834 0.0349769 0.0000000 0.0146691 0.0189776
 35 V  35 0.1483233 0.0490825 0.0356022 0.0662034 0.0000000 0.0351319 0.1618072 0.0454988 0.0257589 0.0381121 0.0660532 0.0498986 0.0176351 0.0135024 0.0126647 0.0596742 0.0288868 0.0034509 0.0241207 0.1185931
 36 G  36 0.0711943 0.0476556 0.0577092 0.0949810 0.0027876 0.0607967 0.1902698 0.0549365 0.0136805 0.0249251 0.0153227 0.0953489 0.0066553 0.0364472 0.0812838 0.0599829 0.0430173 0.0026646 0.0064173 0.0339237
 37 N  37 0.0443445 0.0949732 0.0519021 0.0574301 0.0195193 0.0463229 0.0611984 0.2946536 0.0247646 0.0273460 0.0228774 0.0496154 0.0087123 0.0040058 0.0555357 0.0703557 0.0328774 0.0000000 0.0089123 0.0246535
 38 S  38 0.1062055 0.0819592 0.0589743 0.0543237 0.0108433 0.0374045 0.1075274 0.0295677 0.0378304 0.0181453 0.0226644 0.0641797 0.0147774 0.0142137 0.0726313 0.1052603 0.0839746 0.0000000 0.0323106 0.0472066
 39 D  39 0.0504950 0.0808477 0.0204192 0.0897012 0.0102024 0.0440029 0.1243029 0.0648315 0.0118128 0.0461091 0.0596369 0.0376770 0.0285053 0.0305058 0.0836302 0.0312698 0.0485609 0.0077167 0.0238004 0.1059724
 40 A  40 0.0869307 0.0347873 0.0360194 0.0612896 0.0110209 0.0291715 0.1272347 0.0408083 0.0265162 0.0484686 0.0231312 0.0558991 0.0036395 0.0149935 0.1917289 0.0489629 0.0762820 0.0000000 0.0151385 0.0679772
 41 A  41 0.0718316 0.0594024 0.0142104 0.0677623 0.0046907 0.0230597 0.1239680 0.0280748 0.0174916 0.0635340 0.0933943 0.0412081 0.0098111 0.0576970 0.0706231 0.0582853 0.1006606 0.0000000 0.0275210 0.0667741
 42 A  42 0.0866943 0.0562906 0.0358889 0.0787871 0.0031009 0.0285000 0.1005125 0.0260582 0.0132279 0.0435547 0.1139448 0.0544088 0.0134932 0.0172472 0.1527111 0.0371194 0.0492045 0.0000000 0.0022531 0.0870026
 43 P  43 0.0656238 0.0226614 0.0399481 0.1435381 0.0022925 0.0292240 0.1437021 0.0860107 0.0338103 0.0280000 0.0186273 0.0445730 0.0035471 0.0070922 0.1470146 0.1103314 0.0410985 0.0016252 0.0077832 0.0234964
 44 G  44 0.1306944 0.0127689 0.0076949 0.0291400 0.0062766 0.0272149 0.0532996 0.1878121 0.0287776 0.0413150 0.1708582 0.0477403 0.0085321 0.0064458 0.0055069 0.0590841 0.0643147 0.0000000 0.0250942 0.0874298
 45 T  45 0.0360322 0.0906783 0.0260179 0.0314451 0.0204699 0.0444901 0.0321215 0.0162631 0.0248907 0.0735094 0.0572040 0.0708469 0.0215686 0.0188553 0.0085322 0.0641787 0.1018190 0.0022360 0.0182720 0.2405693
 46 R  46 0.0400448 0.2158119 0.0195832 0.0088428 0.0077781 0.0425383 0.0341916 0.0176496 0.0266528 0.0033181 0.0982284 0.0659441 0.0114744 0.0037809 0.1855692 0.1134592 0.0579441 0.0000000 0.0076753 0.0395132
 47 V  47 0.0626140 0.0084415 0.0071291 0.0022616 0.0135478 0.0089953 0.0159617 0.0049947 0.0017367 0.0672222 0.6519764 0.0019498 0.0228289 0.0124418 0.0093504 0.0193841 0.0251618 0.0022480 0.0000000 0.0617541
 48 I  48 0.1299841 0.0119160 0.0181109 0.0838348 0.0061848 0.0070583 0.0288391 0.0191784 0.0053457 0.0424002 0.0604907 0.0186614 0.0063265 0.0029058 0.0245055 0.2898012 0.1943328 0.0044816 0.0066340 0.0390084
 49 D  49 0.0701030 0.0265126 0.0182485 0.2205413 0.0000000 0.0459288 0.3047284 0.0073248 0.0088400 0.0073872 0.1353007 0.0152418 0.0066518 0.0031948 0.0029928 0.0582437 0.0484994 0.0027790 0.0000000 0.0174816
 50 A  50 0.1876135 0.0179075 0.0125884 0.0188600 0.0492204 0.0057208 0.0070518 0.0195742 0.0022381 0.0389179 0.3473678 0.0050970 0.0411399 0.0589679 0.0048661 0.0203448 0.0243224 0.0137286 0.0048490 0.1196242
 51 A  51 0.1510963 0.0268698 0.0460651 0.0926827 0.0000000 0.0477852 0.1493956 0.0234128 0.0073546 0.0126729 0.0185938 0.1115785 0.0070880 0.0040709 0.1493071 0.0658267 0.0449255 0.0065075 0.0046343 0.0301326
 52 T  52 0.1382203 0.0482411 0.0210693 0.0347564 0.0158034 0.0183382 0.0797798 0.0293221 0.0127620 0.0599807 0.0677801 0.0555041 0.0117634 0.0095716 0.1363504 0.0663127 0.0703360 0.0000000 0.0096787 0.1144296
 53 S  53 0.0449739 0.0185901 0.0599588 0.0577845 0.0000000 0.0213576 0.0257312 0.5674681 0.0142083 0.0024819 0.0059168 0.0411913 0.0000000 0.0056029 0.0492689 0.0539518 0.0134860 0.0000000 0.0000000 0.0180279
 54 M  54 0.0549764 0.0199620 0.0184892 0.1466448 0.0064638 0.1262944 0.2963730 0.0633891 0.0148089 0.0105111 0.0148635 0.0364178 0.0190349 0.0022502 0.0134876 0.0527909 0.0737947 0.0000000 0.0032396 0.0262080
 55 P  55 0.0597027 0.0133966 0.0179196 0.0225163 0.0188753 0.0289446 0.0898461 0.1832994 0.0114342 0.0109881 0.0429774 0.0718829 0.0056361 0.0081183 0.1630501 0.0973525 0.0943169 0.0069632 0.0126333 0.0401463
 56 R  56 0.0918587 0.0513657 0.0069708 0.0346711 0.0213866 0.0226200 0.0165863 0.3719468 0.0130264 0.0266400 0.0421290 0.0588579 0.0052525 0.0075697 0.0000000 0.0260012 0.0931399 0.0000000 0.0092866 0.1006906
 57 K  57 0.0614265 0.1963204 0.0150101 0.0301084 0.0034058 0.0536528 0.1080070 0.0047244 0.0306588 0.0423735 0.0076349 0.1425733 0.0095839 0.0093721 0.0402594 0.0566125 0.1393375 0.0028385 0.0000000 0.0461003
 58 V  58 0.1297770 0.0000000 0.0000000 0.0000000 0.0505593 0.0000000 0.0033813 0.0417617 0.0064313 0.0578077 0.0803697 0.0000000 0.0074455 0.0558482 0.0000000 0.0000000 0.0000000 0.0079732 0.0967056 0.4619394
 59 R  59 0.0244010 0.1670228 0.0026034 0.0000000 0.0044590 0.0287117 0.0701871 0.0014749 0.0054375 0.0926543 0.0425068 0.0540154 0.0107405 0.0031992 0.0000000 0.0495233 0.1969168 0.0000000 0.0019363 0.2442101
 60 I  60 0.0144405 0.0137478 0.0000000 0.0000000 0.0000000 0.0000000 0.0000000 0.0288906 0.0000000 0.3552134 0.1017405 0.0068102 0.0121792 0.0340297 0.0000000 0.0096922 0.0083998 0.0064852 0.0066703 0.4017005
 61 V  61 0.1426861 0.1815635 0.0104849 0.0275861 0.0035569 0.0150197 0.0758371 0.0229701 0.0040838 0.0715011 0.0365983 0.0393852 0.0142979 0.0036387 0.0042835 0.0664274 0.0651722 0.0133818 0.0024213 0.1991044
 62 Q  62 0.0186849 0.6857403 0.0042003 0.0036119 0.0181909 0.0679928 0.0040021 0.0216165 0.0074593 0.0000000 0.0078582 0.0406919 0.0197901 0.0056241 0.0000000 0.0382697 0.0109778 0.0361384 0.0091507 0.0000000
 63 I  63 0.0081323 0.0000000 0.0022619 0.0054299 0.0000000 0.0000000 0.0079418 0.0050557 0.0000000 0.4793158 0.1646034 0.0046556 0.0046365 0.0600594 0.0000000 0.0000000 0.0055878 0.0000000 0.0000000 0.2523199
 64 N  64 0.1489108 0.0426567 0.0679540 0.0314326 0.0241682 0.0140321 0.0217015 0.1152116 0.0544240 0.0398142 0.0247692 0.0198073 0.0074371 0.0040828 0.0288743 0.2510123 0.0544298 0.0021930 0.0093499 0.0377386
 65 E  65 0.0177416 0.0207270 0.0037181 0.3849842 0.0029283 0.0095449 0.4214913 0.0179948 0.0293994 0.0000000 0.0061676 0.0104762 0.0135534 0.0028440 0.0000000 0.0092652 0.0117329 0.0000000 0.0297583 0.0076729
 66 I  66 0.0291874 0.0468145 0.0221154 0.0236459 0.0023640 0.0786671 0.0678125 0.0121925 0.1332632 0.1472083 0.0194330 0.0352511 0.0032413 0.0274342 0.1389945 0.0590139 0.0109137 0.0153756 0.0116508 0.1154213
 67 F  67 0.1329574 0.0199338 0.0169976 0.0094826 0.0000000 0.0248285 0.0292518 0.0108851 0.0074953 0.1309983 0.1751984 0.0275626 0.0221505 0.0674505 0.0079005 0.0504525 0.0157283 0.0000000 0.0104433 0.2402829
 68 Q  68 0.0341083 0.0146485 0.0344868 0.1355270 0.0150685 0.4730259 0.0885088 0.0246023 0.0140435 0.0099941 0.0110358 0.0299231 0.0000000 0.0000000 0.0083248 0.0335295 0.0550439 0.0031786 0.0149506 0.0000000
 69 V  69 0.1325378 0.0791385 0.0258838 0.1154242 0.0000000 0.0489626 0.0863208 0.0981483 0.0056494 0.0089957 0.0223781 0.0287049 0.0020252 0.0062652 0.0000000 0.1239143 0.1223044 0.0037234 0.0096268 0.0799965
 70 E  70 0.0000000 0.0107351 0.1012469 0.6332617 0.0050138 0.0062599 0.1092554 0.0064132 0.0045530 0.0000000 0.0000000 0.0018007 0.0000000 0.0072484 0.0000000 0.0934356 0.0140753 0.0000000 0.0024359 0.0042651
 71 T  71 0.0909789 0.0509836 0.0366766 0.0297190 0.0000000 0.0162082 0.0857288 0.0232609 0.0605631 0.0221106 0.0156931 0.0573587 0.0079244 0.0049505 0.2668100 0.0827181 0.0914783 0.0000000 0.0259652 0.0308721
 72 D  72 0.0893153 0.0384426 0.0208200 0.1998178 0.0050653 0.0504274 0.3385881 0.0754404 0.0060486 0.0139762 0.0019034 0.0522132 0.0016671 0.0030027 0.0162967 0.0543994 0.0096962 0.0088318 0.0039197 0.0101280
 73 Q  73 0.0379669 0.0380855 0.0059394 0.0015286 0.0000000 0.0284758 0.0126588 0.0031987 0.0000000 0.0604893 0.4291000 0.0330731 0.0380964 0.1488324 0.0000000 0.0088831 0.0480707 0.0036378 0.0049612 0.0970025
 74 F  74 0.0046832 0.0122211 0.0000000 0.0000000 0.0000000 0.0000000 0.0000000 0.0080733 0.0000000 0.0690480 0.6924172 0.0092331 0.0881933 0.0643336 0.0000000 0.0000000 0.0022089 0.0000000 0.0149036 0.0346847
 75 T  75 0.0875868 0.2730013 0.0444581 0.0530241 0.0014732 0.1254946 0.0539793 0.0309138 0.0239271 0.0127713 0.0208617 0.1093286 0.0000000 0.0121608 0.0000000 0.0568026 0.0688121 0.0000000 0.0029649 0.0224396
 76 Q  76 0.0416602 0.1237714 0.0107888 0.0127719 0.0028348 0.0794901 0.0433959 0.0035257 0.0374245 0.0111714 0.0406177 0.0787147 0.0134775 0.0930686 0.0000000 0.0103453 0.0166212 0.0016633 0.3654893 0.0131677
 77 L  77 0.0117453 0.0000000 0.0000000 0.0000000 0.0135176 0.0000000 0.0000000 0.0000000 0.0000000 0.0543465 0.7651405 0.0000000 0.0135026 0.0953457 0.0000000 0.0000000 0.0042310 0.0041428 0.0050532 0.0329746
 78 L  78 0.1658757 0.0631325 0.0441759 0.1287870 0.0099736 0.0310723 0.1080676 0.0289467 0.0369521 0.0297303 0.0474317 0.0427548 0.0471417 0.0034538 0.0000000 0.0941568 0.0448865 0.0113963 0.0206777 0.0413869
 79 D  79 0.1246782 0.0875031 0.0345719 0.1810337 0.0000000 0.0685926 0.1666510 0.0227389 0.0156373 0.0071296 0.0119288 0.1024089 0.0022482 0.0000000 0.0000000 0.1373680 0.0342440 0.0000000 0.0000000 0.0032657
 80 A  80 0.2242975 0.0302828 0.0406449 0.0018072 0.0073119 0.0401921 0.0105123 0.0076340 0.0871481 0.0755041 0.1978349 0.0799915 0.0618586 0.0065720 0.0000000 0.0232796 0.0282989 0.0000000 0.0128416 0.0639880
 81 D  81 0.0170836 0.0081421 0.0547291 0.0539486 0.0042300 0.0268381 0.0338562 0.6816093 0.0266642 0.0000000 0.0066327 0.0600170 0.0000000 0.0000000 0.0016086 0.0194297 0.0000000 0.0000000 0.0000000 0.0052108
 82 I  82 0.0138002 0.0000000 0.0000000 0.0000000 0.0000000 0.0000000 0.0000000 0.0052108 0.0000000 0.4060590 0.3469122 0.0000000 0.0292433 0.0236573 0.0000000 0.0000000 0.0000000 0.0000000 0.0000000 0.1751172
 83 R  83 0.0684821 0.1024026 0.0511563 0.0257955 0.0031831 0.0359377 0.0411200 0.0449144 0.0180577 0.0540454 0.1247131 0.0572625 0.0227160 0.0111447 0.0024761 0.0560695 0.1156583 0.0000000 0.0247156 0.1401496
 84 V  84 0.0151869 0.0037477 0.0022873 0.0000000 0.0000000 0.0047706 0.0019459 0.0000000 0.0000000 0.1397932 0.2056758 0.0145743 0.0040249 0.0038895 0.5234965 0.0025917 0.0225949 0.0000000 0.0081456 0.0472752
 85 G  85 0.0029995 0.0065009 0.0675115 0.1012278 0.0000000 0.0059006 0.0178487 0.7688565 0.0073507 0.0000000 0.0025262 0.0000000 0.0000000 0.0000000 0.0000000 0.0140666 0.0000000 0.0000000 0.0000000 0.0052108
 86 S  86 0.2457259 0.0321354 0.0424512 0.0944307 0.0193197 0.0329496 0.0574516 0.0138487 0.0079338 0.0090693 0.0092560 0.0553512 0.0358635 0.0000000 0.0000000 0.1269996 0.1342523 0.0000000 0.0000000 0.0829615
 87 E  87 0.0284963 0.1503279 0.0159395 0.0434627 0.0017153 0.0567880 0.1778626 0.0074265 0.0251921 0.0361110 0.0329867 0.0932117 0.0112340 0.0016426 0.0612634 0.0440258 0.1172845 0.0000000 0.0059000 0.0891294
 88 V  88 0.0231695 0.0000000 0.0000000 0.0000000 0.0046954 0.0000000 0.0000000 0.0200498 0.0086242 0.3284514 0.1758812 0.0033060 0.0049450 0.0443809 0.0000000 0.0000000 0.0032501 0.0022936 0.0093536 0.3715993
 89 E  89 0.0298914 0.0788722 0.0109203 0.0349269 0.0160084 0.0482910 0.2248908 0.0103471 0.0220242 0.0172184 0.0189807 0.1033195 0.0078402 0.0125209 0.0052199 0.0688100 0.2399745 0.0000000 0.0169383 0.0330054
 90 I  90 0.0419601 0.0083090 0.0015160 0.0000000 0.0000000 0.0036448 0.0000000 0.0024044 0.0000000 0.2309846 0.1923743 0.0000000 0.0179396 0.0321217 0.0033382 0.0029345 0.0037746 0.0013952 0.0050697 0.4522333
 91 V  91 0.0401708 0.0922911 0.0112205 0.0180263 0.0051275 0.0267462 0.1414721 0.0091961 0.0128181 0.1129300 0.1353898 0.0540587 0.0241108 0.0021521 0.0087431 0.0549946 0.1047635 0.0022002 0.0000000 0.1435885
 92 D  92 0.1050176 0.0974900 0.0328706 0.1272244 0.0051743 0.1002320 0.1971898 0.0389543 0.0147516 0.0046076 0.0056638 0.0646244 0.0022485 0.0122924 0.0667794 0.0735791 0.0255408 0.0000000 0.0049001 0.0208597
 93 R  93 0.0512277 0.1605903 0.0510070 0.0440665 0.0000000 0.0208642 0.0411418 0.0412164 0.0546887 0.0471130 0.0134902 0.1654285 0.0019637 0.0741144 0.0085575 0.0600233 0.0417317 0.0020479 0.0414529 0.0792744
 94 D  94 0.1570253 0.0442576 0.0489247 0.2964721 0.0062100 0.0206414 0.0648032 0.1164416 0.0048702 0.0072415 0.0074077 0.0169280 0.0036930 0.0376777 0.0650281 0.0658591 0.0124520 0.0021355 0.0144699 0.0074614
 95 G  95 0.0455824 0.0092519 0.0582862 0.1835037 0.0000000 0.0236243 0.0549397 0.3887051 0.0314223 0.0035652 0.0057798 0.0276380 0.0000000 0.0027725 0.1095075 0.0384077 0.0154227 0.0000000 0.0000000 0.0015910
 96 H  96 0.0573481 0.0425234 0.0255990 0.0110080 0.0147012 0.0070059 0.0176746 0.1418512 0.0133929 0.0252406 0.0384309 0.0090614 0.0374909 0.0068025 0.1144001 0.2217449 0.1209035 0.0026554 0.0510926 0.0410729
 97 I  97 0.0184189 0.0028623 0.0055829 0.0000000 0.0115360 0.0019957 0.0067107 0.0047665 0.0075332 0.2034136 0.1605375 0.0025139 0.0554177 0.0489900 0.0018991 0.0041597 0.0242574 0.0047351 0.0967328 0.3379370
 98 T  98 0.0294253 0.1064457 0.0071570 0.0050397 0.0060232 0.0201238 0.0898830 0.0053903 0.0242208 0.0834067 0.0854483 0.0270131 0.0154765 0.0023389 0.0017294 0.0893161 0.2092318 0.0039974 0.0106177 0.1777155
 99 L  99 0.0284253 0.0081335 0.0000000 0.0000000 0.0000000 0.0000000 0.0000000 0.0019951 0.0000000 0.3028060 0.2195232 0.0000000 0.0024438 0.0612478 0.0018971 0.0029969 0.0055962 0.0056843 0.0000000 0.3592509
100 S 100 0.0832986 0.1392137 0.0187606 0.0488695 0.0073898 0.1237924 0.1073963 0.0480823 0.0141602 0.0289511 0.0404983 0.0861318 0.0083664 0.0038144 0.0000000 0.1011106 0.0927581 0.0027779 0.0036543 0.0409737
101 H 101 0.0627004 0.0482692 0.0415134 0.0154742 0.0100621 0.0118231 0.0154634 0.0559201 0.0250273 0.1570195 0.0847007 0.0444279 0.0163292 0.0108723 0.0094588 0.0574612 0.0776282 0.0045124 0.0482095 0.2031270
102 N 102 0.0659941 0.0417534 0.1040318 0.2008593 0.0000000 0.0210485 0.1466265 0.1644772 0.0082152 0.0032985 0.0233990 0.0464901 0.0036187 0.0037352 0.0669523 0.0632997 0.0195837 0.0000000 0.0053102 0.0113065
103 G 103 0.0307093 0.0228488 0.0765582 0.1839588 0.0000000 0.0345895 0.0772232 0.4730908 0.0078752 0.0000000 0.0000000 0.0251190 0.0000000 0.0058508 0.0028598 0.0249488 0.0173246 0.0020069 0.0111099 0.0039264
104 K 104 0.0773040 0.1024765 0.0377062 0.0370781 0.0071255 0.0577619 0.1536489 0.0955524 0.0518784 0.0103414 0.0067692 0.1638391 0.0114994 0.0000000 0.0000000 0.0867930 0.0842974 0.0000000 0.0035131 0.0124156
105 D 105 0.0545445 0.0880066 0.0228134 0.0706421 0.0056090 0.0809348 0.2016270 0.0262298 0.0105083 0.0160151 0.0104613 0.0723944 0.0034741 0.0053633 0.0770193 0.0893680 0.1276068 0.0000000 0.0000000 0.0373822
106 V 106 0.0467818 0.0150265 0.0062656 0.0019674 0.0073568 0.0290757 0.0144560 0.0054272 0.0327054 0.2012160 0.2155638 0.0050859 0.0254050 0.0817398 0.0000000 0.0095687 0.0345369 0.0000000 0.0274401 0.2403813
107 E 107 0.1779174 0.0277673 0.0192353 0.0763688 0.0033091 0.0490729 0.1274888 0.0049572 0.0205843 0.0459525 0.0419498 0.0091160 0.0105687 0.0195664 0.0313469 0.1224756 0.1008079 0.0017686 0.0079476 0.1017989
108 L 108 0.0014653 0.0000000 0.0000000 0.0000000 0.0030645 0.0000000 0.0000000 0.0000000 0.0020738 0.2549682 0.5681381 0.0000000 0.0047114 0.0132443 0.0000000 0.0000000 0.0040095 0.0017128 0.0000000 0.1466121
109 L 109 0.0494958 0.0035514 0.0184424 0.1230033 0.0000000 0.0038383 0.0087915 0.1755871 0.0000000 0.0069669 0.0096294 0.0039780 0.0021474 0.0000000 0.2787362 0.2743175 0.0362807 0.0000000 0.0000000 0.0052341
110 D 110 0.0565396 0.1263566 0.0323335 0.0903009 0.0026788 0.0357836 0.1065347 0.0204544 0.0448614 0.0223146 0.0679430 0.0795772 0.0166879 0.0218590 0.0998196 0.0354220 0.0441682 0.0015150 0.0645043 0.0303457
111 D 111 0.0893665 0.0505955 0.0223029 0.1625441 0.0000000 0.0249037 0.2128998 0.0279680 0.0281220 0.0180246 0.0242904 0.1247640 0.0166261 0.0000000 0.0354774 0.0701996 0.0484071 0.0000000 0.0082101 0.0352982
112 L 112 0.2024835 0.0088113 0.0195112 0.0048395 0.0000000 0.0096367 0.0147985 0.0000000 0.0100372 0.2572527 0.1476628 0.0000000 0.0559199 0.0148907 0.0020024 0.0169467 0.0332085 0.0000000 0.0087316 0.1932669
113 A 113 0.7939521 0.0000000 0.0000000 0.0000000 0.0151619 0.0021881 0.0070654 0.0248023 0.0000000 0.0020587 0.0394916 0.0000000 0.0000000 0.0068748 0.0000000 0.0539975 0.0397227 0.0000000 0.0000000 0.0146849
114 H 114 0.0794590 0.0879739 0.0391283 0.0833271 0.0206339 0.0797150 0.1361128 0.0392379 0.1453964 0.0018625 0.0000000 0.0768869 0.0188706 0.0017453 0.0079443 0.1319299 0.0292151 0.0031570 0.0024400 0.0149642
115 T 115 0.2319588 0.0447866 0.1453852 0.0173940 0.0112024 0.0794400 0.0377578 0.0269260 0.1301660 0.0099890 0.0358000 0.0673087 0.0131530 0.0129705 0.0000000 0.0578539 0.0394424 0.0000000 0.0321730 0.0062928
116 I 116 0.0029343 0.0000000 0.0000000 0.0000000 0.0000000 0.0000000 0.0000000 0.0000000 0.0000000 0.5119790 0.1823060 0.0000000 0.0206067 0.0143334 0.0000000 0.0000000 0.0000000 0.0000000 0.0000000 0.2678407
117 R 117 0.0041509 0.1069532 0.0121845 0.0071995 0.0000000 0.0337899 0.0087765 0.0062261 0.0268319 0.0113667 0.0697716 0.0150841 0.0293017 0.3383448 0.0000000 0.0170840 0.0210762 0.0972396 0.1784612 0.0161575
118 I 118 0.0165218 0.0000000 0.0000000 0.0000000 0.0043190 0.0000000 0.0000000 0.0038557 0.0000000 0.1259187 0.0154120 0.0000000 0.0095726 0.0000000 0.0000000 0.0000000 0.0000000 0.0000000 0.0000000 0.8244001
119 E 119 0.0343118 0.1687708 0.0154586 0.0712356 0.0000000 0.0562329 0.2799332 0.0044327 0.0000000 0.0020963 0.0023278 0.1774477 0.0000000 0.0000000 0.0000000 0.1158556 0.0553527 0.0071646 0.0000000 0.0093797
120 E 120 0.1293190 0.1511724 0.0000000 0.0066218 0.0000000 0.0253816 0.0876250 0.0000000 0.0039049 0.0250100 0.0208706 0.2804773 0.0000000 0.0000000 0.2472487 0.0128400 0.0037436 0.0000000 0.0000000 0.0057853
121 L 121 0.0000000 0.0000000 0.0000000 0.0000000 0.0000000 0.0000000 0.0000000 0.0000000 0.0000000 0.2586633 0.2903255 0.0000000 0.0000000 0.0000000 0.0000000 0.0000000 0.0000000 0.0000000 0.0000000 0.4510112
