   93         A         R         N         D         C         Q         E         G         H         I         L         K         M         F         P         S         T         W         Y         V         X    
  1 G   1 0.0184791 0.0000000 0.0000000 0.0000000 0.0000000 0.0000000 0.0000000 0.0337492 0.0000000 0.0000000 0.0000000 0.0000000 0.0000000 0.0000000 0.1329187 0.0236079 0.0000000 0.0000000 0.0000000 0.0000000 0.7912451
  2 S   2 0.0018707 0.0027784 0.0000000 0.0000000 0.0023835 0.0000000 0.0032906 0.0000000 0.0024959 0.0000000 0.0000000 0.0000000 0.0000000 0.0000000 0.0000000 0.2755411 0.2423255 0.0000000 0.0000000 0.0000000 0.4693143
  3 E   3 0.0024984 0.0081603 0.0040103 0.1223237 0.0000000 0.1301460 0.1475043 0.0029960 0.0000000 0.0000000 0.0077301 0.0647178 0.0000000 0.0000000 0.0953281 0.0100813 0.0314339 0.0000000 0.0029215 0.0031746 0.3669736
  4 L   4 0.0242376 0.0000000 0.0012708 0.0023910 0.0000000 0.0017687 0.0035961 0.0000000 0.0000000 0.0153405 0.4651614 0.0000000 0.0895880 0.0034124 0.0000000 0.0255163 0.0517632 0.0000000 0.0000000 0.0313578 0.2845959
  5 E   5 0.0036512 0.0000000 0.0051144 0.0143741 0.0000000 0.0181920 0.5645088 0.0000000 0.0000000 0.0021740 0.1217832 0.0034955 0.0000000 0.0032538 0.0019261 0.0022749 0.0056958 0.0000000 0.0000000 0.0000000 0.2535560
  6 T   6 0.0160215 0.1537230 0.0432079 0.0320090 0.0070053 0.0877953 0.0914402 0.0081392 0.0419325 0.0031605 0.0167439 0.1367523 0.0103586 0.0000000 0.0000000 0.0485339 0.0438208 0.0038699 0.0034874 0.0026419 0.2493569
  7 A   7 0.3096880 0.0053408 0.0458189 0.0371214 0.0543473 0.0038622 0.0538317 0.0245984 0.0132428 0.0000000 0.0115738 0.0015502 0.0027935 0.0050923 0.0000000 0.1562923 0.0149183 0.0000000 0.0016287 0.0126353 0.2456641
  8 M   8 0.0095200 0.0047429 0.0000000 0.0019347 0.0015928 0.0031229 0.0085256 0.0000000 0.0012056 0.3439777 0.1178719 0.0028106 0.1876789 0.0073151 0.0069355 0.0000000 0.0032753 0.0000000 0.0000000 0.0788033 0.2206871
  9 E   9 0.0935321 0.0290491 0.0559602 0.0622484 0.0116241 0.0324120 0.2858631 0.0261198 0.0133901 0.0238272 0.0510914 0.0418439 0.0088743 0.0348018 0.0019649 0.0196896 0.0185981 0.0000000 0.0000000 0.0572832 0.1318268
 10 T  10 0.0676031 0.0055638 0.0474337 0.0384089 0.0324996 0.0168936 0.1092878 0.0532801 0.0287272 0.0077385 0.0417616 0.0358325 0.0145489 0.0047225 0.0065627 0.1014369 0.2226439 0.0000000 0.0040228 0.0363372 0.1246946
 11 L  11 0.0491683 0.0054268 0.0000000 0.0000000 0.0000000 0.0000000 0.0000000 0.0000000 0.0000000 0.2387804 0.3467811 0.0039523 0.1009128 0.0178594 0.0043515 0.0050665 0.0151477 0.0000000 0.0000000 0.1196985 0.0928548
 12 I  12 0.0318046 0.0843954 0.0042395 0.0000000 0.0000000 0.0174906 0.0082976 0.0000000 0.0000000 0.3462746 0.0510490 0.0387643 0.0514403 0.0502639 0.0000000 0.0043373 0.0230607 0.0000000 0.0130998 0.1863625 0.0891199
 13 N  13 0.0992459 0.0650571 0.0678798 0.1178151 0.0138949 0.0155529 0.1587260 0.0149799 0.0198401 0.0021545 0.0606253 0.0919752 0.0116926 0.0488639 0.0000000 0.0537657 0.0592617 0.0000000 0.0074815 0.0100016 0.0811863
 14 V  14 0.1485991 0.0042216 0.0193826 0.0000000 0.0380336 0.0203881 0.0090275 0.0014357 0.0011175 0.1303384 0.0469875 0.0048495 0.0148108 0.0018528 0.0000000 0.0072095 0.1875038 0.0000000 0.0028106 0.2810024 0.0804289
 15 F  15 0.0000000 0.0000000 0.0000000 0.0000000 0.0030476 0.0000000 0.0000000 0.0000000 0.0000000 0.0056124 0.0053794 0.0000000 0.0000000 0.8604465 0.0000000 0.0000000 0.0000000 0.0043666 0.0547725 0.0034178 0.0629571
 16 H  16 0.0084230 0.0691410 0.0522316 0.0410503 0.0017566 0.1730552 0.0264441 0.0143246 0.3348472 0.0031492 0.0197853 0.0685708 0.0063447 0.0155926 0.0042498 0.0055973 0.0022293 0.0000000 0.0384489 0.0069626 0.1077958
 17 A  17 0.0188531 0.1066736 0.0518777 0.0041237 0.0113871 0.1394500 0.0729704 0.0033467 0.0243356 0.0131141 0.0224960 0.3017248 0.0357568 0.0000000 0.0000000 0.0251965 0.0225848 0.0021366 0.0000000 0.0267247 0.1172477
 18 H  18 0.0164852 0.0000000 0.0040249 0.0119310 0.0061039 0.0000000 0.0000000 0.0039568 0.0535068 0.0098416 0.0024313 0.0041005 0.0000000 0.1759525 0.0000000 0.0298561 0.0000000 0.0000000 0.5671711 0.0000000 0.1146382
 19 S  19 0.3607730 0.0043509 0.0109736 0.0498300 0.0102304 0.0000000 0.0056124 0.0000000 0.0000000 0.0138603 0.0000000 0.0000000 0.0027395 0.0435322 0.0000000 0.2613511 0.0325681 0.0000000 0.0000000 0.0088741 0.1953044
 20 G  20 0.0496536 0.0753186 0.0076603 0.2609824 0.0078582 0.0163717 0.0177252 0.2081716 0.0013396 0.0206430 0.0274303 0.0530360 0.0031413 0.0012172 0.0059289 0.0652281 0.0373234 0.0000000 0.0000000 0.0458871 0.0950835
 21 K  21 0.0213139 0.1434198 0.0256679 0.0757760 0.0056005 0.0586124 0.0509453 0.0335702 0.0158591 0.0099736 0.0286270 0.2961446 0.0036638 0.0022169 0.0215974 0.0347292 0.0511891 0.0000000 0.0042008 0.0141071 0.1027857
 22 E  22 0.0198853 0.0166813 0.0532219 0.4026777 0.0108760 0.0182509 0.2122617 0.0154239 0.0138655 0.0043286 0.0103147 0.0618796 0.0024119 0.0000000 0.0024478 0.0149523 0.0065511 0.0000000 0.0047460 0.0135934 0.1156306
 23 G  23 0.0052265 0.0095579 0.0099934 0.0831054 0.0156115 0.0013357 0.0296727 0.6772025 0.0000000 0.0000000 0.0000000 0.0250818 0.0000000 0.0000000 0.0072791 0.0333170 0.0000000 0.0000000 0.0000000 0.0048028 0.0978138
 24 D  24 0.0037917 0.0268590 0.2274377 0.3206006 0.0071356 0.0101106 0.0468477 0.0211644 0.0533638 0.0000000 0.0000000 0.0359186 0.0000000 0.0000000 0.0025740 0.0878094 0.0091537 0.0000000 0.0071880 0.0166116 0.1234337
 25 K  25 0.0154383 0.0305454 0.0560212 0.0192372 0.0656317 0.0070227 0.0048326 0.0981031 0.0090951 0.0000000 0.0083319 0.2147389 0.0088410 0.0116359 0.0480347 0.1134440 0.0265278 0.0034178 0.0200993 0.0142617 0.2247397
 26 Y  26 0.0424520 0.0177075 0.0503593 0.1341491 0.0391393 0.0072350 0.0535579 0.2613807 0.0435295 0.0000000 0.0212657 0.0277808 0.0028293 0.0670476 0.0117331 0.0327890 0.0291970 0.0072177 0.0431061 0.0048961 0.1026275
 27 K  27 0.0538461 0.0292917 0.0097408 0.0000000 0.0000000 0.0474934 0.0036016 0.0065616 0.0101454 0.0017332 0.0214055 0.1817419 0.0192999 0.0059194 0.0000000 0.0751217 0.2648173 0.0000000 0.1410276 0.0289954 0.0992576
 28 L  28 0.0000000 0.0048271 0.0000000 0.0000000 0.0000000 0.0000000 0.0000000 0.0041974 0.0045600 0.3203155 0.5675419 0.0000000 0.0441898 0.0041076 0.0000000 0.0048028 0.0000000 0.0000000 0.0000000 0.0291507 0.0163071
 29 S  29 0.0033081 0.0039055 0.0968934 0.0736341 0.0309097 0.0104037 0.0239052 0.0185556 0.0000000 0.0027735 0.0000000 0.0273898 0.0163937 0.0033615 0.0048028 0.4421005 0.2005754 0.0000000 0.0217164 0.0016095 0.0177615
 30 K  30 0.0581205 0.1520637 0.0253080 0.0091469 0.0064164 0.0444517 0.0086825 0.0180386 0.0110002 0.0142334 0.0323580 0.4718044 0.0025884 0.0123512 0.0271518 0.0183160 0.0282561 0.0000000 0.0120689 0.0313361 0.0163071
 31 K  31 0.1308915 0.0501204 0.0318526 0.1233642 0.0043205 0.0549015 0.1476554 0.1216491 0.0064090 0.0009553 0.0025320 0.1391239 0.0011006 0.0010601 0.0152916 0.0668493 0.0674740 0.0023720 0.0075219 0.0100713 0.0144838
 32 E  32 0.0107438 0.0063252 0.0092244 0.0939910 0.0000000 0.0142187 0.7864444 0.0142989 0.0023527 0.0018705 0.0000000 0.0141471 0.0000000 0.0000000 0.0000000 0.0138487 0.0123222 0.0000000 0.0000000 0.0026214 0.0175909
 33 L  33 0.0239682 0.0000000 0.0000000 0.0000000 0.0000000 0.0000000 0.0000000 0.0000000 0.0000000 0.0157293 0.6849282 0.0000000 0.0470938 0.1707976 0.0080781 0.0060249 0.0058093 0.0000000 0.0023480 0.0176317 0.0175909
 34 K  34 0.0399080 0.1786607 0.0041763 0.0013983 0.0055729 0.0804161 0.0351467 0.0227551 0.0115706 0.0035487 0.0752430 0.4545889 0.0023295 0.0162582 0.0036512 0.0176276 0.0102268 0.0000000 0.0053880 0.0062353 0.0252980
 35 E  35 0.0541784 0.0624732 0.0665445 0.0744000 0.0000000 0.1402113 0.2157295 0.0151020 0.0375305 0.0104810 0.0179291 0.1023120 0.0113810 0.0000000 0.0025828 0.0768537 0.0500625 0.0000000 0.0000000 0.0357460 0.0264824
 36 L  36 0.0819160 0.0000000 0.0000000 0.0000000 0.0018911 0.0000000 0.0000000 0.0097920 0.0000000 0.0182530 0.6037042 0.0000000 0.0781434 0.0654492 0.0000000 0.0045492 0.0107995 0.0000000 0.0014737 0.0930661 0.0309626
 37 L  37 0.0245283 0.0000000 0.0000000 0.0000000 0.0000000 0.0000000 0.0000000 0.0000000 0.0000000 0.0937097 0.4937480 0.0030357 0.2248954 0.0200653 0.0027164 0.0045640 0.0070863 0.0000000 0.0000000 0.0984284 0.0272224
 38 Q  38 0.0197933 0.0859915 0.0961944 0.0092427 0.0024167 0.1371727 0.2048409 0.0312167 0.0161942 0.0019485 0.0438924 0.1240364 0.0192889 0.0010755 0.0000000 0.0240217 0.1154175 0.0000000 0.0017818 0.0104967 0.0549775
 39 T  39 0.0664237 0.0694062 0.0691125 0.0538471 0.0030057 0.0520374 0.0644231 0.0295578 0.0123687 0.0075778 0.0099952 0.2493452 0.0102223 0.0012594 0.0059498 0.0878403 0.1372364 0.0000000 0.0017285 0.0072646 0.0613984
 40 E  40 0.0022617 0.0059253 0.0449666 0.0273558 0.0067895 0.1016656 0.5312585 0.0065545 0.0029145 0.0029809 0.0342953 0.0108704 0.0201963 0.0000000 0.0000000 0.0186817 0.0093206 0.0000000 0.0000000 0.0000000 0.1739628
 41 L  41 0.0201065 0.0024301 0.0000000 0.0043666 0.0235777 0.0014929 0.0000000 0.0086026 0.0059301 0.0233937 0.3766761 0.0000000 0.0278604 0.2476684 0.0164575 0.0070364 0.0021542 0.0000000 0.0110997 0.0325274 0.1886197
 42 S  42 0.1278029 0.0380228 0.0139715 0.0083550 0.0120054 0.0118318 0.0284991 0.1455146 0.0134204 0.0117861 0.0081518 0.0132585 0.0042483 0.0000000 0.3050510 0.0521818 0.0276201 0.0000000 0.0021715 0.0050481 0.1710593
 43 G  43 0.0717310 0.0227145 0.1390531 0.1218158 0.0047716 0.0447749 0.0586625 0.0668616 0.0610691 0.0069369 0.0312707 0.0255503 0.0013379 0.0000000 0.0297111 0.0867537 0.0542129 0.0039124 0.0000000 0.0202853 0.1485749
 44 F  44 0.0219093 0.0000000 0.0185721 0.0051192 0.0174145 0.0155624 0.0040733 0.0120671 0.0000000 0.1002252 0.1261544 0.0092176 0.0256645 0.3147203 0.0236085 0.0093706 0.0218691 0.0265031 0.0373184 0.0573258 0.1533044
 45 L  45 0.0173546 0.0072166 0.0024766 0.0020744 0.0066332 0.0030074 0.0106843 0.0338868 0.0071783 0.0717166 0.4724744 0.0065586 0.0652153 0.0190460 0.0122947 0.0261388 0.0888991 0.0000000 0.0000000 0.0669769 0.0801674
 46 D  46 0.0089773 0.0371369 0.0074354 0.0343029 0.0259615 0.0889495 0.0952461 0.1769676 0.0035677 0.0045561 0.0039411 0.2592081 0.0046736 0.0072248 0.0603078 0.0371430 0.0281319 0.0029231 0.0206696 0.0244030 0.0682731
 47 A  47 0.0173281 0.0463957 0.1762783 0.0925714 0.0154751 0.0186548 0.1085330 0.1041681 0.0356494 0.0023068 0.0146133 0.1057662 0.0240479 0.0000000 0.0181175 0.0485025 0.0465241 0.0000000 0.0117025 0.0149059 0.0984594
 48 Q  48 0.0498267 0.0620580 0.0252704 0.0167091 0.0136737 0.1761803 0.0560135 0.0337069 0.0159709 0.0255847 0.0177351 0.1131928 0.0391215 0.0000000 0.1507179 0.0288912 0.0477112 0.0052520 0.0070010 0.0263093 0.0890739
 49 K  49 0.0126607 0.0302286 0.0649040 0.0440555 0.0018601 0.0448070 0.0384907 0.0542647 0.0512312 0.0191961 0.1073544 0.2445359 0.0227793 0.0160380 0.0155929 0.0343894 0.0347075 0.0028106 0.0079267 0.0361011 0.1160655
 50 D  50 0.0112590 0.0218119 0.0925292 0.4398793 0.0059957 0.0122226 0.0552429 0.0354324 0.0044704 0.0013233 0.0218755 0.0147641 0.0021311 0.0000000 0.0068913 0.0569357 0.0757440 0.0000000 0.0000000 0.0221884 0.1193033
 51 V  51 0.0329367 0.0317970 0.0140192 0.0983349 0.0016733 0.0564817 0.1526366 0.0134767 0.0124498 0.0168856 0.0157857 0.0836667 0.0068675 0.0063668 0.2857426 0.0325040 0.0158991 0.0000000 0.0066689 0.0259544 0.0898527
 52 D  52 0.1323462 0.0250464 0.0462989 0.1021111 0.0251537 0.0524703 0.1650673 0.0786455 0.0261580 0.0059951 0.0433138 0.0567340 0.0139383 0.0019456 0.0325586 0.0652313 0.0148228 0.0000000 0.0212178 0.0232848 0.0676607
 53 A  53 0.1628436 0.0071884 0.0040034 0.0577443 0.0017924 0.0170559 0.1178470 0.0432767 0.0011399 0.0474389 0.0338328 0.0637814 0.0080857 0.0173865 0.0037861 0.0435993 0.1786446 0.0043509 0.0552517 0.0808531 0.0500974
 54 V  54 0.0590461 0.0041005 0.0096735 0.0000000 0.0113036 0.0000000 0.0000000 0.0016550 0.0000000 0.1791138 0.2498823 0.0000000 0.0198345 0.0196844 0.0000000 0.0054281 0.0000000 0.0176252 0.0405475 0.3582671 0.0238384
 55 D  55 0.0397099 0.0350441 0.0562941 0.4486104 0.0124231 0.0481681 0.1479226 0.0222369 0.0078397 0.0000000 0.0021897 0.1018993 0.0000000 0.0000000 0.0042291 0.0236372 0.0234585 0.0000000 0.0024959 0.0030709 0.0207706
 56 K  56 0.0208988 0.0684442 0.0631378 0.0835009 0.0077855 0.0543352 0.2685135 0.0059869 0.0255370 0.0253914 0.0181542 0.2216474 0.0023305 0.0000000 0.0000000 0.0388576 0.0307770 0.0013205 0.0025055 0.0391931 0.0216830
 57 V  57 0.0160905 0.0000000 0.0184846 0.0018749 0.0000000 0.0035337 0.0045600 0.0025828 0.0032663 0.2998899 0.1956643 0.0263708 0.1710809 0.0514653 0.0011423 0.0046410 0.0374226 0.0186174 0.0043509 0.1098722 0.0290895
 58 M  58 0.0043666 0.0048115 0.0000000 0.0000000 0.0000000 0.0039401 0.0000000 0.0033817 0.0000000 0.1861381 0.2137163 0.0015308 0.3450299 0.1892393 0.0000000 0.0047388 0.0000000 0.0033862 0.0042160 0.0155238 0.0199808
 59 K  59 0.0229707 0.1319022 0.0755163 0.0577657 0.0093747 0.1183711 0.1249265 0.0203368 0.0226043 0.0104732 0.0018425 0.2616890 0.0136393 0.0014427 0.0022780 0.0816588 0.0184996 0.0000000 0.0028292 0.0018986 0.0199808
 60 E  60 0.0548349 0.0219572 0.0531291 0.1935465 0.0052749 0.0511386 0.2297461 0.0208262 0.0167520 0.0143095 0.0948983 0.0905790 0.0176260 0.0107884 0.0000000 0.0611976 0.0159634 0.0019460 0.0000000 0.0255057 0.0199808
 61 L  61 0.1107941 0.0000000 0.0035444 0.0000000 0.0094711 0.0115760 0.0000000 0.0062682 0.0000000 0.0270823 0.5566505 0.0231049 0.0540884 0.0234850 0.0000000 0.0000000 0.0076069 0.0000000 0.0042216 0.1421258 0.0199808
 62 D  62 0.0036512 0.0000000 0.0143565 0.9074122 0.0042160 0.0000000 0.0115365 0.0256053 0.0020254 0.0022459 0.0000000 0.0000000 0.0037348 0.0000000 0.0000000 0.0018491 0.0033862 0.0000000 0.0000000 0.0000000 0.0199808
 63 E  63 0.0917788 0.0867090 0.0128336 0.0211388 0.0014955 0.0678414 0.0967190 0.0121071 0.0125449 0.0684478 0.0882233 0.1402295 0.0199466 0.0089182 0.0000000 0.0506971 0.1280108 0.0034124 0.0028587 0.0661067 0.0199808
 64 N  64 0.0000000 0.0053202 0.4869120 0.3840108 0.0253369 0.0130992 0.0045298 0.0026204 0.0141646 0.0000000 0.0000000 0.0090684 0.0000000 0.0000000 0.0027959 0.0119696 0.0038194 0.0000000 0.0029062 0.0039151 0.0295314
 65 G  65 0.0159271 0.0818276 0.0956246 0.0169675 0.0218908 0.0701329 0.0228246 0.2523149 0.0845420 0.0000000 0.0074456 0.1571727 0.0050647 0.0054575 0.0119521 0.0960643 0.0285871 0.0000000 0.0000000 0.0027951 0.0234089
 66 D  66 0.0020320 0.0000000 0.0993801 0.7698747 0.0000000 0.0000000 0.0270065 0.0202598 0.0074004 0.0000000 0.0000000 0.0019529 0.0000000 0.0000000 0.0000000 0.0256904 0.0176456 0.0000000 0.0042160 0.0000000 0.0245415
 67 G  67 0.0250481 0.0278518 0.0718580 0.0281818 0.0141693 0.0509062 0.0210074 0.5893603 0.0037904 0.0000000 0.0024265 0.0770102 0.0000000 0.0000000 0.0000000 0.0558820 0.0000000 0.0043515 0.0033862 0.0000000 0.0247702
 68 E  68 0.0335715 0.1062089 0.0117117 0.0037724 0.0122491 0.1783709 0.1928979 0.0081575 0.0253161 0.0053906 0.0317407 0.2031836 0.0000000 0.0100354 0.0000000 0.0221301 0.0793847 0.0000000 0.0171834 0.0329891 0.0257064
 69 V  69 0.0000000 0.0000000 0.0000000 0.0000000 0.0084516 0.0000000 0.0039151 0.0000000 0.0000000 0.3650302 0.1833152 0.0000000 0.0069755 0.0018548 0.0021397 0.0000000 0.0021072 0.0000000 0.0000000 0.4005044 0.0257064
 70 D  70 0.0000000 0.0084053 0.1604998 0.4720854 0.0179806 0.0036726 0.0356943 0.0266580 0.0000000 0.0022192 0.0000000 0.0140106 0.0000000 0.0000000 0.0000000 0.1779379 0.0459398 0.0000000 0.0020913 0.0029441 0.0298611
 71 F  71 0.0000000 0.0000000 0.0000000 0.0000000 0.0000000 0.0058011 0.0043312 0.0000000 0.0000000 0.0028587 0.0119970 0.0039523 0.0000000 0.8417017 0.0000000 0.0028194 0.0000000 0.0000000 0.0966775 0.0000000 0.0298611
 72 Q  72 0.0207133 0.0328772 0.0706691 0.1190750 0.0037348 0.1968361 0.2569893 0.0283944 0.0326954 0.0022316 0.0118982 0.0633864 0.0014228 0.0000000 0.0090836 0.0544319 0.0499722 0.0000000 0.0036322 0.0094792 0.0324772
 73 E  73 0.0000000 0.0000000 0.0127035 0.0360336 0.0000000 0.0126854 0.8532546 0.0021222 0.0056936 0.0000000 0.0000000 0.0033615 0.0045600 0.0000000 0.0000000 0.0357545 0.0000000 0.0000000 0.0000000 0.0000000 0.0338309
 74 Y  74 0.0000000 0.0000000 0.0000000 0.0000000 0.0119271 0.0000000 0.0000000 0.0000000 0.0000000 0.0000000 0.0088848 0.0000000 0.0000000 0.7728493 0.0000000 0.0021582 0.0000000 0.0037231 0.1571747 0.0049964 0.0382864
 75 V  75 0.0279013 0.0021259 0.0000000 0.0000000 0.0455033 0.0078780 0.0088861 0.0000000 0.0023295 0.0604179 0.2509762 0.0068146 0.0855260 0.0351271 0.0043779 0.0250903 0.0173803 0.0563552 0.0043549 0.2821788 0.0767766
 76 V  76 0.0770524 0.0632850 0.0660589 0.0220743 0.0158608 0.0367678 0.0315544 0.0119487 0.0087717 0.0603849 0.1211648 0.0309802 0.0377868 0.0054020 0.0130794 0.1002280 0.0822265 0.0000000 0.0222989 0.0945577 0.0985169
 77 L  77 0.0368334 0.0000000 0.0043666 0.0000000 0.0069533 0.0104174 0.0000000 0.0043509 0.0022889 0.0324869 0.3919815 0.0000000 0.2330148 0.0990942 0.0000000 0.0118681 0.0037643 0.0000000 0.0092414 0.0533098 0.1000284
 78 V  78 0.0062768 0.0000000 0.0000000 0.0000000 0.0000000 0.0000000 0.0000000 0.0019424 0.0000000 0.2170150 0.1754851 0.0000000 0.1754872 0.0133072 0.0000000 0.0000000 0.0194755 0.0000000 0.0173126 0.2681720 0.1055262
 79 A  79 0.1868192 0.0109910 0.0072758 0.0131806 0.0162792 0.0377403 0.0069850 0.1883668 0.0015138 0.0190369 0.0358890 0.0165136 0.0046098 0.1213477 0.0000000 0.0432793 0.0393747 0.0000000 0.0000000 0.0364728 0.2143245
 80 A  80 0.0475845 0.0938221 0.0256900 0.0336264 0.0326212 0.0294026 0.0385492 0.1321014 0.0012263 0.0037572 0.0122119 0.1835003 0.0145248 0.0038397 0.0015856 0.0680052 0.0231130 0.0039568 0.0122427 0.0119899 0.2266493
 81 L  81 0.0108836 0.0016979 0.0000000 0.0019787 0.0024790 0.0061385 0.0018731 0.0014189 0.0000000 0.1070814 0.3987242 0.0000000 0.0285326 0.0076766 0.0016098 0.0103826 0.0065609 0.0000000 0.0000000 0.1301706 0.2827915
 82 T  82 0.2822597 0.0000000 0.0000000 0.0017812 0.0304998 0.0000000 0.0000000 0.0168524 0.0000000 0.0143724 0.0576569 0.0000000 0.0242617 0.0067488 0.0000000 0.0333999 0.1793290 0.0000000 0.0000000 0.0383720 0.3144663
 83 V  83 0.0083898 0.0171769 0.0485193 0.0092934 0.0151590 0.0814768 0.0043950 0.0000000 0.0023301 0.1031721 0.0402062 0.0634246 0.0662706 0.0052168 0.0039725 0.0171004 0.0517070 0.0028453 0.0035167 0.1081290 0.3476985
 84 A  84 0.2777494 0.0033486 0.0000000 0.0501330 0.0212967 0.0059952 0.0126563 0.0162718 0.0052743 0.0246305 0.0402675 0.0049465 0.0424896 0.0047274 0.0000000 0.0106216 0.0244395 0.0088912 0.0131717 0.0249030 0.4081859
 85 C  85 0.0381802 0.0035917 0.0000000 0.0059107 0.3264913 0.0058950 0.0000000 0.0093313 0.0075322 0.0000000 0.0102513 0.0014555 0.0029441 0.0107946 0.0000000 0.0528641 0.0118622 0.0043515 0.0780461 0.0081829 0.4223152
 86 N  86 0.0038397 0.0000000 0.1479651 0.0350638 0.0000000 0.0042465 0.0160203 0.0000000 0.2358327 0.0000000 0.0000000 0.0049190 0.0016013 0.0206480 0.0000000 0.0056223 0.0000000 0.0000000 0.0840487 0.0000000 0.4401927
 87 N  87 0.0122569 0.0086912 0.0242471 0.0895886 0.0061351 0.0135157 0.1552645 0.0048449 0.0184897 0.0053958 0.0133826 0.0960708 0.0000000 0.0000000 0.0000000 0.0168115 0.0018344 0.0000000 0.0168894 0.0021366 0.5144449
 88 F  88 0.0399350 0.0079703 0.0110739 0.0164606 0.0131901 0.0292604 0.0153402 0.0000000 0.0177622 0.0257310 0.0151298 0.0386915 0.0016239 0.0817184 0.0000000 0.0517043 0.0206504 0.0000000 0.0823336 0.0152267 0.5161977
 89 F  89 0.0000000 0.0000000 0.0019008 0.0000000 0.0023901 0.0000000 0.0000000 0.0000000 0.0000000 0.0381462 0.0943928 0.0021706 0.0442635 0.1953815 0.0000000 0.0453152 0.0146377 0.0052725 0.0306954 0.0038019 0.5216318
 90 W  90 0.0014960 0.0150097 0.0041806 0.0038525 0.0044719 0.0417415 0.0334402 0.0160403 0.1308103 0.0042031 0.0432450 0.0362370 0.0040510 0.0000000 0.0000000 0.0368472 0.0081934 0.0028998 0.0038397 0.0680814 0.5413595
 91 E  91 0.0022262 0.0424956 0.0056617 0.0284499 0.0000000 0.0444777 0.0783700 0.0245819 0.0080159 0.0000000 0.0037905 0.1305225 0.0020416 0.0000000 0.0024265 0.0040888 0.0000000 0.0000000 0.0000000 0.0163413 0.6065099
 92 N  92 0.0241323 0.0015703 0.0247956 0.0237155 0.0122056 0.0467145 0.0670771 0.0055745 0.0377266 0.0000000 0.0000000 0.0060361 0.0000000 0.0000000 0.0000000 0.0445028 0.0127717 0.0000000 0.0048213 0.0000000 0.6883561
 93 S  93 0.0186681 0.0000000 0.0289738 0.0000000 0.0000000 0.0000000 0.0000000 0.0000000 0.0000000 0.0000000 0.0000000 0.0000000 0.0000000 0.0000000 0.0534986 0.0429009 0.0126484 0.0000000 0.0000000 0.0000000 0.8433102
