  126         A         R         N         D         C         Q         E         G         H         I         L         K         M         F         P         S         T         W         Y         V         X    
  1 G   1 0.0102299 0.0000000 0.0000000 0.0000000 0.0000000 0.0000000 0.0000000 0.0601264 0.0000000 0.0000000 0.0000000 0.0000000 0.0000000 0.0000000 0.0000000 0.0000000 0.0000000 0.0000000 0.0000000 0.0000000 0.9296437
  2 A   2 0.0587118 0.0000000 0.0000000 0.0000000 0.0000000 0.0000000 0.0000000 0.0390243 0.0000000 0.0000000 0.0862366 0.0000000 0.0000000 0.0000000 0.0000000 0.0063617 0.0000000 0.0365004 0.0000000 0.0050721 0.7680933
  3 M   3 0.0169703 0.0000000 0.0000000 0.0016429 0.0000000 0.0012492 0.0000000 0.0000000 0.0038671 0.0706205 0.1658212 0.0459873 0.0610175 0.0099136 0.0000000 0.0012882 0.0021298 0.0024905 0.0000000 0.0512711 0.5657309
  4 A   4 0.0023803 0.0000000 0.5327915 0.0000000 0.0000000 0.0464014 0.0015821 0.0031680 0.0130539 0.0013634 0.0342973 0.0000000 0.0044076 0.0000000 0.0000000 0.0092400 0.0216225 0.0000000 0.0000000 0.0033073 0.3263846
  5 T   5 0.1124059 0.0000000 0.0000000 0.0000000 0.0000000 0.0000000 0.0000000 0.0014387 0.0000000 0.1474881 0.1186161 0.0000000 0.0198285 0.0280841 0.0000000 0.0229279 0.0634712 0.0076483 0.0000000 0.2463540 0.2317372
  6 A   6 0.0337607 0.0494557 0.1561310 0.0661733 0.0000000 0.1194174 0.0832811 0.0294522 0.0219831 0.0125687 0.0025707 0.0506282 0.0051112 0.0000000 0.0000000 0.0832972 0.0436643 0.0000000 0.0023093 0.0212311 0.2189649
  7 K   7 0.0481057 0.0815766 0.0850488 0.0133452 0.0000000 0.1248566 0.0183527 0.0203097 0.0548783 0.0041420 0.0144737 0.1517418 0.0025617 0.0025333 0.0138182 0.0770598 0.0387169 0.0000000 0.0291176 0.0056841 0.2136773
  8 L   8 0.0840581 0.0022105 0.0082401 0.0037168 0.0000000 0.0016681 0.0040379 0.0098470 0.0000000 0.1016487 0.2086870 0.0000000 0.1625901 0.0465361 0.0000000 0.0058435 0.0160162 0.0016181 0.0094796 0.1335283 0.2002740
  9 A   9 0.2470827 0.0079480 0.0038377 0.0000000 0.0000000 0.0113100 0.0054215 0.0282224 0.0000000 0.0434750 0.0406507 0.0981008 0.0105666 0.0034321 0.0000000 0.1089583 0.1263887 0.0000000 0.0000000 0.0674042 0.1972013
 10 T  10 0.0557697 0.0361963 0.0490390 0.1276492 0.0000000 0.0492676 0.0591964 0.1297364 0.0083814 0.0031003 0.0107523 0.0761765 0.0010544 0.0000000 0.0012294 0.1113454 0.0723899 0.0000000 0.0057502 0.0095459 0.1934198
 11 D  11 0.0183553 0.0150917 0.0857708 0.1120912 0.0000000 0.1102001 0.0519666 0.0588600 0.0286809 0.0214672 0.0264801 0.0540873 0.0077973 0.0125902 0.0013616 0.0746684 0.0443468 0.0030402 0.0788452 0.0036106 0.1906885
 12 I  12 0.0419727 0.0000000 0.0000000 0.0000000 0.0017405 0.0019213 0.0000000 0.0000000 0.0000000 0.1277686 0.1202250 0.0016181 0.0154815 0.0761341 0.0000000 0.0097053 0.0146159 0.2110652 0.0357847 0.1555479 0.1864192
 13 E  13 0.0173160 0.0421569 0.0114981 0.0441977 0.0000000 0.0818593 0.2804772 0.0322615 0.0063350 0.0000000 0.0363383 0.0739277 0.0000000 0.0010130 0.0048942 0.0436745 0.0082137 0.0000000 0.1248104 0.0046072 0.1864192
 14 N  14 0.0169775 0.0367156 0.0971411 0.1862265 0.0000000 0.0611536 0.1234392 0.0666174 0.0070378 0.0029914 0.0000000 0.0261915 0.0012540 0.0045428 0.0321907 0.1259259 0.0152850 0.0000000 0.0031815 0.0201598 0.1729687
 15 N  15 0.0473503 0.1055757 0.1165397 0.0809714 0.0000000 0.1229903 0.0763733 0.0408010 0.0012742 0.0016881 0.0062095 0.1040395 0.0000000 0.0000000 0.0184284 0.0634787 0.0439560 0.0000000 0.0000000 0.0024697 0.1678542
 16 V  16 0.0653593 0.0075148 0.0208605 0.0000000 0.0000000 0.0047876 0.0000000 0.0079000 0.0000000 0.0873655 0.1114767 0.0000000 0.0050458 0.0115430 0.0698288 0.0433037 0.0156366 0.0000000 0.0033588 0.3932607 0.1527581
 17 R  17 0.0363001 0.0414574 0.0384132 0.0182052 0.0023529 0.1929494 0.3429683 0.0204786 0.0115524 0.0021873 0.0022899 0.0222802 0.0036086 0.0000000 0.0118132 0.0252633 0.0473576 0.0000000 0.0050673 0.0280675 0.1473875
 18 V  18 0.0059231 0.0000000 0.0000000 0.0000000 0.0000000 0.0016590 0.0000000 0.0000000 0.0000000 0.3571487 0.0923740 0.0000000 0.0479286 0.0169955 0.0000000 0.0230048 0.0077952 0.0000000 0.0000000 0.3058036 0.1413675
 19 V  19 0.0547335 0.0558020 0.0517357 0.0040367 0.0000000 0.0805481 0.0279071 0.0073982 0.0090041 0.0118600 0.0070837 0.0285183 0.0333352 0.0053350 0.0000000 0.2605545 0.1732766 0.0000000 0.0087248 0.0445599 0.1355866
 20 V  20 0.1039332 0.0000000 0.0000000 0.0000000 0.0000000 0.0034508 0.0000000 0.0016595 0.0021630 0.1006378 0.1086620 0.0000000 0.0095631 0.0151734 0.0025470 0.0023198 0.0191867 0.0031055 0.0020306 0.4945474 0.1310202
 21 Y  21 0.0086690 0.0000000 0.0059070 0.0013411 0.0000000 0.0210890 0.0197964 0.0000000 0.0139847 0.0123067 0.0246390 0.0047217 0.0169171 0.3927376 0.0000000 0.0076724 0.0068375 0.0140191 0.3130846 0.0080736 0.1282035
 22 I  22 0.0029659 0.0000000 0.0000000 0.0000000 0.0023472 0.0000000 0.0000000 0.0000000 0.0000000 0.1035743 0.5424109 0.0000000 0.0811320 0.0952864 0.0000000 0.0000000 0.0030924 0.0000000 0.0000000 0.0762330 0.0929579
 23 R  23 0.0334160 0.0400918 0.0698995 0.1785181 0.1040581 0.0627282 0.0682258 0.0031471 0.0152274 0.0062582 0.0053276 0.1652726 0.0049009 0.0036616 0.0019544 0.0793599 0.0445556 0.0000000 0.0038846 0.0038603 0.1056523
 24 K  24 0.0223970 0.0411604 0.0494189 0.1963380 0.0000000 0.0293282 0.0941659 0.0224791 0.0040155 0.0076031 0.0549592 0.0988109 0.0139079 0.0016675 0.1016658 0.0292966 0.0469837 0.0023643 0.0025652 0.0283287 0.1525438
 25 D  25 0.0319441 0.0075237 0.1179355 0.2807331 0.0000000 0.0121789 0.0699342 0.1203426 0.0103918 0.0035869 0.0081121 0.0305665 0.0031055 0.0117095 0.0093997 0.0346414 0.0394971 0.0000000 0.0283149 0.0074548 0.1726279
 26 V  26 0.1743265 0.0119388 0.0085152 0.0051014 0.0000000 0.0058517 0.0000000 0.0215700 0.0025931 0.1086599 0.1725202 0.0217376 0.0174735 0.0090353 0.0020636 0.0326386 0.0761706 0.0016792 0.0088794 0.1553446 0.1639008
 27 E  27 0.0439447 0.0367201 0.0623747 0.1251269 0.0000000 0.0145835 0.0432194 0.0121575 0.0090681 0.0000000 0.0097961 0.0890724 0.0000000 0.0053818 0.0223101 0.2256453 0.0804012 0.0000000 0.0016281 0.0052877 0.2132825
 28 D  28 0.0998357 0.0128069 0.0100570 0.1837120 0.0000000 0.0304675 0.2149191 0.0132032 0.0038378 0.0039730 0.0042274 0.0288536 0.0000000 0.0000000 0.0318281 0.0554515 0.0266025 0.0000000 0.0000000 0.0147225 0.2655022
 29 N  29 0.0906303 0.0138014 0.1161838 0.0296417 0.0000000 0.0888133 0.0360433 0.0179590 0.0057143 0.0050523 0.0109956 0.0469448 0.0026713 0.0109759 0.0104354 0.0633680 0.0618729 0.0000000 0.0092596 0.0146436 0.3649936
 30 S  30 0.0911772 0.0197949 0.0117123 0.0570268 0.0000000 0.0350951 0.0284360 0.0201107 0.0023258 0.0259419 0.0287087 0.0143918 0.0147984 0.0032308 0.0401494 0.0857385 0.0215441 0.0000000 0.0038547 0.0263092 0.4696537
 31 Q  31 0.0975291 0.0101405 0.0180373 0.0049293 0.0000000 0.0699888 0.0684199 0.0269469 0.0061017 0.0000000 0.0093631 0.0359704 0.0011758 0.0070134 0.0161877 0.0372044 0.0388905 0.0000000 0.0000000 0.0307160 0.5213852
 32 T  32 0.0333558 0.0043788 0.0052645 0.0151301 0.0402369 0.0226220 0.0084570 0.0082316 0.0000000 0.0644000 0.0419217 0.0023772 0.0176524 0.0233521 0.0027063 0.0286107 0.0442226 0.0027834 0.0045160 0.0487033 0.5810776
 33 I  33 0.0570646 0.0086565 0.0136550 0.0122846 0.0174264 0.0223896 0.0178758 0.0029014 0.0009854 0.0186428 0.0124649 0.0130717 0.0021408 0.0000000 0.0213972 0.0342428 0.0621666 0.0000000 0.0094770 0.0482194 0.6249376
 34 E  34 0.0352495 0.0000000 0.0237816 0.0028664 0.0072589 0.0070722 0.0131438 0.0182937 0.0011992 0.0499393 0.0478212 0.0097579 0.0105552 0.0140955 0.0000000 0.0217472 0.0129013 0.0000000 0.0000000 0.0848642 0.6394530
 35 K  35 0.0213230 0.0015067 0.0080404 0.0186880 0.0434146 0.0013069 0.0086173 0.0358681 0.0000000 0.0266154 0.0155213 0.0201393 0.0042369 0.0573097 0.0000000 0.0092340 0.0192934 0.0000000 0.0445286 0.0134465 0.6509098
 36 E  36 0.0426519 0.0075220 0.0109422 0.0064473 0.0043618 0.0087361 0.0419047 0.0066477 0.0000000 0.0186113 0.0936848 0.0133281 0.0157009 0.0182350 0.0099323 0.0168785 0.0100784 0.0050924 0.0053466 0.0218370 0.6420609
 37 G  37 0.0379188 0.0154081 0.0247164 0.0830285 0.0000000 0.0231595 0.0292906 0.0632058 0.0085036 0.0044300 0.0098122 0.0521581 0.0018672 0.0000000 0.0042596 0.0244672 0.0122535 0.0000000 0.0000000 0.0131823 0.5923384
 38 Q  38 0.0173239 0.0044429 0.0206545 0.0640303 0.0000000 0.0424055 0.0562686 0.0464129 0.0055196 0.0064292 0.0233259 0.0242249 0.0000000 0.0024943 0.0613598 0.0157156 0.0424118 0.0000000 0.0031055 0.0000000 0.5638748
 39 T  39 0.0880188 0.0125178 0.0446943 0.0907824 0.0020074 0.0140947 0.0685036 0.0244188 0.0013627 0.0131457 0.0051558 0.0192447 0.0015051 0.0032039 0.0066307 0.0485656 0.0378934 0.0000000 0.0000000 0.0049605 0.5132940
 40 V  40 0.1092670 0.0026414 0.0024523 0.0036382 0.0671390 0.0073285 0.0234395 0.0039307 0.0000000 0.0299689 0.0410789 0.0040782 0.0306626 0.0041122 0.0166239 0.0131672 0.0422627 0.0000000 0.0087430 0.0958103 0.4936557
 41 T  41 0.0211979 0.0085265 0.0250621 0.0572729 0.0000000 0.0384471 0.0137905 0.0145932 0.0000000 0.0000000 0.0072386 0.0293198 0.0000000 0.0000000 0.0505016 0.0827498 0.2038611 0.0000000 0.0024523 0.0099725 0.4350139
 42 N  42 0.0586588 0.0206854 0.0597341 0.0535002 0.0000000 0.0931361 0.1121300 0.0157716 0.0042501 0.0183183 0.0188973 0.0422083 0.0028970 0.0046165 0.0358821 0.0314991 0.0310295 0.0000000 0.0056323 0.0106196 0.3805337
 43 N  43 0.1627032 0.0122076 0.0091083 0.1079087 0.0000000 0.0359801 0.1898630 0.0116782 0.0050224 0.0096015 0.0124359 0.0282176 0.0000000 0.0000000 0.0428984 0.0345832 0.0175807 0.0000000 0.0068153 0.0246959 0.2887000
 44 D  44 0.0466757 0.0394139 0.0270317 0.1815960 0.0000000 0.2081737 0.1693880 0.0097680 0.0000000 0.0043067 0.0050903 0.0228574 0.0050205 0.0000000 0.0268886 0.0159962 0.0222307 0.0000000 0.0000000 0.0042995 0.2112630
 45 Y  45 0.0872318 0.0431890 0.0037416 0.0010811 0.0704317 0.0230142 0.0078862 0.0207880 0.0034329 0.2343199 0.0519058 0.0598941 0.0181885 0.0037590 0.0061971 0.0144150 0.0204126 0.0000000 0.0328063 0.1383696 0.1589357
 46 H  46 0.0794707 0.0634901 0.0583216 0.1013628 0.0000000 0.1288110 0.1328203 0.0146915 0.0359847 0.0071051 0.0352878 0.1109633 0.0214334 0.0018852 0.0046528 0.0457208 0.0337865 0.0000000 0.0039679 0.0220702 0.0981743
 47 K  47 0.2360006 0.0557409 0.0358059 0.0523612 0.0013899 0.1114050 0.1130180 0.0232954 0.0051096 0.0048822 0.0222850 0.1070315 0.0066674 0.0024922 0.0033623 0.0641230 0.0770407 0.0000000 0.0000000 0.0209067 0.0570825
 48 V  48 0.0182591 0.0000000 0.0000000 0.0036759 0.0000000 0.0063789 0.0000000 0.0000000 0.0000000 0.2123076 0.4249516 0.0016077 0.0268563 0.0579074 0.0000000 0.0030597 0.0085216 0.0033857 0.0059172 0.1828640 0.0443075
 49 Y  49 0.0696536 0.1307983 0.0090356 0.0099769 0.0190850 0.1165013 0.1385920 0.0913013 0.0059137 0.0436303 0.0617696 0.1032544 0.0156572 0.0022405 0.0000000 0.0260194 0.0172549 0.0050924 0.0421336 0.0487575 0.0433327
 50 D  50 0.1042874 0.0376158 0.0660051 0.1425232 0.0000000 0.0939549 0.1428642 0.0355244 0.0101974 0.0074267 0.0068212 0.1364639 0.0016348 0.0000000 0.0179083 0.0689369 0.0761156 0.0017481 0.0017929 0.0095553 0.0386240
 51 S  51 0.0812564 0.1168964 0.0205685 0.0760797 0.0000000 0.1551784 0.1242953 0.0057010 0.0044067 0.0123250 0.0343936 0.1547495 0.0152694 0.0156018 0.0000000 0.0643303 0.0462310 0.0033637 0.0160482 0.0170582 0.0362469
 52 L  52 0.0054001 0.0000000 0.0000000 0.0039213 0.0000000 0.0019841 0.0016545 0.0028656 0.0000000 0.3289218 0.4970179 0.0000000 0.0129004 0.0116305 0.0092040 0.0020833 0.0019715 0.0036681 0.0000000 0.0809088 0.0358681
 53 K  53 0.1016033 0.1180964 0.0336263 0.0441266 0.0000000 0.0820320 0.2104264 0.0287960 0.0075249 0.0046140 0.0307213 0.1823442 0.0051809 0.0000000 0.0040674 0.0666800 0.0304913 0.0017145 0.0035093 0.0131980 0.0312472
 54 N  54 0.1983932 0.0324582 0.0644459 0.0325744 0.0000000 0.1047461 0.0713873 0.0907331 0.0097371 0.0050810 0.0419325 0.1291048 0.0126509 0.0021561 0.0029769 0.1042830 0.0499086 0.0000000 0.0011195 0.0179217 0.0283898
 55 M  55 0.0610919 0.1021135 0.0633078 0.0762491 0.0000000 0.0342936 0.0621179 0.0041735 0.0227420 0.1025243 0.1558068 0.0190809 0.0932712 0.0189444 0.0000000 0.0312114 0.0385857 0.0358136 0.0246814 0.0223459 0.0316451
 56 S  56 0.0577549 0.0125548 0.0349225 0.1442688 0.0013582 0.0382334 0.1133045 0.0229407 0.0106934 0.0012226 0.0016993 0.0609052 0.0021906 0.0043691 0.3628458 0.0792784 0.0157072 0.0000000 0.0014008 0.0107402 0.0236096
 57 T  57 0.0351128 0.0372354 0.0654186 0.1043216 0.0036946 0.0340422 0.1335146 0.2844437 0.0374185 0.0065381 0.0348790 0.0086525 0.0026099 0.0417247 0.0040361 0.0146038 0.0141448 0.0027329 0.1050561 0.0125142 0.0173061
 58 V  58 0.0080295 0.0000000 0.0000000 0.0000000 0.0017022 0.0016004 0.0013911 0.0029827 0.0000000 0.1888913 0.0206638 0.0032039 0.0000000 0.0073838 0.0014746 0.0057847 0.0405426 0.0000000 0.0000000 0.6981093 0.0182399
 59 K  59 0.1694090 0.0639767 0.0250911 0.0688809 0.0000000 0.0425372 0.1626126 0.0235508 0.0018979 0.0040772 0.0297534 0.2188183 0.0037193 0.0000000 0.0078110 0.0901044 0.0400899 0.0000000 0.0029354 0.0346718 0.0100632
 60 S  60 0.0505338 0.0620748 0.0510372 0.0679304 0.0000000 0.0560745 0.1451378 0.0306504 0.0170865 0.0000000 0.0042251 0.1415973 0.0000000 0.0011485 0.0037651 0.2949788 0.0563908 0.0000000 0.0023461 0.0038627 0.0111603
 61 V  61 0.0783153 0.0020074 0.0011430 0.0000000 0.0050724 0.0000000 0.0000000 0.0028248 0.0028012 0.1433866 0.0519363 0.0029473 0.0115436 0.0273398 0.0000000 0.0119425 0.0600399 0.0039456 0.0457830 0.5392692 0.0097022
 62 T  62 0.0176255 0.1212188 0.0668153 0.0454390 0.0000000 0.0771005 0.1539170 0.0082518 0.0247224 0.0136822 0.0092877 0.0736235 0.0039377 0.0109065 0.0000000 0.0502818 0.2246155 0.0000000 0.0341358 0.0548273 0.0096117
 63 F  63 0.0127771 0.0025808 0.0021408 0.0000000 0.0000000 0.0025470 0.0086052 0.0019380 0.0108123 0.0132625 0.0718733 0.0042910 0.0053467 0.3868876 0.0049265 0.0037768 0.0083745 0.0088086 0.4021162 0.0425369 0.0063983
 64 S  64 0.0025470 0.0412783 0.0017529 0.0000000 0.0000000 0.0131697 0.1362376 0.0020316 0.0016065 0.2874410 0.0603671 0.0165804 0.0118962 0.0079347 0.0000000 0.0844475 0.0370789 0.0000000 0.0076743 0.2815580 0.0063983
 65 S  65 0.0052517 0.0012247 0.0732593 0.0632225 0.0000000 0.0000000 0.0031968 0.0221826 0.0021906 0.0000000 0.0000000 0.0027017 0.0000000 0.0000000 0.0594391 0.6049545 0.1559781 0.0000000 0.0000000 0.0000000 0.0063983
 66 K  66 0.0680675 0.1949075 0.0054394 0.0010919 0.0028248 0.0544454 0.0042758 0.0065958 0.0049811 0.0000000 0.0019662 0.5181180 0.0000000 0.0000000 0.0888960 0.0374587 0.0000000 0.0000000 0.0024512 0.0020823 0.0063983
 67 E  67 0.0802684 0.0014717 0.0121430 0.2657085 0.0000000 0.0984911 0.4349789 0.0063614 0.0072341 0.0015671 0.0016195 0.0447128 0.0000000 0.0000000 0.0000000 0.0230191 0.0121139 0.0000000 0.0011258 0.0027863 0.0063983
 68 E  68 0.0426650 0.0122724 0.0148540 0.1216163 0.0000000 0.3060568 0.3906173 0.0000000 0.0041065 0.0038075 0.0066051 0.0399463 0.0148663 0.0000000 0.0000000 0.0113827 0.0141061 0.0000000 0.0000000 0.0106995 0.0063983
 69 Q  69 0.6939129 0.0000000 0.0053453 0.0000000 0.0000000 0.0344017 0.0618192 0.1041262 0.0000000 0.0025292 0.0020074 0.0025744 0.0000000 0.0119744 0.0000000 0.0429298 0.0076503 0.0000000 0.0000000 0.0243309 0.0063983
 70 Y  70 0.0863124 0.0088109 0.0000000 0.0000000 0.0000000 0.0024795 0.0028043 0.0000000 0.0000000 0.0161360 0.4775504 0.0206830 0.0548327 0.0686014 0.0000000 0.0080993 0.0016480 0.0833329 0.1469231 0.0125675 0.0092186
 71 E  71 0.1409363 0.0502935 0.0468813 0.0841626 0.0000000 0.0775630 0.2787599 0.0168749 0.0033681 0.0037580 0.0026048 0.1994828 0.0000000 0.0028248 0.0011522 0.0414445 0.0235315 0.0000000 0.0038396 0.0133036 0.0092186
 72 K  72 0.0395184 0.1279119 0.0949590 0.0890690 0.0000000 0.0745622 0.2815398 0.0098557 0.0246817 0.0269894 0.0225025 0.1041876 0.0065804 0.0019354 0.0000000 0.0442384 0.0285912 0.0000000 0.0107898 0.0028691 0.0092186
 73 L  73 0.0478694 0.0000000 0.0032924 0.0000000 0.0000000 0.0234590 0.0013233 0.0078894 0.0133499 0.0104772 0.2883853 0.0000000 0.0706704 0.4209706 0.0000000 0.0020704 0.0043513 0.0030487 0.0745254 0.0190988 0.0092186
 74 T  74 0.0228571 0.1681075 0.0140024 0.0025664 0.0011706 0.1436536 0.0443156 0.0064375 0.0013129 0.0758789 0.0306813 0.2699635 0.0067252 0.0010838 0.0000000 0.0686819 0.0693952 0.0000000 0.0000000 0.0610873 0.0120792
 75 E  75 0.1051292 0.0723481 0.0607240 0.0677671 0.0000000 0.1188250 0.2626234 0.0267486 0.0120730 0.0063094 0.0119350 0.1712669 0.0000000 0.0020306 0.0000000 0.0439989 0.0195701 0.0000000 0.0019993 0.0088265 0.0078249
 76 I  76 0.0538207 0.0634557 0.0310464 0.0882082 0.0000000 0.1372581 0.1241356 0.0138700 0.0115483 0.0313094 0.0766138 0.0589800 0.0237510 0.0075504 0.0000000 0.1198502 0.0586404 0.0329094 0.0319400 0.0263458 0.0087664
 77 M  77 0.0244828 0.0023885 0.0217717 0.0066091 0.0000000 0.0072693 0.0086724 0.0054071 0.0024005 0.0427189 0.2368135 0.0040587 0.1151806 0.2024410 0.0142599 0.1456705 0.0390332 0.0137186 0.0887994 0.0103997 0.0079048
 78 G  78 0.0400961 0.0178207 0.0158041 0.0201568 0.0000000 0.0189395 0.0458672 0.6266505 0.0017917 0.0011234 0.0012906 0.0732976 0.0024249 0.0122195 0.0519073 0.0371759 0.0121718 0.0000000 0.0050507 0.0028495 0.0133622
 79 D  79 0.0234297 0.0068203 0.0703637 0.1912566 0.0000000 0.0408612 0.1951643 0.0592168 0.0066913 0.0249441 0.0674478 0.0323423 0.0186714 0.1025539 0.0104259 0.0681377 0.0278276 0.0136102 0.0212823 0.0085139 0.0104391
 80 N  80 0.0416915 0.0185153 0.0969857 0.2135561 0.0000000 0.1047314 0.1222407 0.1023939 0.0000000 0.0060580 0.0187277 0.0211250 0.0044285 0.0062660 0.0073150 0.1346329 0.0455815 0.0000000 0.0260577 0.0212585 0.0084348
 81 W  81 0.0992549 0.0097426 0.0240803 0.1021442 0.0000000 0.0517713 0.1117913 0.0751418 0.0012706 0.0181508 0.0143893 0.0441914 0.0000000 0.1094609 0.1528391 0.0794497 0.0184489 0.0436087 0.0198744 0.0115329 0.0128571
 82 K  82 0.1853111 0.0150177 0.0293275 0.1241372 0.0000000 0.0391275 0.1227219 0.0323252 0.0058561 0.0627522 0.0711092 0.0510940 0.0183760 0.0146599 0.0289749 0.0608042 0.0250074 0.0110571 0.0241910 0.0703114 0.0078383
 83 I  83 0.1217004 0.0114607 0.0066117 0.0259586 0.0000000 0.0179718 0.0754204 0.0231240 0.0011195 0.0944555 0.3526609 0.0168913 0.0494613 0.0228995 0.0030290 0.0275534 0.0357182 0.0000000 0.0063826 0.0992381 0.0083431
 84 F  84 0.1354067 0.0255852 0.0173091 0.1102109 0.0000000 0.0250638 0.0256064 0.0132104 0.0027623 0.0495217 0.1915468 0.0172231 0.0144506 0.1783096 0.0000000 0.0772470 0.0129629 0.0043584 0.0326423 0.0601045 0.0064783
 85 E  85 0.0629722 0.0149061 0.0234357 0.1109784 0.0000000 0.0373350 0.1719334 0.0421048 0.0010896 0.0289803 0.1457554 0.0305341 0.0374813 0.0132489 0.0060934 0.0752991 0.0732476 0.0056602 0.0427981 0.0451481 0.0309982
 86 G  86 0.0550266 0.0068562 0.0192997 0.0301009 0.0000000 0.0274855 0.0307207 0.3190707 0.0000000 0.0186308 0.3537852 0.0253012 0.0052766 0.0117821 0.0052421 0.0087723 0.0147728 0.0000000 0.0071391 0.0271159 0.0336217
 87 D  87 0.0142212 0.0133929 0.0302851 0.2562869 0.0000000 0.0335475 0.1139207 0.1256238 0.0013696 0.0189297 0.0076614 0.0485378 0.0038131 0.0031939 0.0575148 0.0558791 0.0901584 0.0000000 0.0014145 0.0124259 0.1118240
 88 A  88 0.0875346 0.0207804 0.0384642 0.1772920 0.0000000 0.0409554 0.2143906 0.0359982 0.0130942 0.0023030 0.0047607 0.0404923 0.0059308 0.0164103 0.0814177 0.0706707 0.0482075 0.0000000 0.0373674 0.0294416 0.0344885
 89 N  89 0.0098440 0.0000000 0.7424316 0.0929862 0.0000000 0.0035102 0.0429261 0.0108278 0.0000000 0.0000000 0.0000000 0.0028119 0.0021282 0.0018639 0.0016415 0.0377080 0.0083251 0.0000000 0.0131149 0.0000000 0.0298806
 90 P  90 0.0421875 0.0015107 0.0019758 0.0331276 0.0000000 0.0343514 0.0032001 0.0018554 0.0000000 0.0124628 0.0083030 0.0014004 0.0113072 0.0168229 0.7476077 0.0302964 0.0062581 0.0014879 0.0000000 0.0179447 0.0279003
 91 L  91 0.0016464 0.0000000 0.0000000 0.0000000 0.0070169 0.0000000 0.0000000 0.0000000 0.0026722 0.0238978 0.7482488 0.0000000 0.0888284 0.1009515 0.0000000 0.0016840 0.0020704 0.0000000 0.0070559 0.0116125 0.0043151
 92 Y  92 0.0187225 0.0252735 0.0315949 0.0000000 0.0016994 0.0843289 0.0075488 0.0093637 0.0134500 0.0008642 0.0307527 0.0192703 0.0000000 0.0065277 0.6074401 0.0672804 0.0200159 0.0014490 0.0329069 0.0190599 0.0024512
 93 D  93 0.2955674 0.0159433 0.0927083 0.3050207 0.0000000 0.0107451 0.0590630 0.0343406 0.0226726 0.0074219 0.0026722 0.0033065 0.0000000 0.0015139 0.0454035 0.0455187 0.0134528 0.0078696 0.0116723 0.0221612 0.0029463
 94 A  94 0.1628957 0.0089399 0.0140121 0.0000000 0.0000000 0.0019549 0.0224749 0.0054229 0.0012318 0.0148551 0.0177441 0.0107519 0.0052532 0.0067392 0.0000000 0.4772019 0.0615181 0.0000000 0.0127306 0.1762737 0.0000000
 95 Y  95 0.0221385 0.0000000 0.0000000 0.0000000 0.0000000 0.0000000 0.0000000 0.0028019 0.0000000 0.1605501 0.2038907 0.0000000 0.0111899 0.3177673 0.0000000 0.0000000 0.0000000 0.0025413 0.1958212 0.0832990 0.0000000
 96 I  96 0.0111840 0.1701768 0.0091598 0.0574628 0.0032592 0.0284603 0.1635422 0.0025299 0.0289850 0.1538760 0.0484679 0.0375082 0.0157912 0.0187646 0.0000000 0.0191038 0.0551235 0.0129830 0.0197894 0.1438323 0.0000000
 97 V  97 0.0100801 0.0000000 0.0000000 0.0000000 0.0000000 0.0000000 0.0000000 0.0027834 0.0000000 0.2500415 0.1176668 0.0000000 0.0053310 0.0084103 0.0026722 0.0000000 0.0014444 0.0000000 0.0000000 0.6015703 0.0000000
 98 E  98 0.0136834 0.1240027 0.0449560 0.0137545 0.0000000 0.0474985 0.0787526 0.0085750 0.0322501 0.0130171 0.0137432 0.2658099 0.0026011 0.0180044 0.0016675 0.0587843 0.1644137 0.0040774 0.0708800 0.0174355 0.0060929
 99 A  99 0.0706815 0.0012812 0.0000000 0.0000000 0.0000000 0.0000000 0.0015531 0.0012450 0.0016944 0.0465640 0.4025839 0.0000000 0.0576813 0.0361719 0.1696984 0.0052723 0.0661381 0.0013007 0.0000000 0.1339626 0.0041716
100 N 100 0.0871528 0.0490253 0.0964730 0.0819936 0.0000000 0.0354535 0.0535955 0.0048679 0.0077274 0.0139153 0.0081094 0.2975132 0.0064951 0.0041698 0.0043739 0.0622389 0.0972799 0.0000000 0.0070499 0.0706809 0.0118848
101 A 101 0.0216108 0.0270221 0.1769489 0.3692394 0.0000000 0.0249167 0.0884656 0.0251087 0.0047212 0.0032862 0.0024918 0.0295062 0.0000000 0.0000000 0.0093022 0.1523825 0.0448510 0.0000000 0.0015828 0.0059374 0.0126265
102 P 102 0.1319220 0.0081858 0.0489439 0.0059299 0.0000000 0.0117884 0.0249701 0.0151115 0.0021712 0.0401237 0.0504784 0.0119540 0.0066538 0.0011144 0.4605870 0.0905623 0.0352589 0.0027834 0.0043834 0.0375092 0.0095688
103 N 103 0.0907165 0.0222439 0.0281532 0.1779358 0.0000000 0.0991903 0.2474576 0.0357756 0.0155933 0.0050579 0.0182152 0.0603354 0.0013951 0.0011419 0.0053899 0.1071540 0.0603847 0.0000000 0.0027682 0.0135097 0.0075820
104 D 104 0.0856897 0.0748035 0.0650366 0.1198359 0.0000000 0.1450666 0.0653282 0.0174159 0.0112920 0.0119492 0.0406371 0.1256092 0.0157301 0.0083529 0.0000000 0.1179114 0.0357886 0.0022905 0.0280906 0.0206608 0.0085112
105 V 105 0.0776352 0.0094055 0.0000000 0.0090904 0.0000000 0.0476075 0.0028918 0.0121071 0.0134201 0.1441801 0.1886977 0.0000000 0.0509146 0.0374985 0.0012364 0.0459188 0.0765116 0.0015156 0.0923469 0.1794072 0.0096150
106 K 106 0.1193651 0.0486388 0.0367266 0.1243747 0.0037571 0.0915878 0.1744263 0.0332508 0.0066998 0.0120319 0.0146003 0.1552681 0.0027809 0.0000000 0.0617517 0.0618893 0.0323416 0.0000000 0.0027500 0.0101774 0.0075820
107 T 107 0.1526959 0.0570777 0.0239047 0.0532440 0.0000000 0.0827054 0.1188174 0.0321268 0.0097695 0.0261653 0.0258817 0.0813434 0.0095500 0.0083686 0.0320944 0.0894958 0.0724458 0.0230334 0.0068093 0.0833088 0.0111620
108 I 108 0.0307581 0.0038492 0.0000000 0.0000000 0.0000000 0.0037205 0.0000000 0.0046698 0.0000000 0.2628549 0.2966741 0.0000000 0.0224693 0.0537572 0.0000000 0.0017384 0.0322165 0.0022145 0.0064420 0.2710537 0.0075820
109 A 109 0.3221114 0.0743064 0.0120085 0.0145312 0.0000000 0.0381527 0.0517726 0.0056216 0.0026777 0.0448028 0.0444348 0.0503143 0.0088485 0.0012277 0.0000000 0.0774367 0.0450923 0.0000000 0.0167809 0.1632609 0.0266189
110 E 110 0.1254025 0.0529855 0.0501258 0.1203337 0.0000000 0.0755434 0.1758901 0.0243046 0.0125377 0.0036855 0.0102156 0.1605989 0.0055931 0.0000000 0.0119264 0.0881494 0.0582132 0.0000000 0.0020099 0.0120204 0.0104645
111 D 111 0.1505334 0.0738479 0.0270046 0.0662129 0.0000000 0.1224521 0.1732140 0.0202927 0.0047932 0.0144684 0.0150648 0.1307786 0.0072639 0.0178772 0.0031237 0.0425251 0.0443369 0.0038856 0.0429064 0.0280584 0.0113604
112 A 112 0.0594288 0.0000000 0.0000000 0.0000000 0.0000000 0.0000000 0.0000000 0.0000000 0.0000000 0.2706586 0.3705145 0.0000000 0.0260764 0.0966150 0.0000000 0.0034072 0.0070019 0.0121413 0.0321241 0.1114124 0.0106200
113 K 113 0.1019043 0.0976687 0.0414246 0.0151841 0.0000000 0.1092996 0.1587354 0.0318332 0.0044457 0.0014197 0.0213579 0.1997337 0.0092070 0.0015374 0.0000000 0.1261034 0.0457618 0.0021518 0.0041617 0.0166835 0.0113865
114 K 114 0.1348329 0.0460747 0.0609128 0.0719514 0.0025292 0.0856734 0.0574639 0.1796934 0.0083476 0.0000000 0.0070197 0.1702214 0.0014547 0.0010042 0.0028263 0.0860581 0.0637655 0.0000000 0.0000000 0.0076299 0.0125408
115 I 115 0.0251801 0.0799646 0.0589742 0.0173940 0.0000000 0.0416065 0.0440455 0.0010507 0.0076766 0.1543940 0.2650349 0.0300415 0.0777857 0.0303224 0.0000000 0.0086440 0.0140023 0.0308606 0.0525065 0.0398609 0.0206552
116 E 116 0.0622435 0.0166741 0.0421919 0.1361495 0.0000000 0.0785912 0.1306437 0.0056794 0.0031177 0.0000000 0.0021467 0.0669769 0.0017050 0.0028248 0.3405134 0.0523967 0.0260729 0.0000000 0.0000000 0.0077762 0.0242963
117 G 117 0.0255516 0.0107429 0.0353509 0.0163881 0.0000000 0.0420854 0.0725843 0.5370182 0.0254433 0.0227087 0.0180301 0.0302803 0.0246803 0.0289714 0.0060610 0.0143432 0.0066669 0.0000000 0.0417629 0.0052262 0.0361042
118 V 118 0.0171843 0.0000000 0.0000000 0.0000000 0.0000000 0.0019715 0.0108200 0.0060125 0.0000000 0.1395544 0.0049645 0.0000000 0.0028953 0.0092382 0.0000000 0.0012574 0.0105141 0.0000000 0.0021518 0.7552032 0.0382328
119 S 119 0.0804885 0.0623466 0.0226383 0.2125072 0.0000000 0.0686027 0.2320637 0.0133966 0.0093537 0.0020204 0.0266952 0.0381470 0.0016903 0.0124773 0.0018616 0.0849192 0.0444155 0.0014547 0.0322317 0.0136994 0.0389903
120 E 120 0.0203950 0.0358269 0.0473450 0.1325511 0.0000000 0.0599646 0.2478475 0.0183829 0.0303889 0.0051535 0.0265932 0.0928285 0.0085978 0.0043805 0.0000000 0.1404256 0.0460752 0.0010727 0.0127234 0.0099836 0.0594641
121 V 121 0.0974294 0.0000000 0.0000000 0.0000000 0.0000000 0.0000000 0.0000000 0.0000000 0.0015064 0.1068685 0.0141362 0.0000000 0.0026407 0.0055284 0.0000000 0.0064172 0.0172086 0.0000000 0.0028455 0.6747293 0.0706897
122 Q 122 0.0160234 0.1321033 0.0910645 0.0447127 0.0020051 0.1723235 0.0498176 0.0000000 0.0076943 0.0339281 0.0108317 0.0609186 0.0042633 0.0013441 0.0024943 0.0770549 0.0477547 0.0000000 0.0097253 0.0834906 0.1524501
123 D 123 0.0000000 0.0000000 0.0017074 0.1709841 0.0000000 0.0000000 0.0023916 0.0000000 0.0000000 0.0017659 0.0000000 0.0000000 0.0018777 0.0503058 0.0000000 0.0018655 0.0000000 0.0000000 0.3959967 0.0000000 0.3731052
124 G 124 0.0105017 0.0026407 0.0000000 0.0000000 0.0000000 0.0190170 0.0050494 0.2323710 0.0028455 0.0000000 0.0000000 0.0000000 0.0000000 0.0000000 0.0000000 0.0054276 0.0000000 0.0000000 0.0000000 0.0022923 0.7198547
125 G 125 0.0018084 0.0000000 0.0000000 0.0000000 0.0000000 0.0049498 0.0092875 0.1105996 0.0019874 0.0000000 0.0000000 0.0016800 0.0000000 0.0000000 0.0000000 0.0037171 0.0053338 0.0000000 0.0000000 0.0000000 0.8606363
126 A 126 0.0420815 0.0000000 0.0000000 0.0000000 0.0000000 0.0000000 0.0000000 0.0000000 0.0000000 0.0000000 0.0000000 0.0000000 0.0000000 0.0000000 0.0000000 0.0252091 0.0000000 0.0000000 0.0000000 0.0097439 0.9229655
