  126         A         R         N         D         C         Q         E         G         H         I         L         K         M         F         P         S         T         W         Y         V    
  1 G   1 0.1566937 0.0000000 0.0000000 0.0000000 0.0000000 0.0000000 0.0000000 0.8433063 0.0000000 0.0000000 0.0000000 0.0000000 0.0000000 0.0000000 0.0000000 0.0000000 0.0000000 0.0000000 0.0000000 0.0000000
  2 A   2 0.2518077 0.0000000 0.0000000 0.0000000 0.0000000 0.0000000 0.0000000 0.1717904 0.0000000 0.0000000 0.3649599 0.0000000 0.0000000 0.0000000 0.0000000 0.0279563 0.0000000 0.1612235 0.0000000 0.0222622
  3 M   3 0.0396845 0.0000000 0.0000000 0.0039859 0.0000000 0.0029450 0.0000000 0.0000000 0.0092434 0.1608899 0.3851836 0.1050087 0.1410550 0.0225042 0.0000000 0.0030195 0.0049770 0.0057780 0.0000000 0.1157254
  4 A   4 0.0037412 0.0000000 0.7870409 0.0000000 0.0000000 0.0705596 0.0024115 0.0046118 0.0200820 0.0019718 0.0529717 0.0000000 0.0067952 0.0000000 0.0000000 0.0124606 0.0323350 0.0000000 0.0000000 0.0050185
  5 T   5 0.1431278 0.0000000 0.0000000 0.0000000 0.0000000 0.0000000 0.0000000 0.0019423 0.0000000 0.1948795 0.1509806 0.0000000 0.0259297 0.0365499 0.0000000 0.0302800 0.0841964 0.0105197 0.0000000 0.3215941
  6 A   6 0.0445700 0.0628070 0.1997152 0.0839516 0.0000000 0.1503356 0.1041783 0.0385014 0.0274529 0.0167543 0.0033819 0.0654140 0.0069507 0.0000000 0.0000000 0.1082159 0.0565606 0.0000000 0.0030388 0.0281717
  7 K   7 0.0622735 0.1032844 0.1094926 0.0172241 0.0000000 0.1580230 0.0235564 0.0255163 0.0697028 0.0053290 0.0188959 0.1955387 0.0033112 0.0033448 0.0161128 0.0970319 0.0477770 0.0000000 0.0366561 0.0069293
  8 L   8 0.1036390 0.0027032 0.0102518 0.0046865 0.0000000 0.0021457 0.0051357 0.0125614 0.0000000 0.1287610 0.2583198 0.0000000 0.2074886 0.0591523 0.0000000 0.0064171 0.0200026 0.0020952 0.0113229 0.1653173
  9 A   9 0.3075407 0.0101976 0.0049397 0.0000000 0.0000000 0.0135017 0.0068969 0.0358307 0.0000000 0.0547117 0.0506252 0.1251745 0.0133445 0.0044235 0.0000000 0.1350031 0.1536723 0.0000000 0.0000000 0.0841379
 10 T  10 0.0677027 0.0436857 0.0621738 0.1594808 0.0000000 0.0608031 0.0718419 0.1614657 0.0107424 0.0039563 0.0129908 0.0955791 0.0013403 0.0000000 0.0015533 0.1402795 0.0875823 0.0000000 0.0066588 0.0121633
 11 D  11 0.0230215 0.0188755 0.1071772 0.1393894 0.0000000 0.1315422 0.0636122 0.0719083 0.0358418 0.0262337 0.0336382 0.0684632 0.0098424 0.0152062 0.0017202 0.0922072 0.0548495 0.0038214 0.0983158 0.0043344
 12 I  12 0.0523534 0.0000000 0.0000000 0.0000000 0.0031649 0.0023320 0.0000000 0.0000000 0.0000000 0.1578543 0.1488351 0.0020618 0.0191028 0.0939827 0.0000000 0.0125679 0.0188983 0.2570451 0.0428829 0.1889188
 13 E  13 0.0209940 0.0517201 0.0136893 0.0499529 0.0000000 0.1017435 0.3485923 0.0402878 0.0078996 0.0000000 0.0448651 0.0895323 0.0000000 0.0012751 0.0052911 0.0525648 0.0100644 0.0000000 0.1557573 0.0057704
 14 N  14 0.0201524 0.0434622 0.1203402 0.2268735 0.0000000 0.0736284 0.1505074 0.0790542 0.0086891 0.0035971 0.0000000 0.0321647 0.0015611 0.0058186 0.0381435 0.1506410 0.0186556 0.0000000 0.0039322 0.0227788
 15 N  15 0.0549194 0.1273720 0.1434457 0.0980806 0.0000000 0.1468836 0.0921944 0.0480718 0.0015631 0.0020693 0.0078413 0.1268613 0.0000000 0.0000000 0.0222621 0.0722024 0.0531793 0.0000000 0.0000000 0.0030536
 16 V  16 0.0759961 0.0083339 0.0248688 0.0000000 0.0000000 0.0057931 0.0000000 0.0093506 0.0000000 0.1043220 0.1332093 0.0000000 0.0061024 0.0138304 0.0778535 0.0494630 0.0156874 0.0000000 0.0037325 0.4714568
 17 R  17 0.0425294 0.0482419 0.0460804 0.0202929 0.0027870 0.2241348 0.4033397 0.0239803 0.0139301 0.0026118 0.0024813 0.0260030 0.0043789 0.0000000 0.0141453 0.0298230 0.0568148 0.0000000 0.0062137 0.0322119
 18 V  18 0.0069405 0.0000000 0.0000000 0.0000000 0.0000000 0.0019946 0.0000000 0.0000000 0.0000000 0.4112147 0.1069682 0.0000000 0.0562318 0.0196788 0.0000000 0.0272020 0.0093676 0.0000000 0.0000000 0.3604017
 19 V  19 0.0635980 0.0651760 0.0602200 0.0044315 0.0000000 0.0945396 0.0325435 0.0089464 0.0108300 0.0139309 0.0084071 0.0330394 0.0391413 0.0061363 0.0000000 0.2974039 0.1980991 0.0000000 0.0105801 0.0529770
 20 V  20 0.1198353 0.0000000 0.0000000 0.0000000 0.0000000 0.0039991 0.0000000 0.0019806 0.0025646 0.1180592 0.1197068 0.0000000 0.0111125 0.0169931 0.0029897 0.0027234 0.0227493 0.0037769 0.0021887 0.5713209
 21 Y  21 0.0101314 0.0000000 0.0068107 0.0015980 0.0000000 0.0243420 0.0232740 0.0000000 0.0163639 0.0143733 0.0288622 0.0057010 0.0196193 0.4483608 0.0000000 0.0090541 0.0069180 0.0166689 0.3583492 0.0095733
 22 I  22 0.0033509 0.0000000 0.0000000 0.0000000 0.0027146 0.0000000 0.0000000 0.0000000 0.0000000 0.1142649 0.5951298 0.0000000 0.0894435 0.1060312 0.0000000 0.0000000 0.0035301 0.0000000 0.0000000 0.0855350
 23 R  23 0.0359434 0.0455012 0.0781978 0.2020032 0.1182803 0.0663797 0.0776614 0.0033097 0.0173963 0.0070994 0.0060112 0.1831315 0.0055052 0.0036035 0.0022584 0.0885831 0.0506452 0.0000000 0.0041496 0.0043401
 24 K  24 0.0247120 0.0489448 0.0597893 0.2331745 0.0000000 0.0345003 0.1116272 0.0253749 0.0047602 0.0092923 0.0622490 0.1156501 0.0161753 0.0019224 0.1215438 0.0337552 0.0563342 0.0029628 0.0030685 0.0341631
 25 D  25 0.0386042 0.0088459 0.1404287 0.3411604 0.0000000 0.0146591 0.0846423 0.1477697 0.0127576 0.0053408 0.0097137 0.0365059 0.0039728 0.0138899 0.0117165 0.0412012 0.0459042 0.0000000 0.0340188 0.0088684
 26 V  26 0.2062791 0.0140442 0.0103181 0.0063821 0.0000000 0.0071250 0.0000000 0.0265014 0.0031750 0.1326433 0.2050491 0.0265542 0.0207991 0.0107743 0.0022346 0.0405702 0.0881718 0.0019000 0.0105848 0.1868936
 27 E  27 0.0573804 0.0470423 0.0801077 0.1567548 0.0000000 0.0188990 0.0527387 0.0156678 0.0103905 0.0000000 0.0123208 0.1141437 0.0000000 0.0072217 0.0275371 0.2864883 0.1044562 0.0000000 0.0020530 0.0067980
 28 D  28 0.1349971 0.0173696 0.0131817 0.2524927 0.0000000 0.0419944 0.2898494 0.0175310 0.0052735 0.0054891 0.0057625 0.0389990 0.0000000 0.0000000 0.0436533 0.0769452 0.0367674 0.0000000 0.0000000 0.0196942
 29 N  29 0.1410024 0.0217686 0.1839503 0.0462337 0.0000000 0.1432835 0.0562530 0.0275725 0.0091504 0.0073341 0.0178676 0.0700735 0.0042895 0.0179727 0.0159025 0.1014554 0.0985241 0.0000000 0.0150347 0.0223312
 30 S  30 0.1679813 0.0372307 0.0228471 0.1092217 0.0000000 0.0657444 0.0544112 0.0379758 0.0044941 0.0485616 0.0540482 0.0276762 0.0283125 0.0062924 0.0755691 0.1620574 0.0398001 0.0000000 0.0069584 0.0508178
 31 Q  31 0.1940570 0.0214003 0.0375402 0.0104366 0.0000000 0.1476613 0.1470454 0.0578498 0.0131180 0.0000000 0.0197752 0.0779078 0.0026399 0.0133631 0.0338783 0.0789831 0.0827679 0.0000000 0.0000000 0.0615760
 32 T  32 0.0743112 0.0102785 0.0131566 0.0361903 0.0997442 0.0539551 0.0192190 0.0197661 0.0000000 0.1511469 0.0990505 0.0058060 0.0440946 0.0543358 0.0067733 0.0713677 0.1075579 0.0067197 0.0088310 0.1176953
 33 I  33 0.1519471 0.0231683 0.0366845 0.0323423 0.0479975 0.0590184 0.0475119 0.0080283 0.0026720 0.0523049 0.0339345 0.0346209 0.0056521 0.0000000 0.0597422 0.0876196 0.1618575 0.0000000 0.0252042 0.1296939
 34 E  34 0.0971697 0.0000000 0.0683959 0.0085904 0.0180208 0.0207936 0.0374725 0.0526259 0.0034897 0.1360011 0.1273347 0.0283211 0.0289241 0.0395232 0.0000000 0.0622075 0.0366969 0.0000000 0.0000000 0.2344330
 35 K  35 0.0590156 0.0036968 0.0243835 0.0516147 0.1292056 0.0034472 0.0252089 0.1077015 0.0000000 0.0767271 0.0443937 0.0579890 0.0118390 0.1631451 0.0000000 0.0256433 0.0540740 0.0000000 0.1253706 0.0365443
 36 E  36 0.1214963 0.0214590 0.0320412 0.0181250 0.0121362 0.0254123 0.1213925 0.0162441 0.0000000 0.0514928 0.2577861 0.0361153 0.0413599 0.0508101 0.0280737 0.0478340 0.0284796 0.0144652 0.0137940 0.0614827
 37 G  37 0.0947902 0.0344294 0.0609583 0.2064010 0.0000000 0.0548888 0.0692538 0.1609625 0.0203930 0.0097290 0.0246318 0.1275714 0.0042099 0.0000000 0.0105252 0.0585039 0.0300985 0.0000000 0.0000000 0.0326532
 38 Q  38 0.0393473 0.0103663 0.0466308 0.1450325 0.0000000 0.0981145 0.1293519 0.1069478 0.0122058 0.0140026 0.0516937 0.0553897 0.0000000 0.0057914 0.1426591 0.0367723 0.0981292 0.0000000 0.0075651 0.0000000
 39 T  39 0.1804156 0.0253887 0.0904675 0.1859838 0.0042886 0.0294762 0.1422928 0.0494265 0.0027289 0.0284390 0.0113228 0.0385972 0.0033838 0.0068298 0.0137857 0.0977680 0.0787371 0.0000000 0.0000000 0.0106680
 40 V  40 0.2141106 0.0049099 0.0047637 0.0074844 0.1351725 0.0147856 0.0471219 0.0080905 0.0000000 0.0593265 0.0781979 0.0077781 0.0590640 0.0071220 0.0339098 0.0263390 0.0830882 0.0000000 0.0176095 0.1911258
 41 T  41 0.0377146 0.0136247 0.0432101 0.0999442 0.0000000 0.0698261 0.0246209 0.0255232 0.0000000 0.0000000 0.0124721 0.0526713 0.0000000 0.0000000 0.0891228 0.1464590 0.3629912 0.0000000 0.0042556 0.0175642
 42 N  42 0.0951088 0.0329673 0.0964057 0.0855218 0.0000000 0.1530826 0.1793222 0.0249778 0.0063442 0.0305139 0.0290511 0.0682090 0.0045599 0.0069329 0.0587947 0.0508762 0.0511794 0.0000000 0.0088205 0.0173319
 43 N  43 0.2254989 0.0172758 0.0132816 0.1527282 0.0000000 0.0505039 0.2684202 0.0165392 0.0070453 0.0139462 0.0178572 0.0385643 0.0000000 0.0000000 0.0602624 0.0484184 0.0248163 0.0000000 0.0095780 0.0352640
 44 D  44 0.0594451 0.0478219 0.0347096 0.2315290 0.0000000 0.2646948 0.2141377 0.0124325 0.0000000 0.0056594 0.0067448 0.0285026 0.0064436 0.0000000 0.0343870 0.0201835 0.0280290 0.0000000 0.0000000 0.0052794
 45 Y  45 0.1036651 0.0513031 0.0042908 0.0013153 0.0848937 0.0279287 0.0090920 0.0244245 0.0042323 0.2778318 0.0601641 0.0699807 0.0221815 0.0045407 0.0067520 0.0168617 0.0238764 0.0000000 0.0411972 0.1654683
 46 H  46 0.0885293 0.0710613 0.0643905 0.1138054 0.0000000 0.1406749 0.1470820 0.0147449 0.0419502 0.0079686 0.0387325 0.1230613 0.0234381 0.0020140 0.0052078 0.0507010 0.0371665 0.0000000 0.0044786 0.0249931
 47 K  47 0.2512074 0.0555637 0.0374234 0.0550408 0.0014588 0.1200046 0.1191554 0.0251209 0.0054431 0.0051359 0.0236691 0.1147608 0.0072291 0.0027206 0.0035838 0.0677291 0.0825563 0.0000000 0.0000000 0.0221971
 48 V  48 0.0195158 0.0000000 0.0000000 0.0038498 0.0000000 0.0069383 0.0000000 0.0000000 0.0000000 0.2233298 0.4443333 0.0016429 0.0278713 0.0586754 0.0000000 0.0033199 0.0088707 0.0036945 0.0063718 0.1915865
 49 Y  49 0.0708900 0.1372167 0.0092677 0.0106447 0.0197027 0.1211309 0.1436897 0.0966368 0.0061466 0.0455946 0.0655342 0.1092121 0.0167357 0.0021432 0.0000000 0.0273161 0.0180128 0.0053736 0.0463714 0.0483807
 50 D  50 0.1045874 0.0392940 0.0697513 0.1499671 0.0000000 0.0980558 0.1485747 0.0357657 0.0103401 0.0077290 0.0072784 0.1414181 0.0017397 0.0000000 0.0190425 0.0728982 0.0801418 0.0018411 0.0018003 0.0097750
 51 S  51 0.0856912 0.1189857 0.0214526 0.0777704 0.0000000 0.1617433 0.1282777 0.0060949 0.0045926 0.0129365 0.0353177 0.1614729 0.0164883 0.0162939 0.0000000 0.0682431 0.0469479 0.0033364 0.0163748 0.0179803
 52 L  52 0.0053806 0.0000000 0.0000000 0.0042439 0.0000000 0.0021580 0.0017997 0.0030974 0.0000000 0.3440206 0.5114487 0.0000000 0.0134451 0.0118814 0.0099337 0.0022682 0.0021470 0.0038390 0.0000000 0.0843368
 53 K  53 0.1035786 0.1221792 0.0351852 0.0455793 0.0000000 0.0838846 0.2193283 0.0289948 0.0078674 0.0048349 0.0307850 0.1903127 0.0054398 0.0000000 0.0043401 0.0665586 0.0320216 0.0016439 0.0036997 0.0137663
 54 N  54 0.2016040 0.0332159 0.0667747 0.0337265 0.0000000 0.1086439 0.0739893 0.0922569 0.0099775 0.0053027 0.0430886 0.1334080 0.0131352 0.0022640 0.0033487 0.1086689 0.0507034 0.0000000 0.0011816 0.0187101
 55 M  55 0.0642102 0.1044913 0.0660067 0.0765992 0.0000000 0.0350196 0.0632074 0.0043606 0.0233912 0.1067864 0.1616022 0.0197948 0.0974940 0.0193620 0.0000000 0.0329261 0.0397570 0.0372736 0.0244690 0.0232487
 56 S  56 0.0592332 0.0130363 0.0347914 0.1463397 0.0014032 0.0378773 0.1158216 0.0235049 0.0109150 0.0012884 0.0017591 0.0625050 0.0023499 0.0044314 0.3753473 0.0808420 0.0160921 0.0000000 0.0014197 0.0110427
 57 T  57 0.0364389 0.0354926 0.0678634 0.1044429 0.0038394 0.0345407 0.1356192 0.2886687 0.0386094 0.0069523 0.0357430 0.0088490 0.0027006 0.0424835 0.0040417 0.0148974 0.0147435 0.0028702 0.1083016 0.0129021
 58 V  58 0.0081268 0.0000000 0.0000000 0.0000000 0.0018284 0.0016454 0.0014719 0.0030345 0.0000000 0.1924338 0.0191415 0.0033754 0.0000000 0.0076084 0.0015576 0.0050224 0.0417368 0.0000000 0.0000000 0.7130170
 59 K  59 0.1679713 0.0629274 0.0255067 0.0716892 0.0000000 0.0424456 0.1650437 0.0231305 0.0019437 0.0042225 0.0303626 0.2226274 0.0038203 0.0000000 0.0081290 0.0903007 0.0410418 0.0000000 0.0030396 0.0357979
 60 S  60 0.0502931 0.0628628 0.0520731 0.0700970 0.0000000 0.0573983 0.1460463 0.0294837 0.0172992 0.0000000 0.0041727 0.1430431 0.0000000 0.0011787 0.0036894 0.2995301 0.0564201 0.0000000 0.0024575 0.0039550
 61 V  61 0.0777905 0.0021025 0.0011902 0.0000000 0.0053392 0.0000000 0.0000000 0.0029745 0.0028492 0.1470482 0.0516947 0.0030610 0.0115557 0.0280914 0.0000000 0.0120851 0.0604446 0.0038562 0.0467817 0.5431351
 62 T  62 0.0180428 0.1191806 0.0663872 0.0460076 0.0000000 0.0770275 0.1561933 0.0080763 0.0253027 0.0142556 0.0093862 0.0746320 0.0040719 0.0112036 0.0000000 0.0518597 0.2286677 0.0000000 0.0345846 0.0551204
 63 F  63 0.0130703 0.0025750 0.0021182 0.0000000 0.0000000 0.0026315 0.0089016 0.0020058 0.0109008 0.0133252 0.0700346 0.0045181 0.0055287 0.3917692 0.0049902 0.0038048 0.0070188 0.0092410 0.4047924 0.0427739
 64 S  64 0.0026315 0.0415441 0.0018374 0.0000000 0.0000000 0.0136603 0.1386932 0.0021420 0.0016855 0.2842671 0.0611804 0.0169937 0.0118300 0.0081187 0.0000000 0.0885459 0.0376530 0.0000000 0.0062850 0.2829322
 65 S  65 0.0050783 0.0012922 0.0742385 0.0641677 0.0000000 0.0000000 0.0031757 0.0222439 0.0023149 0.0000000 0.0000000 0.0027318 0.0000000 0.0000000 0.0579675 0.6101220 0.1566675 0.0000000 0.0000000 0.0000000
 66 K  66 0.0665587 0.1936165 0.0055746 0.0011260 0.0029675 0.0563126 0.0042194 0.0067512 0.0049845 0.0000000 0.0022507 0.5259593 0.0000000 0.0000000 0.0872940 0.0384203 0.0000000 0.0000000 0.0017866 0.0021781
 67 E  67 0.0813770 0.0015482 0.0125513 0.2661339 0.0000000 0.1000745 0.4368573 0.0064903 0.0075298 0.0016264 0.0016938 0.0439721 0.0000000 0.0000000 0.0000000 0.0231416 0.0130265 0.0000000 0.0011017 0.0028757
 68 E  68 0.0419200 0.0108476 0.0157989 0.1232053 0.0000000 0.3072866 0.3972550 0.0000000 0.0032801 0.0037840 0.0066111 0.0405690 0.0143399 0.0000000 0.0000000 0.0112924 0.0136662 0.0000000 0.0000000 0.0101439
 69 Q  69 0.6952347 0.0000000 0.0055465 0.0000000 0.0000000 0.0367903 0.0636590 0.1034761 0.0000000 0.0025742 0.0020774 0.0026023 0.0000000 0.0124125 0.0000000 0.0433106 0.0078064 0.0000000 0.0000000 0.0245100
 70 Y  70 0.0875348 0.0088233 0.0000000 0.0000000 0.0000000 0.0025914 0.0029110 0.0000000 0.0000000 0.0166113 0.4745628 0.0205016 0.0563606 0.0699317 0.0000000 0.0082708 0.0016809 0.0852285 0.1518185 0.0131728
 71 E  71 0.1408360 0.0506083 0.0482016 0.0862689 0.0000000 0.0768417 0.2831176 0.0151709 0.0029934 0.0037358 0.0027029 0.2017110 0.0000000 0.0029732 0.0012029 0.0424679 0.0237251 0.0000000 0.0039432 0.0134995
 72 K  72 0.0383104 0.1307404 0.0973155 0.0904879 0.0000000 0.0755589 0.2793179 0.0101713 0.0257821 0.0275389 0.0233171 0.1068149 0.0068973 0.0019217 0.0000000 0.0445239 0.0278060 0.0000000 0.0105790 0.0029169
 73 L  73 0.0490361 0.0000000 0.0034653 0.0000000 0.0000000 0.0232168 0.0013827 0.0079232 0.0136461 0.0105747 0.2922033 0.0000000 0.0719368 0.4205163 0.0000000 0.0022377 0.0047086 0.0030917 0.0767458 0.0193150
 74 T  74 0.0222406 0.1672684 0.0139855 0.0028581 0.0012242 0.1443733 0.0436227 0.0067149 0.0013441 0.0785336 0.0317122 0.2760272 0.0069946 0.0010995 0.0000000 0.0685935 0.0714156 0.0000000 0.0000000 0.0619920
 75 E  75 0.1048030 0.0723775 0.0605385 0.0689067 0.0000000 0.1179479 0.2683229 0.0266212 0.0121077 0.0053505 0.0123422 0.1737718 0.0000000 0.0019282 0.0000000 0.0444876 0.0197123 0.0000000 0.0018443 0.0089378
 76 I  76 0.0544485 0.0655609 0.0302112 0.0881171 0.0000000 0.1404723 0.1251318 0.0134343 0.0114717 0.0319688 0.0747743 0.0598719 0.0241127 0.0078263 0.0000000 0.1209017 0.0610932 0.0326711 0.0326025 0.0253298
 77 M  77 0.0228372 0.0023996 0.0221757 0.0064528 0.0000000 0.0075862 0.0084036 0.0052282 0.0024417 0.0439844 0.2396985 0.0043688 0.1128055 0.2081516 0.0135776 0.1445170 0.0382117 0.0141867 0.0923718 0.0106015
 78 G  78 0.0415153 0.0180892 0.0157448 0.0206963 0.0000000 0.0192725 0.0475008 0.6298338 0.0019021 0.0011738 0.0012597 0.0766666 0.0025332 0.0126140 0.0526004 0.0374705 0.0126712 0.0000000 0.0054547 0.0030012
 79 D  79 0.0240080 0.0070218 0.0737147 0.1979385 0.0000000 0.0418699 0.1986571 0.0612709 0.0062341 0.0250604 0.0654768 0.0338536 0.0172945 0.1022348 0.0105465 0.0639360 0.0286202 0.0129067 0.0214254 0.0079303
 80 N  80 0.0418587 0.0192775 0.0996343 0.2157444 0.0000000 0.1079719 0.1239220 0.1014306 0.0000000 0.0055241 0.0194660 0.0210781 0.0046633 0.0065641 0.0073394 0.1307395 0.0466567 0.0000000 0.0268468 0.0212827
 81 W  81 0.0997907 0.0099524 0.0244848 0.1017960 0.0000000 0.0514411 0.1132749 0.0759172 0.0013391 0.0180116 0.0151689 0.0454552 0.0000000 0.1069134 0.1573390 0.0819298 0.0190501 0.0456896 0.0207060 0.0117402
 82 K  82 0.1829498 0.0151989 0.0304249 0.1266322 0.0000000 0.0404626 0.1207435 0.0331428 0.0059765 0.0628919 0.0723688 0.0532984 0.0189043 0.0149010 0.0290370 0.0612701 0.0259317 0.0115694 0.0247341 0.0695622
 83 I  83 0.1252564 0.0110817 0.0068162 0.0263960 0.0000000 0.0180053 0.0771245 0.0241153 0.0011796 0.0973472 0.3537945 0.0174234 0.0494235 0.0236981 0.0030385 0.0284780 0.0304915 0.0000000 0.0067701 0.0995601
 84 F  84 0.1363215 0.0264938 0.0188427 0.1090554 0.0000000 0.0260557 0.0248357 0.0130316 0.0028102 0.0490587 0.1947973 0.0165870 0.0150290 0.1827830 0.0000000 0.0772065 0.0132621 0.0044805 0.0336733 0.0556760
 85 E  85 0.0644910 0.0159014 0.0247518 0.1182952 0.0000000 0.0396490 0.1805669 0.0439277 0.0011626 0.0307177 0.1505607 0.0322636 0.0367101 0.0134574 0.0058303 0.0768397 0.0690875 0.0058905 0.0437361 0.0461610
 86 G  86 0.0588651 0.0071395 0.0205073 0.0314006 0.0000000 0.0283730 0.0317348 0.3299064 0.0000000 0.0199518 0.3612230 0.0261670 0.0056607 0.0123528 0.0047644 0.0093049 0.0157846 0.0000000 0.0076951 0.0291691
 87 D  87 0.0158125 0.0157588 0.0344269 0.2812147 0.0000000 0.0382173 0.1283329 0.1411690 0.0015330 0.0215644 0.0086533 0.0554986 0.0043106 0.0037421 0.0636901 0.0646526 0.1056469 0.0000000 0.0015932 0.0141835
 88 A  88 0.0865894 0.0218377 0.0410326 0.1829407 0.0000000 0.0428881 0.2223570 0.0369186 0.0138543 0.0023500 0.0051063 0.0405388 0.0059349 0.0168180 0.0868401 0.0730554 0.0508645 0.0000000 0.0388223 0.0312510
 89 N  89 0.0106019 0.0000000 0.7588963 0.0996978 0.0000000 0.0037445 0.0457504 0.0105315 0.0000000 0.0000000 0.0000000 0.0028885 0.0023172 0.0016802 0.0017610 0.0398264 0.0088064 0.0000000 0.0134979 0.0000000
 90 P  90 0.0436659 0.0016085 0.0020402 0.0351817 0.0000000 0.0368301 0.0034605 0.0018959 0.0000000 0.0126662 0.0087815 0.0014904 0.0122040 0.0177044 0.7634720 0.0323075 0.0069187 0.0015986 0.0000000 0.0181742
 91 L  91 0.0016602 0.0000000 0.0000000 0.0000000 0.0071491 0.0000000 0.0000000 0.0000000 0.0027750 0.0240692 0.7463010 0.0000000 0.0926605 0.1022247 0.0000000 0.0016268 0.0022402 0.0000000 0.0071052 0.0121882
 92 Y  92 0.0188285 0.0260256 0.0329321 0.0000000 0.0018217 0.0870401 0.0076284 0.0097919 0.0137577 0.0008932 0.0312300 0.0194092 0.0000000 0.0068657 0.6063244 0.0617745 0.0196530 0.0014409 0.0347967 0.0197864
 93 D  93 0.2958887 0.0161709 0.0949954 0.3023457 0.0000000 0.0105917 0.0597846 0.0347972 0.0216183 0.0070758 0.0027756 0.0032927 0.0000000 0.0015898 0.0460000 0.0465303 0.0135657 0.0082601 0.0118913 0.0228261
 94 A  94 0.1643432 0.0090709 0.0143024 0.0000000 0.0000000 0.0020015 0.0228584 0.0054771 0.0012437 0.0150530 0.0182226 0.0110938 0.0054832 0.0065932 0.0000000 0.4828814 0.0580292 0.0000000 0.0127457 0.1706008
 95 Y  95 0.0206818 0.0000000 0.0000000 0.0000000 0.0000000 0.0000000 0.0000000 0.0028061 0.0000000 0.1607408 0.2026626 0.0000000 0.0114330 0.3217903 0.0000000 0.0000000 0.0000000 0.0025609 0.1944898 0.0828349
 96 I  96 0.0110581 0.1743290 0.0095546 0.0580772 0.0033558 0.0284084 0.1646141 0.0026041 0.0295526 0.1495088 0.0482185 0.0376543 0.0159185 0.0193835 0.0000000 0.0192659 0.0569787 0.0133040 0.0190371 0.1391766
 97 V  97 0.0099160 0.0000000 0.0000000 0.0000000 0.0000000 0.0000000 0.0000000 0.0028109 0.0000000 0.2537350 0.1171021 0.0000000 0.0052950 0.0086519 0.0027655 0.0000000 0.0014573 0.0000000 0.0000000 0.5982663
 98 E  98 0.0133241 0.1236170 0.0466387 0.0143078 0.0000000 0.0422979 0.0810530 0.0087857 0.0330662 0.0128123 0.0140449 0.2718106 0.0026834 0.0181230 0.0016488 0.0595537 0.1628038 0.0043071 0.0714364 0.0176857
 99 A  99 0.0731771 0.0012633 0.0000000 0.0000000 0.0000000 0.0000000 0.0014991 0.0012783 0.0017009 0.0479427 0.4072543 0.0000000 0.0580947 0.0361104 0.1665925 0.0047663 0.0623550 0.0013466 0.0000000 0.1366187
100 N 100 0.0887680 0.0489598 0.0990007 0.0836598 0.0000000 0.0360392 0.0546079 0.0049643 0.0079061 0.0144368 0.0078372 0.2998158 0.0061969 0.0043377 0.0042121 0.0617908 0.0986065 0.0000000 0.0073039 0.0715564
101 A 101 0.0224626 0.0274436 0.1802561 0.3757152 0.0000000 0.0254395 0.0898652 0.0254554 0.0047380 0.0033664 0.0025320 0.0300264 0.0000000 0.0000000 0.0094390 0.1499665 0.0456012 0.0000000 0.0016594 0.0060335
102 P 102 0.1331247 0.0084148 0.0499103 0.0059890 0.0000000 0.0120305 0.0255683 0.0149952 0.0022062 0.0409885 0.0511763 0.0120394 0.0068758 0.0011585 0.4630404 0.0914998 0.0358082 0.0028222 0.0042986 0.0380535
103 N 103 0.0903798 0.0218796 0.0279098 0.1723670 0.0000000 0.1015602 0.2541066 0.0346994 0.0160519 0.0051450 0.0185798 0.0623593 0.0014280 0.0011910 0.0054901 0.1093179 0.0616663 0.0000000 0.0028480 0.0130203
104 D 104 0.0860309 0.0743171 0.0655603 0.1167067 0.0000000 0.1479827 0.0664392 0.0173554 0.0110684 0.0124246 0.0408826 0.1291541 0.0162543 0.0079038 0.0000000 0.1187106 0.0365649 0.0023851 0.0292019 0.0210574
105 V 105 0.0768872 0.0097241 0.0000000 0.0089393 0.0000000 0.0478543 0.0029191 0.0124616 0.0138075 0.1449721 0.1909089 0.0000000 0.0510503 0.0379039 0.0012788 0.0474070 0.0782657 0.0015862 0.0960791 0.1779549
106 K 106 0.1203542 0.0486464 0.0364189 0.1256403 0.0037719 0.0933364 0.1764688 0.0338789 0.0070657 0.0120134 0.0142241 0.1583207 0.0028737 0.0000000 0.0635170 0.0565375 0.0331353 0.0000000 0.0036537 0.0101434
107 T 107 0.1541526 0.0519695 0.0245184 0.0538910 0.0000000 0.0853898 0.1191405 0.0330659 0.0098431 0.0268187 0.0261765 0.0826736 0.0097289 0.0085720 0.0326051 0.0923119 0.0728009 0.0230992 0.0070225 0.0862199
108 I 108 0.0310521 0.0041258 0.0000000 0.0000000 0.0000000 0.0036614 0.0000000 0.0047742 0.0000000 0.2677910 0.2968878 0.0000000 0.0226708 0.0549546 0.0000000 0.0017818 0.0330231 0.0023112 0.0066153 0.2703511
109 A 109 0.3275513 0.0769550 0.0126548 0.0151629 0.0000000 0.0377631 0.0534019 0.0058287 0.0024937 0.0456637 0.0447850 0.0522734 0.0090353 0.0012682 0.0000000 0.0812638 0.0470991 0.0000000 0.0171332 0.1696670
110 E 110 0.1267918 0.0545504 0.0494901 0.1237072 0.0000000 0.0759973 0.1805125 0.0247144 0.0129871 0.0038414 0.0104763 0.1576993 0.0057569 0.0000000 0.0120606 0.0884592 0.0591973 0.0000000 0.0019830 0.0117751
111 D 111 0.1530746 0.0745037 0.0272512 0.0672404 0.0000000 0.1259942 0.1700434 0.0204881 0.0049601 0.0148319 0.0153904 0.1323195 0.0073225 0.0182861 0.0031365 0.0435448 0.0449285 0.0040341 0.0441088 0.0285411
112 A 112 0.0555737 0.0000000 0.0000000 0.0000000 0.0000000 0.0000000 0.0000000 0.0000000 0.0000000 0.2762931 0.3742696 0.0000000 0.0264824 0.1006481 0.0000000 0.0036307 0.0072033 0.0113162 0.0321661 0.1124168
113 K 113 0.1036272 0.0982039 0.0427452 0.0153513 0.0000000 0.1113968 0.1611933 0.0321161 0.0046082 0.0015411 0.0212254 0.1981423 0.0093416 0.0016152 0.0000000 0.1290563 0.0468307 0.0023182 0.0043244 0.0163628
114 K 114 0.1298657 0.0478266 0.0616144 0.0732690 0.0025872 0.0871825 0.0579035 0.1844794 0.0084206 0.0000000 0.0072120 0.1735420 0.0015232 0.0010481 0.0029109 0.0871605 0.0656770 0.0000000 0.0000000 0.0077775
115 I 115 0.0263113 0.0829570 0.0601968 0.0176436 0.0000000 0.0431530 0.0446766 0.0010868 0.0079058 0.1551741 0.2698185 0.0311345 0.0801849 0.0311231 0.0000000 0.0090787 0.0145019 0.0305197 0.0536659 0.0408679
116 E 116 0.0629785 0.0171355 0.0431060 0.1406966 0.0000000 0.0754342 0.1356695 0.0060504 0.0033317 0.0000000 0.0022346 0.0697498 0.0018371 0.0030143 0.3490332 0.0546870 0.0267163 0.0000000 0.0000000 0.0083253
117 G 117 0.0262897 0.0107402 0.0368694 0.0169657 0.0000000 0.0433508 0.0740294 0.5595340 0.0262966 0.0229068 0.0190339 0.0313018 0.0250901 0.0301003 0.0062843 0.0150834 0.0070806 0.0000000 0.0439846 0.0050583
118 V 118 0.0177775 0.0000000 0.0000000 0.0000000 0.0000000 0.0021517 0.0110821 0.0062514 0.0000000 0.1468794 0.0052851 0.0000000 0.0031051 0.0098858 0.0000000 0.0013641 0.0109998 0.0000000 0.0023773 0.7828406
119 S 119 0.0842446 0.0658394 0.0240265 0.2151560 0.0000000 0.0727034 0.2432677 0.0139051 0.0099323 0.0021562 0.0280803 0.0390690 0.0018000 0.0132258 0.0018592 0.0895954 0.0463250 0.0015616 0.0332387 0.0140138
120 E 120 0.0217967 0.0388109 0.0443375 0.1419294 0.0000000 0.0647213 0.2636485 0.0194845 0.0314569 0.0056438 0.0274678 0.1003939 0.0094443 0.0047282 0.0000000 0.1515258 0.0493809 0.0011854 0.0135459 0.0104984
121 V 121 0.0978532 0.0000000 0.0000000 0.0000000 0.0000000 0.0000000 0.0000000 0.0000000 0.0016133 0.1161747 0.0149195 0.0000000 0.0029903 0.0062287 0.0000000 0.0072150 0.0189211 0.0000000 0.0032410 0.7308431
122 Q 122 0.0194995 0.1561236 0.1017508 0.0530305 0.0024478 0.2035849 0.0590013 0.0000000 0.0094364 0.0406297 0.0128140 0.0722254 0.0051623 0.0016225 0.0029639 0.0911117 0.0564931 0.0000000 0.0118171 0.1002856
123 D 123 0.0000000 0.0000000 0.0029187 0.2783864 0.0000000 0.0000000 0.0039943 0.0000000 0.0000000 0.0029444 0.0000000 0.0000000 0.0031824 0.0698338 0.0000000 0.0031677 0.0000000 0.0000000 0.6355723 0.0000000
124 G 124 0.0384046 0.0098669 0.0000000 0.0000000 0.0000000 0.0697546 0.0185965 0.8237389 0.0106938 0.0000000 0.0000000 0.0000000 0.0000000 0.0000000 0.0000000 0.0202337 0.0000000 0.0000000 0.0000000 0.0087111
125 G 125 0.0139231 0.0000000 0.0000000 0.0000000 0.0000000 0.0367205 0.0687915 0.7849518 0.0150641 0.0000000 0.0000000 0.0131689 0.0000000 0.0000000 0.0000000 0.0283204 0.0390597 0.0000000 0.0000000 0.0000000
126 A 126 0.5850435 0.0000000 0.0000000 0.0000000 0.0000000 0.0000000 0.0000000 0.0000000 0.0000000 0.0000000 0.0000000 0.0000000 0.0000000 0.0000000 0.0000000 0.2727235 0.0000000 0.0000000 0.0000000 0.1422329
