   97         A         R         N         D         C         Q         E         G         H         I         L         K         M         F         P         S         T         W         Y         V    
  1 G   1 0.2679841 0.0000000 0.0000000 0.0000000 0.0000000 0.0000000 0.0000000 0.7320159 0.0000000 0.0000000 0.0000000 0.0000000 0.0000000 0.0000000 0.0000000 0.0000000 0.0000000 0.0000000 0.0000000 0.0000000
  2 P   2 0.1478141 0.0000000 0.0292266 0.0226510 0.0000000 0.0056270 0.0375949 0.2641163 0.0000000 0.0061918 0.0122580 0.0606853 0.0000000 0.0000000 0.2584550 0.1422861 0.0130938 0.0000000 0.0000000 0.0000000
  3 M   3 0.0401725 0.0115832 0.0393150 0.0372803 0.0000000 0.3308073 0.1564167 0.0238420 0.0036012 0.0052892 0.0060825 0.2032224 0.0323819 0.0000000 0.0000000 0.0321916 0.0349051 0.0000000 0.0036181 0.0392911
  4 G   4 0.1952975 0.0117632 0.0720235 0.0096173 0.0000000 0.0562722 0.0293924 0.1770972 0.0000000 0.0160525 0.0272899 0.0273272 0.0230715 0.0964550 0.0577800 0.0493694 0.0293220 0.0000000 0.1111470 0.0107221
  5 S   5 0.1563335 0.0269349 0.0758813 0.0144281 0.0000000 0.1407290 0.0430374 0.1095281 0.0109034 0.0134350 0.0044420 0.0712805 0.0269420 0.0166922 0.0215567 0.1121123 0.1086109 0.0000000 0.0000000 0.0471526
  6 M   6 0.0565896 0.0259008 0.0252181 0.0000000 0.0000000 0.1079778 0.0404326 0.0731828 0.0064768 0.0495831 0.1046546 0.0262761 0.1023205 0.0150923 0.0285157 0.1110747 0.1241941 0.0000000 0.0134992 0.0890113
  7 A   7 0.0990051 0.0235918 0.0148952 0.0204507 0.0000000 0.0960991 0.0662847 0.1414855 0.0000000 0.0348392 0.0147421 0.0339160 0.0048293 0.0018781 0.2514176 0.0752737 0.0193652 0.0000000 0.0034784 0.0984482
  8 D   8 0.0347193 0.0207736 0.0603135 0.1111918 0.0000000 0.0591709 0.4325510 0.0276209 0.0000000 0.0017789 0.0000000 0.0345135 0.0025124 0.0000000 0.0548383 0.0209855 0.1288683 0.0000000 0.0000000 0.0101621
  9 K   9 0.0252818 0.0610918 0.0030936 0.0256211 0.0000000 0.2960711 0.4018947 0.0018098 0.0000000 0.0014688 0.0050777 0.0771177 0.0066138 0.0013575 0.0000000 0.0435755 0.0426832 0.0000000 0.0000000 0.0072419
 10 I  10 0.0834351 0.1104643 0.0026835 0.0000000 0.0000000 0.0088870 0.0000000 0.0000000 0.0043397 0.1124565 0.0498627 0.0000000 0.0077349 0.0347116 0.0000000 0.0062822 0.0716882 0.0108328 0.1714187 0.3252029
 11 K  11 0.0187253 0.2928303 0.0738387 0.0167241 0.0110486 0.0584374 0.0416274 0.0000000 0.2176310 0.0000000 0.0101554 0.1785520 0.0000000 0.0028056 0.0000000 0.0450374 0.0310032 0.0015837 0.0000000 0.0000000
 12 C  12 0.5579243 0.0000000 0.0000000 0.0000000 0.0216345 0.0042699 0.0000000 0.0014388 0.0000000 0.0242871 0.1508967 0.0000000 0.0029357 0.0092632 0.0024075 0.0056238 0.0270952 0.0000000 0.0000000 0.1922232
 13 S  13 0.1443094 0.3817221 0.0017241 0.0010400 0.0011368 0.0344529 0.0156557 0.0240311 0.0097703 0.0063515 0.0308280 0.0267989 0.0016426 0.0020922 0.0000000 0.3072694 0.0080021 0.0000000 0.0020789 0.0010940
 14 H  14 0.0000000 0.0056479 0.0194346 0.0000000 0.0000000 0.0234622 0.0042822 0.0000000 0.9376776 0.0000000 0.0000000 0.0000000 0.0000000 0.0000000 0.0000000 0.0044984 0.0000000 0.0000000 0.0049971 0.0000000
 15 I  15 0.0063392 0.0000000 0.0000000 0.0000000 0.0000000 0.0000000 0.0000000 0.0000000 0.0000000 0.9503963 0.0257991 0.0000000 0.0000000 0.0000000 0.0000000 0.0000000 0.0000000 0.0000000 0.0000000 0.0174654
 16 L  16 0.0000000 0.0098357 0.0000000 0.0000000 0.0000000 0.0122944 0.0000000 0.0000000 0.0000000 0.0052938 0.9295293 0.0000000 0.0170864 0.0202409 0.0000000 0.0000000 0.0000000 0.0000000 0.0034554 0.0022641
 17 V  17 0.0088587 0.0000000 0.0000000 0.0000000 0.0226197 0.0037105 0.0000000 0.0000000 0.0000000 0.3354798 0.1071060 0.0049794 0.0025263 0.0182669 0.0000000 0.0025740 0.0055940 0.0000000 0.0000000 0.4882848
 18 K  18 0.1398818 0.0929098 0.0064473 0.0717805 0.0000000 0.0299239 0.1981308 0.0069337 0.0000000 0.0000000 0.0018848 0.3389792 0.0000000 0.0000000 0.0320463 0.0641487 0.0133970 0.0000000 0.0012294 0.0023069
 19 K  19 0.3151822 0.0097378 0.0221898 0.1139058 0.0000000 0.0027004 0.0162731 0.0016167 0.0178354 0.0033533 0.0102875 0.0482318 0.0000000 0.0021203 0.0101328 0.1038461 0.2629309 0.0000000 0.0013391 0.0583171
 20 Q  20 0.0172938 0.1309231 0.0116016 0.0511118 0.0000000 0.0644666 0.4128601 0.0059380 0.0171374 0.0053495 0.0178287 0.1950294 0.0015082 0.0030327 0.0315027 0.0076972 0.0035040 0.0000000 0.0169782 0.0062367
 21 G  21 0.2160763 0.0375433 0.0258227 0.1121881 0.0000000 0.1040023 0.2715712 0.0182604 0.0013340 0.0024274 0.0070241 0.1084901 0.0000000 0.0000000 0.0055905 0.0507240 0.0353081 0.0000000 0.0024568 0.0011807
 22 E  22 0.0228148 0.1112189 0.0059975 0.0553227 0.0000000 0.0966450 0.2216404 0.0069280 0.0022661 0.0056391 0.0649934 0.2877463 0.0097223 0.0015286 0.0000000 0.0116061 0.0850047 0.0000000 0.0000000 0.0109261
 23 A  23 0.7590278 0.0000000 0.0022333 0.0000000 0.0496727 0.0000000 0.0000000 0.0021954 0.0000000 0.0869668 0.0636452 0.0027306 0.0033507 0.0000000 0.0000000 0.0015774 0.0020947 0.0000000 0.0000000 0.0265054
 24 L  24 0.0291008 0.0579220 0.0969001 0.1020650 0.0000000 0.1148506 0.2480950 0.0036973 0.0026459 0.0169855 0.0749686 0.1908337 0.0254878 0.0000000 0.0010610 0.0118386 0.0159163 0.0000000 0.0011171 0.0065147
 25 A  25 0.1767164 0.0351097 0.0176429 0.1406397 0.0000000 0.0983694 0.2872621 0.0297456 0.0000000 0.0014598 0.0045699 0.1225028 0.0057418 0.0000000 0.0000000 0.0539580 0.0233029 0.0000000 0.0000000 0.0029789
 26 V  26 0.0835296 0.0018293 0.0000000 0.0000000 0.0000000 0.0000000 0.0000000 0.0000000 0.0000000 0.3524125 0.3419085 0.0036250 0.0087969 0.0013338 0.0022397 0.0000000 0.0102250 0.0016383 0.0017666 0.1906950
 27 Q  27 0.0353384 0.1216385 0.0000000 0.0000000 0.0018710 0.0301978 0.0126587 0.0011280 0.0059637 0.1194605 0.2783061 0.1611851 0.0262377 0.0080771 0.0000000 0.0058556 0.0026859 0.0012092 0.1246860 0.0635006
 28 E  28 0.2345016 0.0373623 0.0435877 0.0757846 0.0000000 0.1202657 0.2052931 0.0170261 0.0000000 0.0056884 0.0061812 0.1639192 0.0011448 0.0000000 0.0000000 0.0455621 0.0411043 0.0000000 0.0000000 0.0025789
 29 R  29 0.0198797 0.2171371 0.0108423 0.0467549 0.0000000 0.2710729 0.1737922 0.0011022 0.0010103 0.0026095 0.0179577 0.1913127 0.0056281 0.0000000 0.0000000 0.0245696 0.0048066 0.0000000 0.0000000 0.0115241
 30 L  30 0.0765396 0.0000000 0.0000000 0.0000000 0.0032498 0.0030471 0.0000000 0.0000000 0.0000000 0.3368040 0.4861966 0.0000000 0.0000000 0.0023035 0.0000000 0.0019694 0.0000000 0.0000000 0.0031643 0.0867256
 31 K  31 0.0721176 0.1049783 0.0696157 0.0976437 0.0000000 0.1152847 0.0906389 0.0103871 0.0061575 0.0118088 0.0547285 0.2979027 0.0105920 0.0000000 0.0000000 0.0185053 0.0120472 0.0000000 0.0000000 0.0275921
 32 A  32 0.2190684 0.0307856 0.1541421 0.0614989 0.0000000 0.0678000 0.0566879 0.0964109 0.0137681 0.0000000 0.0060622 0.1537376 0.0021109 0.0000000 0.0026541 0.1247027 0.0092141 0.0000000 0.0000000 0.0013565
 33 G  33 0.0063941 0.0021459 0.0043975 0.0203097 0.0000000 0.0000000 0.0160415 0.8913346 0.0044583 0.0000000 0.0000000 0.0105971 0.0000000 0.0017111 0.0321521 0.0104579 0.0000000 0.0000000 0.0000000 0.0000000
 34 E  34 0.3848402 0.0157093 0.0192903 0.0306298 0.0000000 0.0330738 0.2669640 0.0775360 0.0000000 0.0028634 0.0152970 0.0714299 0.0156308 0.0000000 0.0086650 0.0150748 0.0178397 0.0000000 0.0000000 0.0251561
 35 K  35 0.0122402 0.0231149 0.0736308 0.5780839 0.0000000 0.0050725 0.0317967 0.0055891 0.0000000 0.0000000 0.0000000 0.0984915 0.0000000 0.0000000 0.0220020 0.1093106 0.0392423 0.0000000 0.0000000 0.0014256
 36 F  36 0.0030245 0.0000000 0.0000000 0.0000000 0.0000000 0.0000000 0.0000000 0.0000000 0.0000000 0.0030817 0.0081502 0.0000000 0.0035506 0.9644981 0.0000000 0.0000000 0.0000000 0.0070054 0.0000000 0.0106895
 37 G  37 0.5177613 0.0142849 0.0268112 0.0345553 0.0000000 0.0192586 0.1717247 0.0802039 0.0020259 0.0092312 0.0000000 0.0106769 0.0021173 0.0021017 0.0028030 0.0803279 0.0156073 0.0000000 0.0000000 0.0105086
 38 K  38 0.1084178 0.0358647 0.0092663 0.1372902 0.0000000 0.1118433 0.2888128 0.0068398 0.0022538 0.0048490 0.0073427 0.1371201 0.0076735 0.0023787 0.0021612 0.0436305 0.0790878 0.0000000 0.0016740 0.0134938
 39 L  39 0.0573570 0.0000000 0.0026255 0.0000000 0.0015609 0.0134177 0.0079313 0.0000000 0.0000000 0.0684232 0.6053439 0.0000000 0.0475571 0.0080106 0.0000000 0.0015679 0.0182915 0.0000000 0.0051852 0.1627283
 40 A  40 0.9379282 0.0000000 0.0000000 0.0000000 0.0000000 0.0000000 0.0000000 0.0074702 0.0000000 0.0000000 0.0000000 0.0000000 0.0048212 0.0000000 0.0000000 0.0212690 0.0066701 0.0000000 0.0000000 0.0218414
 41 K  41 0.1026974 0.1626840 0.0058060 0.0029635 0.0000000 0.0499349 0.0327730 0.0059387 0.0028206 0.0630427 0.0158713 0.4606206 0.0096017 0.0000000 0.0000000 0.0365566 0.0154418 0.0000000 0.0000000 0.0332471
 42 E  42 0.1454065 0.0434414 0.0247755 0.0256130 0.0000000 0.1320456 0.3006922 0.0090624 0.0010554 0.0036035 0.0188846 0.1606916 0.0011171 0.0000000 0.0000000 0.0611959 0.0691372 0.0000000 0.0000000 0.0032781
 43 L  43 0.0090668 0.0294276 0.1069828 0.0100717 0.0000000 0.0149421 0.0494061 0.0015959 0.1178941 0.0014667 0.0312981 0.0822612 0.0020028 0.1045869 0.0000000 0.0196492 0.0048682 0.0000000 0.3823512 0.0321285
 44 S  44 0.0000000 0.0000000 0.0026605 0.0000000 0.0000000 0.0023571 0.0000000 0.0032564 0.0000000 0.0000000 0.0000000 0.0063086 0.0000000 0.0000000 0.0000000 0.9811070 0.0043103 0.0000000 0.0000000 0.0000000
 45 I  45 0.0788132 0.0036427 0.0222398 0.1163045 0.0000000 0.1633168 0.1995559 0.0073909 0.0000000 0.0582721 0.0264143 0.0767473 0.0130116 0.0000000 0.0000000 0.0706717 0.1407138 0.0000000 0.0000000 0.0229053
 46 D  46 0.0149808 0.0000000 0.0000000 0.8759879 0.0055063 0.0000000 0.0081317 0.0775038 0.0028351 0.0093498 0.0000000 0.0000000 0.0000000 0.0000000 0.0057045 0.0000000 0.0000000 0.0000000 0.0000000 0.0000000
 47 G  47 0.1004185 0.0109486 0.0046251 0.0071156 0.1438773 0.0253190 0.0276533 0.0463920 0.0000000 0.0229298 0.0105323 0.0708630 0.0000000 0.0058704 0.3799818 0.0281222 0.1087020 0.0000000 0.0000000 0.0066490
 48 G  48 0.0828547 0.0079991 0.0201722 0.0383742 0.0000000 0.0422400 0.0188838 0.3931550 0.0044735 0.0000000 0.0141172 0.0154565 0.0012931 0.0293346 0.1917006 0.1039469 0.0169377 0.0000000 0.0021441 0.0169168
 49 S  49 0.0404470 0.0000000 0.0660305 0.0441785 0.0000000 0.0122172 0.0191525 0.0064896 0.0021424 0.0000000 0.0000000 0.0000000 0.0015156 0.0086787 0.0000000 0.6973107 0.0843523 0.0000000 0.0120487 0.0054363
 50 A  50 0.6340650 0.0144144 0.0096565 0.0000000 0.0000000 0.0023148 0.0028645 0.1279002 0.0000000 0.0000000 0.0000000 0.1720489 0.0015861 0.0000000 0.0000000 0.0252245 0.0055284 0.0000000 0.0000000 0.0043969
 51 K  51 0.1236643 0.0703097 0.0341749 0.0491765 0.0000000 0.0533931 0.1310517 0.0159832 0.0024131 0.0128374 0.1862599 0.0897337 0.0155417 0.0133869 0.0595394 0.0855337 0.0235553 0.0000000 0.0025366 0.0309088
 52 R  52 0.0265782 0.0951123 0.2163217 0.0647424 0.0000000 0.1588906 0.1061987 0.0011020 0.0055901 0.0010462 0.0153261 0.1965328 0.0053043 0.0052118 0.0000000 0.0682401 0.0211415 0.0000000 0.0000000 0.0126614
 53 D  53 0.0051114 0.0000000 0.0201198 0.0037939 0.0000000 0.0024216 0.0050394 0.9460299 0.0021386 0.0000000 0.0000000 0.0109852 0.0000000 0.0000000 0.0000000 0.0043601 0.0000000 0.0000000 0.0000000 0.0000000
 54 G  54 0.0095554 0.0000000 0.0000000 0.0000000 0.0000000 0.0000000 0.0000000 0.9904446 0.0000000 0.0000000 0.0000000 0.0000000 0.0000000 0.0000000 0.0000000 0.0000000 0.0000000 0.0000000 0.0000000 0.0000000
 55 S  55 0.0182447 0.0010769 0.0518998 0.6758068 0.0000000 0.0212886 0.1111710 0.0000000 0.0025060 0.0083788 0.0102177 0.0169165 0.0032481 0.0032461 0.0000000 0.0529301 0.0025355 0.0000000 0.0037087 0.0168245
 56 L  56 0.0000000 0.0000000 0.0000000 0.0000000 0.0000000 0.0000000 0.0000000 0.0000000 0.0000000 0.0420021 0.8505689 0.0000000 0.0823952 0.0026733 0.0000000 0.0000000 0.0000000 0.0079914 0.0041086 0.0102605
 57 G  57 0.0058763 0.0000000 0.0161836 0.0671309 0.0000000 0.0020002 0.0099942 0.8617077 0.0000000 0.0000000 0.0017430 0.0000000 0.0000000 0.0025318 0.0146327 0.0151157 0.0018158 0.0000000 0.0012682 0.0000000
 58 Y  58 0.0131336 0.0068154 0.0041988 0.0011509 0.0058112 0.0069391 0.0835094 0.0027529 0.0024880 0.0087976 0.0119680 0.0079229 0.0023729 0.1312603 0.0058703 0.0215223 0.0315080 0.5227847 0.1166766 0.0125173
 59 F  59 0.0504325 0.1640940 0.0060803 0.0000000 0.0000000 0.0059466 0.0036231 0.0202838 0.0000000 0.0519701 0.0358669 0.0185133 0.0278733 0.4754699 0.0000000 0.0249518 0.0217176 0.0044718 0.0020005 0.0867045
 60 G  60 0.0806591 0.0492441 0.0499071 0.0386452 0.0000000 0.0290414 0.0556179 0.1896976 0.0106897 0.0013239 0.0095303 0.1001856 0.0072353 0.0000000 0.0656396 0.1519993 0.1416655 0.0000000 0.0108417 0.0080768
 61 R  61 0.1033770 0.2037980 0.0089472 0.0125833 0.0000000 0.0302546 0.0272999 0.0063595 0.0138539 0.0245725 0.0932079 0.1522410 0.0104172 0.0000000 0.2545792 0.0266000 0.0156925 0.0016751 0.0028092 0.0117321
 62 G  62 0.0545502 0.0060637 0.0431482 0.0990545 0.0000000 0.0250364 0.0375776 0.6222051 0.0000000 0.0000000 0.0059631 0.0086237 0.0038557 0.0072640 0.0012055 0.0626680 0.0214787 0.0000000 0.0000000 0.0013054
 63 K  63 0.0698989 0.0817537 0.0110665 0.1037228 0.0000000 0.2807314 0.1054817 0.0235403 0.0000000 0.0106909 0.0095258 0.0435166 0.0734333 0.0024976 0.0000000 0.0689961 0.0340319 0.0000000 0.0011441 0.0799684
 64 M  64 0.0020439 0.0000000 0.0000000 0.0000000 0.0000000 0.0000000 0.0022657 0.0000000 0.0000000 0.0369042 0.2146064 0.0000000 0.5530485 0.0405697 0.0000000 0.0000000 0.0555200 0.0136883 0.0639341 0.0174192
 65 V  65 0.0109470 0.0038330 0.0022280 0.0804260 0.0000000 0.0125354 0.0094511 0.0072447 0.0000000 0.0134208 0.0109455 0.0000000 0.0000000 0.0000000 0.2335534 0.0077000 0.0095288 0.0000000 0.0019864 0.5962001
 66 K  66 0.0620156 0.0064983 0.0017529 0.0186646 0.0000000 0.0267136 0.0447237 0.0285749 0.0000000 0.0000000 0.0089008 0.1929768 0.0000000 0.0000000 0.4803988 0.0725609 0.0434191 0.0000000 0.0107572 0.0020427
 67 P  67 0.1455728 0.0038331 0.0033790 0.0250526 0.0000000 0.0227166 0.3876651 0.0033729 0.0022061 0.0124439 0.1198450 0.0052415 0.0060690 0.0000000 0.1987692 0.0214198 0.0120555 0.0000000 0.0000000 0.0303580
 68 F  68 0.0000000 0.0000000 0.0000000 0.0000000 0.0000000 0.0000000 0.0000000 0.0000000 0.0000000 0.0108229 0.0330795 0.0000000 0.0042719 0.9228932 0.0000000 0.0000000 0.0000000 0.0000000 0.0060528 0.0228798
 69 E  69 0.1568722 0.0355517 0.0095343 0.1133660 0.0000000 0.0445725 0.4581521 0.0061792 0.0000000 0.0059856 0.0100427 0.0105462 0.0024623 0.0022963 0.0000000 0.0667579 0.0174716 0.0020963 0.0069871 0.0511259
 70 D  70 0.0526747 0.0404421 0.0567111 0.2623688 0.0000000 0.0980956 0.2587681 0.0060329 0.0044507 0.0000000 0.0000000 0.1338329 0.0035801 0.0044824 0.0060343 0.0265442 0.0416906 0.0000000 0.0000000 0.0042915
 71 A  71 0.6540789 0.0188122 0.0023252 0.0000000 0.0000000 0.0138479 0.0255272 0.0072102 0.0044246 0.0231868 0.0296022 0.0221351 0.0181399 0.0000000 0.0000000 0.0070838 0.0270676 0.0000000 0.0015287 0.1450298
 72 A  72 0.3778678 0.0000000 0.0000000 0.0000000 0.0110427 0.0000000 0.0000000 0.0027001 0.0000000 0.0595566 0.1518388 0.0000000 0.1161401 0.0000000 0.0000000 0.0092074 0.0107748 0.0000000 0.0017109 0.2591608
 73 F  73 0.0475778 0.0205846 0.0666221 0.0289387 0.0000000 0.0293851 0.0326321 0.0212033 0.0069114 0.0140560 0.0265430 0.0395962 0.0159102 0.4286097 0.0318250 0.0602010 0.0231411 0.0000000 0.0621382 0.0441245
 74 R  74 0.2693974 0.0272362 0.0786083 0.0350601 0.0000000 0.0602395 0.0422893 0.0491602 0.0067144 0.0017078 0.0077119 0.1478536 0.0019652 0.0021606 0.0186132 0.1854846 0.0632826 0.0000000 0.0000000 0.0025151
 75 L  75 0.0795307 0.0020718 0.0031522 0.0050575 0.0071441 0.0113218 0.0028971 0.0225811 0.0000000 0.0101561 0.6236176 0.0104482 0.1475376 0.0000000 0.0025142 0.0075205 0.0495899 0.0000000 0.0000000 0.0148596
 76 Q  76 0.0683885 0.0507521 0.0437122 0.0319562 0.0000000 0.1153621 0.1656136 0.0181498 0.0018988 0.0000000 0.0047477 0.3397058 0.0000000 0.0000000 0.1088809 0.0357172 0.0099916 0.0000000 0.0018158 0.0033077
 77 V  77 0.0406299 0.0095041 0.0120056 0.0229894 0.0000000 0.0241132 0.0512659 0.0000000 0.0012272 0.0730359 0.0467485 0.1939689 0.0015380 0.0000000 0.2231915 0.0125786 0.0174646 0.0000000 0.0000000 0.2697386
 78 G  78 0.0031024 0.0000000 0.0824431 0.0384023 0.0000000 0.0017172 0.0014942 0.8245118 0.0050707 0.0000000 0.0182596 0.0030470 0.0000000 0.0000000 0.0018712 0.0200804 0.0000000 0.0000000 0.0000000 0.0000000
 79 E  79 0.0339876 0.0030614 0.0050513 0.1310040 0.0000000 0.2343348 0.3891418 0.0233612 0.0099026 0.0020928 0.0011881 0.0537822 0.0000000 0.0000000 0.0085711 0.0304482 0.0560797 0.0000000 0.0000000 0.0179931
 80 V  80 0.0033420 0.0000000 0.0024680 0.0043122 0.0000000 0.0000000 0.0000000 0.0000000 0.0104076 0.3349029 0.0955608 0.0000000 0.0387647 0.0155024 0.0192236 0.0030541 0.0487111 0.0000000 0.0485076 0.3752429
 81 S  81 0.0172328 0.0038513 0.0162510 0.0174757 0.0000000 0.0198272 0.0021538 0.0150278 0.0177028 0.0226695 0.0104829 0.0036314 0.0000000 0.0033581 0.0087480 0.6354035 0.1457118 0.0000000 0.0068503 0.0536222
 82 E  82 0.0665755 0.0120614 0.0220446 0.1589348 0.0000000 0.1012192 0.2102821 0.2209738 0.0014527 0.0012123 0.0063648 0.1005834 0.0010697 0.0051665 0.0527837 0.0139847 0.0193196 0.0000000 0.0011067 0.0048644
 83 P  83 0.0145843 0.0000000 0.0000000 0.0000000 0.0000000 0.0000000 0.0000000 0.0000000 0.0000000 0.0488366 0.0921612 0.0000000 0.0027460 0.0000000 0.7207281 0.0000000 0.0000000 0.0000000 0.0000000 0.1209438
 84 V  84 0.0046474 0.0051751 0.0000000 0.0000000 0.0000000 0.0000000 0.0000000 0.0000000 0.0000000 0.1664970 0.0653019 0.0000000 0.0045802 0.0938157 0.0000000 0.0000000 0.0105135 0.0000000 0.0000000 0.6494692
 85 K  85 0.0086995 0.2866758 0.0083486 0.0023313 0.0010950 0.1569686 0.1283077 0.0021814 0.0232114 0.0000000 0.0099699 0.3389037 0.0030946 0.0053930 0.0039499 0.0039932 0.0122174 0.0014389 0.0000000 0.0032201
 86 S  86 0.0121521 0.0000000 0.0166061 0.0000000 0.0000000 0.0000000 0.0000000 0.0000000 0.0000000 0.0080804 0.0135502 0.0000000 0.0000000 0.0000000 0.0000000 0.3703831 0.5586530 0.0000000 0.0000000 0.0205751
 87 E  87 0.0260433 0.0465429 0.0236701 0.0916813 0.0000000 0.3562676 0.0869360 0.0632810 0.0000000 0.0000000 0.0000000 0.0524110 0.0023384 0.0000000 0.1541109 0.0718043 0.0158412 0.0000000 0.0000000 0.0090719
 88 F  88 0.0285540 0.0000000 0.0641364 0.0222286 0.0000000 0.0130615 0.0043072 0.0178762 0.0164719 0.0028832 0.0114421 0.0000000 0.0048953 0.6142626 0.0051525 0.0661759 0.0000000 0.0018548 0.0958605 0.0308374
 89 G  89 0.0000000 0.0000000 0.0000000 0.0000000 0.0000000 0.0000000 0.0000000 0.9916173 0.0083827 0.0000000 0.0000000 0.0000000 0.0000000 0.0000000 0.0000000 0.0000000 0.0000000 0.0000000 0.0000000 0.0000000
 90 Y  90 0.0000000 0.0000000 0.0015395 0.0017526 0.0000000 0.0024266 0.0000000 0.0000000 0.0013149 0.0057356 0.0413858 0.0000000 0.0015019 0.2590111 0.0000000 0.0000000 0.0013187 0.2594885 0.3928330 0.0316916
 91 H  91 0.0000000 0.0000000 0.0000000 0.0000000 0.0000000 0.0046206 0.0185045 0.0000000 0.9347000 0.0176973 0.0000000 0.0000000 0.0000000 0.0070056 0.0000000 0.0048128 0.0045058 0.0054463 0.0000000 0.0027072
 92 V  92 0.0000000 0.0000000 0.0000000 0.0000000 0.0000000 0.0000000 0.0000000 0.0000000 0.0000000 0.6113709 0.2475798 0.0000000 0.0034691 0.0034573 0.0000000 0.0000000 0.0000000 0.0000000 0.0000000 0.1341229
 93 I  93 0.0021582 0.0000000 0.0000000 0.0000000 0.0000000 0.0000000 0.0000000 0.0000000 0.0000000 0.6665365 0.1847427 0.0000000 0.0053719 0.0130934 0.0000000 0.0000000 0.0000000 0.0000000 0.0000000 0.1280973
 94 K  94 0.0046216 0.0831048 0.0011233 0.0010469 0.0000000 0.1564479 0.0942023 0.0000000 0.0010986 0.0020337 0.0490365 0.5442672 0.0319092 0.0026871 0.0000000 0.0000000 0.0088958 0.0043843 0.0122993 0.0028413
 95 R  95 0.0043654 0.0305761 0.0000000 0.0000000 0.0050148 0.0023146 0.0000000 0.0000000 0.0000000 0.0381097 0.4042915 0.0082883 0.0211495 0.0000000 0.0025103 0.0040104 0.0090200 0.0000000 0.0000000 0.4703492
 96 L  96 0.0018709 0.0000000 0.0021685 0.0155604 0.0000000 0.0042661 0.2968476 0.0000000 0.0024125 0.0601413 0.2807145 0.0000000 0.0084748 0.0020935 0.0000000 0.0000000 0.3067218 0.0000000 0.0039966 0.0147317
 97 G  97 0.3127606 0.0000000 0.0000000 0.0000000 0.0000000 0.0000000 0.0000000 0.6872394 0.0000000 0.0000000 0.0000000 0.0000000 0.0000000 0.0000000 0.0000000 0.0000000 0.0000000 0.0000000 0.0000000 0.0000000
