   97         A         R         N         D         C         Q         E         G         H         I         L         K         M         F         P         S         T         W         Y         V         X    
  1 G   1 0.0438506 0.0000000 0.0000000 0.0000000 0.0000000 0.0000000 0.0000000 0.1222003 0.0000000 0.0000000 0.0000000 0.0000000 0.0000000 0.0000000 0.0000000 0.0000000 0.0000000 0.0000000 0.0000000 0.0000000 0.8339491
  2 P   2 0.0459964 0.0000000 0.0091357 0.0069770 0.0000000 0.0017318 0.0116713 0.0828760 0.0000000 0.0019178 0.0037830 0.0189767 0.0000000 0.0000000 0.0842332 0.0448529 0.0040614 0.0000000 0.0000000 0.0000000 0.6837868
  3 M   3 0.0161768 0.0045717 0.0156272 0.0153361 0.0000000 0.1313642 0.0685835 0.0094538 0.0013925 0.0021586 0.0024143 0.0815576 0.0130673 0.0000000 0.0000000 0.0131645 0.0139363 0.0000000 0.0014801 0.0168595 0.5928560
  4 G   4 0.0901106 0.0052874 0.0330737 0.0043060 0.0000000 0.0253855 0.0131651 0.0864794 0.0000000 0.0072205 0.0119345 0.0120397 0.0103237 0.0420719 0.0257028 0.0222954 0.0128886 0.0000000 0.0496220 0.0048208 0.5432725
  5 S   5 0.0832625 0.0169191 0.0401512 0.0074866 0.0000000 0.0730435 0.0226523 0.0560791 0.0055593 0.0068935 0.0022759 0.0370157 0.0154649 0.0085793 0.0115352 0.0586828 0.0557449 0.0000000 0.0000000 0.0240897 0.4745646
  6 M   6 0.0333554 0.0153699 0.0148036 0.0000000 0.0000000 0.0645257 0.0266679 0.0430888 0.0037647 0.0321997 0.0598081 0.0157006 0.0619194 0.0085645 0.0171429 0.0673206 0.0728624 0.0000000 0.0081047 0.0520251 0.4027760
  7 A   7 0.0676581 0.0150147 0.0109207 0.0132565 0.0000000 0.0617179 0.0448351 0.1018206 0.0000000 0.0226186 0.0094897 0.0223685 0.0033820 0.0012133 0.1741402 0.0494078 0.0129194 0.0000000 0.0023223 0.0636809 0.3232339
  8 D   8 0.0267769 0.0159757 0.0505906 0.0919466 0.0000000 0.0449490 0.3319680 0.0194353 0.0000000 0.0014200 0.0000000 0.0268868 0.0018803 0.0000000 0.0442476 0.0203733 0.0977976 0.0000000 0.0000000 0.0076626 0.2180898
  9 K   9 0.0223776 0.0574234 0.0027340 0.0222634 0.0000000 0.2596293 0.3613970 0.0016864 0.0000000 0.0012593 0.0044060 0.0673032 0.0061852 0.0011577 0.0000000 0.0461698 0.0405216 0.0000000 0.0000000 0.0062965 0.0991897
 10 I  10 0.0775681 0.0980302 0.0023393 0.0000000 0.0000000 0.0063437 0.0000000 0.0000000 0.0037594 0.1225393 0.0444909 0.0000000 0.0068169 0.0314501 0.0000000 0.0054874 0.0634759 0.0097641 0.1570159 0.2958458 0.0750731
 11 K  11 0.0186294 0.2682624 0.0746669 0.0155842 0.0100347 0.0546102 0.0398736 0.0000000 0.2066958 0.0000000 0.0091740 0.1639908 0.0000000 0.0024735 0.0000000 0.0418863 0.0283751 0.0014295 0.0000000 0.0000000 0.0643137
 12 C  12 0.5245988 0.0000000 0.0000000 0.0000000 0.0194122 0.0041976 0.0000000 0.0012967 0.0000000 0.0226376 0.1461344 0.0000000 0.0026196 0.0083300 0.0021448 0.0049925 0.0296064 0.0000000 0.0000000 0.1825759 0.0514536
 13 S  13 0.1295374 0.3657225 0.0015401 0.0009906 0.0010519 0.0319650 0.0140758 0.0299761 0.0089033 0.0073431 0.0292773 0.0249038 0.0014886 0.0019079 0.0000000 0.2836749 0.0096622 0.0000000 0.0019172 0.0010026 0.0550598
 14 H  14 0.0000000 0.0049143 0.0171718 0.0000000 0.0000000 0.0231916 0.0041976 0.0000000 0.8875662 0.0000000 0.0000000 0.0000000 0.0000000 0.0000000 0.0000000 0.0039042 0.0000000 0.0000000 0.0044319 0.0000000 0.0546224
 15 I  15 0.0073431 0.0000000 0.0000000 0.0000000 0.0000000 0.0000000 0.0000000 0.0000000 0.0000000 0.9017936 0.0232886 0.0000000 0.0000000 0.0000000 0.0000000 0.0000000 0.0000000 0.0000000 0.0000000 0.0141109 0.0534639
 16 L  16 0.0000000 0.0074721 0.0000000 0.0000000 0.0000000 0.0096359 0.0000000 0.0000000 0.0000000 0.0049785 0.8927123 0.0000000 0.0156952 0.0182267 0.0000000 0.0000000 0.0000000 0.0000000 0.0030793 0.0020109 0.0461892
 17 V  17 0.0128945 0.0000000 0.0000000 0.0000000 0.0208299 0.0037026 0.0000000 0.0000000 0.0000000 0.3121797 0.1011119 0.0048561 0.0022632 0.0167611 0.0000000 0.0022439 0.0051715 0.0000000 0.0000000 0.4664402 0.0515453
 18 K  18 0.1400561 0.0895237 0.0059287 0.0682858 0.0000000 0.0279098 0.1889104 0.0063423 0.0000000 0.0000000 0.0019282 0.3232221 0.0000000 0.0000000 0.0310397 0.0621137 0.0124859 0.0000000 0.0011332 0.0021540 0.0389664
 19 K  19 0.2984848 0.0093581 0.0209727 0.1132042 0.0000000 0.0025217 0.0178228 0.0015215 0.0181319 0.0031087 0.0104240 0.0453174 0.0000000 0.0020107 0.0093117 0.0978909 0.2504071 0.0000000 0.0012515 0.0684653 0.0297950
 20 Q  20 0.0162007 0.1295754 0.0109832 0.0496057 0.0000000 0.0622051 0.3976250 0.0055921 0.0159631 0.0088900 0.0169055 0.1847112 0.0014361 0.0028847 0.0359137 0.0074415 0.0071616 0.0000000 0.0197488 0.0059291 0.0212277
 21 G  21 0.2111656 0.0405767 0.0248057 0.1071913 0.0000000 0.1052057 0.2714870 0.0206359 0.0012567 0.0024253 0.0081909 0.1050305 0.0000000 0.0000000 0.0052856 0.0482304 0.0318839 0.0000000 0.0023043 0.0011106 0.0132137
 22 E  22 0.0216228 0.1153407 0.0056339 0.0523497 0.0000000 0.0953458 0.2181723 0.0064054 0.0021986 0.0055339 0.0686616 0.2810625 0.0091298 0.0014233 0.0000000 0.0115415 0.0845673 0.0000000 0.0000000 0.0087910 0.0122198
 23 A  23 0.7540026 0.0000000 0.0020783 0.0000000 0.0494333 0.0000000 0.0000000 0.0022714 0.0000000 0.0832598 0.0688285 0.0025757 0.0054732 0.0000000 0.0000000 0.0014573 0.0022325 0.0000000 0.0000000 0.0250308 0.0033565
 24 L  24 0.0280899 0.0554679 0.0988468 0.1022663 0.0000000 0.1173629 0.2508186 0.0034676 0.0025790 0.0176893 0.0733864 0.1890401 0.0260087 0.0000000 0.0010282 0.0113777 0.0151007 0.0000000 0.0010991 0.0063710 0.0000000
 25 A  25 0.1774680 0.0360759 0.0173912 0.1393475 0.0000000 0.0948037 0.2889690 0.0310993 0.0000000 0.0014429 0.0045965 0.1187924 0.0054384 0.0000000 0.0000000 0.0579664 0.0236137 0.0000000 0.0000000 0.0029950 0.0000000
 26 V  26 0.0810466 0.0017229 0.0000000 0.0000000 0.0000000 0.0000000 0.0000000 0.0000000 0.0000000 0.3534495 0.3348871 0.0033291 0.0081388 0.0012589 0.0020783 0.0000000 0.0095397 0.0015124 0.0016552 0.1958411 0.0055406
 27 Q  27 0.0336512 0.1281800 0.0000000 0.0000000 0.0017320 0.0289984 0.0121721 0.0010889 0.0055525 0.1163046 0.2801912 0.1550704 0.0260112 0.0086419 0.0000000 0.0055879 0.0027313 0.0011544 0.1212294 0.0661621 0.0055406
 28 E  28 0.2335979 0.0372472 0.0461936 0.0792310 0.0000000 0.1132254 0.2068635 0.0164561 0.0000000 0.0057332 0.0061944 0.1660676 0.0011350 0.0000000 0.0000000 0.0471287 0.0383748 0.0000000 0.0000000 0.0025513 0.0000000
 29 R  29 0.0193014 0.2194480 0.0121991 0.0530684 0.0000000 0.2616669 0.1710670 0.0010880 0.0010087 0.0025144 0.0202306 0.1953694 0.0054774 0.0000000 0.0000000 0.0236022 0.0045063 0.0000000 0.0000000 0.0094522 0.0000000
 30 L  30 0.0770872 0.0000000 0.0000000 0.0000000 0.0032996 0.0029180 0.0000000 0.0000000 0.0000000 0.3321116 0.4794967 0.0000000 0.0000000 0.0022388 0.0000000 0.0019019 0.0000000 0.0000000 0.0053253 0.0956209 0.0000000
 31 K  31 0.0694763 0.1125957 0.0697077 0.0946709 0.0000000 0.1134529 0.0878696 0.0099580 0.0060669 0.0111284 0.0647688 0.2927625 0.0099150 0.0000000 0.0000000 0.0197884 0.0116672 0.0000000 0.0000000 0.0261718 0.0000000
 32 A  32 0.2245779 0.0310146 0.1485543 0.0628402 0.0000000 0.0651015 0.0547612 0.0973304 0.0135166 0.0000000 0.0068577 0.1553074 0.0020397 0.0000000 0.0025105 0.1241509 0.0092235 0.0000000 0.0000000 0.0022137 0.0000000
 33 G  33 0.0061308 0.0024497 0.0041998 0.0178006 0.0000000 0.0000000 0.0170493 0.8939515 0.0041966 0.0000000 0.0000000 0.0100673 0.0000000 0.0016423 0.0303228 0.0099756 0.0000000 0.0000000 0.0000000 0.0000000 0.0022137
 34 E  34 0.3825048 0.0150766 0.0169132 0.0313569 0.0000000 0.0313885 0.2701245 0.0817400 0.0000000 0.0027863 0.0152077 0.0718523 0.0151919 0.0000000 0.0081507 0.0157983 0.0182568 0.0000000 0.0000000 0.0236515 0.0000000
 35 K  35 0.0117150 0.0222055 0.0713759 0.5789052 0.0000000 0.0048519 0.0308715 0.0055624 0.0000000 0.0000000 0.0000000 0.0960365 0.0000000 0.0000000 0.0231366 0.1090451 0.0448915 0.0000000 0.0000000 0.0014030 0.0000000
 36 F  36 0.0039339 0.0000000 0.0000000 0.0000000 0.0000000 0.0000000 0.0000000 0.0000000 0.0000000 0.0029949 0.0075883 0.0000000 0.0054646 0.9646128 0.0000000 0.0000000 0.0000000 0.0067400 0.0000000 0.0086655 0.0000000
 37 G  37 0.5120088 0.0141070 0.0272067 0.0364364 0.0000000 0.0205541 0.1697558 0.0848863 0.0019881 0.0092407 0.0000000 0.0099907 0.0020695 0.0020637 0.0027049 0.0812483 0.0155253 0.0000000 0.0000000 0.0102137 0.0000000
 38 K  38 0.1086274 0.0347892 0.0088825 0.1339541 0.0000000 0.1107503 0.2868148 0.0069212 0.0021586 0.0047080 0.0068863 0.1328064 0.0075807 0.0022444 0.0020735 0.0453988 0.0837722 0.0000000 0.0016253 0.0200064 0.0000000
 39 L  39 0.0567057 0.0000000 0.0025144 0.0000000 0.0015225 0.0131538 0.0074471 0.0000000 0.0000000 0.0645365 0.5932812 0.0000000 0.0564344 0.0079157 0.0000000 0.0014805 0.0184429 0.0000000 0.0047676 0.1644546 0.0073431
 40 A  40 0.9151445 0.0000000 0.0000000 0.0000000 0.0000000 0.0000000 0.0000000 0.0105783 0.0000000 0.0000000 0.0000000 0.0000000 0.0070753 0.0000000 0.0000000 0.0199941 0.0061823 0.0000000 0.0000000 0.0281527 0.0128728
 41 K  41 0.1009723 0.1581832 0.0061785 0.0029384 0.0000000 0.0578435 0.0312741 0.0086621 0.0026041 0.0611086 0.0165700 0.4502279 0.0094478 0.0000000 0.0000000 0.0344470 0.0146800 0.0000000 0.0000000 0.0319897 0.0128728
 42 E  42 0.1457371 0.0439478 0.0216393 0.0243190 0.0000000 0.1266544 0.3021748 0.0093650 0.0010000 0.0033675 0.0192582 0.1613693 0.0010711 0.0000000 0.0000000 0.0602527 0.0660076 0.0000000 0.0000000 0.0030573 0.0107790
 43 L  43 0.0087578 0.0282622 0.1022122 0.0095337 0.0000000 0.0136628 0.0477168 0.0014738 0.1093537 0.0017069 0.0304741 0.0789845 0.0018336 0.0980138 0.0000000 0.0183898 0.0045399 0.0000000 0.3831353 0.0332234 0.0287257
 44 S  44 0.0000000 0.0000000 0.0023791 0.0000000 0.0000000 0.0020550 0.0000000 0.0029398 0.0000000 0.0000000 0.0000000 0.0072652 0.0000000 0.0000000 0.0000000 0.9671520 0.0038881 0.0000000 0.0000000 0.0000000 0.0143208
 45 I  45 0.0695065 0.0033615 0.0203393 0.1140738 0.0000000 0.1384689 0.1769120 0.0062133 0.0000000 0.0475974 0.0227764 0.0663985 0.0134200 0.0000000 0.0000000 0.0643640 0.1210302 0.0000000 0.0000000 0.0219307 0.1136074
 46 D  46 0.0118214 0.0000000 0.0000000 0.7211645 0.0054283 0.0000000 0.0062723 0.0656956 0.0021966 0.0094367 0.0000000 0.0000000 0.0000000 0.0000000 0.0067580 0.0000000 0.0000000 0.0000000 0.0000000 0.0000000 0.1712265
 47 G  47 0.0848425 0.0093164 0.0041881 0.0062068 0.1271242 0.0255155 0.0270879 0.0449449 0.0000000 0.0194281 0.0092470 0.0604639 0.0000000 0.0050175 0.3401066 0.0242425 0.0933763 0.0000000 0.0000000 0.0056389 0.1132528
 48 G  48 0.0821665 0.0077879 0.0178874 0.0332341 0.0000000 0.0388197 0.0189309 0.3444124 0.0041976 0.0000000 0.0129324 0.0146932 0.0011248 0.0274922 0.1767414 0.0929670 0.0133130 0.0000000 0.0018518 0.0176346 0.0938133
 49 S  49 0.0344117 0.0000000 0.0582372 0.0396524 0.0000000 0.0111450 0.0180207 0.0054173 0.0020778 0.0000000 0.0000000 0.0000000 0.0012923 0.0073603 0.0000000 0.6220323 0.0713607 0.0000000 0.0141011 0.0047698 0.1101215
 50 A  50 0.6189280 0.0161045 0.0105706 0.0000000 0.0000000 0.0021605 0.0026472 0.1247664 0.0000000 0.0000000 0.0000000 0.1666036 0.0014427 0.0000000 0.0000000 0.0239054 0.0050790 0.0000000 0.0000000 0.0048548 0.0229372
 51 K  51 0.1226596 0.0667339 0.0325617 0.0471329 0.0000000 0.0501786 0.1279378 0.0152204 0.0021966 0.0134620 0.1787976 0.0858690 0.0146101 0.0181340 0.0565215 0.0843245 0.0270054 0.0000000 0.0024017 0.0271488 0.0271038
 52 R  52 0.0253052 0.0914145 0.2151141 0.0646146 0.0000000 0.1554255 0.1038234 0.0010252 0.0052590 0.0009812 0.0175724 0.1862345 0.0050032 0.0047676 0.0000000 0.0673539 0.0229115 0.0000000 0.0000000 0.0126101 0.0205842
 53 D  53 0.0046289 0.0000000 0.0199510 0.0034781 0.0000000 0.0021516 0.0047311 0.9293752 0.0020102 0.0000000 0.0000000 0.0104398 0.0000000 0.0000000 0.0000000 0.0043401 0.0000000 0.0000000 0.0000000 0.0000000 0.0188940
 54 G  54 0.0074721 0.0000000 0.0000000 0.0000000 0.0000000 0.0000000 0.0000000 0.9746727 0.0000000 0.0000000 0.0000000 0.0000000 0.0000000 0.0000000 0.0000000 0.0000000 0.0000000 0.0000000 0.0000000 0.0000000 0.0178552
 55 S  55 0.0187724 0.0010321 0.0518856 0.6507522 0.0000000 0.0201830 0.1085218 0.0000000 0.0023574 0.0079817 0.0166660 0.0161014 0.0033243 0.0030368 0.0000000 0.0534548 0.0062472 0.0000000 0.0034750 0.0170263 0.0191819
 56 L  56 0.0000000 0.0000000 0.0000000 0.0000000 0.0000000 0.0000000 0.0000000 0.0000000 0.0000000 0.0485904 0.8353817 0.0000000 0.0791485 0.0024214 0.0000000 0.0000000 0.0000000 0.0087796 0.0041055 0.0142961 0.0072769
 57 G  57 0.0076577 0.0000000 0.0149838 0.0648687 0.0000000 0.0018790 0.0093156 0.8468994 0.0000000 0.0000000 0.0016346 0.0000000 0.0000000 0.0023401 0.0189863 0.0126786 0.0016833 0.0000000 0.0013268 0.0000000 0.0157461
 58 Y  58 0.0128975 0.0065530 0.0039973 0.0011191 0.0055110 0.0068226 0.0886361 0.0025769 0.0023766 0.0089681 0.0155838 0.0076700 0.0022494 0.1229722 0.0054518 0.0243141 0.0304475 0.5094477 0.1165504 0.0137219 0.0121329
 59 F  59 0.0485428 0.1666780 0.0059138 0.0000000 0.0000000 0.0060029 0.0034391 0.0232704 0.0000000 0.0491995 0.0384320 0.0197340 0.0281430 0.4700060 0.0000000 0.0240448 0.0211305 0.0055406 0.0019079 0.0807380 0.0072769
 60 G  60 0.0764019 0.0504951 0.0520661 0.0416307 0.0000000 0.0276738 0.0549395 0.1848121 0.0107563 0.0012707 0.0105336 0.1033928 0.0067219 0.0000000 0.0669648 0.1488965 0.1383822 0.0000000 0.0101215 0.0076639 0.0072769
 61 R  61 0.0988108 0.1966189 0.0084897 0.0121718 0.0000000 0.0320883 0.0286746 0.0060446 0.0134776 0.0250828 0.0964713 0.1508896 0.0109649 0.0000000 0.2544777 0.0259904 0.0152245 0.0016253 0.0027423 0.0128779 0.0072769
 62 G  62 0.0562018 0.0081107 0.0442625 0.1021177 0.0000000 0.0241555 0.0383700 0.6044429 0.0000000 0.0000000 0.0095920 0.0082869 0.0051137 0.0069566 0.0011426 0.0626656 0.0200243 0.0000000 0.0000000 0.0012803 0.0072769
 63 K  63 0.0712108 0.0796656 0.0105960 0.1075675 0.0000000 0.2779305 0.1048945 0.0244435 0.0000000 0.0101287 0.0128231 0.0414292 0.0735996 0.0024017 0.0000000 0.0658623 0.0327999 0.0000000 0.0010873 0.0762830 0.0072769
 64 M  64 0.0018764 0.0000000 0.0000000 0.0000000 0.0000000 0.0000000 0.0059341 0.0000000 0.0000000 0.0351010 0.2215673 0.0000000 0.5385807 0.0379879 0.0000000 0.0000000 0.0539830 0.0142296 0.0626954 0.0168809 0.0111636
 65 V  65 0.0104467 0.0104650 0.0021391 0.0761371 0.0000000 0.0116843 0.0090875 0.0068719 0.0000000 0.0128518 0.0107670 0.0000000 0.0000000 0.0000000 0.2355946 0.0086183 0.0091740 0.0000000 0.0019172 0.5942456 0.0000000
 66 K  66 0.0594174 0.0062214 0.0016501 0.0199498 0.0000000 0.0271637 0.0437799 0.0278439 0.0000000 0.0000000 0.0089403 0.1882512 0.0000000 0.0000000 0.4837282 0.0764809 0.0442790 0.0000000 0.0102525 0.0020415 0.0000000
 67 P  67 0.1409916 0.0035973 0.0032459 0.0275862 0.0000000 0.0304601 0.3814271 0.0032510 0.0021075 0.0124716 0.1280859 0.0050911 0.0073431 0.0000000 0.1917083 0.0206248 0.0116101 0.0000000 0.0000000 0.0303985 0.0000000
 68 F  68 0.0000000 0.0000000 0.0000000 0.0000000 0.0000000 0.0000000 0.0000000 0.0000000 0.0000000 0.0106076 0.0408704 0.0000000 0.0041055 0.9154246 0.0000000 0.0000000 0.0000000 0.0000000 0.0058798 0.0231122 0.0000000
 69 E  69 0.1539696 0.0402434 0.0102824 0.1127506 0.0000000 0.0492772 0.4432209 0.0059365 0.0000000 0.0064580 0.0100691 0.0099321 0.0023563 0.0022801 0.0000000 0.0687885 0.0170817 0.0020623 0.0079745 0.0573168 0.0000000
 70 D  70 0.0499413 0.0388708 0.0565819 0.2571455 0.0000000 0.0978972 0.2561040 0.0057504 0.0045122 0.0000000 0.0000000 0.1352992 0.0034142 0.0055406 0.0058827 0.0259836 0.0490672 0.0000000 0.0000000 0.0040751 0.0039339
 71 A  71 0.6424654 0.0166717 0.0022885 0.0000000 0.0000000 0.0154847 0.0246542 0.0085140 0.0044795 0.0346111 0.0286709 0.0220548 0.0176959 0.0000000 0.0000000 0.0073256 0.0255167 0.0000000 0.0015086 0.1480584 0.0000000
 72 A  72 0.3700547 0.0000000 0.0000000 0.0000000 0.0133106 0.0000000 0.0000000 0.0026177 0.0000000 0.0672363 0.1497977 0.0000000 0.1100527 0.0000000 0.0000000 0.0087043 0.0107669 0.0000000 0.0016748 0.2657844 0.0000000
 73 F  73 0.0456847 0.0214717 0.0645839 0.0327091 0.0000000 0.0354336 0.0329446 0.0202747 0.0067132 0.0138780 0.0282811 0.0378117 0.0155416 0.4185138 0.0366483 0.0603692 0.0222121 0.0000000 0.0633404 0.0435881 0.0000000
 74 R  74 0.2604013 0.0259889 0.0779267 0.0346015 0.0000000 0.0670110 0.0404228 0.0536481 0.0065506 0.0016551 0.0076348 0.1449312 0.0019186 0.0031553 0.0162963 0.1860119 0.0694496 0.0000000 0.0000000 0.0023964 0.0000000
 75 L  75 0.0832228 0.0033464 0.0030053 0.0048832 0.0071645 0.0105256 0.0027908 0.0229457 0.0000000 0.0097065 0.6170136 0.0102539 0.1427328 0.0000000 0.0023595 0.0070313 0.0496241 0.0000000 0.0000000 0.0144962 0.0088977
 76 Q  76 0.0709546 0.0516981 0.0438456 0.0319502 0.0000000 0.1142127 0.1610821 0.0181097 0.0017988 0.0000000 0.0045664 0.3355270 0.0000000 0.0000000 0.1117440 0.0380609 0.0095343 0.0000000 0.0017293 0.0030992 0.0020869
 77 V  77 0.0400991 0.0129427 0.0118419 0.0221209 0.0000000 0.0226921 0.0511069 0.0000000 0.0011632 0.0722059 0.0453057 0.1994218 0.0014444 0.0000000 0.2191001 0.0118324 0.0170388 0.0000000 0.0000000 0.2695971 0.0020869
 78 G  78 0.0029258 0.0000000 0.0793949 0.0367322 0.0000000 0.0016611 0.0014772 0.8306805 0.0048561 0.0000000 0.0183022 0.0029507 0.0000000 0.0000000 0.0017920 0.0192273 0.0000000 0.0000000 0.0000000 0.0000000 0.0000000
 79 E  79 0.0323241 0.0029737 0.0048593 0.1391612 0.0000000 0.2250966 0.3866460 0.0226767 0.0092739 0.0020281 0.0011770 0.0535518 0.0000000 0.0000000 0.0086626 0.0376165 0.0545474 0.0000000 0.0000000 0.0194050 0.0000000
 80 V  80 0.0031662 0.0000000 0.0023563 0.0039042 0.0000000 0.0000000 0.0000000 0.0000000 0.0099577 0.3415502 0.0942862 0.0000000 0.0393702 0.0149679 0.0185983 0.0029180 0.0514217 0.0000000 0.0453442 0.3692499 0.0029091
 81 S  81 0.0201160 0.0036703 0.0152766 0.0164836 0.0000000 0.0194452 0.0020676 0.0159549 0.0172492 0.0228724 0.0117510 0.0034088 0.0000000 0.0032001 0.0093585 0.6247010 0.1430739 0.0000000 0.0069002 0.0606903 0.0037802
 82 E  82 0.0636619 0.0147325 0.0213012 0.1544614 0.0000000 0.0993179 0.2107100 0.2244868 0.0013947 0.0011605 0.0075154 0.0999850 0.0010199 0.0047676 0.0522813 0.0134271 0.0198292 0.0000000 0.0010525 0.0047776 0.0041176
 83 P  83 0.0151322 0.0000000 0.0000000 0.0000000 0.0000000 0.0000000 0.0000000 0.0000000 0.0000000 0.0479471 0.0899595 0.0000000 0.0025866 0.0000000 0.7110668 0.0000000 0.0000000 0.0000000 0.0000000 0.1228094 0.0104984
 84 V  84 0.0043492 0.0047676 0.0000000 0.0000000 0.0000000 0.0000000 0.0000000 0.0000000 0.0000000 0.1607635 0.0746687 0.0000000 0.0044387 0.0917892 0.0000000 0.0000000 0.0133103 0.0000000 0.0000000 0.6343375 0.0115752
 85 K  85 0.0084117 0.2866497 0.0063437 0.0021544 0.0010532 0.1561367 0.1282946 0.0020610 0.0220536 0.0000000 0.0092851 0.3352089 0.0029949 0.0054679 0.0037899 0.0040293 0.0100768 0.0013353 0.0000000 0.0030780 0.0115752
 86 S  86 0.0123424 0.0000000 0.0183839 0.0000000 0.0000000 0.0000000 0.0000000 0.0000000 0.0000000 0.0078594 0.0111113 0.0000000 0.0000000 0.0000000 0.0000000 0.3731093 0.5431108 0.0000000 0.0000000 0.0176839 0.0163990
 87 E  87 0.0253311 0.0428692 0.0235038 0.0892840 0.0000000 0.3463462 0.0829088 0.0647390 0.0000000 0.0000000 0.0000000 0.0531420 0.0021761 0.0000000 0.1580253 0.0706917 0.0163102 0.0000000 0.0000000 0.0082734 0.0163990
 88 F  88 0.0368773 0.0000000 0.0620522 0.0191956 0.0000000 0.0119728 0.0041055 0.0173839 0.0153335 0.0027580 0.0142546 0.0000000 0.0060536 0.5919763 0.0046013 0.0697586 0.0000000 0.0016818 0.0918681 0.0294207 0.0207062
 89 G  89 0.0000000 0.0000000 0.0000000 0.0000000 0.0000000 0.0000000 0.0000000 0.9729500 0.0063437 0.0000000 0.0000000 0.0000000 0.0000000 0.0000000 0.0000000 0.0000000 0.0000000 0.0000000 0.0000000 0.0000000 0.0207062
 90 Y  90 0.0000000 0.0000000 0.0014295 0.0016256 0.0000000 0.0024948 0.0000000 0.0000000 0.0012060 0.0058864 0.0443036 0.0000000 0.0013813 0.2651673 0.0000000 0.0000000 0.0012290 0.2492214 0.3769746 0.0283743 0.0207062
 91 H  91 0.0000000 0.0000000 0.0000000 0.0000000 0.0000000 0.0047442 0.0172815 0.0000000 0.9160844 0.0169193 0.0000000 0.0000000 0.0000000 0.0064832 0.0000000 0.0048561 0.0055406 0.0049143 0.0000000 0.0024703 0.0207062
 92 V  92 0.0000000 0.0000000 0.0000000 0.0000000 0.0000000 0.0000000 0.0000000 0.0000000 0.0000000 0.6011746 0.2435043 0.0000000 0.0030313 0.0030133 0.0000000 0.0000000 0.0000000 0.0000000 0.0000000 0.1285702 0.0207062
 93 I  93 0.0018888 0.0000000 0.0000000 0.0000000 0.0000000 0.0000000 0.0000000 0.0000000 0.0000000 0.6465463 0.1844245 0.0000000 0.0050772 0.0121346 0.0000000 0.0000000 0.0000000 0.0000000 0.0000000 0.1292224 0.0207062
 94 K  94 0.0039714 0.0778408 0.0010253 0.0009644 0.0000000 0.1430270 0.0873519 0.0000000 0.0010010 0.0018712 0.0432602 0.5195646 0.0294939 0.0024271 0.0000000 0.0000000 0.0079707 0.0043160 0.0110017 0.0025695 0.0623433
 95 R  95 0.0038513 0.0271840 0.0000000 0.0000000 0.0045440 0.0020663 0.0000000 0.0000000 0.0000000 0.0386407 0.3691683 0.0075442 0.0194885 0.0000000 0.0022444 0.0035776 0.0089068 0.0000000 0.0000000 0.4390737 0.0737102
 96 L  96 0.0011890 0.0000000 0.0013561 0.0098194 0.0000000 0.0027373 0.1905596 0.0000000 0.0015277 0.0392974 0.1840069 0.0000000 0.0052636 0.0013092 0.0000000 0.0000000 0.1984218 0.0000000 0.0025167 0.0104864 0.3515089
 97 G  97 0.0586948 0.0000000 0.0000000 0.0000000 0.0000000 0.0000000 0.0000000 0.1281036 0.0000000 0.0000000 0.0000000 0.0000000 0.0000000 0.0000000 0.0000000 0.0000000 0.0000000 0.0000000 0.0000000 0.0000000 0.8132017
