  128         A         R         N         D         C         Q         E         G         H         I         L         K         M         F         P         S         T         W         Y         V    
  1 M   1 0.0000000 0.0000000 0.0000000 0.0000000 0.0000000 0.0000000 0.0000000 0.0000000 0.0000000 0.0827967 0.0803491 0.0000000 0.8368542 0.0000000 0.0000000 0.0000000 0.0000000 0.0000000 0.0000000 0.0000000
  2 A   2 0.2310052 0.0000000 0.0027020 0.0068295 0.0000000 0.0822372 0.0077643 0.0519093 0.0000000 0.0166700 0.0208780 0.0000000 0.4516861 0.0046279 0.0138956 0.0995154 0.0102795 0.0000000 0.0000000 0.0000000
  3 Y   3 0.0000000 0.0000000 0.0000000 0.0000000 0.0000000 0.0000000 0.0000000 0.0000000 0.0000000 0.0000000 0.0000000 0.0000000 0.0000000 0.0108983 0.0000000 0.0000000 0.0000000 0.0000000 0.9891017 0.0000000
  4 S   4 0.0150952 0.1657955 0.0394793 0.0023397 0.0011223 0.2194280 0.0069635 0.0052987 0.1088712 0.0000000 0.0000000 0.0189636 0.0148220 0.0061191 0.0000000 0.2754824 0.1202196 0.0000000 0.0000000 0.0000000
  5 E   5 0.0396895 0.0123826 0.0078201 0.1893817 0.0000000 0.1546364 0.4771974 0.0045005 0.0000000 0.0000000 0.0012051 0.0476624 0.0032011 0.0000000 0.0369532 0.0191677 0.0044549 0.0000000 0.0000000 0.0017474
  6 K   6 0.0104518 0.0380643 0.0453233 0.0000000 0.0000000 0.0302401 0.0083455 0.0008620 0.0095081 0.1085814 0.0448034 0.3608782 0.0150429 0.0090923 0.0000000 0.0048900 0.0385986 0.0000000 0.0032580 0.2720601
  7 V   7 0.0022993 0.0000000 0.0000000 0.0019675 0.0000000 0.0000000 0.0000000 0.0000000 0.0000000 0.4114289 0.0552203 0.0000000 0.0000000 0.0000000 0.0000000 0.0000000 0.0074016 0.0000000 0.0000000 0.5216824
  8 I   8 0.0109557 0.0098185 0.0063015 0.0000000 0.0000000 0.0139949 0.0030304 0.0013959 0.0108765 0.1482618 0.4492834 0.0736481 0.1994766 0.0120084 0.0000000 0.0044833 0.0091677 0.0033761 0.0000000 0.0439212
  9 D   9 0.0014307 0.0042053 0.0061861 0.7450593 0.0000000 0.0111506 0.2111818 0.0000000 0.0000000 0.0000000 0.0000000 0.0111896 0.0000000 0.0000000 0.0000000 0.0040312 0.0030031 0.0000000 0.0025622 0.0000000
 10 H  10 0.0047477 0.0198965 0.0034200 0.0000000 0.0000000 0.0000000 0.0091002 0.0000000 0.8774484 0.0031566 0.0165526 0.0021975 0.0000000 0.0052370 0.0000000 0.0000000 0.0000000 0.0000000 0.0582434 0.0000000
 11 Y  11 0.0516659 0.0025454 0.0472350 0.0000000 0.0108146 0.0000000 0.0000000 0.0258796 0.0021712 0.0047427 0.0000000 0.0082959 0.0149459 0.2953725 0.0000000 0.0819329 0.0000000 0.0000000 0.4498154 0.0045830
 12 E  12 0.0227546 0.1457222 0.0828614 0.0168239 0.0000000 0.0607035 0.1536008 0.0000000 0.0050151 0.0060358 0.0399870 0.2617861 0.0670189 0.0309800 0.0000000 0.0410382 0.0367959 0.0015176 0.0186838 0.0086752
 13 N  13 0.0072766 0.0445385 0.6279059 0.0161058 0.0154019 0.0047540 0.0085796 0.0000000 0.1717602 0.0000000 0.0000000 0.0438988 0.0025659 0.0022983 0.0000000 0.0398838 0.0102879 0.0000000 0.0047427 0.0000000
 14 P  14 0.0000000 0.0092583 0.0000000 0.0000000 0.0000000 0.0031420 0.0000000 0.0000000 0.0000000 0.0000000 0.0023942 0.0092651 0.0000000 0.0000000 0.9700431 0.0058974 0.0000000 0.0000000 0.0000000 0.0000000
 15 R  15 0.0029088 0.6498254 0.0027734 0.0000000 0.0000000 0.0666814 0.0040663 0.0000000 0.1415674 0.0036897 0.0123174 0.0828301 0.0043096 0.0000000 0.0033923 0.0044333 0.0068176 0.0000000 0.0067619 0.0076254
 16 N  16 0.0017232 0.0083967 0.7785302 0.0000000 0.0000000 0.0000000 0.0000000 0.0384728 0.1499432 0.0000000 0.0000000 0.0000000 0.0000000 0.0086244 0.0000000 0.0000000 0.0000000 0.0000000 0.0143095 0.0000000
 17 V  17 0.0929690 0.1320169 0.0070654 0.0000000 0.0042026 0.0329478 0.0000000 0.0000000 0.0329157 0.0359669 0.0186082 0.1041118 0.0211727 0.0908382 0.0047310 0.0172536 0.0094627 0.0038524 0.0407619 0.3511231
 18 G  18 0.0000000 0.0524518 0.0018520 0.0000000 0.0000000 0.0050016 0.0000000 0.8770805 0.0229364 0.0000000 0.0159461 0.0049039 0.0019924 0.0000000 0.0000000 0.0000000 0.0000000 0.0023287 0.0155066 0.0000000
 19 S  19 0.0727974 0.0427073 0.0069319 0.0132576 0.0000000 0.0232474 0.1879062 0.0060911 0.0173248 0.0088906 0.1157391 0.0681498 0.0055454 0.0036802 0.0252163 0.2165259 0.0962641 0.0000000 0.0000000 0.0897248
 20 F  20 0.0000000 0.0880748 0.0000000 0.0021982 0.0000000 0.0023180 0.0053994 0.0112139 0.0000000 0.2019838 0.4117488 0.0027221 0.1087081 0.0936965 0.0068996 0.0018251 0.0083527 0.0000000 0.0011730 0.0536861
 21 D  21 0.0506186 0.0000000 0.0357583 0.2890228 0.0000000 0.0091565 0.4042758 0.0048865 0.0000000 0.0000000 0.0043374 0.0274838 0.0000000 0.0000000 0.1018053 0.0192959 0.0422851 0.0000000 0.0000000 0.0110740
 22 N  22 0.0255082 0.0113491 0.1502423 0.2629312 0.0000000 0.0252837 0.0943308 0.0506520 0.0138544 0.0000000 0.0036711 0.2144494 0.0052132 0.0000000 0.1143295 0.0221838 0.0060013 0.0000000 0.0000000 0.0000000
 23 N  23 0.3515715 0.0000000 0.0879966 0.0595483 0.0044723 0.0044770 0.0374835 0.0198282 0.0110123 0.0027194 0.0009032 0.0421102 0.0000000 0.0763294 0.1547917 0.0695339 0.0393746 0.0000000 0.0284582 0.0093898
 24 D  24 0.0459929 0.0000000 0.1612845 0.4898829 0.0000000 0.0123962 0.0512326 0.0367783 0.0022527 0.0000000 0.0094061 0.0094483 0.0011914 0.0067491 0.0000000 0.1066351 0.0630887 0.0017254 0.0000000 0.0019358
 25 E  25 0.1813436 0.0521606 0.0127478 0.0433933 0.0118664 0.0146708 0.0787514 0.0549405 0.0189543 0.0208508 0.0530215 0.0790238 0.0048769 0.0431912 0.1437598 0.0539788 0.0291588 0.0000000 0.0106356 0.0926738
 26 N  26 0.0543763 0.0340124 0.1531543 0.1006012 0.0185310 0.1049163 0.1441037 0.0290197 0.0240182 0.0000000 0.0148392 0.0782584 0.0015296 0.0344991 0.0028722 0.0816487 0.0734751 0.0000000 0.0232208 0.0269240
 27 V  27 0.0592630 0.0000000 0.0021252 0.0321179 0.0030073 0.0289146 0.0049225 0.0086387 0.0254900 0.0611818 0.0340611 0.0000000 0.0169953 0.0066813 0.0027795 0.0200828 0.0976911 0.0000000 0.0313211 0.5647267
 28 G  28 0.1094847 0.0116757 0.0044114 0.0000000 0.0027899 0.0013038 0.0116901 0.5116897 0.1729597 0.0678346 0.0211025 0.0067140 0.0059848 0.0034806 0.0000000 0.0195999 0.0048042 0.0000000 0.0041462 0.0403282
 29 S  29 0.0062522 0.0206020 0.0027796 0.0043810 0.0000000 0.0230557 0.0783586 0.0076833 0.1045103 0.0939407 0.0013671 0.0172226 0.0153802 0.0033682 0.0000000 0.0657656 0.3325556 0.0000000 0.0168664 0.2059109
 30 G  30 0.1250116 0.0081628 0.0000000 0.0000000 0.0000000 0.0047494 0.0397165 0.5603311 0.0417696 0.0220917 0.0062770 0.0028473 0.0049207 0.0086041 0.0000000 0.0335600 0.0044904 0.0000000 0.0000000 0.1374677
 31 M  31 0.0030123 0.0317750 0.0378766 0.0786661 0.0000000 0.0562451 0.2561660 0.0000000 0.0640827 0.0401542 0.1868453 0.0428287 0.0692009 0.0074661 0.0066832 0.0149248 0.0692706 0.0000000 0.0023648 0.0324376
 32 V  32 0.0382805 0.0053665 0.0000000 0.0220400 0.0079597 0.0184611 0.0396148 0.2033161 0.0024077 0.0391324 0.0954877 0.0013331 0.0428660 0.0249104 0.0000000 0.0000000 0.0114418 0.0049882 0.0086680 0.4337260
 33 G  33 0.0017408 0.0168800 0.1024537 0.0243373 0.0000000 0.0000000 0.0283013 0.5713256 0.0910352 0.0050280 0.0129526 0.0267914 0.0024614 0.0258543 0.0000000 0.0174703 0.0066736 0.0000000 0.0217316 0.0449631
 34 A  34 0.2175984 0.0000000 0.5780731 0.0345766 0.0000000 0.0000000 0.0077732 0.0000000 0.0000000 0.0000000 0.0000000 0.0104906 0.0000000 0.0000000 0.0000000 0.1219275 0.0148307 0.0000000 0.0000000 0.0147299
 35 P  35 0.0581350 0.0025300 0.0000000 0.0000000 0.0000000 0.0030812 0.0172058 0.0104743 0.0000000 0.0420638 0.0664699 0.0000000 0.0059474 0.0000000 0.7834482 0.0023387 0.0064992 0.0000000 0.0000000 0.0018067
 36 A  36 0.2719927 0.0036261 0.0000000 0.0129943 0.0000000 0.0189379 0.0346645 0.0127636 0.0052089 0.0107710 0.1217507 0.0422201 0.0185142 0.0023084 0.0000000 0.1853157 0.2199028 0.0000000 0.0000000 0.0390290
 37 C  37 0.0000000 0.0000000 0.0000000 0.0032837 0.9776817 0.0000000 0.0000000 0.0000000 0.0000000 0.0000000 0.0000000 0.0000000 0.0000000 0.0000000 0.0000000 0.0043131 0.0000000 0.0000000 0.0147215 0.0000000
 38 G  38 0.0000000 0.0000000 0.0000000 0.0000000 0.0000000 0.0000000 0.0000000 0.9853550 0.0000000 0.0146450 0.0000000 0.0000000 0.0000000 0.0000000 0.0000000 0.0000000 0.0000000 0.0000000 0.0000000 0.0000000
 39 D  39 0.0000000 0.0000000 0.0000000 0.9751276 0.0000000 0.0000000 0.0248724 0.0000000 0.0000000 0.0000000 0.0000000 0.0000000 0.0000000 0.0000000 0.0000000 0.0000000 0.0000000 0.0000000 0.0000000 0.0000000
 40 V  40 0.1139525 0.0859833 0.0112845 0.0366899 0.0000000 0.0656430 0.1534335 0.0000000 0.0153073 0.0659134 0.0109410 0.0176022 0.0344163 0.0000000 0.0000000 0.0289457 0.0443695 0.0000000 0.0058108 0.3097070
 41 M  41 0.0000000 0.0000000 0.0000000 0.0000000 0.0115466 0.0000000 0.0000000 0.0000000 0.0000000 0.2824378 0.2097441 0.0000000 0.3247257 0.0029825 0.0016384 0.0000000 0.0130555 0.0000000 0.0027956 0.1510737
 42 K  42 0.0139768 0.1799841 0.0134618 0.0141792 0.0026538 0.0592316 0.0806592 0.0000000 0.0278807 0.0100343 0.0223492 0.2769076 0.0140556 0.0000000 0.0000000 0.0337304 0.2207828 0.0000000 0.0036516 0.0264614
 43 L  43 0.0000000 0.0000000 0.0000000 0.0000000 0.0000000 0.0000000 0.0000000 0.0000000 0.0000000 0.1899945 0.6110129 0.0000000 0.0495055 0.0257165 0.0000000 0.0000000 0.0000000 0.0000000 0.0033299 0.1204409
 44 Q  44 0.0157975 0.0953411 0.0029054 0.0450420 0.0000000 0.3036932 0.0308902 0.0024103 0.0345814 0.0000000 0.0068948 0.0000000 0.0308698 0.0805263 0.0000000 0.0363613 0.0915945 0.0178839 0.1951994 0.0100090
 45 I  45 0.0121737 0.0000000 0.0000000 0.0000000 0.0000000 0.0000000 0.0000000 0.0000000 0.0000000 0.3307460 0.3539671 0.0000000 0.0450101 0.0118351 0.0000000 0.0000000 0.0000000 0.0149034 0.0000000 0.2313646
 46 K  46 0.0410587 0.1222372 0.0178098 0.0277072 0.0000000 0.0886369 0.0446348 0.0000000 0.0174650 0.0028844 0.0392486 0.5534257 0.0031156 0.0030805 0.0000000 0.0124668 0.0091133 0.0000000 0.0018705 0.0152450
 47 V  47 0.0000000 0.0000000 0.0000000 0.0000000 0.0017858 0.0000000 0.0000000 0.0000000 0.0000000 0.2221557 0.1979367 0.0000000 0.0128310 0.0364771 0.0000000 0.0000000 0.0048150 0.0000000 0.0072328 0.5167658
 48 N  48 0.0221147 0.0223117 0.1217208 0.3548460 0.0000000 0.0251122 0.2191934 0.0338609 0.0000000 0.0000000 0.0011858 0.0971446 0.0000000 0.0000000 0.0000000 0.0888454 0.0066988 0.0000000 0.0000000 0.0069655
 49 D  49 0.0225835 0.0029204 0.0606507 0.4814444 0.0000000 0.0039409 0.1487912 0.1230295 0.0114984 0.0000000 0.0000000 0.0289500 0.0000000 0.0000000 0.1033302 0.0059792 0.0014180 0.0000000 0.0054636 0.0000000
 50 E  50 0.0258545 0.0022576 0.2355216 0.3403486 0.0000000 0.0466015 0.1247970 0.0171779 0.0131025 0.0036593 0.0000000 0.1036175 0.0009704 0.0000000 0.0045106 0.0426312 0.0379597 0.0000000 0.0009902 0.0000000
 51 G  51 0.0098244 0.0369574 0.0338408 0.0809235 0.0000000 0.0545006 0.0467603 0.6152670 0.0025023 0.0000000 0.0017800 0.0414790 0.0012782 0.0000000 0.0136380 0.0133992 0.0449823 0.0000000 0.0028671 0.0000000
 52 I  52 0.0000000 0.1456443 0.0064725 0.0029883 0.0063658 0.0124319 0.0045449 0.0079784 0.0130644 0.2121987 0.0226123 0.1956918 0.0100312 0.0025253 0.0000000 0.0017787 0.1095592 0.0000000 0.0000000 0.2461125
 53 I  53 0.0000000 0.0000000 0.0000000 0.0000000 0.0000000 0.0000000 0.0000000 0.0000000 0.0061549 0.7564804 0.0165831 0.0000000 0.0000000 0.0000000 0.0000000 0.0000000 0.0000000 0.0000000 0.0000000 0.2207815
 54 E  54 0.1208006 0.0287955 0.0096765 0.0409262 0.0000000 0.0405962 0.2794344 0.0036485 0.0019919 0.0354262 0.0387980 0.1090857 0.0158377 0.0000000 0.0000000 0.0655679 0.1190136 0.0000000 0.0000000 0.0904010
 55 D  55 0.0294295 0.0221226 0.0324400 0.7519992 0.0000000 0.0146819 0.1098839 0.0057481 0.0034621 0.0000000 0.0022091 0.0163837 0.0000000 0.0016989 0.0000000 0.0035320 0.0025388 0.0000000 0.0038700 0.0000000
 56 A  56 0.3802536 0.0000000 0.0000000 0.0000000 0.0176041 0.0000000 0.0000000 0.0065508 0.0000000 0.2158945 0.0275236 0.0000000 0.0000000 0.0000000 0.0000000 0.0154267 0.0020267 0.0000000 0.0000000 0.3347200
 57 R  57 0.1122674 0.1669866 0.0061488 0.0000000 0.0217142 0.0165312 0.0000000 0.0419912 0.0055834 0.0000000 0.0000000 0.3851833 0.0044841 0.0000000 0.0000000 0.1975137 0.0287876 0.0067594 0.0025909 0.0034582
 58 F  58 0.0000000 0.0000000 0.0000000 0.0000000 0.0000000 0.0057127 0.0000000 0.0000000 0.0082725 0.0079680 0.0000000 0.0000000 0.0000000 0.8133056 0.0000000 0.0000000 0.0000000 0.0362912 0.1199751 0.0084748
 59 K  59 0.0107535 0.0339396 0.0160080 0.0932726 0.0000000 0.1389211 0.1345597 0.0000000 0.0090579 0.0065484 0.0475226 0.3527573 0.0102606 0.0000000 0.0000000 0.0440491 0.0654333 0.0104418 0.0000000 0.0264746
 60 T  60 0.0346178 0.0000000 0.0062332 0.0061983 0.0000000 0.0000000 0.0000000 0.4155347 0.0000000 0.0106951 0.0000000 0.0000000 0.0000000 0.0000000 0.0000000 0.0458120 0.4474718 0.0000000 0.0000000 0.0334372
 61 Y  61 0.0077176 0.0330421 0.0073049 0.0527428 0.0035806 0.0976081 0.0946143 0.0000000 0.0418851 0.0022128 0.0065413 0.0397174 0.0053883 0.3916297 0.0000000 0.0533092 0.0149229 0.0000000 0.1228440 0.0249390
 62 G  62 0.0000000 0.0000000 0.0000000 0.0000000 0.0000000 0.0000000 0.0000000 0.9940718 0.0000000 0.0000000 0.0000000 0.0000000 0.0000000 0.0000000 0.0000000 0.0059282 0.0000000 0.0000000 0.0000000 0.0000000
 63 C  63 0.0000000 0.0000000 0.0000000 0.0000000 1.0000000 0.0000000 0.0000000 0.0000000 0.0000000 0.0000000 0.0000000 0.0000000 0.0000000 0.0000000 0.0000000 0.0000000 0.0000000 0.0000000 0.0000000 0.0000000
 64 G  64 0.3089890 0.0000000 0.0000000 0.0000000 0.0153430 0.0000000 0.0047293 0.3798944 0.0000000 0.0044733 0.0020620 0.0000000 0.0000000 0.0000000 0.0115293 0.1850710 0.0752771 0.0000000 0.0000000 0.0126317
 65 S  65 0.1444781 0.0000000 0.0000000 0.0053261 0.0000000 0.0000000 0.0000000 0.0090772 0.0000000 0.4364889 0.0000000 0.0000000 0.0000000 0.0000000 0.0000000 0.3595753 0.0300700 0.0000000 0.0000000 0.0149844
 66 A  66 0.5172143 0.0000000 0.0191207 0.0028863 0.0199685 0.0000000 0.0000000 0.0000000 0.0000000 0.0000000 0.0061956 0.0000000 0.0000000 0.0000000 0.0000000 0.4218832 0.0127315 0.0000000 0.0000000 0.0000000
 67 I  67 0.0000000 0.0057306 0.0000000 0.0000000 0.0085241 0.2532760 0.0000000 0.0000000 0.0000000 0.5125406 0.0223930 0.0153196 0.0768653 0.0046568 0.0000000 0.0000000 0.0522235 0.0000000 0.0000000 0.0484704
 68 A  68 0.9353124 0.0000000 0.0000000 0.0000000 0.0000000 0.0000000 0.0000000 0.0000000 0.0000000 0.0000000 0.0000000 0.0128096 0.0000000 0.0000000 0.0000000 0.0518780 0.0000000 0.0000000 0.0000000 0.0000000
 69 S  69 0.0935761 0.0000000 0.0000000 0.0000000 0.0122032 0.0000000 0.0000000 0.0000000 0.0000000 0.0059268 0.0053261 0.0000000 0.0046568 0.0000000 0.0000000 0.7559211 0.1044106 0.0000000 0.0000000 0.0179792
 70 S  70 0.3637367 0.0000000 0.0000000 0.0000000 0.0000000 0.0000000 0.0000000 0.0177994 0.0000000 0.0024275 0.0061549 0.0000000 0.0000000 0.0000000 0.0000000 0.4682909 0.1276307 0.0000000 0.0000000 0.0139599
 71 S  71 0.0068171 0.0000000 0.0000000 0.0417525 0.0000000 0.0000000 0.0055830 0.0000000 0.0074835 0.0000000 0.0000000 0.0053261 0.0061956 0.0059282 0.0000000 0.9174037 0.0000000 0.0000000 0.0035104 0.0000000
 72 L  72 0.0804309 0.0000000 0.0000000 0.0000000 0.0000000 0.0019416 0.0061956 0.0000000 0.0000000 0.1008785 0.2264005 0.0000000 0.3349310 0.0036697 0.0000000 0.0000000 0.0123234 0.0000000 0.0605429 0.1726860
 73 V  73 0.1730526 0.0000000 0.0000000 0.0000000 0.0000000 0.0000000 0.0000000 0.0033827 0.0000000 0.0187967 0.3016424 0.0000000 0.3345700 0.0128096 0.0000000 0.0067858 0.0395029 0.0000000 0.0061956 0.1032617
 74 T  74 0.0532834 0.0000000 0.0126964 0.0000000 0.0154771 0.0000000 0.0000000 0.0023655 0.0078209 0.0262606 0.0101138 0.0000000 0.0039316 0.0036874 0.0000000 0.1177031 0.7370261 0.0000000 0.0058985 0.0037356
 75 E  75 0.0031052 0.0039216 0.0127119 0.1872030 0.0000000 0.0451448 0.6660702 0.0113833 0.0000000 0.0025267 0.0076682 0.0049224 0.0000000 0.0000000 0.0000000 0.0075865 0.0218429 0.0000000 0.0000000 0.0259133
 76 W  76 0.1241979 0.0307487 0.0019571 0.0036608 0.0000000 0.0365811 0.0458625 0.0000000 0.0017999 0.0465427 0.3163805 0.0153471 0.1777568 0.0028027 0.0000000 0.0187450 0.0179084 0.1328591 0.0014022 0.0254477
 77 V  77 0.0897832 0.0000000 0.0000000 0.0000000 0.0184052 0.0000000 0.0000000 0.0000000 0.0000000 0.2819096 0.1678351 0.0000000 0.0271543 0.0000000 0.0000000 0.0018730 0.0129036 0.0000000 0.0000000 0.4001359
 78 K  78 0.0099334 0.0757660 0.0043351 0.0000000 0.0000000 0.0303119 0.0257958 0.0000000 0.0059795 0.1454329 0.0242416 0.5598923 0.0220852 0.0000000 0.0120034 0.0032429 0.0236471 0.0000000 0.0018179 0.0555150
 79 G  79 0.0000000 0.0022943 0.0209325 0.0077675 0.0000000 0.0037099 0.0036802 0.9514221 0.0000000 0.0000000 0.0000000 0.0043821 0.0000000 0.0000000 0.0000000 0.0058114 0.0000000 0.0000000 0.0000000 0.0000000
 80 K  80 0.0057881 0.0587464 0.0000000 0.0000000 0.0000000 0.0392124 0.0027468 0.0031357 0.0134913 0.0038879 0.0392275 0.7053088 0.1060271 0.0000000 0.0000000 0.0107163 0.0085622 0.0000000 0.0000000 0.0031496
 81 S  81 0.0077124 0.0116572 0.0230399 0.0423822 0.0000000 0.0066148 0.0260038 0.0078166 0.0211507 0.0026150 0.0036650 0.0277293 0.0000000 0.0000000 0.0707733 0.1694728 0.5793672 0.0000000 0.0000000 0.0000000
 82 L  82 0.0069824 0.0140526 0.0000000 0.0000000 0.0136875 0.0045205 0.0195416 0.0000000 0.0000000 0.1906977 0.3845872 0.0415054 0.0079179 0.0063745 0.0090611 0.0025387 0.0135990 0.0030425 0.0143619 0.2675297
 83 D  83 0.0987300 0.0056514 0.0243264 0.3404180 0.0000000 0.0237982 0.3443717 0.0272507 0.0035026 0.0013274 0.0030829 0.0292289 0.0000000 0.0031984 0.0321258 0.0390586 0.0146557 0.0012444 0.0030208 0.0050081
 84 E  84 0.0131318 0.0030943 0.0056285 0.1149838 0.0000000 0.0841047 0.7371026 0.0000000 0.0056314 0.0000000 0.0000000 0.0066742 0.0000000 0.0000000 0.0000000 0.0020506 0.0072203 0.0000000 0.0178872 0.0024907
 85 A  85 0.8249289 0.0024979 0.0000000 0.0065458 0.0050666 0.0000000 0.0015827 0.0082253 0.0000000 0.0193927 0.0211293 0.0000000 0.0000000 0.0028465 0.0031363 0.0133432 0.0078663 0.0000000 0.0000000 0.0834386
 86 Q  86 0.0695330 0.0364520 0.0012489 0.0128788 0.0016770 0.0405016 0.1063230 0.0315359 0.0081744 0.0137883 0.3944867 0.0849151 0.0673049 0.0221806 0.0000000 0.0276769 0.0118749 0.0308873 0.0172677 0.0212930
 87 A  87 0.1439137 0.0571966 0.0398545 0.0548854 0.0000000 0.1130247 0.1493604 0.0215859 0.0185557 0.0032727 0.0118646 0.2657026 0.0147667 0.0000000 0.0017470 0.0365473 0.0543481 0.0000000 0.0000000 0.0133742
 88 I  88 0.0000000 0.0000000 0.0000000 0.0000000 0.0000000 0.0023964 0.0036246 0.0000000 0.0000000 0.4165380 0.4136849 0.0000000 0.0552309 0.0159118 0.0000000 0.0000000 0.0097238 0.0000000 0.0017744 0.0811150
 89 K  89 0.0191817 0.0308357 0.0136232 0.0708804 0.0023466 0.0193514 0.0452320 0.1614113 0.0068319 0.0025272 0.0044936 0.1844519 0.0055328 0.0318126 0.0025326 0.0960906 0.2677533 0.0000000 0.0062004 0.0289109
 90 A  90 0.0132535 0.0418632 0.4196793 0.2446369 0.0000000 0.0143822 0.0802106 0.0287799 0.0214763 0.0000000 0.0038888 0.0538077 0.0000000 0.0043771 0.0327636 0.0049578 0.0093308 0.0148073 0.0057911 0.0059939
 91 T  91 0.1148799 0.0444177 0.0202212 0.0923219 0.0024595 0.0666114 0.0943787 0.0479319 0.0054443 0.0426846 0.0627380 0.1650324 0.0198486 0.0000000 0.0000000 0.0363569 0.1783993 0.0000000 0.0000000 0.0062737
 92 D  92 0.1396278 0.0043061 0.0058032 0.3508123 0.0000000 0.0849739 0.1798560 0.0000000 0.0066025 0.0375692 0.0046511 0.0089024 0.0243263 0.0858121 0.0000000 0.0063284 0.0171892 0.0000000 0.0047520 0.0384875
 93 I  93 0.1377211 0.0025246 0.0000000 0.0000000 0.0000000 0.0034682 0.0000000 0.0000000 0.0000000 0.4357994 0.0625348 0.0020068 0.0224189 0.0179305 0.0016384 0.0077225 0.0025881 0.0000000 0.0000000 0.3036466
 94 A  94 0.3818566 0.0000000 0.0000000 0.0000000 0.0011234 0.0013504 0.0226177 0.0062723 0.0000000 0.0262490 0.2853433 0.0000000 0.0237893 0.1090419 0.0046551 0.0205232 0.0344517 0.0000000 0.0096539 0.0730720
 95 E  95 0.1608383 0.0175207 0.0171207 0.1437868 0.0000000 0.0751960 0.2730334 0.0289047 0.0103093 0.0000000 0.0000000 0.1592188 0.0066461 0.0000000 0.0047330 0.0849140 0.0152223 0.0000000 0.0000000 0.0025558
 96 E  96 0.1694732 0.0019525 0.0211362 0.0095049 0.0000000 0.0021706 0.2445353 0.3424235 0.0387971 0.0000000 0.0319416 0.0062796 0.0110799 0.0329357 0.0000000 0.0166339 0.0071994 0.0044769 0.0544247 0.0050351
 97 L  97 0.0038511 0.0000000 0.0000000 0.0020874 0.0000000 0.0000000 0.0000000 0.0229426 0.0000000 0.0653711 0.5434641 0.0000000 0.0046181 0.0067499 0.0053036 0.0000000 0.0023650 0.0000000 0.0000000 0.3432470
 98 E  98 0.1648166 0.0452702 0.0235981 0.1069517 0.0528347 0.0120492 0.0620896 0.2243401 0.0103797 0.0019876 0.0035151 0.0372263 0.0141235 0.0000000 0.0000000 0.2313633 0.0042353 0.0000000 0.0000000 0.0052190
 99 L  99 0.0163198 0.0142273 0.0173164 0.0086325 0.0000000 0.0686952 0.0443785 0.0078607 0.0091425 0.0401810 0.5588181 0.1843454 0.0000000 0.0027537 0.0038511 0.0036162 0.0000000 0.0000000 0.0000000 0.0198617
100 P 100 0.0038511 0.0000000 0.0000000 0.0000000 0.0000000 0.0070054 0.0058869 0.0110608 0.0000000 0.0048983 0.0162534 0.0000000 0.0299143 0.2089479 0.5449957 0.0275192 0.0121531 0.0000000 0.1275140 0.0000000
101 P 101 0.0262440 0.0060628 0.0000000 0.0196062 0.0000000 0.0123241 0.0845469 0.0010913 0.0020215 0.0000000 0.0044769 0.0196180 0.0000000 0.0000000 0.8157808 0.0032481 0.0033037 0.0000000 0.0000000 0.0016757
102 V 102 0.3233622 0.0014543 0.0427075 0.0066549 0.0000000 0.0763068 0.0853877 0.0061794 0.0161748 0.0264544 0.0000000 0.0051797 0.0494593 0.0039984 0.0016691 0.0273269 0.0166689 0.0000000 0.0000000 0.3110156
103 K 103 0.0000000 0.4630923 0.0000000 0.0000000 0.0000000 0.0000000 0.0000000 0.0000000 0.0000000 0.0000000 0.0000000 0.5264622 0.0000000 0.0000000 0.0000000 0.0104455 0.0000000 0.0000000 0.0000000 0.0000000
104 I 104 0.0054612 0.0029867 0.0059669 0.0000000 0.0000000 0.0087638 0.0042245 0.0032890 0.0000000 0.2927171 0.1595988 0.0182116 0.1603275 0.0085991 0.0084056 0.0031698 0.0021074 0.0000000 0.0160090 0.3001619
105 H 105 0.0000000 0.0119161 0.0064149 0.0061598 0.0000000 0.0000000 0.0051892 0.0000000 0.5250882 0.0000000 0.0031382 0.4394382 0.0000000 0.0000000 0.0026554 0.0000000 0.0000000 0.0000000 0.0000000 0.0000000
106 C 106 0.0146323 0.0000000 0.0000000 0.0000000 0.9853677 0.0000000 0.0000000 0.0000000 0.0000000 0.0000000 0.0000000 0.0000000 0.0000000 0.0000000 0.0000000 0.0000000 0.0000000 0.0000000 0.0000000 0.0000000
107 S 107 0.4521311 0.0000000 0.0000000 0.0000000 0.0067499 0.0000000 0.0000000 0.0000000 0.0000000 0.0000000 0.0000000 0.0000000 0.0000000 0.0044768 0.0000000 0.5144944 0.0221478 0.0000000 0.0000000 0.0000000
108 I 108 0.0080962 0.0000000 0.0756932 0.0000000 0.0000000 0.0132112 0.0000000 0.0000000 0.0000000 0.0679899 0.1932687 0.0000000 0.1259486 0.0157073 0.0000000 0.0137144 0.2105655 0.0000000 0.0000000 0.2758050
109 L 109 0.0000000 0.0000000 0.0000000 0.0000000 0.0000000 0.0000000 0.0000000 0.0000000 0.0000000 0.0115411 0.8808106 0.0018954 0.1020824 0.0000000 0.0000000 0.0000000 0.0000000 0.0000000 0.0000000 0.0036705
110 A 110 0.5877203 0.0000000 0.0000000 0.0000000 0.0067977 0.0000000 0.0000000 0.2436085 0.0000000 0.0180972 0.0000000 0.0000000 0.0000000 0.0000000 0.0296782 0.1037374 0.0035908 0.0000000 0.0000000 0.0067699
111 E 111 0.0714192 0.0323747 0.0000000 0.0258117 0.0000000 0.0485779 0.3056163 0.0000000 0.0020711 0.0101009 0.0429016 0.0011435 0.0038411 0.0044966 0.0059577 0.0000000 0.0025445 0.3924314 0.0182921 0.0324196
112 D 112 0.0070125 0.0243607 0.0521684 0.2691869 0.0000000 0.0360865 0.1508591 0.0169027 0.1299361 0.0000000 0.0050209 0.1862675 0.0701229 0.0000000 0.0000000 0.0323529 0.0055178 0.0142051 0.0000000 0.0000000
113 A 113 0.7334935 0.0017924 0.0000000 0.0000000 0.0024574 0.0000000 0.0000000 0.0274458 0.0000000 0.0067926 0.0000000 0.0000000 0.0000000 0.0000000 0.0000000 0.0037827 0.1519152 0.0000000 0.0000000 0.0723204
114 I 114 0.0275074 0.0000000 0.0000000 0.0000000 0.0052088 0.0000000 0.0000000 0.0000000 0.0000000 0.2777661 0.4786321 0.0000000 0.0477971 0.0697336 0.0000000 0.0031497 0.0036860 0.0230644 0.0057158 0.0577390
115 K 115 0.0062921 0.1115379 0.0186787 0.0179566 0.0000000 0.1112727 0.1666018 0.0044596 0.1094344 0.0044858 0.0114537 0.4000363 0.0039821 0.0000000 0.0062069 0.0020795 0.0110012 0.0000000 0.0087686 0.0057522
116 A 116 0.4187876 0.0394721 0.0298692 0.1182055 0.0000000 0.0606916 0.0593776 0.0035477 0.0099808 0.0000000 0.0146122 0.1312073 0.0046790 0.0024960 0.0000000 0.0834055 0.0038454 0.0000000 0.0035775 0.0162450
117 A 117 0.8444097 0.0000000 0.0000000 0.0000000 0.0095792 0.0000000 0.0029326 0.1068150 0.0000000 0.0092805 0.0081123 0.0000000 0.0057768 0.0000000 0.0000000 0.0041052 0.0034780 0.0000000 0.0000000 0.0055107
118 I 118 0.0449629 0.0000000 0.0000000 0.0000000 0.0000000 0.0000000 0.0000000 0.0000000 0.0000000 0.4523182 0.3006193 0.0000000 0.0047562 0.0045593 0.0000000 0.0021827 0.0301696 0.0000000 0.0000000 0.1604319
119 A 119 0.2138694 0.0516989 0.1163285 0.0598571 0.0000000 0.0374039 0.1449646 0.0049499 0.0379738 0.0019965 0.0125601 0.1577462 0.0069926 0.0089119 0.0000000 0.0636813 0.0153564 0.0127211 0.0390105 0.0139774
120 D 120 0.0129627 0.0110528 0.1887400 0.4522607 0.0018079 0.0901430 0.0947687 0.0071539 0.0123722 0.0238317 0.0034046 0.0609121 0.0000000 0.0012125 0.0038194 0.0167851 0.0160957 0.0000000 0.0026769 0.0000000
121 Y 121 0.0788431 0.0000000 0.0061019 0.0106762 0.0000000 0.0062478 0.0313473 0.0000000 0.0164473 0.0273514 0.0244133 0.0269035 0.0057693 0.0399185 0.0000000 0.0189387 0.0063820 0.0212905 0.6743558 0.0050134
122 K 122 0.0233052 0.2574964 0.0212271 0.0029868 0.0026650 0.0881352 0.1191517 0.0085358 0.0105999 0.0099463 0.1219392 0.1951087 0.0156463 0.0096839 0.0105426 0.0088373 0.0059223 0.0037963 0.0758289 0.0086452
123 S 123 0.0845766 0.0352426 0.0355484 0.0182024 0.0000000 0.0599294 0.1310265 0.2043001 0.0054337 0.0244887 0.0197433 0.1376298 0.0074932 0.0258692 0.0024574 0.1223367 0.0537118 0.0000000 0.0000000 0.0320102
124 K 124 0.0061516 0.0959823 0.0064928 0.0525788 0.0000000 0.0034506 0.1688877 0.0121431 0.0026517 0.0034373 0.0000000 0.6026553 0.0000000 0.0000000 0.0022110 0.0259545 0.0154245 0.0000000 0.0000000 0.0019789
125 R 125 0.0463038 0.1440075 0.1249275 0.0040532 0.0000000 0.2953999 0.0474925 0.0000000 0.1339048 0.0102615 0.0199051 0.1119195 0.0090849 0.0028246 0.0023965 0.0121409 0.0086893 0.0043797 0.0000000 0.0223087
126 E 126 0.0756523 0.0250311 0.0929076 0.1084821 0.0000000 0.0890299 0.1785072 0.2668514 0.0031637 0.0000000 0.0045187 0.0747051 0.0000000 0.0000000 0.0164671 0.0333000 0.0191057 0.0032016 0.0000000 0.0090765
127 A 127 0.1748485 0.0180562 0.0290270 0.0160330 0.0000000 0.0537052 0.0442075 0.1274580 0.0075544 0.0320445 0.1498634 0.0703157 0.0571086 0.0000000 0.0233434 0.1341642 0.0285049 0.0000000 0.0000000 0.0337655
128 K 128 0.0000000 0.1035296 0.0000000 0.0000000 0.0000000 0.0421681 0.4658533 0.0000000 0.0000000 0.0000000 0.0000000 0.3884490 0.0000000 0.0000000 0.0000000 0.0000000 0.0000000 0.0000000 0.0000000 0.0000000
