  128         A         R         N         D         C         Q         E         G         H         I         L         K         M         F         P         S         T         W         Y         V         X    
  1 M   1 0.0000000 0.0000000 0.0000000 0.0000000 0.0000000 0.0000000 0.0000000 0.0000000 0.0000000 0.0123755 0.0114952 0.0000000 0.1205975 0.0000000 0.0000000 0.0000000 0.0000000 0.0000000 0.0000000 0.0000000 0.8555317
  2 A   2 0.0875276 0.0000000 0.0010630 0.0026997 0.0000000 0.0312313 0.0035932 0.0211366 0.0000000 0.0064902 0.0082611 0.0000000 0.1848656 0.0018395 0.0053919 0.0434981 0.0045650 0.0000000 0.0000000 0.0000000 0.5978370
  3 Y   3 0.0000000 0.0000000 0.0000000 0.0000000 0.0000000 0.0000000 0.0000000 0.0000000 0.0000000 0.0000000 0.0000000 0.0000000 0.0000000 0.0082875 0.0000000 0.0000000 0.0000000 0.0000000 0.9326470 0.0000000 0.0590655
  4 S   4 0.0108758 0.1565199 0.0365881 0.0021736 0.0010263 0.2052636 0.0061080 0.0048992 0.1250075 0.0000000 0.0000000 0.0174865 0.0138592 0.0054951 0.0000000 0.2559194 0.1103357 0.0000000 0.0000000 0.0000000 0.0484419
  5 E   5 0.0375851 0.0117663 0.0071642 0.1735747 0.0000000 0.1457157 0.4433124 0.0041535 0.0000000 0.0000000 0.0010944 0.0632525 0.0029222 0.0000000 0.0441485 0.0181022 0.0041572 0.0000000 0.0000000 0.0015833 0.0414677
  6 K   6 0.0097567 0.0327561 0.0584779 0.0000000 0.0000000 0.0280897 0.0144469 0.0007941 0.0086251 0.1027445 0.0423424 0.3442540 0.0141539 0.0086737 0.0000000 0.0045341 0.0361030 0.0000000 0.0030665 0.2591995 0.0319821
  7 V   7 0.0020126 0.0000000 0.0000000 0.0017115 0.0000000 0.0000000 0.0000000 0.0000000 0.0000000 0.3920783 0.0527654 0.0000000 0.0000000 0.0000000 0.0000000 0.0000000 0.0068105 0.0000000 0.0000000 0.5133327 0.0312891
  8 I   8 0.0104387 0.0091229 0.0125977 0.0000000 0.0000000 0.0131034 0.0027997 0.0013288 0.0102996 0.1527328 0.4211182 0.0686798 0.1902369 0.0114015 0.0000000 0.0041916 0.0085033 0.0030067 0.0000000 0.0515273 0.0289110
  9 D   9 0.0013128 0.0039489 0.0058514 0.7344950 0.0000000 0.0102561 0.1994344 0.0000000 0.0000000 0.0000000 0.0000000 0.0107760 0.0000000 0.0000000 0.0000000 0.0045087 0.0027820 0.0000000 0.0024892 0.0000000 0.0241456
 10 H  10 0.0045344 0.0187153 0.0042202 0.0000000 0.0000000 0.0000000 0.0094155 0.0000000 0.8674224 0.0028737 0.0155166 0.0023875 0.0000000 0.0048628 0.0000000 0.0000000 0.0000000 0.0000000 0.0522522 0.0000000 0.0177993
 11 Y  11 0.0479695 0.0024886 0.0448877 0.0000000 0.0106497 0.0000000 0.0000000 0.0257956 0.0020369 0.0045344 0.0000000 0.0079525 0.0139905 0.2919904 0.0000000 0.0788845 0.0000000 0.0000000 0.4503811 0.0041715 0.0142670
 12 E  12 0.0216217 0.1402610 0.0815187 0.0197063 0.0000000 0.0588442 0.1665401 0.0000000 0.0047745 0.0082344 0.0375884 0.2514737 0.0631144 0.0293040 0.0000000 0.0404501 0.0360520 0.0014381 0.0175021 0.0080656 0.0135106
 13 N  13 0.0069140 0.0426838 0.6217857 0.0148982 0.0148011 0.0053426 0.0081399 0.0000000 0.1676999 0.0000000 0.0000000 0.0440356 0.0024123 0.0021540 0.0000000 0.0389146 0.0096948 0.0000000 0.0046254 0.0000000 0.0158981
 14 P  14 0.0000000 0.0113409 0.0000000 0.0000000 0.0000000 0.0028734 0.0000000 0.0000000 0.0000000 0.0000000 0.0021509 0.0087103 0.0000000 0.0000000 0.9559096 0.0055043 0.0000000 0.0000000 0.0000000 0.0000000 0.0135106
 15 R  15 0.0027860 0.6498510 0.0025841 0.0000000 0.0000000 0.0632629 0.0037110 0.0000000 0.1381139 0.0035027 0.0115836 0.0801045 0.0039755 0.0000000 0.0031544 0.0042179 0.0064919 0.0000000 0.0061080 0.0070418 0.0135106
 16 N  16 0.0015687 0.0078803 0.7719773 0.0000000 0.0000000 0.0000000 0.0000000 0.0370749 0.1453707 0.0000000 0.0000000 0.0000000 0.0000000 0.0080799 0.0000000 0.0000000 0.0000000 0.0000000 0.0135350 0.0000000 0.0145131
 17 V  17 0.0850123 0.1273804 0.0067420 0.0000000 0.0042268 0.0310356 0.0000000 0.0000000 0.0323999 0.0323771 0.0173666 0.0995931 0.0198733 0.0882025 0.0047062 0.0162518 0.0088868 0.0036113 0.0389916 0.3712538 0.0120888
 18 G  18 0.0000000 0.0502529 0.0017418 0.0000000 0.0000000 0.0047659 0.0000000 0.8694390 0.0217881 0.0000000 0.0149251 0.0046759 0.0018404 0.0000000 0.0000000 0.0000000 0.0000000 0.0021645 0.0145024 0.0000000 0.0139042
 19 S  19 0.0679140 0.0407027 0.0064601 0.0125481 0.0000000 0.0217027 0.1777550 0.0056552 0.0164622 0.0083324 0.1107833 0.0644204 0.0052284 0.0035108 0.0237782 0.2393901 0.0881737 0.0000000 0.0000000 0.0853278 0.0218548
 20 F  20 0.0000000 0.0842291 0.0000000 0.0020398 0.0000000 0.0021540 0.0049963 0.0103614 0.0000000 0.1888893 0.4122340 0.0025794 0.1069452 0.0991109 0.0064430 0.0017126 0.0077890 0.0000000 0.0010920 0.0505771 0.0188468
 21 D  21 0.0464350 0.0000000 0.0481077 0.2881714 0.0000000 0.0084872 0.3720674 0.0044201 0.0000000 0.0000000 0.0041324 0.0262522 0.0000000 0.0000000 0.0945559 0.0176560 0.0392576 0.0000000 0.0000000 0.0100986 0.0403587
 22 N  22 0.0238875 0.0147475 0.1390637 0.2431642 0.0000000 0.0248160 0.0851369 0.0473964 0.0134508 0.0000000 0.0033845 0.2312658 0.0050341 0.0000000 0.1060687 0.0200446 0.0054421 0.0000000 0.0000000 0.0000000 0.0370973
 23 N  23 0.3180888 0.0000000 0.0965077 0.0607600 0.0040057 0.0040469 0.0336072 0.0177967 0.0098524 0.0024550 0.0008048 0.0436830 0.0000000 0.0709588 0.1409947 0.0639469 0.0429972 0.0000000 0.0261803 0.0084769 0.0548368
 24 D  24 0.0445506 0.0000000 0.1421620 0.4554959 0.0000000 0.0107085 0.0450171 0.0323460 0.0020001 0.0000000 0.0095200 0.0081772 0.0010310 0.0057959 0.0000000 0.0983086 0.0549878 0.0015629 0.0000000 0.0016983 0.0866380
 25 E  25 0.1295266 0.0338296 0.0106330 0.0274319 0.0076302 0.0099549 0.0505808 0.0344403 0.0138158 0.0134246 0.0339810 0.0589164 0.0030922 0.0272058 0.1001518 0.0361557 0.0193489 0.0000000 0.0066717 0.0602342 0.3229749
 26 N  26 0.0316599 0.0202196 0.1024872 0.0777612 0.0110715 0.0571050 0.0854310 0.0169121 0.0138227 0.0000000 0.0088520 0.0454848 0.0023578 0.0201864 0.0016597 0.0549166 0.0431459 0.0000000 0.0119199 0.0159140 0.3790928
 27 V  27 0.0346744 0.0000000 0.0014074 0.0192526 0.0018531 0.0177806 0.0028734 0.0057991 0.0156374 0.0373503 0.0205327 0.0000000 0.0102588 0.0042171 0.0018153 0.0126255 0.0598028 0.0000000 0.0196014 0.3779263 0.3565918
 28 G  28 0.0840028 0.0094022 0.0034011 0.0000000 0.0022224 0.0010653 0.0091630 0.4261523 0.1357573 0.0523513 0.0167156 0.0056285 0.0045935 0.0026848 0.0000000 0.0133971 0.0039655 0.0000000 0.0031756 0.0309273 0.1953946
 29 S  29 0.0052058 0.0168446 0.0022712 0.0035097 0.0000000 0.0188397 0.0647736 0.0064533 0.0862288 0.0761557 0.0013120 0.0138476 0.0121648 0.0026932 0.0000000 0.0556332 0.2998696 0.0000000 0.0133878 0.1655873 0.1552220
 30 G  30 0.1095473 0.0066249 0.0000000 0.0000000 0.0000000 0.0040710 0.0319743 0.4844167 0.0337102 0.0191405 0.0050294 0.0022567 0.0040750 0.0070229 0.0000000 0.0273817 0.0036000 0.0000000 0.0000000 0.1146010 0.1465484
 31 M  31 0.0025683 0.0266003 0.0326187 0.0665539 0.0000000 0.0480354 0.2164435 0.0000000 0.0538512 0.0407031 0.1838356 0.0355987 0.0571304 0.0062065 0.0055045 0.0122281 0.0592638 0.0000000 0.0020859 0.0269111 0.1238610
 32 V  32 0.0319978 0.0047199 0.0000000 0.0190266 0.0066790 0.0158128 0.0336451 0.1745024 0.0021224 0.0304274 0.0832752 0.0011294 0.0378541 0.0209311 0.0000000 0.0000000 0.0100202 0.0043067 0.0072771 0.4078089 0.1084639
 33 G  33 0.0014806 0.0153382 0.0894885 0.0210153 0.0000000 0.0000000 0.0238408 0.5241112 0.0749707 0.0042943 0.0112337 0.0229786 0.0021055 0.0231935 0.0000000 0.0152763 0.0058405 0.0000000 0.0188197 0.0385561 0.1074564
 34 A  34 0.2356295 0.0000000 0.5531735 0.0323178 0.0000000 0.0000000 0.0072425 0.0000000 0.0000000 0.0000000 0.0000000 0.0164678 0.0000000 0.0000000 0.0000000 0.1147494 0.0116585 0.0000000 0.0000000 0.0108758 0.0178853
 35 P  35 0.0612282 0.0025017 0.0000000 0.0000000 0.0000000 0.0029317 0.0160813 0.0082875 0.0000000 0.0398069 0.0625642 0.0000000 0.0055416 0.0000000 0.7760876 0.0029340 0.0063966 0.0000000 0.0000000 0.0017188 0.0139198
 36 A  36 0.2871113 0.0033861 0.0000000 0.0125655 0.0000000 0.0214559 0.0296864 0.0121575 0.0052720 0.0103871 0.1150328 0.0405796 0.0174764 0.0022024 0.0000000 0.1772016 0.2119541 0.0000000 0.0000000 0.0360792 0.0174521
 37 C  37 0.0000000 0.0000000 0.0000000 0.0027455 0.9635117 0.0000000 0.0000000 0.0000000 0.0000000 0.0000000 0.0000000 0.0000000 0.0000000 0.0000000 0.0000000 0.0033711 0.0000000 0.0000000 0.0108758 0.0000000 0.0194959
 38 G  38 0.0000000 0.0000000 0.0000000 0.0000000 0.0000000 0.0000000 0.0000000 0.9749003 0.0000000 0.0108758 0.0000000 0.0000000 0.0000000 0.0000000 0.0000000 0.0000000 0.0000000 0.0000000 0.0000000 0.0000000 0.0142239
 39 D  39 0.0000000 0.0000000 0.0000000 0.9660341 0.0000000 0.0000000 0.0197420 0.0000000 0.0000000 0.0000000 0.0000000 0.0000000 0.0000000 0.0000000 0.0000000 0.0000000 0.0000000 0.0000000 0.0000000 0.0000000 0.0142239
 40 V  40 0.1104109 0.0838334 0.0107624 0.0348364 0.0000000 0.0626616 0.1473432 0.0000000 0.0145165 0.0634708 0.0108939 0.0172875 0.0325321 0.0000000 0.0000000 0.0274246 0.0407628 0.0000000 0.0058256 0.3267468 0.0106916
 41 M  41 0.0000000 0.0000000 0.0000000 0.0000000 0.0113344 0.0000000 0.0000000 0.0000000 0.0000000 0.2784216 0.2010513 0.0000000 0.3369588 0.0028133 0.0015034 0.0000000 0.0124074 0.0000000 0.0026138 0.1422044 0.0106916
 42 K  42 0.0133549 0.1698767 0.0127367 0.0135025 0.0025683 0.0555597 0.0767721 0.0000000 0.0276450 0.0095981 0.0211288 0.2991726 0.0131746 0.0000000 0.0000000 0.0325056 0.2128767 0.0000000 0.0034923 0.0253439 0.0106916
 43 L  43 0.0000000 0.0000000 0.0000000 0.0000000 0.0000000 0.0000000 0.0000000 0.0000000 0.0000000 0.1772078 0.6216125 0.0000000 0.0479170 0.0239521 0.0000000 0.0000000 0.0000000 0.0000000 0.0030067 0.1156124 0.0106916
 44 Q  44 0.0149256 0.0921919 0.0027459 0.0454652 0.0000000 0.3261470 0.0296474 0.0022940 0.0332633 0.0000000 0.0067689 0.0000000 0.0294540 0.0777246 0.0000000 0.0353085 0.0880363 0.0154008 0.1864603 0.0093547 0.0048117
 45 I  45 0.0115321 0.0000000 0.0000000 0.0000000 0.0000000 0.0000000 0.0000000 0.0000000 0.0000000 0.3422065 0.3383927 0.0000000 0.0437175 0.0114699 0.0000000 0.0000000 0.0000000 0.0139905 0.0000000 0.2386907 0.0000000
 46 K  46 0.0393450 0.1201641 0.0167798 0.0260597 0.0000000 0.0950983 0.0466850 0.0000000 0.0170100 0.0027572 0.0376773 0.5524772 0.0029193 0.0029204 0.0000000 0.0119729 0.0090251 0.0000000 0.0024530 0.0144796 0.0021761
 47 V  47 0.0000000 0.0000000 0.0000000 0.0000000 0.0021761 0.0000000 0.0000000 0.0000000 0.0000000 0.2200768 0.1883059 0.0000000 0.0122865 0.0383836 0.0000000 0.0000000 0.0046084 0.0000000 0.0068151 0.5216524 0.0056953
 48 N  48 0.0203925 0.0209714 0.1156625 0.3648753 0.0000000 0.0232693 0.2105956 0.0311678 0.0000000 0.0000000 0.0011663 0.0947898 0.0000000 0.0000000 0.0000000 0.0806609 0.0062120 0.0000000 0.0000000 0.0067226 0.0235138
 49 D  49 0.0206623 0.0027586 0.0561841 0.4607666 0.0000000 0.0041160 0.1642473 0.1175847 0.0107410 0.0000000 0.0000000 0.0265768 0.0000000 0.0000000 0.0927027 0.0055516 0.0012865 0.0000000 0.0056769 0.0000000 0.0311449
 50 E  50 0.0219223 0.0018641 0.2021908 0.2805391 0.0000000 0.0373523 0.1108375 0.0139588 0.0110138 0.0028737 0.0000000 0.0932550 0.0007841 0.0000000 0.0039655 0.0515742 0.0337943 0.0000000 0.0007985 0.0000000 0.1332759
 51 G  51 0.0072219 0.0241376 0.0253655 0.0586666 0.0000000 0.0419361 0.0339073 0.4864597 0.0018531 0.0000000 0.0013676 0.0304959 0.0009207 0.0000000 0.0100979 0.0100823 0.0329310 0.0000000 0.0026005 0.0000000 0.2319563
 52 I  52 0.0000000 0.1370333 0.0062729 0.0028497 0.0059448 0.0153425 0.0042148 0.0076053 0.0123731 0.2021722 0.0213186 0.2139346 0.0093751 0.0022680 0.0000000 0.0016952 0.1071185 0.0000000 0.0000000 0.2375580 0.0129236
 53 I  53 0.0000000 0.0000000 0.0000000 0.0000000 0.0000000 0.0000000 0.0000000 0.0000000 0.0059388 0.7631421 0.0158817 0.0000000 0.0000000 0.0000000 0.0000000 0.0000000 0.0000000 0.0000000 0.0000000 0.2150374 0.0000000
 54 E  54 0.1145003 0.0270618 0.0096168 0.0385481 0.0000000 0.0384253 0.2735678 0.0034420 0.0018711 0.0425079 0.0361266 0.1032813 0.0118957 0.0000000 0.0000000 0.0634469 0.1148446 0.0000000 0.0000000 0.1091309 0.0117329
 55 D  55 0.0282089 0.0227825 0.0310127 0.7536780 0.0000000 0.0122088 0.1050385 0.0053834 0.0032288 0.0000000 0.0026005 0.0180558 0.0000000 0.0015850 0.0000000 0.0033327 0.0025017 0.0000000 0.0036177 0.0000000 0.0067649
 56 A  56 0.4001328 0.0000000 0.0000000 0.0000000 0.0165166 0.0000000 0.0000000 0.0062782 0.0000000 0.2053972 0.0264939 0.0000000 0.0000000 0.0000000 0.0000000 0.0176126 0.0020616 0.0000000 0.0000000 0.3255071 0.0000000
 57 R  57 0.1101356 0.1827360 0.0063273 0.0000000 0.0277009 0.0156224 0.0000000 0.0400349 0.0054579 0.0000000 0.0000000 0.3757321 0.0041818 0.0000000 0.0000000 0.1903497 0.0273216 0.0061080 0.0024156 0.0032756 0.0026005
 58 F  58 0.0000000 0.0000000 0.0000000 0.0000000 0.0000000 0.0057338 0.0000000 0.0000000 0.0079600 0.0077175 0.0000000 0.0000000 0.0000000 0.8209144 0.0000000 0.0000000 0.0000000 0.0343010 0.1153260 0.0080474 0.0000000
 59 K  59 0.0103867 0.0322991 0.0151122 0.0900785 0.0000000 0.1320434 0.1300512 0.0000000 0.0086253 0.0062840 0.0453622 0.3780459 0.0096698 0.0000000 0.0000000 0.0437280 0.0623677 0.0082875 0.0000000 0.0254597 0.0021989
 60 T  60 0.0335228 0.0000000 0.0059144 0.0060192 0.0000000 0.0000000 0.0000000 0.4015750 0.0000000 0.0099935 0.0000000 0.0000000 0.0000000 0.0000000 0.0000000 0.0431265 0.4656532 0.0000000 0.0000000 0.0319966 0.0021989
 61 Y  61 0.0076145 0.0318461 0.0070696 0.0484352 0.0034917 0.0942799 0.0918654 0.0000000 0.0399417 0.0021906 0.0063023 0.0381728 0.0052735 0.4144327 0.0000000 0.0523498 0.0142568 0.0000000 0.1161621 0.0241163 0.0021989
 62 G  62 0.0000000 0.0000000 0.0000000 0.0000000 0.0000000 0.0000000 0.0000000 0.9942775 0.0000000 0.0000000 0.0000000 0.0000000 0.0000000 0.0000000 0.0000000 0.0057225 0.0000000 0.0000000 0.0000000 0.0000000 0.0000000
 63 C  63 0.0000000 0.0000000 0.0000000 0.0000000 1.0000000 0.0000000 0.0000000 0.0000000 0.0000000 0.0000000 0.0000000 0.0000000 0.0000000 0.0000000 0.0000000 0.0000000 0.0000000 0.0000000 0.0000000 0.0000000 0.0000000
 64 G  64 0.2954728 0.0000000 0.0000000 0.0000000 0.0146134 0.0000000 0.0045344 0.4031310 0.0000000 0.0041460 0.0019850 0.0000000 0.0000000 0.0000000 0.0110208 0.1799437 0.0735145 0.0000000 0.0000000 0.0116384 0.0000000
 65 S  65 0.1348833 0.0000000 0.0000000 0.0052671 0.0000000 0.0000000 0.0000000 0.0090059 0.0000000 0.4221390 0.0000000 0.0000000 0.0000000 0.0000000 0.0000000 0.3875866 0.0268125 0.0000000 0.0000000 0.0143056 0.0000000
 66 A  66 0.5361520 0.0000000 0.0178185 0.0028103 0.0195027 0.0000000 0.0000000 0.0000000 0.0000000 0.0000000 0.0060192 0.0000000 0.0000000 0.0000000 0.0000000 0.4070649 0.0106324 0.0000000 0.0000000 0.0000000 0.0000000
 67 I  67 0.0000000 0.0054513 0.0000000 0.0000000 0.0084433 0.2431618 0.0000000 0.0000000 0.0000000 0.5279688 0.0220772 0.0146639 0.0751732 0.0045980 0.0000000 0.0000000 0.0509866 0.0000000 0.0000000 0.0474760 0.0000000
 68 A  68 0.9369758 0.0000000 0.0000000 0.0000000 0.0000000 0.0000000 0.0000000 0.0000000 0.0000000 0.0000000 0.0000000 0.0126618 0.0000000 0.0000000 0.0000000 0.0503624 0.0000000 0.0000000 0.0000000 0.0000000 0.0000000
 69 S  69 0.0874177 0.0000000 0.0000000 0.0000000 0.0115657 0.0000000 0.0000000 0.0000000 0.0000000 0.0054951 0.0052671 0.0000000 0.0045980 0.0000000 0.0000000 0.7681811 0.1004437 0.0000000 0.0000000 0.0170316 0.0000000
 70 S  70 0.3508859 0.0000000 0.0000000 0.0000000 0.0000000 0.0000000 0.0000000 0.0152739 0.0000000 0.0023476 0.0059388 0.0000000 0.0000000 0.0000000 0.0000000 0.4935626 0.1183626 0.0000000 0.0000000 0.0136287 0.0000000
 71 S  71 0.0063774 0.0000000 0.0000000 0.0394959 0.0000000 0.0000000 0.0054073 0.0000000 0.0073947 0.0000000 0.0000000 0.0052671 0.0060192 0.0057225 0.0000000 0.9208150 0.0000000 0.0000000 0.0035008 0.0000000 0.0000000
 72 L  72 0.0766335 0.0000000 0.0000000 0.0000000 0.0000000 0.0018476 0.0060192 0.0000000 0.0000000 0.0935095 0.2472220 0.0000000 0.3197952 0.0035661 0.0000000 0.0000000 0.0116132 0.0000000 0.0739938 0.1657999 0.0000000
 73 V  73 0.1922336 0.0000000 0.0000000 0.0000000 0.0000000 0.0000000 0.0000000 0.0032045 0.0000000 0.0184418 0.2978575 0.0000000 0.3257551 0.0126618 0.0000000 0.0064055 0.0344389 0.0000000 0.0060192 0.1029822 0.0000000
 74 T  74 0.0511175 0.0000000 0.0121046 0.0000000 0.0149528 0.0000000 0.0000000 0.0022600 0.0075788 0.0243491 0.0096264 0.0000000 0.0040243 0.0035453 0.0000000 0.1121300 0.7422881 0.0000000 0.0058702 0.0035145 0.0066384
 75 E  75 0.0029466 0.0036509 0.0122544 0.1794863 0.0000000 0.0436694 0.6723896 0.0108325 0.0000000 0.0023731 0.0071616 0.0048101 0.0000000 0.0000000 0.0000000 0.0070361 0.0235441 0.0000000 0.0000000 0.0232068 0.0066384
 76 W  76 0.1209874 0.0300793 0.0018951 0.0034923 0.0000000 0.0360237 0.0439085 0.0000000 0.0016979 0.0446440 0.3079888 0.0145143 0.1766945 0.0026138 0.0000000 0.0179479 0.0171465 0.1476177 0.0013091 0.0248010 0.0066384
 77 V  77 0.0829782 0.0000000 0.0000000 0.0000000 0.0174383 0.0000000 0.0000000 0.0000000 0.0000000 0.2844357 0.1598444 0.0000000 0.0260430 0.0000000 0.0000000 0.0024530 0.0121238 0.0000000 0.0000000 0.4080452 0.0066384
 78 K  78 0.0121020 0.0752910 0.0055696 0.0000000 0.0000000 0.0293292 0.0243033 0.0000000 0.0056572 0.1395741 0.0243413 0.5649107 0.0207398 0.0000000 0.0111669 0.0031048 0.0220358 0.0000000 0.0017248 0.0535113 0.0066384
 79 G  79 0.0000000 0.0023449 0.0242626 0.0075143 0.0000000 0.0037150 0.0035563 0.9487434 0.0000000 0.0000000 0.0000000 0.0042075 0.0000000 0.0000000 0.0000000 0.0056560 0.0000000 0.0000000 0.0000000 0.0000000 0.0000000
 80 K  80 0.0055311 0.0561086 0.0000000 0.0000000 0.0000000 0.0380000 0.0026240 0.0066384 0.0130036 0.0051268 0.0386591 0.7053625 0.1071451 0.0000000 0.0000000 0.0105376 0.0082517 0.0000000 0.0000000 0.0030115 0.0000000
 81 S  81 0.0074740 0.0128724 0.0224156 0.0404775 0.0000000 0.0062855 0.0253425 0.0073110 0.0204543 0.0023878 0.0039248 0.0270979 0.0000000 0.0000000 0.0687401 0.1701241 0.5724904 0.0000000 0.0000000 0.0000000 0.0126021
 82 L  82 0.0067141 0.0170691 0.0000000 0.0000000 0.0201131 0.0042688 0.0190180 0.0000000 0.0000000 0.1818907 0.3723307 0.0401684 0.0075918 0.0063312 0.0094265 0.0024886 0.0130970 0.0029095 0.0142401 0.2697405 0.0126021
 83 D  83 0.0960617 0.0052471 0.0235528 0.3363957 0.0000000 0.0232949 0.3414690 0.0262475 0.0032818 0.0012464 0.0029099 0.0346915 0.0000000 0.0031871 0.0292543 0.0377180 0.0140583 0.0011623 0.0028710 0.0047485 0.0126021
 84 E  84 0.0125827 0.0029202 0.0089064 0.1161487 0.0000000 0.0796437 0.7272778 0.0000000 0.0052994 0.0000000 0.0000000 0.0064717 0.0000000 0.0000000 0.0000000 0.0019434 0.0070943 0.0000000 0.0167858 0.0023240 0.0126021
 85 A  85 0.8157927 0.0023657 0.0000000 0.0064044 0.0048177 0.0000000 0.0015660 0.0079176 0.0000000 0.0189295 0.0200530 0.0000000 0.0000000 0.0027596 0.0066384 0.0129578 0.0079192 0.0000000 0.0000000 0.0792763 0.0126021
 86 Q  86 0.0661820 0.0347506 0.0011900 0.0125489 0.0015734 0.0394936 0.1031585 0.0358505 0.0078438 0.0133604 0.3957545 0.0810146 0.0644293 0.0210332 0.0000000 0.0281528 0.0113393 0.0329355 0.0164603 0.0203267 0.0126021
 87 A  87 0.1462618 0.0529113 0.0384445 0.0529744 0.0000000 0.1081019 0.1417150 0.0205974 0.0175740 0.0038734 0.0113746 0.2710442 0.0143025 0.0000000 0.0016597 0.0345939 0.0591937 0.0000000 0.0000000 0.0127756 0.0126021
 88 I  88 0.0000000 0.0000000 0.0000000 0.0000000 0.0000000 0.0023607 0.0033349 0.0000000 0.0000000 0.4232467 0.3959509 0.0000000 0.0526842 0.0154060 0.0000000 0.0000000 0.0092508 0.0000000 0.0016526 0.0768728 0.0192405
 89 K  89 0.0185809 0.0364459 0.0129360 0.0638818 0.0022054 0.0209296 0.0435051 0.1570698 0.0064154 0.0023731 0.0042750 0.1960988 0.0052494 0.0310937 0.0024083 0.0908655 0.2529894 0.0000000 0.0059453 0.0274911 0.0192405
 90 A  90 0.0123135 0.0391376 0.4285058 0.2365029 0.0000000 0.0139541 0.0763587 0.0281615 0.0174001 0.0000000 0.0039655 0.0526030 0.0000000 0.0039709 0.0293555 0.0046684 0.0089007 0.0138476 0.0053761 0.0057379 0.0192405
 91 T  91 0.1116541 0.0408178 0.0192042 0.0882276 0.0023865 0.0635136 0.0899944 0.0465527 0.0052793 0.0415870 0.0603991 0.1604129 0.0156993 0.0000000 0.0000000 0.0383820 0.1969032 0.0000000 0.0000000 0.0063842 0.0126021
 92 D  92 0.1353391 0.0043056 0.0055182 0.3510074 0.0000000 0.0868996 0.1795798 0.0000000 0.0063036 0.0363429 0.0045019 0.0084819 0.0230902 0.0823167 0.0000000 0.0060112 0.0162499 0.0000000 0.0044789 0.0369713 0.0126021
 93 I  93 0.1339762 0.0024160 0.0000000 0.0000000 0.0000000 0.0034245 0.0000000 0.0000000 0.0000000 0.4450315 0.0603194 0.0019005 0.0215430 0.0172096 0.0015576 0.0074314 0.0024461 0.0000000 0.0000000 0.2901421 0.0126021
 94 A  94 0.3905446 0.0000000 0.0000000 0.0000000 0.0010508 0.0012738 0.0213010 0.0061635 0.0000000 0.0250124 0.2743285 0.0000000 0.0227322 0.1051504 0.0047575 0.0194011 0.0327193 0.0000000 0.0091267 0.0665703 0.0198680
 95 E  95 0.1548372 0.0169930 0.0204260 0.1362515 0.0000000 0.0747296 0.2573041 0.0277606 0.0090606 0.0000000 0.0000000 0.1737409 0.0062426 0.0000000 0.0045344 0.0813626 0.0144765 0.0000000 0.0000000 0.0024123 0.0198680
 96 E  96 0.1575212 0.0018951 0.0213216 0.0089852 0.0000000 0.0020183 0.2517446 0.3323530 0.0408451 0.0000000 0.0300935 0.0058155 0.0107293 0.0318604 0.0000000 0.0158062 0.0068313 0.0043067 0.0532468 0.0047582 0.0198680
 97 L  97 0.0036000 0.0000000 0.0000000 0.0019677 0.0000000 0.0000000 0.0000000 0.0222462 0.0000000 0.0618422 0.5395433 0.0000000 0.0043403 0.0061080 0.0049789 0.0000000 0.0022028 0.0000000 0.0000000 0.3333024 0.0198680
 98 E  98 0.1577822 0.0442245 0.0228646 0.1019924 0.0706678 0.0113780 0.0590204 0.2108029 0.0121191 0.0018694 0.0035008 0.0375947 0.0133622 0.0000000 0.0000000 0.2227801 0.0040931 0.0000000 0.0000000 0.0050773 0.0208705
 99 L  99 0.0162130 0.0142006 0.0161783 0.0082844 0.0000000 0.0670785 0.0430945 0.0073979 0.0087946 0.0382448 0.5535968 0.1786165 0.0000000 0.0025714 0.0036000 0.0034131 0.0000000 0.0000000 0.0000000 0.0188475 0.0198680
100 P 100 0.0036000 0.0000000 0.0000000 0.0000000 0.0000000 0.0067911 0.0058659 0.0105738 0.0000000 0.0046347 0.0154028 0.0000000 0.0281869 0.2035314 0.5405039 0.0262673 0.0111070 0.0000000 0.1236672 0.0000000 0.0198680
101 P 101 0.0254431 0.0056500 0.0000000 0.0182853 0.0000000 0.0114401 0.0786026 0.0010153 0.0018990 0.0000000 0.0043067 0.0184515 0.0000000 0.0000000 0.8067732 0.0036014 0.0030943 0.0000000 0.0000000 0.0015695 0.0198680
102 V 102 0.3109783 0.0012984 0.0401271 0.0063033 0.0000000 0.0723488 0.0794126 0.0062102 0.0152194 0.0249549 0.0000000 0.0048156 0.0468959 0.0037685 0.0015602 0.0262259 0.0160331 0.0000000 0.0000000 0.3239796 0.0198680
103 K 103 0.0000000 0.4472069 0.0000000 0.0000000 0.0000000 0.0000000 0.0000000 0.0000000 0.0000000 0.0000000 0.0000000 0.5246376 0.0000000 0.0000000 0.0000000 0.0082875 0.0000000 0.0000000 0.0000000 0.0000000 0.0198680
104 I 104 0.0051611 0.0028443 0.0054951 0.0000000 0.0000000 0.0079475 0.0039725 0.0030988 0.0000000 0.2752174 0.1789729 0.0175290 0.1515498 0.0080671 0.0082722 0.0030311 0.0019855 0.0000000 0.0154270 0.2858383 0.0255905
105 H 105 0.0000000 0.0116086 0.0057766 0.0059388 0.0000000 0.0000000 0.0052720 0.0000000 0.5178255 0.0000000 0.0066384 0.4246399 0.0000000 0.0000000 0.0024321 0.0000000 0.0000000 0.0000000 0.0000000 0.0000000 0.0198680
106 C 106 0.0108758 0.0000000 0.0000000 0.0000000 0.9692562 0.0000000 0.0000000 0.0000000 0.0000000 0.0000000 0.0000000 0.0000000 0.0000000 0.0000000 0.0000000 0.0000000 0.0000000 0.0000000 0.0000000 0.0000000 0.0198680
107 S 107 0.4352693 0.0000000 0.0000000 0.0000000 0.0061080 0.0000000 0.0000000 0.0000000 0.0000000 0.0000000 0.0000000 0.0000000 0.0000000 0.0041460 0.0000000 0.5167075 0.0179012 0.0000000 0.0000000 0.0000000 0.0198680
108 I 108 0.0075738 0.0000000 0.0721995 0.0000000 0.0000000 0.0123483 0.0000000 0.0000000 0.0000000 0.0616479 0.1880143 0.0000000 0.1424483 0.0133041 0.0000000 0.0133718 0.2050311 0.0000000 0.0000000 0.2606029 0.0234580
109 L 109 0.0000000 0.0000000 0.0000000 0.0000000 0.0000000 0.0000000 0.0000000 0.0000000 0.0000000 0.0105740 0.8607935 0.0019937 0.0959520 0.0000000 0.0000000 0.0000000 0.0000000 0.0000000 0.0000000 0.0035412 0.0271455
110 A 110 0.5815696 0.0000000 0.0000000 0.0000000 0.0067300 0.0000000 0.0000000 0.2309895 0.0000000 0.0140803 0.0000000 0.0000000 0.0000000 0.0000000 0.0286610 0.0994699 0.0034942 0.0000000 0.0000000 0.0063916 0.0286138
111 E 111 0.0649724 0.0307976 0.0000000 0.0243087 0.0000000 0.0448482 0.3108290 0.0000000 0.0020069 0.0099306 0.0410693 0.0010740 0.0036423 0.0043067 0.0054951 0.0000000 0.0023187 0.3783840 0.0170941 0.0303085 0.0286138
112 D 112 0.0065995 0.0236978 0.0482076 0.2745612 0.0000000 0.0342049 0.1420076 0.0157328 0.1243798 0.0000000 0.0049355 0.1790318 0.0673387 0.0000000 0.0000000 0.0301414 0.0051917 0.0133622 0.0000000 0.0000000 0.0306075
113 A 113 0.7172414 0.0016328 0.0000000 0.0000000 0.0022567 0.0000000 0.0000000 0.0255589 0.0000000 0.0061080 0.0000000 0.0000000 0.0000000 0.0000000 0.0000000 0.0035479 0.1448821 0.0000000 0.0000000 0.0681647 0.0306075
114 I 114 0.0264247 0.0000000 0.0000000 0.0000000 0.0050800 0.0000000 0.0000000 0.0000000 0.0000000 0.2863928 0.4512045 0.0000000 0.0464191 0.0668252 0.0000000 0.0029222 0.0035412 0.0219838 0.0055641 0.0512789 0.0323636
115 K 115 0.0063140 0.1065803 0.0178116 0.0169642 0.0000000 0.1041995 0.1594104 0.0047207 0.1008401 0.0041711 0.0114064 0.3992409 0.0037775 0.0000000 0.0059388 0.0019850 0.0105487 0.0000000 0.0083505 0.0053768 0.0323636
116 A 116 0.4101739 0.0369707 0.0276787 0.1111083 0.0000000 0.0577186 0.0536422 0.0032918 0.0092956 0.0000000 0.0142084 0.1269418 0.0043420 0.0023865 0.0000000 0.0810414 0.0035863 0.0000000 0.0034231 0.0150264 0.0391642
117 A 117 0.8114685 0.0000000 0.0000000 0.0000000 0.0089874 0.0000000 0.0028103 0.1022969 0.0000000 0.0087658 0.0075673 0.0000000 0.0053968 0.0000000 0.0000000 0.0037885 0.0031965 0.0000000 0.0000000 0.0055418 0.0401803
118 I 118 0.0411252 0.0000000 0.0000000 0.0000000 0.0000000 0.0000000 0.0000000 0.0000000 0.0000000 0.4210153 0.2913539 0.0000000 0.0043935 0.0041334 0.0000000 0.0019384 0.0281229 0.0000000 0.0000000 0.1545585 0.0533590
119 A 119 0.1991478 0.0453334 0.1014959 0.0543192 0.0000000 0.0329793 0.1275466 0.0043813 0.0335184 0.0017355 0.0109932 0.1459515 0.0060195 0.0077290 0.0000000 0.0587157 0.0137019 0.0110879 0.0346678 0.0121791 0.0984968
120 D 120 0.0104809 0.0086896 0.1566854 0.3723680 0.0014381 0.0729850 0.0768925 0.0056267 0.0097486 0.0187172 0.0027024 0.0482893 0.0000000 0.0009604 0.0031871 0.0133165 0.0129179 0.0000000 0.0020850 0.0000000 0.1829096
121 Y 121 0.0560065 0.0000000 0.0043177 0.0074331 0.0000000 0.0045980 0.0226529 0.0000000 0.0114502 0.0195673 0.0175686 0.0192371 0.0041048 0.0280873 0.0000000 0.0135689 0.0045354 0.0149939 0.4958518 0.0036555 0.2723711
122 K 122 0.0160428 0.1715540 0.0144105 0.0020291 0.0018302 0.0607659 0.0812376 0.0060452 0.0094684 0.0067451 0.0828900 0.1504322 0.0106923 0.0065143 0.0072880 0.0059833 0.0039697 0.0025085 0.0523729 0.0058384 0.3013817
123 S 123 0.0567471 0.0232677 0.0230698 0.0117800 0.0000000 0.0430668 0.0853903 0.1340151 0.0035840 0.0158056 0.0236064 0.0878334 0.0048078 0.0139746 0.0016085 0.0880997 0.0379473 0.0000000 0.0000000 0.0210044 0.3243915
124 K 124 0.0034549 0.0538130 0.0036368 0.0300020 0.0000000 0.0019198 0.0950965 0.0068117 0.0014893 0.0019313 0.0000000 0.3610456 0.0000000 0.0000000 0.0012406 0.0128690 0.0084784 0.0000000 0.0000000 0.0010967 0.4171144
125 R 125 0.0206521 0.0708716 0.0524361 0.0018153 0.0000000 0.1460573 0.0212728 0.0000000 0.0592688 0.0045557 0.0086859 0.0498715 0.0040948 0.0012682 0.0010586 0.0053837 0.0037906 0.0019850 0.0000000 0.0096919 0.5372402
126 E 126 0.0281366 0.0092735 0.0355460 0.0406374 0.0000000 0.0341928 0.0716677 0.1016003 0.0011727 0.0000000 0.0016378 0.0276557 0.0000000 0.0000000 0.0086700 0.0124762 0.0096280 0.0011862 0.0000000 0.0048131 0.6117058
127 A 127 0.0489441 0.0046363 0.0076688 0.0040926 0.0000000 0.0136707 0.0113221 0.0340618 0.0019580 0.0082377 0.0370961 0.0185330 0.0146739 0.0000000 0.0161866 0.0351729 0.0073065 0.0000000 0.0000000 0.0086723 0.7277666
128 K 128 0.0000000 0.0200013 0.0000000 0.0000000 0.0000000 0.0077972 0.0858924 0.0000000 0.0000000 0.0000000 0.0000000 0.0879500 0.0000000 0.0000000 0.0000000 0.0000000 0.0000000 0.0000000 0.0000000 0.0000000 0.7983590
