  113         A         R         N         D         C         Q         E         G         H         I         L         K         M         F         P         S         T         W         Y         V         X    
  1 H   1 0.0000000 0.0000000 0.0000000 0.0000000 0.0000000 0.0000000 0.0000000 0.0000000 0.0089671 0.0000000 0.0000000 0.0000000 0.0000000 0.0000000 0.0000000 0.0000000 0.0000000 0.0000000 0.0154649 0.0000000 0.9755680
  2 H   2 0.0000000 0.0000000 0.0000000 0.0000000 0.0000000 0.0114519 0.0000000 0.0000000 0.0255872 0.0000000 0.0000000 0.0000000 0.0000000 0.0000000 0.0000000 0.0000000 0.0000000 0.0000000 0.0154649 0.0000000 0.9474960
  3 H   3 0.0000000 0.0000000 0.0000000 0.0000000 0.0000000 0.0146384 0.0000000 0.0094705 0.0199049 0.0154649 0.0000000 0.0000000 0.0000000 0.0054806 0.0000000 0.0000000 0.0000000 0.0000000 0.0071496 0.0000000 0.9278911
  4 H   4 0.0000000 0.0000000 0.0419115 0.0114519 0.0000000 0.0000000 0.0000000 0.0000000 0.0199554 0.0000000 0.0000000 0.0000000 0.0000000 0.0000000 0.0090953 0.0000000 0.0000000 0.0000000 0.0000000 0.0000000 0.9175860
  5 H   5 0.0154649 0.0113260 0.0228702 0.0094705 0.0000000 0.0000000 0.0000000 0.0000000 0.0089671 0.0054806 0.0000000 0.0063634 0.0000000 0.0000000 0.0052877 0.0056501 0.0000000 0.0000000 0.0000000 0.0000000 0.9091194
  6 H   6 0.0000000 0.0000000 0.0000000 0.0000000 0.0000000 0.0041764 0.0000000 0.0000000 0.0089671 0.0167396 0.0000000 0.0000000 0.1710841 0.0000000 0.0202347 0.0000000 0.0000000 0.0000000 0.0000000 0.0120135 0.7667845
  7 A   7 0.0151246 0.0000000 0.0374155 0.0000000 0.0000000 0.0000000 0.0000000 0.0000000 0.0000000 0.0055090 0.0050807 0.0190996 0.0000000 0.0000000 0.0114519 0.0074477 0.1118518 0.0000000 0.0000000 0.0202347 0.7667845
  8 Q   8 0.0151062 0.0000000 0.0061259 0.0150665 0.0000000 0.1112173 0.0027918 0.0102659 0.0031561 0.0042242 0.0041820 0.0185858 0.0000000 0.0000000 0.0146558 0.0161218 0.0078918 0.0000000 0.0071496 0.0033932 0.7600662
  9 Q   9 0.0147582 0.0215448 0.0340905 0.0035559 0.0000000 0.0171844 0.0184797 0.0092571 0.0466540 0.0000000 0.0143841 0.0154751 0.0000000 0.0000000 0.0243214 0.0130303 0.0054901 0.0000000 0.0084699 0.0000000 0.7533045
 10 S  10 0.0066494 0.0201363 0.0192552 0.0000000 0.0000000 0.0086312 0.0081909 0.0000000 0.0148687 0.0000000 0.0071496 0.0042242 0.0000000 0.0049305 0.0034934 0.1053762 0.0079281 0.0000000 0.0089451 0.0114519 0.7687694
 11 P  11 0.0109378 0.0000000 0.0000000 0.0000000 0.0000000 0.0033435 0.0000000 0.0051851 0.0000000 0.0034934 0.0483205 0.0000000 0.0040015 0.0049305 0.0835564 0.0191277 0.0316208 0.0000000 0.0000000 0.0270966 0.7583861
 12 Y  12 0.0000000 0.0063634 0.0172130 0.0000000 0.0050807 0.0000000 0.0176614 0.0000000 0.0101687 0.0185515 0.0040015 0.0042242 0.0150865 0.0000000 0.0469182 0.0133029 0.0266588 0.0026797 0.0687512 0.0085508 0.7347875
 13 S  13 0.0130978 0.0000000 0.0050113 0.0945359 0.0000000 0.0000000 0.0000000 0.0105572 0.0026792 0.0094705 0.0000000 0.0081909 0.0050807 0.0000000 0.0054901 0.0862597 0.0320193 0.0000000 0.0000000 0.0052262 0.7223813
 14 A  14 0.0468098 0.0000000 0.0000000 0.0000000 0.0000000 0.0000000 0.0135629 0.0054901 0.0000000 0.0000000 0.0000000 0.0099981 0.0051851 0.0000000 0.1533752 0.0425092 0.0351025 0.0000000 0.0000000 0.0000000 0.6879670
 15 A  15 0.1828056 0.0105419 0.0188132 0.0039265 0.0053720 0.0051851 0.0251891 0.0041820 0.0046305 0.0063634 0.0048026 0.0050113 0.0228455 0.0000000 0.0000000 0.0035394 0.0203541 0.0000000 0.0000000 0.0130398 0.6633977
 16 M  16 0.0125701 0.0000000 0.0050807 0.0000000 0.0000000 0.0154127 0.0153639 0.0054901 0.0000000 0.0323142 0.1053495 0.0365367 0.0635599 0.0068252 0.0163442 0.0187734 0.0306644 0.0000000 0.0000000 0.0186165 0.6170986
 17 A  17 0.0995986 0.0082814 0.0089097 0.0602634 0.0000000 0.0168939 0.0215809 0.0040087 0.0000000 0.0033584 0.0000000 0.0269459 0.0000000 0.0000000 0.0059049 0.1119261 0.0405086 0.0000000 0.0000000 0.0092985 0.5825208
 18 E  18 0.0234313 0.0184666 0.0165589 0.0091640 0.0000000 0.0676432 0.1391703 0.0000000 0.0033017 0.0000000 0.0000000 0.0336391 0.0000000 0.0000000 0.0770517 0.0217461 0.0457496 0.0000000 0.0000000 0.0032970 0.5407805
 19 Q  19 0.0314360 0.0455006 0.0044430 0.0340858 0.0000000 0.1067028 0.0517243 0.0000000 0.0000000 0.0063634 0.0458527 0.0000000 0.0000000 0.0000000 0.1047537 0.0283978 0.0000000 0.0000000 0.0000000 0.0081909 0.5325490
 20 R  20 0.0139642 0.0983901 0.0284556 0.1035095 0.0000000 0.0192066 0.0860701 0.0134667 0.0103165 0.0081909 0.0105014 0.0349454 0.0027420 0.0046305 0.0114985 0.0355722 0.0149185 0.0025591 0.0069525 0.0326488 0.4614608
 21 H  21 0.0229207 0.0080120 0.1667664 0.0818665 0.0000000 0.0112977 0.0660551 0.0052069 0.0226127 0.0159817 0.0087734 0.0166556 0.0000000 0.0311993 0.0249788 0.0163130 0.0201296 0.0000000 0.0455104 0.0036346 0.4320858
 22 Q  22 0.0531251 0.0165381 0.0151345 0.0904232 0.0000000 0.1379450 0.1442751 0.0000000 0.0000000 0.0000000 0.0000000 0.0909670 0.0034048 0.0000000 0.0173621 0.0478438 0.0511564 0.0000000 0.0000000 0.0092878 0.3225371
 23 E  23 0.0379817 0.0092487 0.0618908 0.1522183 0.0000000 0.0579388 0.2013520 0.0473980 0.0728236 0.0000000 0.0108962 0.0000000 0.0000000 0.0000000 0.0000000 0.0385672 0.0202084 0.0000000 0.0064142 0.0000000 0.2830621
 24 W  24 0.0023208 0.0046203 0.0000000 0.0000000 0.0000000 0.0094048 0.0155636 0.0030425 0.0000000 0.0186955 0.1498121 0.0000000 0.0065752 0.0182144 0.0000000 0.0000000 0.0234994 0.3730733 0.0459340 0.0616988 0.2675453
 25 L  25 0.0122412 0.0373484 0.0405054 0.2578111 0.0000000 0.1842730 0.0368321 0.0149003 0.0116012 0.0000000 0.1245525 0.0663610 0.0118025 0.0050113 0.0000000 0.0321305 0.0166910 0.0000000 0.0000000 0.0040015 0.1439370
 26 R  26 0.1049468 0.1610327 0.0273369 0.0458166 0.0134358 0.2017608 0.1150117 0.0164711 0.0089224 0.0000000 0.0405600 0.0234614 0.0179080 0.0065323 0.0000000 0.0643961 0.0191801 0.0000000 0.0110794 0.0081035 0.1140445
 27 F  27 0.0050113 0.0000000 0.0000000 0.0000000 0.0000000 0.0000000 0.0000000 0.0000000 0.0000000 0.0369034 0.5110783 0.0000000 0.0043089 0.2968378 0.0000000 0.0000000 0.0000000 0.0000000 0.0047735 0.0894652 0.0516216
 28 V  28 0.0747272 0.0000000 0.0000000 0.0000000 0.0649473 0.0000000 0.0000000 0.0000000 0.0050524 0.0821694 0.1582140 0.0045454 0.0243682 0.2291293 0.0000000 0.0229662 0.0056057 0.0000000 0.0418719 0.2369587 0.0494442
 29 D  29 0.0742427 0.0985527 0.0377104 0.2082688 0.0049695 0.0508022 0.2837381 0.0122586 0.0176403 0.0000000 0.0060059 0.0742111 0.0048027 0.0043089 0.0000000 0.0177186 0.0507533 0.0000000 0.0000000 0.0033017 0.0507143
 30 L  30 0.3585876 0.0024494 0.0000000 0.0000000 0.0047735 0.0000000 0.0000000 0.0199486 0.0255270 0.0448306 0.3469244 0.0300817 0.0134764 0.0147810 0.0000000 0.0174293 0.0270903 0.0000000 0.0058065 0.0388496 0.0494442
 31 L  31 0.0046260 0.0000000 0.0000000 0.0000000 0.0213500 0.0000000 0.0000000 0.0000000 0.0000000 0.2987214 0.4147886 0.0000000 0.0287533 0.0626522 0.0000000 0.0000000 0.0017510 0.0000000 0.0000000 0.1164456 0.0509120
 32 K  32 0.1058005 0.1084443 0.0000000 0.0071876 0.0124897 0.1262021 0.0103320 0.0110487 0.0117972 0.0000000 0.3585754 0.0730968 0.0151485 0.0000000 0.0000000 0.0676698 0.0124793 0.0000000 0.0000000 0.0264953 0.0532329
 33 N  33 0.0609675 0.0175178 0.0620321 0.0156445 0.0333369 0.2060816 0.0475128 0.0080063 0.0269463 0.0066111 0.0657233 0.0673025 0.0197621 0.0000000 0.0000000 0.1854699 0.1204485 0.0000000 0.0000000 0.0057248 0.0509120
 34 A  34 0.2794353 0.0000000 0.0045574 0.0000000 0.0095730 0.0055806 0.0047565 0.0041428 0.0269505 0.0526606 0.4050354 0.0000000 0.0173343 0.0055143 0.0051058 0.0602667 0.0386750 0.0000000 0.0000000 0.0244885 0.0559233
 35 Y  35 0.0231962 0.0354573 0.0359055 0.0679570 0.0087907 0.0573947 0.1352152 0.0351686 0.0048146 0.0298986 0.0000000 0.1932648 0.0103745 0.0928232 0.0037790 0.0638628 0.0408536 0.0000000 0.0699872 0.0389548 0.0523017
 36 Q  36 0.1522135 0.0059747 0.1242971 0.2571038 0.0036860 0.0429847 0.0947092 0.0244122 0.0000000 0.0049305 0.0032440 0.0100912 0.0000000 0.0000000 0.0000000 0.0935764 0.1304750 0.0000000 0.0000000 0.0000000 0.0523017
 37 N  37 0.0351136 0.0762922 0.0188295 0.0384613 0.0000000 0.1064900 0.1962576 0.0080614 0.0203981 0.0462866 0.0577215 0.0559517 0.0177266 0.0000000 0.1152556 0.0559306 0.0306022 0.0000000 0.0087162 0.0646150 0.0472904
 38 D  38 0.0169780 0.0000000 0.0602902 0.2720073 0.0000000 0.0561811 0.3991184 0.0871312 0.0044430 0.0000000 0.0000000 0.0395598 0.0000000 0.0032731 0.0000000 0.0064960 0.0064845 0.0000000 0.0000000 0.0054785 0.0425590
 39 L  39 0.0448757 0.0254643 0.0048022 0.0839038 0.0000000 0.0812973 0.3938292 0.0022667 0.0103296 0.0067367 0.1677451 0.0558325 0.0113209 0.0208593 0.0000000 0.0151737 0.0078059 0.0034329 0.0000000 0.0217652 0.0425590
 40 H  40 0.0748214 0.0000000 0.0000000 0.0224056 0.2717960 0.0420479 0.0328090 0.0023955 0.1628520 0.0895769 0.0943797 0.0000000 0.0579153 0.0161069 0.0000000 0.0043117 0.0098899 0.0000000 0.0067268 0.0716992 0.0402661
 41 L  41 0.0634628 0.0355121 0.0139124 0.0677228 0.0000000 0.0762801 0.1130830 0.0102975 0.0224569 0.0111726 0.1361188 0.0333116 0.0069504 0.0328025 0.0000000 0.0134248 0.0096850 0.0000000 0.3051600 0.0083806 0.0402661
 42 P  42 0.1354732 0.1227156 0.0239231 0.0822463 0.0024925 0.0589659 0.0810122 0.0017472 0.0012989 0.0097177 0.0482221 0.0407162 0.0584845 0.0000000 0.1808177 0.0471047 0.0441546 0.0000000 0.0000000 0.0244168 0.0364910
 43 L  43 0.0147515 0.0072194 0.0000000 0.0000000 0.0000000 0.0000000 0.0000000 0.0000000 0.0000000 0.0438825 0.3400371 0.0058090 0.0177352 0.5056247 0.0000000 0.0000000 0.0000000 0.0000000 0.0047735 0.0272966 0.0328704
 44 L  44 0.0000000 0.0000000 0.0000000 0.0000000 0.0125599 0.0000000 0.0000000 0.0000000 0.0000000 0.0057072 0.5149435 0.0000000 0.0194791 0.4088342 0.0000000 0.0000000 0.0000000 0.0000000 0.0000000 0.0056057 0.0328704
 45 N  45 0.0319931 0.0541640 0.0179908 0.1081246 0.0000000 0.2068060 0.2880934 0.0317198 0.0221004 0.0049695 0.0074423 0.0250802 0.0041428 0.0000000 0.0101511 0.0356733 0.1150418 0.0000000 0.0036364 0.0000000 0.0328704
 46 L  46 0.0274469 0.0000000 0.0000000 0.4640627 0.0353768 0.0023255 0.0328822 0.0028419 0.0000000 0.0000000 0.2888971 0.0000000 0.0638465 0.0125599 0.0000000 0.0189211 0.0000000 0.0000000 0.0000000 0.0179690 0.0328704
 47 M  47 0.0047274 0.0000000 0.0000000 0.0000000 0.0000000 0.0000000 0.0000000 0.0000000 0.0000000 0.1279991 0.5824493 0.0000000 0.1235380 0.0424414 0.0000000 0.0000000 0.0000000 0.0000000 0.0000000 0.0859745 0.0328704
 48 L  48 0.0563021 0.0000000 0.0000000 0.0000000 0.3726695 0.0000000 0.0000000 0.0000000 0.0000000 0.0000000 0.4017547 0.0000000 0.0618628 0.0644483 0.0000000 0.0021558 0.0079365 0.0000000 0.0000000 0.0000000 0.0328704
 49 T  49 0.0000000 0.0000000 0.0000000 0.0000000 0.0000000 0.0000000 0.0000000 0.0000000 0.0000000 0.0000000 0.0000000 0.0000000 0.0000000 0.0000000 0.0000000 0.0352457 0.9318839 0.0000000 0.0000000 0.0000000 0.0328704
 50 P  50 0.0455941 0.0095578 0.0000000 0.0112537 0.0000000 0.0048349 0.0398408 0.0000000 0.0165577 0.1443464 0.0080135 0.0221191 0.0250516 0.0111679 0.4503142 0.0108294 0.0090740 0.0000000 0.0140209 0.1445535 0.0328704
 51 D  51 0.1506797 0.0413292 0.1354972 0.3257494 0.0000000 0.0091914 0.0576097 0.0689349 0.0040132 0.0036206 0.0000000 0.0622294 0.0000000 0.0000000 0.0130198 0.0794262 0.0103146 0.0000000 0.0000000 0.0055143 0.0328704
 52 E  52 0.0000000 0.0000000 0.0000000 0.0055143 0.0000000 0.0000000 0.9616153 0.0000000 0.0000000 0.0000000 0.0000000 0.0000000 0.0000000 0.0000000 0.0000000 0.0000000 0.0000000 0.0000000 0.0000000 0.0000000 0.0328704
 53 R  53 0.0060065 0.3674029 0.0000000 0.0000000 0.0000000 0.0226417 0.0000000 0.0000000 0.0000000 0.1925667 0.2684175 0.0268756 0.0196454 0.0000000 0.0000000 0.0000000 0.0086493 0.0000000 0.0121533 0.0427706 0.0328704
 54 E  54 0.0349877 0.0567848 0.0315680 0.0673052 0.0119134 0.0998810 0.2594951 0.0085876 0.0098305 0.0016066 0.0479677 0.1794298 0.0064794 0.0080395 0.0000000 0.0641936 0.0736546 0.0000000 0.0000000 0.0054050 0.0328704
 55 A  55 0.5325152 0.0039063 0.0000000 0.1031010 0.0000000 0.0179319 0.0716976 0.0036364 0.0000000 0.0000000 0.0000000 0.0031337 0.0047565 0.0000000 0.0000000 0.1981194 0.0203366 0.0000000 0.0000000 0.0079950 0.0328704
 56 L  56 0.0000000 0.0000000 0.0000000 0.0000000 0.0000000 0.0000000 0.0000000 0.0000000 0.0000000 0.1510955 0.4990683 0.0000000 0.1914542 0.0744711 0.0000000 0.0000000 0.0121110 0.0000000 0.0000000 0.0495402 0.0222597
 57 G  57 0.3833037 0.0000000 0.0140684 0.0000000 0.0058094 0.0134012 0.0265111 0.2025138 0.0000000 0.0407683 0.0172826 0.0120123 0.0026356 0.0039731 0.0000000 0.1884686 0.0235875 0.0000000 0.0000000 0.0434049 0.0222597
 58 T  58 0.0988110 0.0032731 0.0433459 0.0631069 0.0000000 0.3453099 0.0371415 0.0411010 0.0053474 0.0000000 0.0785936 0.0428456 0.0039128 0.0000000 0.0000000 0.0240566 0.1894747 0.0000000 0.0000000 0.0014204 0.0222597
 59 R  59 0.0000000 0.9777403 0.0000000 0.0000000 0.0000000 0.0000000 0.0000000 0.0000000 0.0000000 0.0000000 0.0000000 0.0000000 0.0000000 0.0000000 0.0000000 0.0000000 0.0000000 0.0000000 0.0000000 0.0000000 0.0222597
 60 V  60 0.0025907 0.0000000 0.0000000 0.0000000 0.0000000 0.0000000 0.0000000 0.0000000 0.0000000 0.0391804 0.3839462 0.0000000 0.0064394 0.0817738 0.0000000 0.0000000 0.0075677 0.1659881 0.0381737 0.2520803 0.0222597
 61 R  61 0.0426980 0.2686659 0.0967943 0.0153438 0.0031881 0.1534896 0.2218676 0.0000000 0.0252649 0.0000000 0.0616559 0.0641442 0.0034352 0.0000000 0.0000000 0.0117025 0.0023870 0.0000000 0.0021022 0.0050012 0.0222597
 62 I  62 0.0124391 0.0000000 0.0000000 0.0000000 0.0000000 0.0000000 0.0000000 0.0000000 0.0000000 0.3775280 0.0773274 0.0000000 0.0301352 0.0000000 0.0000000 0.0000000 0.0000000 0.0000000 0.0000000 0.4733688 0.0292017
 63 V  63 0.3950975 0.0000000 0.0000000 0.0000000 0.0347364 0.0000000 0.0000000 0.0000000 0.0000000 0.1355197 0.0333780 0.0000000 0.0139535 0.0939729 0.0000000 0.0016217 0.0125599 0.0000000 0.0146440 0.2422567 0.0222597
 64 E  64 0.0301599 0.1954644 0.0207147 0.0144418 0.0128147 0.1328121 0.1148364 0.0053624 0.0466800 0.0017748 0.0030731 0.2515068 0.0045669 0.0010742 0.0549775 0.0185718 0.0104285 0.0021774 0.0011014 0.0127122 0.0647490
 65 E  65 0.0639372 0.0131652 0.0000000 0.0171730 0.0000000 0.0350098 0.2762735 0.0060473 0.0030223 0.0000000 0.1869512 0.0107088 0.2457732 0.0058400 0.0000000 0.0072003 0.0163853 0.0000000 0.0097079 0.0025382 0.1002669
 66 L  66 0.0000000 0.0000000 0.0000000 0.0000000 0.0000000 0.0000000 0.0000000 0.0000000 0.0000000 0.0167334 0.9308717 0.0000000 0.0000000 0.0000000 0.0000000 0.0000000 0.0000000 0.0000000 0.0000000 0.0000000 0.0523949
 67 L  67 0.0223697 0.0565081 0.0027479 0.0966752 0.0000000 0.0320680 0.0225420 0.0036624 0.0255868 0.0237479 0.3378852 0.0374469 0.1151248 0.0099399 0.0000000 0.0199907 0.0197262 0.0000000 0.0273578 0.0343354 0.1122849
 68 R  68 0.0701357 0.2226085 0.0699217 0.0879085 0.0000000 0.0925592 0.1735952 0.0034720 0.0143813 0.0000000 0.0147679 0.1756529 0.0000000 0.0000000 0.0000000 0.0140159 0.0000000 0.0000000 0.0000000 0.0015933 0.0593881
 69 G  69 0.0141835 0.0000000 0.0244192 0.0072883 0.0023560 0.0218672 0.0479611 0.6815078 0.0077841 0.0139275 0.0053284 0.0948381 0.0020899 0.0000000 0.0000000 0.0042955 0.0056585 0.0000000 0.0000000 0.0000000 0.0664948
 70 E  70 0.0325000 0.0436649 0.0726411 0.0696938 0.0023107 0.0469202 0.2725482 0.0373690 0.0243256 0.0000000 0.0027640 0.0813682 0.0000000 0.0000000 0.0000000 0.0187537 0.0342887 0.0000000 0.0025625 0.0000000 0.2582893
 71 M  71 0.0042242 0.0297988 0.0147146 0.0030280 0.0077627 0.0051058 0.0000000 0.0000000 0.0113542 0.0553149 0.1451848 0.1641741 0.2104780 0.0148970 0.0000000 0.0089699 0.0049272 0.0021345 0.0331569 0.1115286 0.1732459
 72 S  72 0.0032155 0.0000000 0.0000000 0.0000000 0.0000000 0.0000000 0.0000000 0.0017191 0.0000000 0.0062083 0.0000000 0.0021343 0.0000000 0.0000000 0.1841628 0.3889173 0.3232584 0.0000000 0.0049272 0.0000000 0.0854571
 73 Q  73 0.0000000 0.0000000 0.0000000 0.0000000 0.0000000 0.4942894 0.0000000 0.0000000 0.0098277 0.0000000 0.0000000 0.0000000 0.0000000 0.0103571 0.0000000 0.0000000 0.0000000 0.0000000 0.4553905 0.0000000 0.0301352
 74 R  74 0.0168721 0.5783707 0.0474818 0.0414031 0.0000000 0.0062869 0.0288667 0.0084526 0.0280368 0.0168650 0.0455560 0.0019746 0.0035530 0.0000000 0.0185635 0.0421165 0.0424320 0.0000000 0.0270162 0.0160175 0.0301352
 75 E  75 0.0338623 0.0072741 0.0000000 0.1082943 0.0000000 0.1636224 0.5041349 0.0096882 0.0090418 0.0000000 0.0000000 0.0715606 0.0000000 0.0020947 0.0000000 0.0209642 0.0226253 0.0000000 0.0000000 0.0117748 0.0350624
 76 L  76 0.0000000 0.0000000 0.0000000 0.0000000 0.0000000 0.0000000 0.0000000 0.0000000 0.0000000 0.7661778 0.1551031 0.0000000 0.0066876 0.0000000 0.0000000 0.0000000 0.0000000 0.0000000 0.0000000 0.0418963 0.0301352
 77 K  77 0.3110634 0.0056501 0.0054345 0.0000000 0.0013853 0.0676913 0.1090994 0.0000000 0.0685835 0.0047621 0.0089723 0.1536135 0.0106551 0.0000000 0.0000000 0.1366017 0.0066617 0.0000000 0.0025190 0.0771720 0.0301352
 78 N  78 0.1146916 0.0207049 0.1373729 0.0399650 0.0026730 0.1557443 0.2333121 0.0084856 0.0068866 0.0046203 0.0026415 0.1584005 0.0000000 0.0000000 0.0000000 0.0572255 0.0271408 0.0000000 0.0000000 0.0000000 0.0301352
 79 E  79 0.0542477 0.0676748 0.0495915 0.0392133 0.0020166 0.1079221 0.2947469 0.0000000 0.0145500 0.0170724 0.0789792 0.1213577 0.0546738 0.0000000 0.0000000 0.0344283 0.0228965 0.0000000 0.0000000 0.0104940 0.0301352
 80 L  80 0.0123849 0.0000000 0.0000000 0.0000000 0.0000000 0.0000000 0.0000000 0.0000000 0.0164203 0.0161661 0.3903608 0.0000000 0.0000000 0.0253047 0.0000000 0.0070553 0.4312721 0.0000000 0.0545442 0.0163564 0.0301352
 81 G  81 0.0058400 0.0025331 0.0830622 0.0000000 0.0000000 0.0519045 0.0252833 0.7461746 0.0135156 0.0000000 0.0000000 0.0168872 0.0000000 0.0000000 0.0027122 0.0219520 0.0000000 0.0000000 0.0000000 0.0000000 0.0301352
 82 V  82 0.4616010 0.0000000 0.0000000 0.0000000 0.0056989 0.0000000 0.0000000 0.0000000 0.0000000 0.0906015 0.0222357 0.0047621 0.0219606 0.0000000 0.0000000 0.0000000 0.0536675 0.0000000 0.0000000 0.3093375 0.0301352
 83 G  83 0.0000000 0.0000000 0.0000000 0.0000000 0.0000000 0.0000000 0.0000000 0.2827369 0.0000000 0.0000000 0.0000000 0.0000000 0.0000000 0.0000000 0.0000000 0.6871279 0.0000000 0.0000000 0.0000000 0.0000000 0.0301352
 84 I  84 0.0498909 0.0000000 0.0000000 0.0000000 0.0000000 0.0000000 0.0000000 0.0000000 0.0000000 0.3450504 0.0986159 0.0000000 0.0056989 0.0000000 0.0193812 0.0653257 0.2970557 0.0000000 0.0000000 0.0888462 0.0301352
 85 A  85 0.7296375 0.0000000 0.0000000 0.0000000 0.1056615 0.0000000 0.0000000 0.0056989 0.0000000 0.0000000 0.0000000 0.0000000 0.0000000 0.0000000 0.0000000 0.0000000 0.1288670 0.0000000 0.0000000 0.0000000 0.0301352
 86 T  86 0.0000000 0.0000000 0.0048027 0.0000000 0.0000000 0.0119746 0.0000000 0.0000000 0.0000000 0.0176166 0.0000000 0.0751511 0.0000000 0.0000000 0.0000000 0.0270162 0.8333036 0.0000000 0.0000000 0.0000000 0.0301352
 87 I  87 0.0000000 0.0000000 0.0000000 0.0000000 0.0000000 0.0000000 0.0000000 0.0000000 0.0000000 0.8390529 0.0000000 0.0000000 0.0000000 0.0000000 0.0000000 0.0000000 0.0094705 0.0000000 0.0000000 0.1213414 0.0301352
 88 T  88 0.0121110 0.0000000 0.0000000 0.0000000 0.0049695 0.0000000 0.0000000 0.0546345 0.0000000 0.0000000 0.0000000 0.0000000 0.0000000 0.0047621 0.0000000 0.3794053 0.4979611 0.0000000 0.0000000 0.0160213 0.0301352
 89 R  89 0.0000000 0.9698648 0.0000000 0.0000000 0.0000000 0.0000000 0.0000000 0.0000000 0.0000000 0.0000000 0.0000000 0.0000000 0.0000000 0.0000000 0.0000000 0.0000000 0.0000000 0.0000000 0.0000000 0.0000000 0.0301352
 90 G  90 0.0051058 0.0000000 0.0000000 0.0000000 0.0450910 0.0000000 0.0000000 0.4489931 0.0000000 0.0347033 0.0000000 0.0000000 0.0000000 0.0000000 0.0000000 0.0000000 0.0025372 0.0000000 0.0000000 0.4261896 0.0373799
 91 S  91 0.1661404 0.0183246 0.1530571 0.0000000 0.0000000 0.0000000 0.0000000 0.0000000 0.0000000 0.0000000 0.0000000 0.1500842 0.0000000 0.0000000 0.0000000 0.4750138 0.0000000 0.0000000 0.0000000 0.0000000 0.0373799
 92 N  92 0.0078624 0.4734378 0.3583132 0.0000000 0.0000000 0.0000000 0.0000000 0.0000000 0.0000000 0.0000000 0.0000000 0.1230067 0.0000000 0.0000000 0.0000000 0.0000000 0.0000000 0.0000000 0.0000000 0.0000000 0.0373799
 93 S  93 0.1114106 0.0000000 0.0197498 0.0000000 0.1856307 0.0000000 0.1450713 0.0070493 0.0000000 0.0239125 0.0041428 0.0000000 0.0377799 0.0587522 0.0000000 0.2534476 0.0449487 0.0000000 0.0488916 0.0170677 0.0421453
 94 L  94 0.0000000 0.0000000 0.0000000 0.0000000 0.0000000 0.0000000 0.0000000 0.0000000 0.0000000 0.0442706 0.8683178 0.0000000 0.0138795 0.0108091 0.0000000 0.0000000 0.0000000 0.0000000 0.0076578 0.0105952 0.0444701
 95 K  95 0.0100765 0.0115258 0.1356086 0.0148361 0.0000000 0.0505027 0.0380189 0.0083385 0.0130725 0.0042242 0.0027341 0.4838400 0.0000000 0.0106107 0.0000000 0.0210751 0.0078097 0.0000000 0.0060659 0.0018169 0.1798439
 96 A  96 0.0539053 0.0115204 0.0432589 0.0449647 0.0000000 0.0329563 0.0351326 0.0211893 0.0923669 0.0128941 0.0079386 0.0806928 0.0133969 0.0079151 0.0000000 0.1157073 0.0752037 0.0070553 0.1656521 0.0000000 0.1782498
 97 A  97 0.1538353 0.0220965 0.0144332 0.0119955 0.0125599 0.0473595 0.0478670 0.2298607 0.0201340 0.0141058 0.0373617 0.0471017 0.0899390 0.0075419 0.0073110 0.0110073 0.0053720 0.0000000 0.0090249 0.0050265 0.2060666
 98 P  98 0.1135415 0.0047621 0.1013875 0.1256737 0.0049695 0.0046203 0.0234147 0.0418165 0.0049021 0.0000000 0.0000000 0.0075331 0.0000000 0.0036364 0.1662430 0.1589639 0.0329395 0.0000000 0.0038970 0.0000000 0.2016992
 99 V  99 0.0618168 0.0000000 0.0244060 0.1908731 0.0000000 0.0079660 0.0608620 0.0662488 0.0248860 0.0090932 0.0076217 0.0097822 0.0000000 0.0000000 0.1402606 0.1171296 0.0090124 0.0040087 0.0032795 0.0298299 0.2329236
100 E 100 0.1396727 0.0193851 0.0078088 0.0887255 0.0000000 0.0651703 0.1303138 0.2056828 0.0049580 0.0105368 0.0000000 0.0245538 0.0000000 0.0000000 0.0118166 0.0110877 0.0141190 0.0000000 0.0100472 0.0227854 0.2333364
101 L 101 0.0100986 0.0000000 0.0000000 0.0092589 0.0060340 0.0190605 0.0721990 0.0689220 0.0087162 0.0121579 0.1652385 0.0000000 0.0000000 0.0989084 0.0000000 0.0040132 0.0285085 0.0000000 0.2227704 0.0424286 0.2316853
102 R 102 0.0544473 0.1918450 0.0071765 0.0097067 0.0000000 0.0164685 0.0113449 0.0000000 0.0000000 0.0131352 0.0218207 0.3262205 0.0153448 0.0046260 0.0000000 0.0000000 0.0132782 0.0039063 0.0689220 0.0076919 0.2340655
103 Q 103 0.1173607 0.0784045 0.0366771 0.0433106 0.0000000 0.0894292 0.0786677 0.0020899 0.0069517 0.0253410 0.0747934 0.0818997 0.0280163 0.0049272 0.0000000 0.0350156 0.0183000 0.0000000 0.0000000 0.0426861 0.2361293
104 W 104 0.0844439 0.0061163 0.0049375 0.0000000 0.0000000 0.0089649 0.0038485 0.0000000 0.0000000 0.1331802 0.0982627 0.0265258 0.0207323 0.0284821 0.0000000 0.0023982 0.0188625 0.2194198 0.0000000 0.0991489 0.2446763
105 L 105 0.0050524 0.0000000 0.0000000 0.0000000 0.0000000 0.0000000 0.0000000 0.0000000 0.0000000 0.0881504 0.5227131 0.0000000 0.0153570 0.0266095 0.0000000 0.0000000 0.0000000 0.0000000 0.0000000 0.0974413 0.2446763
106 E 106 0.0521113 0.0393208 0.0223972 0.0897605 0.0000000 0.0434991 0.2486543 0.0081265 0.0000000 0.0120480 0.0510875 0.0784232 0.0047477 0.0088503 0.0037752 0.0512887 0.0069888 0.0000000 0.0000000 0.0088960 0.2700250
107 E 107 0.0921725 0.1857379 0.0264974 0.0671023 0.0000000 0.0687996 0.0882889 0.0106223 0.0146392 0.0000000 0.0103726 0.0950198 0.0056942 0.0081909 0.0000000 0.0218537 0.0220278 0.0000000 0.0000000 0.0027792 0.2802017
108 V 108 0.0120503 0.0676028 0.0267448 0.0000000 0.0000000 0.1501280 0.0093480 0.0071508 0.0174901 0.0071628 0.2318085 0.0334979 0.0219735 0.0114519 0.0000000 0.0040034 0.0024113 0.0000000 0.0351654 0.0292305 0.3327800
109 L 109 0.0050136 0.0020449 0.0052225 0.0024925 0.0000000 0.0110483 0.0082482 0.0049725 0.0000000 0.0667179 0.3652198 0.0100089 0.0085051 0.0030731 0.0000000 0.0082814 0.0055258 0.0000000 0.0014840 0.0129107 0.4792309
110 L 110 0.0081909 0.0038718 0.0109344 0.0115185 0.0000000 0.0052195 0.0391481 0.0081043 0.0000000 0.0358204 0.1647179 0.0905594 0.0334108 0.0000000 0.0000000 0.0145757 0.0055973 0.0000000 0.0000000 0.0185553 0.5497758
111 K 111 0.0258021 0.0288798 0.0422197 0.0054209 0.0000000 0.0415329 0.0352027 0.0062235 0.0179579 0.0000000 0.0039613 0.1028046 0.0000000 0.0000000 0.0360382 0.0075606 0.0197770 0.0000000 0.0000000 0.0000000 0.6266188
112 S 112 0.0190023 0.0000000 0.0841881 0.0030646 0.0000000 0.0077922 0.0099709 0.0065527 0.0126519 0.0000000 0.0000000 0.0573935 0.0000000 0.0021010 0.0143699 0.0310925 0.0174330 0.0000000 0.0000000 0.0168847 0.7175027
113 D 113 0.0000000 0.0000000 0.0504705 0.0666401 0.0000000 0.0000000 0.0353328 0.0000000 0.0000000 0.0000000 0.0000000 0.0000000 0.0000000 0.0000000 0.0000000 0.0000000 0.0000000 0.0000000 0.0000000 0.0000000 0.8475566
