  113         A         R         N         D         C         Q         E         G         H         I         L         K         M         F         P         S         T         W         Y         V    
  1 H   1 0.0000000 0.0000000 0.0000000 0.0000000 0.0000000 0.0000000 0.0000000 0.0000000 0.3782469 0.0000000 0.0000000 0.0000000 0.0000000 0.0000000 0.0000000 0.0000000 0.0000000 0.0000000 0.6217531 0.0000000
  2 H   2 0.0000000 0.0000000 0.0000000 0.0000000 0.0000000 0.2125051 0.0000000 0.0000000 0.4885501 0.0000000 0.0000000 0.0000000 0.0000000 0.0000000 0.0000000 0.0000000 0.0000000 0.0000000 0.2989448 0.0000000
  3 H   3 0.0000000 0.0000000 0.0000000 0.0000000 0.0000000 0.1999976 0.0000000 0.1311622 0.2784381 0.2212533 0.0000000 0.0000000 0.0000000 0.0733288 0.0000000 0.0000000 0.0000000 0.0000000 0.0958200 0.0000000
  4 H   4 0.0000000 0.0000000 0.5078153 0.1382662 0.0000000 0.0000000 0.0000000 0.0000000 0.2467490 0.0000000 0.0000000 0.0000000 0.0000000 0.0000000 0.1071695 0.0000000 0.0000000 0.0000000 0.0000000 0.0000000
  5 H   5 0.1774688 0.1213112 0.2480154 0.1052061 0.0000000 0.0000000 0.0000000 0.0000000 0.1079641 0.0588175 0.0000000 0.0658440 0.0000000 0.0000000 0.0560296 0.0593433 0.0000000 0.0000000 0.0000000 0.0000000
  6 H   6 0.0000000 0.0000000 0.0000000 0.0000000 0.0000000 0.0203489 0.0000000 0.0000000 0.0494213 0.0833957 0.0000000 0.0000000 0.6883517 0.0000000 0.1011770 0.0000000 0.0000000 0.0000000 0.0000000 0.0573054
  7 A   7 0.0784428 0.0000000 0.1775442 0.0000000 0.0000000 0.0000000 0.0000000 0.0000000 0.0000000 0.0260314 0.0237302 0.0977766 0.0000000 0.0000000 0.0577478 0.0347635 0.4027865 0.0000000 0.0000000 0.1011770
  8 Q   8 0.0695270 0.0000000 0.0279305 0.0732813 0.0000000 0.4019322 0.0126695 0.0463101 0.0143882 0.0186226 0.0190667 0.0888311 0.0000000 0.0000000 0.0672449 0.0741803 0.0365488 0.0000000 0.0341105 0.0153562
  9 Q   9 0.0694340 0.1033555 0.1512782 0.0157901 0.0000000 0.0831151 0.0847859 0.0414676 0.0896871 0.0000000 0.0651534 0.0682290 0.0000000 0.0000000 0.1083736 0.0575862 0.0242855 0.0000000 0.0374587 0.0000000
 10 S  10 0.0321396 0.1009614 0.0924468 0.0000000 0.0000000 0.0420975 0.0392040 0.0000000 0.0713074 0.0000000 0.0358366 0.0195650 0.0000000 0.0236903 0.0166836 0.3869644 0.0377095 0.0000000 0.0425720 0.0588219
 11 P  11 0.0513134 0.0000000 0.0000000 0.0000000 0.0000000 0.0152356 0.0000000 0.0233525 0.0000000 0.0159139 0.2227862 0.0000000 0.0181404 0.0225974 0.2703649 0.0872206 0.1490400 0.0000000 0.0000000 0.1240352
 12 Y  12 0.0000000 0.0263784 0.0712469 0.0000000 0.0207682 0.0000000 0.0758317 0.0000000 0.0417648 0.0762891 0.0163400 0.0168102 0.0650143 0.0000000 0.1974534 0.0559321 0.1105868 0.0109943 0.1804946 0.0340951
 13 S  13 0.0543222 0.0000000 0.0186696 0.3732184 0.0000000 0.0000000 0.0000000 0.0409428 0.0106175 0.0401425 0.0000000 0.0320816 0.0197802 0.0000000 0.0215179 0.2391343 0.1295248 0.0000000 0.0000000 0.0200481
 14 A  14 0.1700673 0.0000000 0.0000000 0.0000000 0.0000000 0.0000000 0.0468770 0.0190355 0.0000000 0.0000000 0.0000000 0.0344207 0.0177229 0.0000000 0.5383474 0.0548051 0.1187240 0.0000000 0.0000000 0.0000000
 15 A  15 0.5106267 0.0364743 0.0606104 0.0124957 0.0170808 0.0163664 0.0742300 0.0133913 0.0143906 0.0205241 0.0152972 0.0152517 0.0729536 0.0000000 0.0000000 0.0112765 0.0677657 0.0000000 0.0000000 0.0412649
 16 M  16 0.0344600 0.0000000 0.0141023 0.0000000 0.0000000 0.0430015 0.0449833 0.0153412 0.0000000 0.0151827 0.2973827 0.0965260 0.1828379 0.0190410 0.0451366 0.0544148 0.0845520 0.0000000 0.0000000 0.0530380
 17 A  17 0.1900507 0.0234433 0.0176609 0.1566946 0.0000000 0.0438462 0.0549420 0.0101154 0.0000000 0.0084394 0.0000000 0.0670265 0.0000000 0.0000000 0.0149852 0.2859771 0.1032695 0.0000000 0.0000000 0.0235491
 18 E  18 0.0547658 0.0413703 0.0381836 0.0206132 0.0000000 0.1564438 0.2644985 0.0000000 0.0075761 0.0000000 0.0000000 0.0751161 0.0000000 0.0000000 0.1791409 0.0474166 0.1074765 0.0000000 0.0000000 0.0073987
 19 Q  19 0.0709458 0.0977063 0.0099474 0.0789327 0.0000000 0.1853492 0.1185514 0.0000000 0.0000000 0.0145349 0.1009300 0.0000000 0.0000000 0.0000000 0.2388562 0.0656856 0.0000000 0.0000000 0.0000000 0.0185604
 20 R  20 0.0271130 0.1418382 0.0569757 0.2040166 0.0000000 0.0375206 0.1672415 0.0262453 0.0206818 0.0160114 0.0200570 0.0620888 0.0052901 0.0087916 0.0225451 0.0694804 0.0309934 0.0049377 0.0135707 0.0646011
 21 H  21 0.0437366 0.0145527 0.2551424 0.1501666 0.0000000 0.0207472 0.1229751 0.0095653 0.0450224 0.0293500 0.0158244 0.0321742 0.0000000 0.0596703 0.0459311 0.0291920 0.0352170 0.0000000 0.0842335 0.0064995
 22 Q  22 0.0856434 0.0248647 0.0231816 0.1377586 0.0000000 0.1763184 0.2150809 0.0000000 0.0000000 0.0000000 0.0000000 0.1366616 0.0052125 0.0000000 0.0260191 0.0743046 0.0803567 0.0000000 0.0000000 0.0145980
 23 E  23 0.0549468 0.0136098 0.0908112 0.2230429 0.0000000 0.0807802 0.2531388 0.0686529 0.1058849 0.0000000 0.0158335 0.0000000 0.0000000 0.0000000 0.0000000 0.0582219 0.0258427 0.0000000 0.0092344 0.0000000
 24 W  24 0.0031059 0.0065963 0.0000000 0.0000000 0.0000000 0.0134218 0.0219984 0.0041765 0.0000000 0.0262966 0.2122558 0.0000000 0.0089979 0.0256469 0.0000000 0.0000000 0.0324737 0.4981282 0.0641039 0.0827981
 25 L  25 0.0144836 0.0450368 0.0489914 0.2969252 0.0000000 0.2267420 0.0453940 0.0179532 0.0143316 0.0000000 0.1228896 0.0810036 0.0144586 0.0058255 0.0000000 0.0397062 0.0214029 0.0000000 0.0000000 0.0048560
 26 R  26 0.1206563 0.1581618 0.0336946 0.0529911 0.0156538 0.2313111 0.1359325 0.0192890 0.0103240 0.0000000 0.0455399 0.0267568 0.0222219 0.0069836 0.0000000 0.0758544 0.0227219 0.0000000 0.0125989 0.0093084
 27 F  27 0.0052673 0.0000000 0.0000000 0.0000000 0.0000000 0.0000000 0.0000000 0.0000000 0.0000000 0.0406699 0.5454227 0.0000000 0.0049447 0.2986374 0.0000000 0.0000000 0.0000000 0.0000000 0.0053173 0.0997407
 28 V  28 0.0832325 0.0000000 0.0000000 0.0000000 0.0694072 0.0000000 0.0000000 0.0000000 0.0057031 0.0893358 0.1740985 0.0050724 0.0262893 0.2355396 0.0000000 0.0260830 0.0063218 0.0000000 0.0462488 0.2326679
 29 D  29 0.0818197 0.1071807 0.0409966 0.2283729 0.0054703 0.0537797 0.2785135 0.0136213 0.0190651 0.0000000 0.0063039 0.0761035 0.0053901 0.0049423 0.0000000 0.0194557 0.0553518 0.0000000 0.0000000 0.0036330
 30 L  30 0.3790557 0.0026434 0.0000000 0.0000000 0.0053056 0.0000000 0.0000000 0.0199197 0.0273352 0.0492113 0.3568329 0.0325215 0.0146827 0.0158366 0.0000000 0.0183899 0.0291503 0.0000000 0.0062772 0.0428379
 31 L  31 0.0051378 0.0000000 0.0000000 0.0000000 0.0234878 0.0000000 0.0000000 0.0000000 0.0000000 0.3152546 0.4296005 0.0000000 0.0312293 0.0699640 0.0000000 0.0000000 0.0018364 0.0000000 0.0000000 0.1234894
 32 K  32 0.1183021 0.0911715 0.0000000 0.0080749 0.0138433 0.1405082 0.0114746 0.0122991 0.0127002 0.0000000 0.3750619 0.0838673 0.0164799 0.0000000 0.0000000 0.0744193 0.0134689 0.0000000 0.0000000 0.0283286
 33 N  33 0.0665814 0.0192732 0.0703820 0.0176430 0.0378971 0.1968899 0.0485307 0.0088832 0.0303913 0.0072445 0.0695925 0.0740997 0.0215100 0.0000000 0.0000000 0.1956515 0.1294267 0.0000000 0.0000000 0.0060031
 34 A  34 0.2836140 0.0000000 0.0050834 0.0000000 0.0103941 0.0060819 0.0051578 0.0045242 0.0293515 0.0581537 0.4282429 0.0000000 0.0192470 0.0072168 0.0058265 0.0672097 0.0429100 0.0000000 0.0000000 0.0269866
 35 Y  35 0.0256332 0.0393201 0.0390663 0.0713316 0.0096899 0.0625884 0.1444327 0.0383940 0.0052291 0.0340904 0.0000000 0.2030119 0.0116450 0.1022895 0.0036930 0.0716289 0.0448176 0.0000000 0.0498305 0.0433079
 36 Q  36 0.1425850 0.0065977 0.1321830 0.2736821 0.0040068 0.0496246 0.1051421 0.0269995 0.0000000 0.0054814 0.0035689 0.0111159 0.0000000 0.0000000 0.0000000 0.0990479 0.1399651 0.0000000 0.0000000 0.0000000
 37 N  37 0.0394566 0.0806115 0.0223814 0.0419780 0.0000000 0.1184220 0.1844616 0.0087216 0.0223115 0.0479591 0.0582646 0.0581812 0.0181054 0.0000000 0.1270288 0.0614489 0.0326160 0.0000000 0.0093986 0.0686533
 38 D  38 0.0182794 0.0000000 0.0659078 0.2651156 0.0000000 0.0610012 0.4215144 0.0970863 0.0048173 0.0000000 0.0000000 0.0427133 0.0000000 0.0036620 0.0000000 0.0068149 0.0072007 0.0000000 0.0000000 0.0058872
 39 L  39 0.0501909 0.0287405 0.0051766 0.0911440 0.0000000 0.0901965 0.4079329 0.0023254 0.0113580 0.0073609 0.1577491 0.0605810 0.0124693 0.0227440 0.0000000 0.0161135 0.0084455 0.0037827 0.0000000 0.0236891
 40 H  40 0.0808706 0.0000000 0.0000000 0.0255656 0.2766514 0.0462620 0.0356745 0.0025889 0.1523126 0.0974578 0.1020416 0.0000000 0.0625713 0.0178941 0.0000000 0.0045177 0.0109287 0.0000000 0.0069404 0.0777228
 41 L  41 0.0702765 0.0384228 0.0152539 0.0735433 0.0000000 0.0831495 0.1256152 0.0111912 0.0244245 0.0120479 0.1204571 0.0368703 0.0069148 0.0351482 0.0000000 0.0145762 0.0107122 0.0000000 0.3122659 0.0091305
 42 P  42 0.1440307 0.1291807 0.0243468 0.0873336 0.0026612 0.0605674 0.0853477 0.0018835 0.0013376 0.0104439 0.0542561 0.0408877 0.0644895 0.0000000 0.1713084 0.0503121 0.0454292 0.0000000 0.0000000 0.0261840
 43 L  43 0.0155906 0.0075804 0.0000000 0.0000000 0.0000000 0.0000000 0.0000000 0.0000000 0.0000000 0.0477341 0.3445426 0.0060942 0.0193937 0.5243498 0.0000000 0.0000000 0.0000000 0.0000000 0.0052480 0.0294665
 44 L  44 0.0000000 0.0000000 0.0000000 0.0000000 0.0137768 0.0000000 0.0000000 0.0000000 0.0000000 0.0061831 0.5303095 0.0000000 0.0217054 0.4217720 0.0000000 0.0000000 0.0000000 0.0000000 0.0000000 0.0062532
 45 N  45 0.0344627 0.0601852 0.0211350 0.1118766 0.0000000 0.1975621 0.2942398 0.0347679 0.0237481 0.0054016 0.0080558 0.0265891 0.0044412 0.0000000 0.0112706 0.0384195 0.1239254 0.0000000 0.0039192 0.0000000
 46 L  46 0.0291720 0.0000000 0.0000000 0.4786128 0.0389485 0.0024326 0.0354946 0.0030140 0.0000000 0.0000000 0.2880328 0.0000000 0.0698436 0.0137768 0.0000000 0.0201728 0.0000000 0.0000000 0.0000000 0.0204995
 47 M  47 0.0050292 0.0000000 0.0000000 0.0000000 0.0000000 0.0000000 0.0000000 0.0000000 0.0000000 0.1293862 0.6242980 0.0000000 0.1081840 0.0460618 0.0000000 0.0000000 0.0000000 0.0000000 0.0000000 0.0870407
 48 L  48 0.0573397 0.0000000 0.0000000 0.0000000 0.3839378 0.0000000 0.0000000 0.0000000 0.0000000 0.0000000 0.4102251 0.0000000 0.0678369 0.0697080 0.0000000 0.0023389 0.0086137 0.0000000 0.0000000 0.0000000
 49 T  49 0.0000000 0.0000000 0.0000000 0.0000000 0.0000000 0.0000000 0.0000000 0.0000000 0.0000000 0.0000000 0.0000000 0.0000000 0.0000000 0.0000000 0.0000000 0.0389383 0.9610617 0.0000000 0.0000000 0.0000000
 50 P  50 0.0498279 0.0105935 0.0000000 0.0120591 0.0000000 0.0051887 0.0426451 0.0000000 0.0191232 0.1456430 0.0086479 0.0241624 0.0244957 0.0122379 0.4620609 0.0100319 0.0096506 0.0000000 0.0149010 0.1487312
 51 D  51 0.1609352 0.0442323 0.1355720 0.3299964 0.0000000 0.0091085 0.0626155 0.0728350 0.0043360 0.0022408 0.0000000 0.0641700 0.0000000 0.0000000 0.0138454 0.0823507 0.0106779 0.0000000 0.0000000 0.0070845
 52 E  52 0.0000000 0.0000000 0.0000000 0.0070845 0.0000000 0.0000000 0.9929155 0.0000000 0.0000000 0.0000000 0.0000000 0.0000000 0.0000000 0.0000000 0.0000000 0.0000000 0.0000000 0.0000000 0.0000000 0.0000000
 53 R  53 0.0064543 0.3745406 0.0000000 0.0000000 0.0000000 0.0241449 0.0000000 0.0000000 0.0000000 0.1991137 0.2812215 0.0293332 0.0203494 0.0000000 0.0000000 0.0000000 0.0093246 0.0000000 0.0128282 0.0426896
 54 E  54 0.0380587 0.0588836 0.0346696 0.0727026 0.0127125 0.1046159 0.2565307 0.0092311 0.0104120 0.0016069 0.0463235 0.1841798 0.0079956 0.0083998 0.0000000 0.0665565 0.0812871 0.0000000 0.0000000 0.0058342
 55 A  55 0.5460262 0.0042364 0.0000000 0.1090059 0.0000000 0.0195989 0.0765705 0.0039192 0.0000000 0.0000000 0.0000000 0.0033888 0.0050632 0.0000000 0.0000000 0.2025148 0.0212037 0.0000000 0.0000000 0.0084722
 56 L  56 0.0000000 0.0000000 0.0000000 0.0000000 0.0000000 0.0000000 0.0000000 0.0000000 0.0000000 0.1599848 0.5002320 0.0000000 0.1940782 0.0792569 0.0000000 0.0000000 0.0129297 0.0000000 0.0000000 0.0535184
 57 G  57 0.4006423 0.0000000 0.0155450 0.0000000 0.0061582 0.0135236 0.0275537 0.1936139 0.0000000 0.0451736 0.0185859 0.0031162 0.0028287 0.0041639 0.0000000 0.1959367 0.0258576 0.0000000 0.0000000 0.0473007
 58 T  58 0.1090027 0.0036332 0.0468284 0.0686876 0.0000000 0.3490859 0.0297340 0.0443893 0.0055758 0.0000000 0.0847521 0.0464704 0.0042020 0.0000000 0.0000000 0.0259216 0.1803026 0.0000000 0.0000000 0.0014143
 59 R  59 0.0000000 1.0000000 0.0000000 0.0000000 0.0000000 0.0000000 0.0000000 0.0000000 0.0000000 0.0000000 0.0000000 0.0000000 0.0000000 0.0000000 0.0000000 0.0000000 0.0000000 0.0000000 0.0000000 0.0000000
 60 V  60 0.0028211 0.0000000 0.0000000 0.0000000 0.0000000 0.0000000 0.0000000 0.0000000 0.0000000 0.0427066 0.3996343 0.0000000 0.0069279 0.0802094 0.0000000 0.0000000 0.0082572 0.1709831 0.0390710 0.2493893
 61 R  61 0.0458381 0.2676297 0.1064333 0.0138432 0.0033809 0.1635586 0.2225490 0.0000000 0.0247237 0.0000000 0.0572225 0.0695427 0.0035102 0.0000000 0.0000000 0.0122862 0.0025370 0.0000000 0.0019057 0.0050392
 62 I  62 0.0112948 0.0000000 0.0000000 0.0000000 0.0000000 0.0000000 0.0000000 0.0000000 0.0000000 0.4156281 0.0847616 0.0000000 0.0035551 0.0000000 0.0000000 0.0000000 0.0000000 0.0000000 0.0000000 0.4847604
 63 V  63 0.3941737 0.0000000 0.0000000 0.0000000 0.0084913 0.0000000 0.0000000 0.0000000 0.0000000 0.1491174 0.0363055 0.0000000 0.0150630 0.1004136 0.0000000 0.0016462 0.0137529 0.0000000 0.0162338 0.2648027
 64 E  64 0.0311126 0.2078813 0.0229082 0.0156788 0.0144594 0.1352963 0.1296679 0.0057092 0.0503497 0.0018025 0.0034203 0.2680590 0.0048956 0.0010510 0.0607992 0.0200288 0.0113949 0.0022138 0.0010475 0.0122239
 65 E  65 0.0729700 0.0127904 0.0000000 0.0196444 0.0000000 0.0398567 0.3243781 0.0064199 0.0034375 0.0000000 0.1985920 0.0099261 0.2653143 0.0065403 0.0000000 0.0083581 0.0181332 0.0000000 0.0107729 0.0028661
 66 L  66 0.0000000 0.0000000 0.0000000 0.0000000 0.0000000 0.0000000 0.0000000 0.0000000 0.0000000 0.0206153 0.9793847 0.0000000 0.0000000 0.0000000 0.0000000 0.0000000 0.0000000 0.0000000 0.0000000 0.0000000
 67 L  67 0.0251193 0.0615026 0.0029640 0.1095103 0.0000000 0.0370586 0.0244767 0.0040839 0.0168769 0.0271883 0.3858514 0.0436408 0.1333522 0.0111007 0.0000000 0.0221465 0.0223818 0.0000000 0.0310061 0.0417398
 68 R  68 0.0744953 0.2352580 0.0769561 0.0844572 0.0000000 0.1017236 0.1815194 0.0034092 0.0159568 0.0000000 0.0163205 0.1929561 0.0000000 0.0000000 0.0000000 0.0152494 0.0000000 0.0000000 0.0000000 0.0016983
 69 G  69 0.0149520 0.0000000 0.0263575 0.0071997 0.0025704 0.0226671 0.0471136 0.7361436 0.0064688 0.0153210 0.0037378 0.1046137 0.0022406 0.0000000 0.0000000 0.0043214 0.0062929 0.0000000 0.0000000 0.0000000
 70 E  70 0.0450157 0.0564358 0.0980930 0.0962094 0.0028911 0.0643408 0.3842010 0.0473237 0.0311959 0.0000000 0.0037271 0.0925637 0.0000000 0.0000000 0.0000000 0.0261108 0.0486630 0.0000000 0.0032289 0.0000000
 71 M  71 0.0052402 0.0375662 0.0159355 0.0038054 0.0073026 0.0067228 0.0000000 0.0000000 0.0137861 0.0678107 0.1750393 0.2008474 0.2441750 0.0186323 0.0000000 0.0111656 0.0056350 0.0021959 0.0430380 0.1411021
 72 S  72 0.0037508 0.0000000 0.0000000 0.0000000 0.0000000 0.0000000 0.0000000 0.0018815 0.0000000 0.0067127 0.0000000 0.0024267 0.0000000 0.0000000 0.1883234 0.4396355 0.3522012 0.0000000 0.0050682 0.0000000
 73 Q  73 0.0000000 0.0000000 0.0000000 0.0000000 0.0000000 0.5185266 0.0000000 0.0000000 0.0103901 0.0000000 0.0000000 0.0000000 0.0000000 0.0111372 0.0000000 0.0000000 0.0000000 0.0000000 0.4599461 0.0000000
 74 R  74 0.0184942 0.6221543 0.0487833 0.0391209 0.0000000 0.0063370 0.0296758 0.0087056 0.0287908 0.0174161 0.0435630 0.0021074 0.0036391 0.0000000 0.0189136 0.0433614 0.0440578 0.0000000 0.0073944 0.0174853
 75 E  75 0.0364176 0.0076876 0.0000000 0.1109488 0.0000000 0.1654638 0.5263214 0.0097759 0.0095596 0.0000000 0.0000000 0.0758494 0.0000000 0.0022683 0.0000000 0.0188465 0.0250018 0.0000000 0.0000000 0.0118594
 76 L  76 0.0000000 0.0000000 0.0000000 0.0000000 0.0000000 0.0000000 0.0000000 0.0000000 0.0000000 0.7758200 0.1721287 0.0000000 0.0074929 0.0000000 0.0000000 0.0000000 0.0000000 0.0000000 0.0000000 0.0445583
 77 K  77 0.3047286 0.0063017 0.0050999 0.0000000 0.0013851 0.0713252 0.1163160 0.0000000 0.0660514 0.0052458 0.0092322 0.1702952 0.0114742 0.0000000 0.0000000 0.1480409 0.0069092 0.0000000 0.0026335 0.0749612
 78 N  78 0.1230176 0.0220382 0.1511233 0.0321968 0.0028584 0.1669541 0.2437670 0.0089870 0.0073856 0.0050413 0.0028242 0.1461014 0.0000000 0.0000000 0.0000000 0.0608531 0.0268521 0.0000000 0.0000000 0.0000000
 79 E  79 0.0564287 0.0721598 0.0533165 0.0404427 0.0021041 0.1152781 0.3048062 0.0000000 0.0141110 0.0178404 0.0888412 0.1244945 0.0600998 0.0000000 0.0000000 0.0151992 0.0242416 0.0000000 0.0000000 0.0106362
 80 L  80 0.0136309 0.0000000 0.0000000 0.0000000 0.0000000 0.0000000 0.0000000 0.0000000 0.0179949 0.0174784 0.4058465 0.0000000 0.0000000 0.0274404 0.0000000 0.0095732 0.4334218 0.0000000 0.0590739 0.0155400
 81 G  81 0.0061882 0.0027613 0.0684302 0.0000000 0.0000000 0.0580535 0.0251287 0.7795278 0.0149437 0.0000000 0.0000000 0.0179122 0.0000000 0.0000000 0.0029514 0.0241031 0.0000000 0.0000000 0.0000000 0.0000000
 82 V  82 0.4579275 0.0000000 0.0000000 0.0000000 0.0065161 0.0000000 0.0000000 0.0000000 0.0000000 0.0940509 0.0240838 0.0052458 0.0241007 0.0000000 0.0000000 0.0000000 0.0579081 0.0000000 0.0000000 0.3301671
 83 G  83 0.0000000 0.0000000 0.0000000 0.0000000 0.0000000 0.0000000 0.0000000 0.3111800 0.0000000 0.0000000 0.0000000 0.0000000 0.0000000 0.0000000 0.0000000 0.6888200 0.0000000 0.0000000 0.0000000 0.0000000
 84 I  84 0.0536637 0.0000000 0.0000000 0.0000000 0.0000000 0.0000000 0.0000000 0.0000000 0.0000000 0.3677237 0.0864435 0.0000000 0.0065161 0.0000000 0.0208805 0.0679761 0.2988720 0.0000000 0.0000000 0.0979245
 85 A  85 0.7615288 0.0000000 0.0000000 0.0000000 0.0931323 0.0000000 0.0000000 0.0065161 0.0000000 0.0000000 0.0000000 0.0000000 0.0000000 0.0000000 0.0000000 0.0000000 0.1388229 0.0000000 0.0000000 0.0000000
 86 T  86 0.0000000 0.0000000 0.0053195 0.0000000 0.0000000 0.0128968 0.0000000 0.0000000 0.0000000 0.0190658 0.0000000 0.0819077 0.0000000 0.0000000 0.0000000 0.0073944 0.8734158 0.0000000 0.0000000 0.0000000
 87 I  87 0.0000000 0.0000000 0.0000000 0.0000000 0.0000000 0.0000000 0.0000000 0.0000000 0.0000000 0.8612942 0.0000000 0.0000000 0.0000000 0.0000000 0.0000000 0.0000000 0.0111720 0.0000000 0.0000000 0.1275338
 88 T  88 0.0129453 0.0000000 0.0000000 0.0000000 0.0053987 0.0000000 0.0000000 0.0595444 0.0000000 0.0000000 0.0000000 0.0000000 0.0000000 0.0052458 0.0000000 0.3866659 0.5126519 0.0000000 0.0000000 0.0175480
 89 R  89 0.0000000 1.0000000 0.0000000 0.0000000 0.0000000 0.0000000 0.0000000 0.0000000 0.0000000 0.0000000 0.0000000 0.0000000 0.0000000 0.0000000 0.0000000 0.0000000 0.0000000 0.0000000 0.0000000 0.0000000
 90 G  90 0.0057375 0.0000000 0.0000000 0.0000000 0.0487118 0.0000000 0.0000000 0.4715933 0.0000000 0.0363009 0.0000000 0.0000000 0.0000000 0.0000000 0.0000000 0.0000000 0.0027480 0.0000000 0.0000000 0.4349086
 91 S  91 0.1491436 0.0193394 0.1523424 0.0000000 0.0000000 0.0000000 0.0000000 0.0000000 0.0000000 0.0000000 0.0000000 0.1574029 0.0000000 0.0000000 0.0000000 0.5217718 0.0000000 0.0000000 0.0000000 0.0000000
 92 N  92 0.0088419 0.4646531 0.3952289 0.0000000 0.0000000 0.0000000 0.0000000 0.0000000 0.0000000 0.0000000 0.0000000 0.1312761 0.0000000 0.0000000 0.0000000 0.0000000 0.0000000 0.0000000 0.0000000 0.0000000
 93 S  93 0.1186873 0.0000000 0.0221367 0.0000000 0.1920437 0.0000000 0.1386840 0.0077517 0.0000000 0.0260779 0.0044726 0.0000000 0.0410275 0.0521785 0.0000000 0.2732375 0.0526143 0.0000000 0.0525952 0.0184930
 94 L  94 0.0000000 0.0000000 0.0000000 0.0000000 0.0000000 0.0000000 0.0000000 0.0000000 0.0000000 0.0480105 0.9049715 0.0000000 0.0150622 0.0120033 0.0000000 0.0000000 0.0000000 0.0000000 0.0082170 0.0117355
 95 K  95 0.0127780 0.0144361 0.1625334 0.0198626 0.0000000 0.0657491 0.0489288 0.0101345 0.0159308 0.0052117 0.0033052 0.5925875 0.0000000 0.0020350 0.0000000 0.0268224 0.0098665 0.0000000 0.0075783 0.0022401
 96 A  96 0.0709307 0.0144284 0.0540970 0.0544673 0.0000000 0.0412180 0.0441753 0.0270767 0.1081954 0.0159511 0.0100657 0.0770510 0.0171052 0.0098084 0.0000000 0.1479638 0.0959603 0.0111678 0.2003380 0.0000000
 97 A  97 0.2068956 0.0296793 0.0193676 0.0154481 0.0166624 0.0367873 0.0501656 0.2930457 0.0260126 0.0183012 0.0487299 0.0618882 0.1178407 0.0097913 0.0095651 0.0144649 0.0070416 0.0000000 0.0117676 0.0065453
 98 P  98 0.1458547 0.0063096 0.1182878 0.1382832 0.0064935 0.0060637 0.0301454 0.0544181 0.0062763 0.0000000 0.0000000 0.0096064 0.0000000 0.0047114 0.2213691 0.2059948 0.0411702 0.0000000 0.0050157 0.0000000
 99 V  99 0.0838044 0.0000000 0.0203624 0.2559655 0.0000000 0.0106764 0.0825683 0.0890384 0.0336924 0.0122997 0.0104023 0.0133792 0.0000000 0.0000000 0.1915108 0.1317852 0.0123154 0.0054127 0.0035272 0.0432597
100 E 100 0.1528174 0.0265803 0.0102851 0.1183356 0.0000000 0.0895702 0.1817494 0.2710329 0.0067221 0.0143524 0.0000000 0.0338015 0.0000000 0.0000000 0.0160855 0.0148362 0.0194647 0.0000000 0.0135983 0.0307685
101 L 101 0.0135352 0.0000000 0.0000000 0.0127518 0.0081452 0.0255056 0.0990014 0.0779267 0.0116299 0.0165762 0.2015929 0.0000000 0.0000000 0.1343432 0.0000000 0.0054195 0.0398162 0.0000000 0.2958443 0.0579119
102 R 102 0.0475324 0.2608000 0.0091489 0.0129345 0.0000000 0.0222403 0.0150061 0.0000000 0.0000000 0.0176653 0.0293592 0.4441180 0.0208459 0.0063572 0.0000000 0.0000000 0.0201351 0.0053117 0.0781715 0.0103739
103 Q 103 0.1634976 0.1069791 0.0485612 0.0591508 0.0000000 0.1249055 0.1075130 0.0027761 0.0095718 0.0337317 0.0996828 0.0973001 0.0372123 0.0060395 0.0000000 0.0488270 0.0243693 0.0000000 0.0000000 0.0298820
104 W 104 0.1170987 0.0082331 0.0066330 0.0000000 0.0000000 0.0121868 0.0052928 0.0000000 0.0000000 0.1521867 0.1340853 0.0359087 0.0280395 0.0389706 0.0000000 0.0032442 0.0249236 0.3049768 0.0000000 0.1282203
105 L 105 0.0070886 0.0000000 0.0000000 0.0000000 0.0000000 0.0000000 0.0000000 0.0000000 0.0000000 0.1165319 0.7164822 0.0000000 0.0208976 0.0364804 0.0000000 0.0000000 0.0000000 0.0000000 0.0000000 0.1025194
106 E 106 0.0752170 0.0582518 0.0312109 0.0985910 0.0000000 0.0597857 0.3521212 0.0113221 0.0000000 0.0170003 0.0709608 0.1102291 0.0066405 0.0100731 0.0033931 0.0726682 0.0099627 0.0000000 0.0000000 0.0125726
107 E 107 0.1323076 0.2625256 0.0391800 0.0940758 0.0000000 0.0994829 0.1308421 0.0151131 0.0209853 0.0000000 0.0147657 0.1052912 0.0061709 0.0117972 0.0000000 0.0315471 0.0317886 0.0000000 0.0000000 0.0041269
108 V 108 0.0187382 0.1008001 0.0413447 0.0000000 0.0000000 0.2362494 0.0147019 0.0109054 0.0271435 0.0109201 0.3525219 0.0520382 0.0340160 0.0191381 0.0000000 0.0063586 0.0038061 0.0000000 0.0231536 0.0481643
109 L 109 0.0097099 0.0039983 0.0131178 0.0048598 0.0000000 0.0219697 0.0159050 0.0095078 0.0000000 0.1322247 0.6901879 0.0197815 0.0162150 0.0061672 0.0000000 0.0183689 0.0109044 0.0000000 0.0028446 0.0242374
110 L 110 0.0190101 0.0090581 0.0252527 0.0265572 0.0000000 0.0117144 0.0869508 0.0187297 0.0000000 0.0862233 0.3887477 0.2025305 0.0315680 0.0000000 0.0000000 0.0358994 0.0129827 0.0000000 0.0000000 0.0447754
111 K 111 0.0731516 0.0843487 0.0620477 0.0149969 0.0000000 0.1197628 0.0942794 0.0176051 0.0509222 0.0000000 0.0109610 0.2908375 0.0000000 0.0000000 0.1022825 0.0219390 0.0568656 0.0000000 0.0000000 0.0000000
112 S 112 0.0719303 0.0000000 0.2475751 0.0114592 0.0000000 0.0293129 0.0376985 0.0197116 0.0477038 0.0000000 0.0000000 0.2100272 0.0000000 0.0077271 0.0580978 0.1227727 0.0716622 0.0000000 0.0000000 0.0643216
113 D 113 0.0000000 0.0000000 0.3291118 0.4488313 0.0000000 0.0000000 0.2220569 0.0000000 0.0000000 0.0000000 0.0000000 0.0000000 0.0000000 0.0000000 0.0000000 0.0000000 0.0000000 0.0000000 0.0000000 0.0000000
