  102         A         R         N         D         C         Q         E         G         H         I         L         K         M         F         P         S         T         W         Y         V         X    
  1 N   1 0.0000000 0.0000000 0.1426690 0.0000000 0.0000000 0.0000000 0.0000000 0.0333317 0.0130276 0.0000000 0.0000000 0.0550971 0.0000000 0.0000000 0.0000000 0.1884597 0.0000000 0.0000000 0.0000000 0.0000000 0.5674150
  2 T   2 0.2989857 0.0000000 0.0000000 0.0056890 0.0000000 0.0000000 0.0000000 0.0000000 0.0000000 0.0000000 0.0000000 0.0099800 0.0000000 0.0000000 0.0000000 0.0519963 0.2321061 0.0000000 0.0000000 0.0037837 0.3974592
  3 A   3 0.1040656 0.0000000 0.0607958 0.0000000 0.0000000 0.1383915 0.0000000 0.1826556 0.0332796 0.0000000 0.0000000 0.0120307 0.0000000 0.0000000 0.0000000 0.2146515 0.0105981 0.0000000 0.0046982 0.0000000 0.2388333
  4 E   4 0.0063800 0.0000000 0.0702548 0.1947606 0.0000000 0.0337231 0.4136611 0.0000000 0.0099911 0.0079791 0.0074437 0.0334602 0.0044614 0.0000000 0.0000000 0.0000000 0.0115723 0.0000000 0.0077323 0.0288284 0.1697519
  5 L   5 0.0000000 0.0000000 0.0000000 0.0000000 0.0000000 0.0000000 0.0000000 0.0000000 0.0000000 0.0000000 0.7208827 0.0000000 0.0000000 0.0000000 0.1862306 0.0000000 0.0000000 0.0000000 0.0076982 0.0000000 0.0851886
  6 K   6 0.0174379 0.0946166 0.0116161 0.0070509 0.0000000 0.0668635 0.1681464 0.0000000 0.0113096 0.0221679 0.0670396 0.2269241 0.0430341 0.0000000 0.0000000 0.0168428 0.0463310 0.0000000 0.0142325 0.1011983 0.0851886
  7 I   7 0.0000000 0.0000000 0.0000000 0.0000000 0.0000000 0.0000000 0.0000000 0.0000000 0.0000000 0.7682032 0.0105626 0.0000000 0.0000000 0.0000000 0.0000000 0.0000000 0.0000000 0.0000000 0.0000000 0.1507415 0.0704927
  8 C   8 0.0038838 0.0000000 0.0212885 0.0197319 0.3750312 0.0000000 0.1616196 0.0000000 0.0142325 0.0046982 0.0838797 0.0000000 0.0395198 0.0113166 0.0000000 0.0573094 0.0448150 0.0109103 0.0089162 0.0723546 0.0704927
  9 R   9 0.0152221 0.4731988 0.0118357 0.0180428 0.0000000 0.0000000 0.0142390 0.0000000 0.0033798 0.0000000 0.0000000 0.3224629 0.0000000 0.0000000 0.0047208 0.0304471 0.0000000 0.0208903 0.0150680 0.0000000 0.0704927
 10 V  10 0.0221632 0.0099800 0.0000000 0.0000000 0.0000000 0.0999564 0.0000000 0.0047208 0.0000000 0.1009135 0.2076819 0.1301861 0.1433113 0.0061198 0.0000000 0.0194712 0.0109103 0.0000000 0.0531520 0.1209409 0.0704927
 11 N  11 0.0000000 0.0000000 0.1480615 0.1896327 0.0517903 0.0000000 0.0000000 0.0000000 0.0000000 0.0000000 0.0000000 0.0050155 0.0000000 0.0000000 0.0000000 0.5415833 0.0000000 0.0000000 0.0000000 0.0000000 0.0639167
 12 R  12 0.0297570 0.1491265 0.0142325 0.0391616 0.0026577 0.0076633 0.0000000 0.0000000 0.1118695 0.0681907 0.1899286 0.1866807 0.0204055 0.0000000 0.0243313 0.0453293 0.0413910 0.0000000 0.0000000 0.0147807 0.0544942
 13 N  13 0.0444129 0.0130246 0.1489546 0.0808494 0.1622837 0.0061080 0.0413465 0.0000000 0.0544118 0.0084504 0.0000000 0.0000000 0.0000000 0.0099800 0.0194718 0.1301375 0.1479872 0.0000000 0.0321312 0.0459562 0.0544942
 14 S  14 0.1144605 0.0254031 0.0161964 0.0088514 0.0570826 0.0136360 0.0305416 0.0063800 0.0162838 0.0000000 0.0000000 0.0182819 0.0000000 0.0032073 0.0000000 0.5250404 0.0792267 0.0000000 0.0177279 0.0131862 0.0544942
 15 G  15 0.1462098 0.0000000 0.0000000 0.0076633 0.2712713 0.0000000 0.0000000 0.4250924 0.0000000 0.0000000 0.0000000 0.0000000 0.0000000 0.0081537 0.0000000 0.0626062 0.0000000 0.0000000 0.0211942 0.0099800 0.0478291
 16 S  16 0.0072450 0.0219497 0.0079727 0.0000000 0.0563875 0.0094225 0.0000000 0.0207344 0.0000000 0.0045493 0.0355675 0.0313024 0.0000000 0.0076633 0.2643136 0.4080383 0.0626583 0.0000000 0.0084936 0.0058729 0.0478291
 17 C  17 0.1402137 0.0000000 0.0000000 0.0000000 0.1785273 0.0000000 0.0000000 0.0000000 0.0000000 0.0250877 0.0085000 0.0000000 0.0037190 0.0000000 0.0430367 0.0042656 0.0029286 0.0000000 0.0000000 0.5458923 0.0478291
 18 L  18 0.0786610 0.0889625 0.0617273 0.0598033 0.0038148 0.0047208 0.0865936 0.0061080 0.0062645 0.0096606 0.0794147 0.1041471 0.0296706 0.0017584 0.0060585 0.1234335 0.1477999 0.0000000 0.0376225 0.0159493 0.0478291
 19 G  19 0.0000000 0.0000000 0.0000000 0.0000000 0.0000000 0.0000000 0.0000000 0.9521709 0.0000000 0.0000000 0.0000000 0.0000000 0.0000000 0.0000000 0.0000000 0.0000000 0.0000000 0.0000000 0.0000000 0.0000000 0.0478291
 20 G  20 0.0053192 0.0083563 0.0566627 0.0188072 0.0000000 0.0053913 0.0245205 0.8030230 0.0042656 0.0000000 0.0000000 0.0169571 0.0000000 0.0000000 0.0000000 0.0088680 0.0000000 0.0000000 0.0000000 0.0000000 0.0478291
 21 D  21 0.0174103 0.0060064 0.0153135 0.2201502 0.0000000 0.0495812 0.2881510 0.0105626 0.0207957 0.0000000 0.0799045 0.1093890 0.0227615 0.0000000 0.0000000 0.0160604 0.0782945 0.0000000 0.0000000 0.0177902 0.0478291
 22 E  22 0.0000000 0.0106218 0.0044842 0.0560101 0.0000000 0.1147579 0.6788966 0.0000000 0.0073689 0.0000000 0.0000000 0.0571746 0.0034542 0.0000000 0.0000000 0.0094225 0.0000000 0.0000000 0.0000000 0.0099800 0.0478291
 23 I  23 0.0000000 0.0000000 0.0000000 0.0000000 0.0000000 0.0000000 0.0000000 0.0000000 0.0000000 0.2695740 0.2186749 0.0000000 0.1960638 0.0039007 0.0000000 0.0000000 0.0000000 0.0000000 0.0000000 0.2592302 0.0525564
 24 F  24 0.0000000 0.0061198 0.0142325 0.0000000 0.0250480 0.0000000 0.0000000 0.0109103 0.0042792 0.2761051 0.0383510 0.0000000 0.0092351 0.3169085 0.0000000 0.0000000 0.0053151 0.0390846 0.1192237 0.0826309 0.0525564
 25 L  25 0.0000000 0.0000000 0.0000000 0.0000000 0.0000000 0.0000000 0.0000000 0.0000000 0.0000000 0.2456268 0.6125461 0.0000000 0.0669956 0.0000000 0.0000000 0.0000000 0.0000000 0.0000000 0.0000000 0.0284876 0.0463438
 26 L  26 0.0000000 0.0066651 0.0088489 0.0060585 0.0055712 0.0000000 0.0000000 0.0000000 0.0000000 0.1239197 0.6035148 0.0000000 0.0000000 0.0370947 0.0000000 0.0585326 0.1062760 0.0000000 0.0000000 0.0037837 0.0397347
 27 C  27 0.0000000 0.0000000 0.0000000 0.0000000 0.4752405 0.0000000 0.0000000 0.3711319 0.0000000 0.0000000 0.0000000 0.0000000 0.0000000 0.0000000 0.0000000 0.0062125 0.0253310 0.0000000 0.0000000 0.0917719 0.0303122
 28 D  28 0.0129939 0.0067570 0.0000000 0.2511441 0.0000000 0.0552623 0.3061210 0.0000000 0.0503811 0.0000000 0.0117931 0.1724226 0.0000000 0.0000000 0.0278595 0.0596643 0.0152889 0.0000000 0.0000000 0.0000000 0.0303122
 29 K  29 0.0000000 0.0206000 0.3538866 0.0000000 0.0094225 0.0142325 0.0000000 0.0000000 0.0110332 0.0000000 0.0000000 0.5408213 0.0000000 0.0000000 0.0128216 0.0000000 0.0068701 0.0000000 0.0000000 0.0000000 0.0303122
 30 V  30 0.0073357 0.0000000 0.0000000 0.0000000 0.0000000 0.0000000 0.0000000 0.0000000 0.0000000 0.0899167 0.0297097 0.0000000 0.0000000 0.3425443 0.0000000 0.0000000 0.0000000 0.0094225 0.0067262 0.4857434 0.0286015
 31 Q  31 0.0701456 0.0271782 0.1169701 0.0333768 0.0085116 0.2216480 0.0000000 0.0344721 0.0121516 0.0059748 0.2067297 0.0000000 0.0052985 0.0089213 0.0186426 0.0816619 0.1007907 0.0000000 0.0000000 0.0189249 0.0286015
 32 K  32 0.0367793 0.0698728 0.0000000 0.0000000 0.0000000 0.0329037 0.0000000 0.0000000 0.0060585 0.0142325 0.0000000 0.6569086 0.0066091 0.0000000 0.0823374 0.0276852 0.0109103 0.0000000 0.0000000 0.0000000 0.0557025
 33 E  33 0.0136348 0.0000000 0.0377215 0.3516999 0.0000000 0.0065760 0.2704046 0.0879831 0.0000000 0.0000000 0.0000000 0.1065044 0.0000000 0.0000000 0.0000000 0.0201223 0.0000000 0.0000000 0.0000000 0.0058664 0.0994871
 34 D  34 0.0037102 0.0000000 0.1080852 0.5106610 0.0000000 0.0000000 0.0065859 0.0079229 0.0110332 0.0000000 0.0000000 0.0142325 0.0000000 0.0000000 0.0000000 0.1834228 0.0694238 0.0000000 0.0000000 0.0105849 0.0743376
 35 I  35 0.0000000 0.0395418 0.0000000 0.0000000 0.0235899 0.0000000 0.0000000 0.0000000 0.0000000 0.5280841 0.0189561 0.1952215 0.0000000 0.0142980 0.0000000 0.0236062 0.0823729 0.0000000 0.0000000 0.0188588 0.0554707
 36 E  36 0.0217631 0.0449312 0.0000000 0.0017819 0.0000000 0.1491242 0.1868322 0.0138957 0.0587919 0.0207994 0.0131724 0.1383352 0.0123847 0.0000000 0.0000000 0.0527396 0.0032913 0.0000000 0.0000000 0.2289884 0.0531690
 37 V  37 0.0000000 0.0000000 0.0000000 0.0000000 0.0000000 0.0000000 0.0000000 0.0075384 0.0000000 0.2831030 0.0000000 0.0000000 0.0000000 0.0000000 0.0236550 0.0000000 0.0000000 0.0000000 0.0000000 0.6363770 0.0493267
 38 Y  38 0.0000000 0.3771512 0.0000000 0.0000000 0.0284733 0.0023471 0.0142325 0.0000000 0.0103821 0.0665075 0.0235288 0.0592357 0.0000000 0.2493532 0.0000000 0.0029105 0.0000000 0.0047413 0.0130173 0.0987929 0.0493267
 39 F  39 0.0000000 0.0033454 0.0000000 0.0138839 0.0000000 0.0629128 0.0000000 0.0000000 0.0000000 0.0307409 0.0516984 0.0000000 0.0278483 0.6606344 0.0000000 0.0022540 0.0415839 0.0000000 0.0000000 0.0557714 0.0493267
 40 T  40 0.0029347 0.0413101 0.0000000 0.0362848 0.0000000 0.0582954 0.1747593 0.0136756 0.0063408 0.0000000 0.0294966 0.0040494 0.0254140 0.2306405 0.0000000 0.0822121 0.0168096 0.0126437 0.1829425 0.0295665 0.0526244
 41 G  41 0.0177481 0.1087159 0.0000000 0.0519338 0.0000000 0.0905798 0.4571184 0.0359321 0.0921295 0.0049243 0.0256646 0.0409992 0.0028148 0.0000000 0.0000000 0.0050271 0.0208201 0.0000000 0.0000000 0.0000000 0.0455922
 42 P  42 0.0210892 0.0288561 0.0650966 0.0693976 0.0000000 0.0483656 0.3173019 0.0319831 0.0711067 0.0254599 0.0123723 0.0533191 0.0030869 0.0000000 0.0904847 0.0128681 0.0763377 0.0000000 0.0000000 0.0213074 0.0515670
 43 G  43 0.0137429 0.0145746 0.0673015 0.1369727 0.0000000 0.0684846 0.0660350 0.0427255 0.0436449 0.1085255 0.0370400 0.0266624 0.0000000 0.0000000 0.0163255 0.0874676 0.0673800 0.0000000 0.0000000 0.1515505 0.0515670
 44 W  44 0.0000000 0.0000000 0.0000000 0.0000000 0.0000000 0.0000000 0.0000000 0.0000000 0.0000000 0.0000000 0.0000000 0.0000000 0.0000000 0.0000000 0.0051458 0.0000000 0.0000000 0.9432872 0.0000000 0.0000000 0.0515670
 45 E  45 0.0000000 0.0000000 0.0000000 0.0042792 0.0053765 0.0691034 0.6878734 0.0000000 0.0048039 0.0252136 0.0000000 0.0601736 0.0050400 0.0068778 0.0000000 0.0365769 0.0293711 0.0000000 0.0000000 0.0107539 0.0545567
 46 A  46 0.3328127 0.0185117 0.0071596 0.0688932 0.0239254 0.0390737 0.0824581 0.1087264 0.0035261 0.0000000 0.0139990 0.0151663 0.0817064 0.0000000 0.0000000 0.0484947 0.0428230 0.0000000 0.0070509 0.0511159 0.0545567
 47 R  47 0.0348478 0.0549607 0.0547005 0.0065760 0.0000000 0.0037190 0.2603798 0.0000000 0.0056890 0.0173157 0.0528829 0.0671099 0.0182680 0.1502646 0.0000000 0.0514530 0.0343742 0.0057517 0.1177783 0.0093724 0.0545567
 48 G  48 0.4211797 0.0000000 0.0000000 0.0000000 0.0099911 0.0000000 0.0000000 0.3787106 0.0000000 0.0070509 0.0079229 0.0000000 0.0000000 0.0000000 0.0105849 0.0000000 0.0000000 0.0000000 0.0000000 0.0999370 0.0646229
 49 S  49 0.0305683 0.0613727 0.0374046 0.1963109 0.0000000 0.0304077 0.1435651 0.0000000 0.0135297 0.0438936 0.0447134 0.1677915 0.0060285 0.0000000 0.0000000 0.0489217 0.0881412 0.0000000 0.0000000 0.0227283 0.0646229
 50 F  50 0.0130273 0.0000000 0.0000000 0.0000000 0.0109103 0.0000000 0.0000000 0.0149739 0.0000000 0.1018170 0.0369227 0.0000000 0.0031617 0.4708068 0.0747942 0.0000000 0.0586968 0.0000000 0.0000000 0.1545930 0.0602962
 51 S  51 0.0335261 0.0279085 0.0755369 0.2584370 0.0000000 0.0698219 0.0087385 0.0412228 0.0111837 0.0466161 0.0318797 0.0275336 0.0068999 0.0000000 0.0000000 0.2317375 0.0219546 0.0000000 0.0066651 0.0318194 0.0685185
 52 Q  52 0.0214657 0.1279705 0.0000000 0.0158644 0.0000000 0.1430250 0.0842492 0.0077323 0.0351195 0.0000000 0.0134934 0.1951150 0.0000000 0.0052985 0.2011510 0.0450757 0.0040306 0.0000000 0.0000000 0.0058422 0.0945672
 53 A  53 0.1449983 0.0000000 0.0429550 0.0621068 0.0030869 0.0000000 0.1599917 0.0197867 0.0061080 0.0033991 0.0670588 0.0052985 0.0377875 0.0035111 0.0250480 0.1115110 0.1751849 0.0000000 0.0000000 0.0274490 0.1047186
 54 D  54 0.0000000 0.0116909 0.0410258 0.4676935 0.0000000 0.0265622 0.0508291 0.0047413 0.0390334 0.0079229 0.0119059 0.1410156 0.0071378 0.0130273 0.0000000 0.0192261 0.0000000 0.0000000 0.0430191 0.0000000 0.1151691
 55 V  55 0.0060585 0.0068701 0.0000000 0.0000000 0.0631051 0.0000000 0.0000000 0.0000000 0.0000000 0.0581244 0.1278557 0.0000000 0.0053946 0.0477027 0.0130273 0.1064998 0.0203965 0.0000000 0.0142164 0.4727779 0.0579709
 56 H  56 0.0000000 0.0061080 0.0000000 0.0000000 0.0293616 0.0860167 0.0000000 0.0000000 0.5316599 0.0000000 0.0326787 0.0000000 0.0000000 0.0993606 0.0000000 0.0419452 0.0000000 0.0000000 0.0228866 0.0000000 0.1499825
 57 R  57 0.0215299 0.2117887 0.0414975 0.0000000 0.0000000 0.0680361 0.0028266 0.0480716 0.1720536 0.0000000 0.0000000 0.2378482 0.0052985 0.0000000 0.0409597 0.0266359 0.0129297 0.0000000 0.0049724 0.0068701 0.0986816
 58 Q  58 0.0436832 0.0000000 0.0646341 0.0000000 0.0000000 0.6490893 0.0329242 0.0000000 0.0000000 0.0000000 0.0000000 0.0207597 0.0000000 0.0000000 0.0510647 0.0544218 0.0053946 0.0000000 0.0000000 0.0000000 0.0780285
 59 F  59 0.0096787 0.0000000 0.1414954 0.0130273 0.0058664 0.0000000 0.0000000 0.0281487 0.0172387 0.0544243 0.0000000 0.0000000 0.0601725 0.0596559 0.0000000 0.0270839 0.1354020 0.0000000 0.1859632 0.1872335 0.0746093
 60 A  60 0.5586849 0.0000000 0.0000000 0.0000000 0.0061362 0.0000000 0.0000000 0.0046037 0.1903491 0.0000000 0.0685077 0.0000000 0.0000000 0.0000000 0.0000000 0.0668632 0.0206167 0.0000000 0.0000000 0.0000000 0.0842385
 61 I  61 0.0000000 0.0000000 0.0000000 0.0000000 0.0000000 0.0000000 0.0000000 0.0109103 0.0000000 0.5712457 0.2677669 0.0000000 0.0171208 0.0453038 0.0000000 0.0000000 0.0000000 0.0000000 0.0000000 0.0231778 0.0644747
 62 V  62 0.0801215 0.0073689 0.0000000 0.0000000 0.0265979 0.0000000 0.0000000 0.0000000 0.0000000 0.1243620 0.0128170 0.0000000 0.0000000 0.0066651 0.0038148 0.0294882 0.0519239 0.0057799 0.0000000 0.5934560 0.0576046
 63 F  63 0.0000000 0.0000000 0.0000000 0.0000000 0.1289147 0.0000000 0.0000000 0.0000000 0.0000000 0.0251915 0.0903730 0.0000000 0.0000000 0.4751360 0.0000000 0.0000000 0.0000000 0.0000000 0.0000000 0.1800732 0.1003115
 64 R  64 0.0035866 0.2152523 0.0049204 0.0033443 0.0187594 0.0318907 0.1969030 0.0000000 0.0076633 0.0142325 0.0000000 0.3248859 0.0110332 0.0000000 0.0000000 0.0000000 0.0672921 0.0130273 0.0000000 0.0296043 0.0576046
 65 T  65 0.0111161 0.0000000 0.0000000 0.0000000 0.0000000 0.0000000 0.0000000 0.0000000 0.0000000 0.1409624 0.0105849 0.0000000 0.0000000 0.0000000 0.0115898 0.0122599 0.5227572 0.0000000 0.0000000 0.2281096 0.0626201
 66 P  66 0.0000000 0.0000000 0.0000000 0.0000000 0.0000000 0.0000000 0.0000000 0.0000000 0.0000000 0.0000000 0.0000000 0.0000000 0.0000000 0.0000000 0.9300109 0.0073689 0.0000000 0.0000000 0.0000000 0.0000000 0.0626201
 67 P  67 0.1279814 0.1138308 0.0000000 0.0000000 0.0000000 0.0044842 0.0801266 0.0000000 0.0000000 0.0000000 0.0000000 0.0496827 0.0000000 0.0000000 0.4982366 0.0299051 0.0143543 0.0000000 0.0000000 0.0187781 0.0626201
 68 Y  68 0.0000000 0.0000000 0.0000000 0.0000000 0.0000000 0.0000000 0.0000000 0.0000000 0.0000000 0.0000000 0.0000000 0.0000000 0.0000000 0.1251760 0.0000000 0.0000000 0.0000000 0.0000000 0.8122039 0.0000000 0.0626201
 69 A  69 0.0089248 0.3044994 0.0062645 0.0351253 0.0257934 0.0201413 0.0296247 0.0000000 0.1702630 0.0168111 0.0257669 0.1632249 0.0040363 0.0162254 0.0195010 0.0244762 0.0000000 0.0059558 0.0279362 0.0192083 0.0762216
 70 D  70 0.0099800 0.0473246 0.3211466 0.2938163 0.0218726 0.0000000 0.0291602 0.0105626 0.0366733 0.0097102 0.0030243 0.0178709 0.0083344 0.0000000 0.0000000 0.0326529 0.0771482 0.0000000 0.0082788 0.0063388 0.0661055
 71 P  71 0.0093831 0.0339977 0.0000000 0.0000000 0.0000000 0.2760600 0.0208320 0.0042792 0.0075130 0.0145581 0.1096556 0.1465241 0.0104554 0.0000000 0.1360461 0.0130273 0.1056526 0.0000000 0.0000000 0.0394443 0.0725717
 72 S  72 0.0687165 0.1119238 0.1755066 0.1386586 0.0000000 0.0587198 0.1128423 0.0000000 0.0596096 0.0000000 0.0071997 0.0308252 0.0074174 0.0116931 0.0047413 0.0787962 0.0528428 0.0000000 0.0093919 0.0089715 0.0621435
 73 L  73 0.0341055 0.0049204 0.0000000 0.0000000 0.0000000 0.0000000 0.0076633 0.0000000 0.0000000 0.6416764 0.0997944 0.0000000 0.0000000 0.0000000 0.0000000 0.0000000 0.0202285 0.0000000 0.0000000 0.1324577 0.0591538
 74 Q  74 0.0423185 0.0613623 0.0172568 0.0735840 0.0133534 0.0617836 0.0710567 0.0106585 0.0000000 0.0072820 0.0224776 0.0285105 0.0165960 0.0000000 0.0059613 0.1333460 0.3328823 0.0000000 0.0066651 0.0357514 0.0591538
 75 A  75 0.0544249 0.0954213 0.0142391 0.0285998 0.0000000 0.0642397 0.2030640 0.0076633 0.0634288 0.0000000 0.0121874 0.0951724 0.0026577 0.0037190 0.0239254 0.1849042 0.0550192 0.0000000 0.0130273 0.0191528 0.0591538
 76 P  76 0.0647298 0.0000000 0.0090226 0.0538109 0.0029040 0.0000000 0.0427499 0.0000000 0.0159828 0.0000000 0.0000000 0.0060712 0.0000000 0.0000000 0.6332005 0.0900613 0.0174050 0.0000000 0.0000000 0.0022210 0.0618409
 77 V  77 0.0739531 0.0047315 0.0000000 0.0000000 0.0000000 0.0000000 0.0261391 0.0000000 0.0000000 0.0557464 0.0175194 0.0158060 0.0109103 0.0000000 0.0000000 0.0034602 0.0187924 0.0000000 0.0000000 0.7111006 0.0618409
 78 R  78 0.0036032 0.0485737 0.0556529 0.0214227 0.0174574 0.2226881 0.0844841 0.0035104 0.0295811 0.0112195 0.0000000 0.1240395 0.0190372 0.0000000 0.0182347 0.0963408 0.1662460 0.0000000 0.0096862 0.0063817 0.0618409
 79 V  79 0.0040363 0.0000000 0.0000000 0.0000000 0.0000000 0.0000000 0.0000000 0.0000000 0.0000000 0.0078228 0.0000000 0.0000000 0.0045389 0.0000000 0.0000000 0.0000000 0.0062645 0.0000000 0.0000000 0.9126205 0.0647169
 80 S  80 0.0000000 0.0300130 0.1704547 0.0031822 0.0028963 0.1335764 0.0386474 0.0407179 0.0516298 0.0000000 0.0259046 0.0776598 0.0120403 0.1387246 0.0000000 0.0902120 0.0035111 0.0101137 0.1022891 0.0037102 0.0647169
 81 M  81 0.0000000 0.0088514 0.0000000 0.0000000 0.0000000 0.0000000 0.0000000 0.0000000 0.0000000 0.2327721 0.1219212 0.0000000 0.1141080 0.2387515 0.0000000 0.0000000 0.0000000 0.0000000 0.0000000 0.2179207 0.0656750
 82 Q  82 0.0090835 0.0433796 0.0000000 0.0000000 0.0111662 0.3588011 0.0666783 0.0000000 0.0098188 0.0105626 0.0087907 0.0445935 0.0063800 0.0625092 0.0000000 0.0411034 0.0000000 0.0000000 0.2448661 0.0099911 0.0722762
 83 L  83 0.0000000 0.0000000 0.0000000 0.0000000 0.0000000 0.0000000 0.0000000 0.0000000 0.0000000 0.0715541 0.5595070 0.0000000 0.0000000 0.0000000 0.0000000 0.0088514 0.0110332 0.0000000 0.0000000 0.2812396 0.0678147
 84 R  84 0.0075570 0.2108041 0.0000000 0.0000000 0.0000000 0.0707579 0.0558241 0.0000000 0.0000000 0.0696998 0.0312382 0.2376460 0.0066508 0.0153261 0.0000000 0.0060285 0.0161108 0.0000000 0.0502903 0.1012738 0.1207925
 85 R  85 0.0287933 0.6177521 0.0589060 0.0105849 0.0000000 0.0077323 0.0000000 0.0000000 0.0197843 0.0237871 0.0105626 0.0099911 0.0000000 0.0000000 0.0000000 0.0197617 0.0072918 0.0000000 0.0110332 0.0000000 0.1740198
 86 P  86 0.0076982 0.0142325 0.0040306 0.0000000 0.0000000 0.0033109 0.0000000 0.0000000 0.0000000 0.0369768 0.0564896 0.1168940 0.0049243 0.0000000 0.3223450 0.0032073 0.0912999 0.0088514 0.0033868 0.0299539 0.2963987
 87 S  87 0.0000000 0.0341474 0.0874967 0.0105849 0.0000000 0.0000000 0.0110332 0.0633674 0.0000000 0.0000000 0.0000000 0.0364718 0.0000000 0.0000000 0.0030780 0.4876043 0.0839122 0.0000000 0.0000000 0.0000000 0.1823042
 88 D  88 0.0506219 0.0000000 0.0836039 0.4617297 0.0000000 0.0289472 0.0062351 0.0545506 0.0000000 0.0000000 0.0000000 0.0589060 0.0000000 0.0000000 0.0000000 0.0735661 0.0000000 0.0000000 0.0000000 0.0020544 0.1797852
 89 R  89 0.0252488 0.0845373 0.0451603 0.0325333 0.0099911 0.0626530 0.0176358 0.3958050 0.0143297 0.0000000 0.0294800 0.0394251 0.0032564 0.0110332 0.0119536 0.0203308 0.0142325 0.0000000 0.0026089 0.0000000 0.1797852
 90 E  90 0.1087166 0.1323395 0.0000000 0.0536735 0.0151207 0.0047208 0.1996994 0.0029748 0.0077323 0.0056340 0.0000000 0.2506713 0.0206646 0.0000000 0.0000000 0.0246564 0.0131952 0.0000000 0.0255418 0.0450451 0.0896141
 91 L  91 0.0030819 0.2541724 0.0000000 0.0189647 0.0844280 0.0151207 0.0276249 0.0000000 0.0000000 0.0061080 0.0576160 0.0374693 0.0073357 0.0000000 0.0000000 0.0553754 0.2287831 0.0105626 0.0124772 0.0912660 0.0896141
 92 S  92 0.0000000 0.0000000 0.0042364 0.0000000 0.0067570 0.0000000 0.0000000 0.0061080 0.0375432 0.0000000 0.0130273 0.0000000 0.0000000 0.0000000 0.0088514 0.8616904 0.0000000 0.0000000 0.0000000 0.0000000 0.0617862
 93 E  93 0.0292830 0.0067877 0.0475603 0.1616945 0.0000000 0.1813700 0.3751986 0.0081075 0.0000000 0.0000000 0.0028148 0.0282624 0.0000000 0.0056237 0.0513022 0.0315778 0.0000000 0.0000000 0.0020553 0.0065760 0.0617862
 94 P  94 0.0850672 0.0000000 0.0000000 0.0000000 0.0058416 0.0000000 0.0031536 0.0092681 0.0076982 0.0034155 0.0031216 0.0000000 0.0055712 0.0030062 0.5153301 0.1581056 0.0486055 0.0000000 0.0742340 0.0200360 0.0575456
 95 M  95 0.0000000 0.0186916 0.0000000 0.0000000 0.0036341 0.2540998 0.0056890 0.0000000 0.0939688 0.0620259 0.1631892 0.1297209 0.0649142 0.0362605 0.0000000 0.0000000 0.0000000 0.0000000 0.0000000 0.1014090 0.0663970
 96 E  96 0.0218271 0.0788827 0.0179049 0.1047832 0.0058664 0.0495439 0.0664470 0.0019920 0.0791119 0.0081537 0.0101232 0.0244632 0.0000000 0.0061198 0.3114008 0.0673997 0.0706382 0.0000000 0.0000000 0.0089454 0.0663970
 97 F  97 0.0000000 0.0000000 0.0000000 0.0000000 0.0000000 0.0000000 0.0000000 0.0000000 0.0000000 0.0099911 0.0000000 0.0000000 0.0000000 0.8963797 0.0000000 0.0000000 0.0000000 0.0053151 0.0219171 0.0000000 0.0663970
 98 Q  98 0.0030321 0.0832875 0.0052985 0.0000000 0.0000000 0.0684656 0.0925773 0.0000000 0.0000000 0.0302618 0.0877184 0.0401063 0.0000000 0.0000000 0.0000000 0.0000000 0.4671861 0.0000000 0.0205950 0.0350744 0.0663970
 99 Y  99 0.0000000 0.0000000 0.0000000 0.0000000 0.0000000 0.0000000 0.0000000 0.0000000 0.0000000 0.0096787 0.0417476 0.0000000 0.0311891 0.0526921 0.0000000 0.0000000 0.0000000 0.0000000 0.7982955 0.0000000 0.0663970
100 L 100 0.0000000 0.0000000 0.0000000 0.0067570 0.0000000 0.0323033 0.0079229 0.0000000 0.0525667 0.0545010 0.3176674 0.0869509 0.0308953 0.0128483 0.0000000 0.0000000 0.2001026 0.0000000 0.0728956 0.0504938 0.0740952
101 P 101 0.0325569 0.0000000 0.0000000 0.0000000 0.0000000 0.0000000 0.0000000 0.0000000 0.0000000 0.0000000 0.0000000 0.0000000 0.0000000 0.0000000 0.8343808 0.0000000 0.0000000 0.0000000 0.0000000 0.0000000 0.1330623
102 D 102 0.0000000 0.0000000 0.0513499 0.1178671 0.0000000 0.0000000 0.0983300 0.0000000 0.0000000 0.0000000 0.0000000 0.0000000 0.0000000 0.0000000 0.0000000 0.0000000 0.0000000 0.0000000 0.0000000 0.0000000 0.7324531
