  102         A         R         N         D         C         Q         E         G         H         I         L         K         M         F         P         S         T         W         Y         V    
  1 N   1 0.0000000 0.0000000 0.3262107 0.0000000 0.0000000 0.0000000 0.0000000 0.0706188 0.0318758 0.0000000 0.0000000 0.1271691 0.0000000 0.0000000 0.0000000 0.4441256 0.0000000 0.0000000 0.0000000 0.0000000
  2 T   2 0.4893382 0.0000000 0.0000000 0.0099981 0.0000000 0.0000000 0.0000000 0.0000000 0.0000000 0.0000000 0.0000000 0.0175527 0.0000000 0.0000000 0.0000000 0.0918441 0.3844814 0.0000000 0.0000000 0.0067855
  3 A   3 0.1378094 0.0000000 0.0853621 0.0000000 0.0000000 0.1841116 0.0000000 0.2325502 0.0446841 0.0000000 0.0000000 0.0167002 0.0000000 0.0000000 0.0000000 0.2778456 0.0144261 0.0000000 0.0065107 0.0000000
  4 E   4 0.0079191 0.0000000 0.0801318 0.2372067 0.0000000 0.0363930 0.5064477 0.0000000 0.0127623 0.0058826 0.0093555 0.0383912 0.0054522 0.0000000 0.0000000 0.0000000 0.0145342 0.0000000 0.0097077 0.0358162
  5 L   5 0.0000000 0.0000000 0.0000000 0.0000000 0.0000000 0.0000000 0.0000000 0.0000000 0.0000000 0.0000000 0.7927529 0.0000000 0.0000000 0.0000000 0.1980701 0.0000000 0.0000000 0.0000000 0.0091771 0.0000000
  6 K   6 0.0196721 0.1055049 0.0132080 0.0079966 0.0000000 0.0744767 0.1775570 0.0000000 0.0123378 0.0211738 0.0749933 0.2446311 0.0496807 0.0000000 0.0000000 0.0189119 0.0522052 0.0000000 0.0160173 0.1116335
  7 I   7 0.0000000 0.0000000 0.0000000 0.0000000 0.0000000 0.0000000 0.0000000 0.0000000 0.0000000 0.8223550 0.0121897 0.0000000 0.0000000 0.0000000 0.0000000 0.0000000 0.0000000 0.0000000 0.0000000 0.1654553
  8 C   8 0.0043171 0.0000000 0.0241003 0.0215001 0.4061122 0.0000000 0.1768768 0.0000000 0.0157900 0.0053532 0.0855199 0.0000000 0.0438301 0.0126510 0.0000000 0.0561930 0.0471421 0.0122033 0.0084619 0.0799489
  9 R   9 0.0168613 0.5160601 0.0131609 0.0186910 0.0000000 0.0000000 0.0170184 0.0000000 0.0037825 0.0000000 0.0000000 0.3393632 0.0000000 0.0000000 0.0052571 0.0295278 0.0000000 0.0235730 0.0167047 0.0000000
 10 V  10 0.0244149 0.0113697 0.0000000 0.0000000 0.0000000 0.1098350 0.0000000 0.0052571 0.0000000 0.1127645 0.2298782 0.1321446 0.1501150 0.0066750 0.0000000 0.0194445 0.0122033 0.0000000 0.0580530 0.1278452
 11 N  11 0.0000000 0.0000000 0.1565062 0.2030479 0.0584307 0.0000000 0.0000000 0.0000000 0.0000000 0.0000000 0.0000000 0.0039062 0.0000000 0.0000000 0.0000000 0.5781091 0.0000000 0.0000000 0.0000000 0.0000000
 12 R  12 0.0322033 0.1552878 0.0155587 0.0375382 0.0029721 0.0084084 0.0000000 0.0000000 0.1223130 0.0735335 0.1951576 0.1965062 0.0217789 0.0000000 0.0255488 0.0513267 0.0456222 0.0000000 0.0000000 0.0162447
 13 N  13 0.0475202 0.0142653 0.1575138 0.0878029 0.1705179 0.0067132 0.0442114 0.0000000 0.0559825 0.0090226 0.0000000 0.0000000 0.0000000 0.0112031 0.0197054 0.1395412 0.1482699 0.0000000 0.0367217 0.0510090
 14 S  14 0.1210491 0.0274161 0.0179011 0.0093118 0.0579715 0.0151299 0.0341440 0.0069959 0.0181247 0.0000000 0.0000000 0.0199592 0.0000000 0.0035185 0.0000000 0.5519016 0.0821760 0.0000000 0.0203656 0.0140350
 15 G  15 0.1563336 0.0000000 0.0000000 0.0083583 0.2797889 0.0000000 0.0000000 0.4442329 0.0000000 0.0000000 0.0000000 0.0000000 0.0000000 0.0089096 0.0000000 0.0682231 0.0000000 0.0000000 0.0230171 0.0111364
 16 S  16 0.0080026 0.0247859 0.0087883 0.0000000 0.0612604 0.0083295 0.0000000 0.0231246 0.0000000 0.0052209 0.0378953 0.0350855 0.0000000 0.0083583 0.2751548 0.4276936 0.0606436 0.0000000 0.0092990 0.0063576
 17 C  17 0.1493673 0.0000000 0.0000000 0.0000000 0.1830346 0.0000000 0.0000000 0.0000000 0.0000000 0.0272546 0.0096757 0.0000000 0.0040526 0.0000000 0.0489208 0.0046700 0.0032347 0.0000000 0.0000000 0.5697897
 18 L  18 0.0787549 0.0897541 0.0666249 0.0632352 0.0041131 0.0051492 0.0931506 0.0066733 0.0069401 0.0105443 0.0886554 0.1036254 0.0307303 0.0019100 0.0065621 0.1268032 0.1585567 0.0000000 0.0405661 0.0176510
 19 G  19 0.0000000 0.0000000 0.0000000 0.0000000 0.0000000 0.0000000 0.0000000 1.0000000 0.0000000 0.0000000 0.0000000 0.0000000 0.0000000 0.0000000 0.0000000 0.0000000 0.0000000 0.0000000 0.0000000 0.0000000
 20 G  20 0.0058442 0.0088843 0.0603419 0.0207982 0.0000000 0.0060128 0.0267829 0.8402729 0.0046700 0.0000000 0.0000000 0.0188664 0.0000000 0.0000000 0.0000000 0.0075264 0.0000000 0.0000000 0.0000000 0.0000000
 21 D  21 0.0175694 0.0065830 0.0170583 0.2260254 0.0000000 0.0529022 0.3054543 0.0119396 0.0218358 0.0000000 0.0829637 0.1131394 0.0241339 0.0000000 0.0000000 0.0155947 0.0854247 0.0000000 0.0000000 0.0193756
 22 E  22 0.0000000 0.0114559 0.0035076 0.0605114 0.0000000 0.1186875 0.7107083 0.0000000 0.0093591 0.0000000 0.0000000 0.0625828 0.0037216 0.0000000 0.0000000 0.0083295 0.0000000 0.0000000 0.0000000 0.0111364
 23 I  23 0.0000000 0.0000000 0.0000000 0.0000000 0.0000000 0.0000000 0.0000000 0.0000000 0.0000000 0.2850951 0.2315767 0.0000000 0.2024980 0.0044657 0.0000000 0.0000000 0.0000000 0.0000000 0.0000000 0.2763645
 24 F  24 0.0000000 0.0065789 0.0155628 0.0000000 0.0276703 0.0000000 0.0000000 0.0120277 0.0047011 0.2933290 0.0375140 0.0000000 0.0098534 0.3316126 0.0000000 0.0000000 0.0061765 0.0401991 0.1253488 0.0894258
 25 L  25 0.0000000 0.0000000 0.0000000 0.0000000 0.0000000 0.0000000 0.0000000 0.0000000 0.0000000 0.2501701 0.6459807 0.0000000 0.0736968 0.0000000 0.0000000 0.0000000 0.0000000 0.0000000 0.0000000 0.0301523
 26 L  26 0.0000000 0.0059467 0.0096197 0.0065549 0.0059443 0.0000000 0.0000000 0.0000000 0.0000000 0.1248739 0.6290124 0.0000000 0.0000000 0.0415152 0.0000000 0.0595841 0.1129052 0.0000000 0.0000000 0.0040437
 27 C  27 0.0000000 0.0000000 0.0000000 0.0000000 0.4927627 0.0000000 0.0000000 0.3807196 0.0000000 0.0000000 0.0000000 0.0000000 0.0000000 0.0000000 0.0000000 0.0036719 0.0232771 0.0000000 0.0000000 0.0995687
 28 D  28 0.0139600 0.0072218 0.0000000 0.2601738 0.0000000 0.0573450 0.3161964 0.0000000 0.0541115 0.0000000 0.0095937 0.1745978 0.0000000 0.0000000 0.0291457 0.0632625 0.0143918 0.0000000 0.0000000 0.0000000
 29 K  29 0.0000000 0.0224403 0.3620996 0.0000000 0.0082518 0.0153217 0.0000000 0.0000000 0.0119730 0.0000000 0.0000000 0.5654369 0.0000000 0.0000000 0.0072347 0.0000000 0.0072420 0.0000000 0.0000000 0.0000000
 30 V  30 0.0077732 0.0000000 0.0000000 0.0000000 0.0000000 0.0000000 0.0000000 0.0000000 0.0000000 0.0945582 0.0326663 0.0000000 0.0000000 0.3511130 0.0000000 0.0000000 0.0000000 0.0082616 0.0026299 0.5029979
 31 Q  31 0.0741771 0.0297709 0.1176368 0.0290451 0.0092737 0.2294296 0.0000000 0.0358995 0.0130908 0.0014869 0.2115492 0.0000000 0.0055741 0.0092147 0.0203109 0.0863457 0.1068800 0.0000000 0.0000000 0.0203148
 32 K  32 0.0393821 0.0757887 0.0000000 0.0000000 0.0000000 0.0364535 0.0000000 0.0000000 0.0067019 0.0157955 0.0000000 0.6986543 0.0036730 0.0000000 0.0853991 0.0259444 0.0122076 0.0000000 0.0000000 0.0000000
 33 E  33 0.0162283 0.0000000 0.0357036 0.3961242 0.0000000 0.0067198 0.3039285 0.0923912 0.0000000 0.0000000 0.0000000 0.1184931 0.0000000 0.0000000 0.0000000 0.0237293 0.0000000 0.0000000 0.0000000 0.0066820
 34 D  34 0.0042725 0.0000000 0.1202914 0.5543436 0.0000000 0.0000000 0.0014500 0.0091424 0.0126403 0.0000000 0.0000000 0.0161758 0.0000000 0.0000000 0.0000000 0.1958173 0.0735279 0.0000000 0.0000000 0.0123388
 35 I  35 0.0000000 0.0355903 0.0000000 0.0000000 0.0269399 0.0000000 0.0000000 0.0000000 0.0000000 0.5668666 0.0212556 0.2068199 0.0000000 0.0158981 0.0000000 0.0208593 0.0842259 0.0000000 0.0000000 0.0215444
 36 E  36 0.0240907 0.0480906 0.0000000 0.0020002 0.0000000 0.1499108 0.2087984 0.0156518 0.0580020 0.0221060 0.0097591 0.1475394 0.0146154 0.0000000 0.0000000 0.0543348 0.0036528 0.0000000 0.0000000 0.2414483
 37 V  37 0.0000000 0.0000000 0.0000000 0.0000000 0.0000000 0.0000000 0.0000000 0.0034728 0.0000000 0.2912552 0.0000000 0.0000000 0.0000000 0.0000000 0.0239847 0.0000000 0.0000000 0.0000000 0.0000000 0.6812873
 38 Y  38 0.0000000 0.4017511 0.0000000 0.0000000 0.0327102 0.0026142 0.0155890 0.0000000 0.0114159 0.0731157 0.0258316 0.0575234 0.0000000 0.2541864 0.0000000 0.0031744 0.0000000 0.0052454 0.0144015 0.1024413
 39 F  39 0.0000000 0.0034939 0.0000000 0.0132216 0.0000000 0.0639578 0.0000000 0.0000000 0.0000000 0.0337541 0.0557556 0.0000000 0.0297899 0.6944067 0.0000000 0.0025317 0.0451728 0.0000000 0.0000000 0.0579161
 40 T  40 0.0031905 0.0456069 0.0000000 0.0360488 0.0000000 0.0560328 0.1819425 0.0129950 0.0065233 0.0000000 0.0302829 0.0043541 0.0276736 0.2472968 0.0000000 0.0859463 0.0298292 0.0138263 0.1857415 0.0327096
 41 G  41 0.0194919 0.1066720 0.0000000 0.0571951 0.0000000 0.0979913 0.4696994 0.0517885 0.0946886 0.0054109 0.0284653 0.0399159 0.0030926 0.0000000 0.0000000 0.0056658 0.0199228 0.0000000 0.0000000 0.0000000
 42 P  42 0.0185093 0.0324234 0.0708672 0.0772365 0.0000000 0.0531004 0.3272245 0.0348372 0.0718807 0.0278940 0.0137635 0.0538796 0.0033396 0.0000000 0.1003180 0.0130394 0.0781756 0.0000000 0.0000000 0.0235111
 43 G  43 0.0149115 0.0158387 0.0739603 0.1420556 0.0000000 0.0652961 0.0658435 0.0589692 0.0439942 0.1178160 0.0344076 0.0291412 0.0000000 0.0000000 0.0142138 0.0884162 0.0744115 0.0000000 0.0000000 0.1607245
 44 W  44 0.0000000 0.0000000 0.0000000 0.0000000 0.0000000 0.0000000 0.0000000 0.0000000 0.0000000 0.0000000 0.0000000 0.0000000 0.0000000 0.0000000 0.0067733 0.0000000 0.0000000 0.9932267 0.0000000 0.0000000
 45 E  45 0.0000000 0.0000000 0.0000000 0.0046590 0.0058930 0.0722288 0.7266469 0.0000000 0.0053888 0.0236492 0.0000000 0.0623664 0.0055649 0.0077653 0.0000000 0.0414347 0.0328960 0.0000000 0.0000000 0.0115069
 46 A  46 0.3645622 0.0200824 0.0080260 0.0756837 0.0244051 0.0403487 0.0852614 0.1094838 0.0035164 0.0000000 0.0154072 0.0172363 0.0860862 0.0000000 0.0000000 0.0522397 0.0425003 0.0000000 0.0077001 0.0474604
 47 R  47 0.0367453 0.0690865 0.0556815 0.0062156 0.0000000 0.0040414 0.2643533 0.0000000 0.0063258 0.0189211 0.0562201 0.0747837 0.0203069 0.1570928 0.0000000 0.0540702 0.0362063 0.0063046 0.1231487 0.0104961
 48 G  48 0.4425313 0.0000000 0.0000000 0.0000000 0.0113126 0.0000000 0.0000000 0.4121558 0.0000000 0.0077939 0.0088234 0.0000000 0.0000000 0.0000000 0.0119083 0.0000000 0.0000000 0.0000000 0.0000000 0.1054747
 49 S  49 0.0299847 0.0673845 0.0415234 0.2087687 0.0000000 0.0336882 0.1538379 0.0000000 0.0146928 0.0452806 0.0466897 0.1679489 0.0060490 0.0000000 0.0000000 0.0629040 0.0963921 0.0000000 0.0000000 0.0248556
 50 F  50 0.0145048 0.0000000 0.0000000 0.0000000 0.0119923 0.0000000 0.0000000 0.0165169 0.0000000 0.1004695 0.0371659 0.0000000 0.0034418 0.5137909 0.0773279 0.0000000 0.0622682 0.0000000 0.0000000 0.1625218
 51 S  51 0.0337233 0.0289969 0.0832958 0.2716020 0.0000000 0.0780302 0.0095768 0.0461932 0.0136460 0.0434669 0.0359141 0.0305923 0.0081879 0.0000000 0.0000000 0.2535417 0.0228078 0.0000000 0.0060300 0.0343951
 52 Q  52 0.0243769 0.1324259 0.0000000 0.0181700 0.0000000 0.1754377 0.0873066 0.0088563 0.0384565 0.0000000 0.0155113 0.2135642 0.0000000 0.0058384 0.2217153 0.0471997 0.0045729 0.0000000 0.0000000 0.0065683
 53 A  53 0.1769145 0.0000000 0.0489398 0.0685171 0.0035297 0.0000000 0.1698180 0.0196771 0.0070223 0.0037547 0.0773932 0.0059139 0.0397526 0.0040167 0.0289367 0.1244749 0.1894993 0.0000000 0.0000000 0.0318393
 54 D  54 0.0000000 0.0098889 0.0468930 0.5394555 0.0000000 0.0304757 0.0560731 0.0055508 0.0461228 0.0093237 0.0136712 0.1523960 0.0082563 0.0154205 0.0000000 0.0191235 0.0000000 0.0000000 0.0473491 0.0000000
 55 V  55 0.0065679 0.0073167 0.0000000 0.0000000 0.0608267 0.0000000 0.0000000 0.0000000 0.0000000 0.0610383 0.1311406 0.0000000 0.0059139 0.0513030 0.0144700 0.1101456 0.0216133 0.0000000 0.0158685 0.5137955
 56 H  56 0.0000000 0.0073769 0.0000000 0.0000000 0.0330814 0.0940025 0.0000000 0.0000000 0.6358063 0.0000000 0.0381713 0.0000000 0.0000000 0.1171098 0.0000000 0.0465566 0.0000000 0.0000000 0.0278951 0.0000000
 57 R  57 0.0244646 0.2400963 0.0475288 0.0000000 0.0000000 0.0776595 0.0031084 0.0466886 0.1882082 0.0000000 0.0000000 0.2658794 0.0059447 0.0000000 0.0459653 0.0309290 0.0136383 0.0000000 0.0021562 0.0077326
 58 Q  58 0.0385255 0.0000000 0.0723477 0.0000000 0.0000000 0.7120382 0.0368517 0.0000000 0.0000000 0.0000000 0.0000000 0.0237874 0.0000000 0.0000000 0.0553513 0.0549826 0.0061157 0.0000000 0.0000000 0.0000000
 59 F  59 0.0109179 0.0000000 0.1445074 0.0149013 0.0063882 0.0000000 0.0000000 0.0283385 0.0192991 0.0585930 0.0000000 0.0000000 0.0673594 0.0615821 0.0000000 0.0291855 0.1481604 0.0000000 0.2070512 0.2037159
 60 A  60 0.6217770 0.0000000 0.0000000 0.0000000 0.0066161 0.0000000 0.0000000 0.0055624 0.1937113 0.0000000 0.0755077 0.0000000 0.0000000 0.0000000 0.0000000 0.0734871 0.0233384 0.0000000 0.0000000 0.0000000
 61 I  61 0.0000000 0.0000000 0.0000000 0.0000000 0.0000000 0.0000000 0.0000000 0.0122433 0.0000000 0.6177866 0.2753851 0.0000000 0.0191021 0.0494881 0.0000000 0.0000000 0.0000000 0.0000000 0.0000000 0.0259949
 62 V  62 0.0832549 0.0095151 0.0000000 0.0000000 0.0294331 0.0000000 0.0000000 0.0000000 0.0000000 0.1287096 0.0140090 0.0000000 0.0000000 0.0060525 0.0041817 0.0314235 0.0576304 0.0064468 0.0000000 0.6293434
 63 F  63 0.0000000 0.0000000 0.0000000 0.0000000 0.1442189 0.0000000 0.0000000 0.0000000 0.0000000 0.0294584 0.0960820 0.0000000 0.0000000 0.5456351 0.0000000 0.0000000 0.0000000 0.0000000 0.0000000 0.1846056
 64 R  64 0.0039545 0.2399171 0.0053580 0.0036242 0.0207050 0.0336212 0.1930994 0.0000000 0.0084977 0.0157240 0.0000000 0.3446643 0.0122873 0.0000000 0.0000000 0.0000000 0.0728824 0.0146983 0.0000000 0.0309667
 65 T  65 0.0126775 0.0000000 0.0000000 0.0000000 0.0000000 0.0000000 0.0000000 0.0000000 0.0000000 0.1411595 0.0120413 0.0000000 0.0000000 0.0000000 0.0124303 0.0135543 0.5756377 0.0000000 0.0000000 0.2324994
 66 P  66 0.0000000 0.0000000 0.0000000 0.0000000 0.0000000 0.0000000 0.0000000 0.0000000 0.0000000 0.0000000 0.0000000 0.0000000 0.0000000 0.0000000 0.9904475 0.0095525 0.0000000 0.0000000 0.0000000 0.0000000
 67 P  67 0.1395170 0.1285322 0.0000000 0.0000000 0.0000000 0.0035801 0.0889884 0.0000000 0.0000000 0.0000000 0.0000000 0.0510965 0.0000000 0.0000000 0.5192814 0.0327992 0.0161530 0.0000000 0.0000000 0.0200521
 68 Y  68 0.0000000 0.0000000 0.0000000 0.0000000 0.0000000 0.0000000 0.0000000 0.0000000 0.0000000 0.0000000 0.0000000 0.0000000 0.0000000 0.1298591 0.0000000 0.0000000 0.0000000 0.0000000 0.8701409 0.0000000
 69 A  69 0.0114163 0.3246670 0.0072001 0.0398171 0.0292718 0.0230865 0.0303714 0.0000000 0.1755300 0.0191985 0.0276440 0.1789679 0.0047433 0.0187688 0.0220761 0.0273245 0.0000000 0.0067346 0.0310574 0.0221246
 70 D  70 0.0114250 0.0509736 0.3281326 0.3173964 0.0250964 0.0000000 0.0341397 0.0122490 0.0398191 0.0108703 0.0034031 0.0202371 0.0094200 0.0000000 0.0000000 0.0335069 0.0868260 0.0000000 0.0091762 0.0073285
 71 P  71 0.0108203 0.0339427 0.0000000 0.0000000 0.0000000 0.2862896 0.0229364 0.0048290 0.0089173 0.0165857 0.1203249 0.1616914 0.0121224 0.0000000 0.1477413 0.0149433 0.1197856 0.0000000 0.0000000 0.0390701
 72 S  72 0.0633275 0.1106252 0.1882358 0.1457385 0.0000000 0.0640192 0.1257085 0.0000000 0.0662574 0.0000000 0.0077765 0.0341004 0.0082446 0.0130931 0.0053149 0.0882403 0.0582653 0.0000000 0.0105576 0.0104952
 73 L  73 0.0289377 0.0053736 0.0000000 0.0000000 0.0000000 0.0000000 0.0085224 0.0000000 0.0000000 0.6870908 0.1120588 0.0000000 0.0000000 0.0000000 0.0000000 0.0000000 0.0228215 0.0000000 0.0000000 0.1351952
 74 Q  74 0.0451556 0.0686084 0.0191519 0.0812977 0.0145317 0.0710763 0.0789900 0.0081272 0.0000000 0.0075314 0.0240096 0.0321575 0.0184859 0.0000000 0.0069183 0.1343831 0.3451654 0.0000000 0.0060701 0.0383402
 75 A  75 0.0547270 0.1034761 0.0125914 0.0317403 0.0000000 0.0706513 0.2223011 0.0085224 0.0713313 0.0000000 0.0134687 0.0992409 0.0030124 0.0041321 0.0249530 0.1856839 0.0612866 0.0000000 0.0147410 0.0181403
 76 P  76 0.0642827 0.0000000 0.0103401 0.0612463 0.0033700 0.0000000 0.0480256 0.0000000 0.0175547 0.0000000 0.0000000 0.0067242 0.0000000 0.0000000 0.6749667 0.0923841 0.0185881 0.0000000 0.0000000 0.0025175
 77 V  77 0.0769432 0.0053398 0.0000000 0.0000000 0.0000000 0.0000000 0.0274786 0.0000000 0.0000000 0.0622021 0.0198432 0.0177489 0.0122019 0.0000000 0.0000000 0.0037396 0.0210094 0.0000000 0.0000000 0.7534933
 78 R  78 0.0040421 0.0564369 0.0628168 0.0204077 0.0113156 0.2350372 0.0952293 0.0039349 0.0217429 0.0123169 0.0000000 0.1366410 0.0210633 0.0000000 0.0216349 0.1007487 0.1787656 0.0000000 0.0109480 0.0069181
 79 V  79 0.0046819 0.0000000 0.0000000 0.0000000 0.0000000 0.0000000 0.0000000 0.0000000 0.0000000 0.0087862 0.0000000 0.0000000 0.0045643 0.0000000 0.0000000 0.0000000 0.0071069 0.0000000 0.0000000 0.9748607
 80 S  80 0.0000000 0.0336388 0.1800568 0.0036879 0.0032892 0.1460649 0.0446274 0.0372455 0.0520476 0.0000000 0.0303961 0.0880404 0.0133004 0.1513710 0.0000000 0.0873711 0.0039088 0.0113846 0.1093862 0.0041832
 81 M  81 0.0000000 0.0094787 0.0000000 0.0000000 0.0000000 0.0000000 0.0000000 0.0000000 0.0000000 0.2606814 0.1381439 0.0000000 0.1188095 0.2410042 0.0000000 0.0000000 0.0000000 0.0000000 0.0000000 0.2318823
 82 Q  82 0.0101618 0.0490004 0.0000000 0.0000000 0.0123777 0.3979330 0.0771388 0.0000000 0.0096501 0.0123118 0.0098769 0.0490114 0.0071710 0.0656014 0.0000000 0.0451209 0.0000000 0.0000000 0.2430881 0.0115567
 83 L  83 0.0000000 0.0000000 0.0000000 0.0000000 0.0000000 0.0000000 0.0000000 0.0000000 0.0000000 0.0792517 0.6106873 0.0000000 0.0000000 0.0000000 0.0000000 0.0094980 0.0124013 0.0000000 0.0000000 0.2881617
 84 R  84 0.0090034 0.2461560 0.0000000 0.0000000 0.0000000 0.0798626 0.0667424 0.0000000 0.0000000 0.0816837 0.0360198 0.2618664 0.0080542 0.0177740 0.0000000 0.0065250 0.0193216 0.0000000 0.0542442 0.1127470
 85 R  85 0.0346123 0.7463082 0.0701166 0.0134002 0.0000000 0.0096831 0.0000000 0.0000000 0.0247015 0.0283793 0.0135617 0.0127300 0.0000000 0.0000000 0.0000000 0.0240908 0.0086886 0.0000000 0.0137277 0.0000000
 86 P  86 0.0119316 0.0208249 0.0059270 0.0000000 0.0000000 0.0048588 0.0000000 0.0000000 0.0000000 0.0530870 0.0764261 0.1555708 0.0073286 0.0000000 0.4771173 0.0047094 0.1237912 0.0124636 0.0049428 0.0410212
 87 S  87 0.0000000 0.0392011 0.1014324 0.0136782 0.0000000 0.0000000 0.0140125 0.0771224 0.0000000 0.0000000 0.0000000 0.0378976 0.0000000 0.0000000 0.0039164 0.6121366 0.1006028 0.0000000 0.0000000 0.0000000
 88 D  88 0.0541486 0.0000000 0.1026919 0.5677888 0.0000000 0.0366898 0.0078261 0.0705431 0.0000000 0.0000000 0.0000000 0.0707011 0.0000000 0.0000000 0.0000000 0.0869795 0.0000000 0.0000000 0.0000000 0.0026311
 89 R  89 0.0314434 0.1071397 0.0559598 0.0406790 0.0128361 0.0800706 0.0223555 0.4728072 0.0184358 0.0000000 0.0305730 0.0476593 0.0040769 0.0138421 0.0150531 0.0259645 0.0177137 0.0000000 0.0033903 0.0000000
 90 E  90 0.1239740 0.1446334 0.0000000 0.0622277 0.0135213 0.0053779 0.2254735 0.0034060 0.0089035 0.0064339 0.0000000 0.2629921 0.0235796 0.0000000 0.0000000 0.0285412 0.0152742 0.0000000 0.0286604 0.0470014
 91 L  91 0.0034026 0.2721639 0.0000000 0.0219581 0.0910704 0.0135213 0.0320184 0.0000000 0.0000000 0.0069696 0.0685003 0.0402034 0.0081851 0.0000000 0.0000000 0.0551374 0.2537464 0.0124698 0.0143138 0.1063396
 92 S  92 0.0000000 0.0000000 0.0048116 0.0000000 0.0074344 0.0000000 0.0000000 0.0068056 0.0336825 0.0000000 0.0147439 0.0000000 0.0000000 0.0000000 0.0094400 0.9230819 0.0000000 0.0000000 0.0000000 0.0000000
 93 E  93 0.0333587 0.0076422 0.0529537 0.1724362 0.0000000 0.1778868 0.4048614 0.0089910 0.0000000 0.0000000 0.0031725 0.0317406 0.0000000 0.0063170 0.0566352 0.0353509 0.0000000 0.0000000 0.0022974 0.0063564
 94 P  94 0.0942156 0.0000000 0.0000000 0.0000000 0.0063452 0.0000000 0.0034171 0.0102845 0.0088922 0.0036697 0.0033002 0.0000000 0.0059715 0.0032692 0.5624825 0.1564486 0.0515142 0.0000000 0.0681880 0.0220015
 95 M  95 0.0000000 0.0206624 0.0000000 0.0000000 0.0041411 0.2476012 0.0064251 0.0000000 0.0993897 0.0655619 0.1755544 0.1403601 0.0861379 0.0414099 0.0000000 0.0000000 0.0000000 0.0000000 0.0000000 0.1127561
 96 E  96 0.0234940 0.0677144 0.0179442 0.1172817 0.0062778 0.0556194 0.0877274 0.0022064 0.0842863 0.0090246 0.0113416 0.0273331 0.0000000 0.0066224 0.3249876 0.0732774 0.0748312 0.0000000 0.0000000 0.0100306
 97 F  97 0.0000000 0.0000000 0.0000000 0.0000000 0.0000000 0.0000000 0.0000000 0.0000000 0.0000000 0.0113520 0.0000000 0.0000000 0.0000000 0.9573644 0.0000000 0.0000000 0.0000000 0.0062173 0.0250664 0.0000000
 98 Q  98 0.0033692 0.0896168 0.0056925 0.0000000 0.0000000 0.0864549 0.1027762 0.0000000 0.0000000 0.0324854 0.0913974 0.0444926 0.0000000 0.0000000 0.0000000 0.0000000 0.4821482 0.0000000 0.0226401 0.0389266
 99 Y  99 0.0000000 0.0000000 0.0000000 0.0000000 0.0000000 0.0000000 0.0000000 0.0000000 0.0000000 0.0106073 0.0462628 0.0000000 0.0330174 0.0582958 0.0000000 0.0000000 0.0000000 0.0000000 0.8518168 0.0000000
100 L 100 0.0000000 0.0000000 0.0000000 0.0074508 0.0000000 0.0363439 0.0089342 0.0000000 0.0581364 0.0611992 0.3488074 0.0951050 0.0346345 0.0144326 0.0000000 0.0000000 0.2018734 0.0000000 0.0770667 0.0560159
101 P 101 0.0405153 0.0000000 0.0000000 0.0000000 0.0000000 0.0000000 0.0000000 0.0000000 0.0000000 0.0000000 0.0000000 0.0000000 0.0000000 0.0000000 0.9594847 0.0000000 0.0000000 0.0000000 0.0000000 0.0000000
102 D 102 0.0000000 0.0000000 0.1957354 0.4820541 0.0000000 0.0000000 0.3222104 0.0000000 0.0000000 0.0000000 0.0000000 0.0000000 0.0000000 0.0000000 0.0000000 0.0000000 0.0000000 0.0000000 0.0000000 0.0000000
