  112         A         R         N         D         C         Q         E         G         H         I         L         K         M         F         P         S         T         W         Y         V    
  1 E   1 0.0000000 0.0000000 0.0000000 0.5918218 0.0000000 0.0000000 0.4081782 0.0000000 0.0000000 0.0000000 0.0000000 0.0000000 0.0000000 0.0000000 0.0000000 0.0000000 0.0000000 0.0000000 0.0000000 0.0000000
  2 I   2 0.0044692 0.0000000 0.0000000 0.0000000 0.0000000 0.0000000 0.0000000 0.0000000 0.0000000 0.4291760 0.0588612 0.0000000 0.0280709 0.0000000 0.0000000 0.0000000 0.0000000 0.0000000 0.0000000 0.4794227
  3 E   3 0.0000000 0.0637006 0.0060274 0.0108692 0.0000000 0.0470599 0.3346593 0.0000000 0.0056677 0.0000000 0.0000000 0.5122596 0.0000000 0.0000000 0.0000000 0.0055391 0.0142172 0.0000000 0.0000000 0.0000000
  4 A   4 0.4030006 0.0082147 0.0317612 0.0987856 0.0000000 0.0858977 0.0169910 0.0381045 0.0060308 0.0000000 0.0341144 0.1194371 0.0062179 0.0011569 0.0000000 0.1183477 0.0239070 0.0000000 0.0021434 0.0058896
  5 A   5 0.8908783 0.0000000 0.0000000 0.0000000 0.0000000 0.0000000 0.0084223 0.0000000 0.0000000 0.0093470 0.0274107 0.0000000 0.0070158 0.0000000 0.0000000 0.0242244 0.0092144 0.0000000 0.0000000 0.0234871
  6 M   6 0.0165130 0.0147388 0.0000000 0.0000000 0.0000000 0.0000000 0.0000000 0.0000000 0.0000000 0.0341634 0.2765183 0.0000000 0.6357108 0.0000000 0.0000000 0.0000000 0.0000000 0.0000000 0.0000000 0.0223557
  7 K   7 0.0313348 0.0179112 0.0062863 0.0055302 0.0016889 0.0081574 0.2497200 0.0211989 0.0000000 0.0261190 0.0032815 0.3073624 0.0000000 0.0000000 0.0000000 0.2514887 0.0491138 0.0000000 0.0000000 0.0208069
  8 G   8 0.0000000 0.0044995 0.0042216 0.0000000 0.0000000 0.0000000 0.0039640 0.9873148 0.0000000 0.0000000 0.0000000 0.0000000 0.0000000 0.0000000 0.0000000 0.0000000 0.0000000 0.0000000 0.0000000 0.0000000
  9 M   9 0.0016115 0.0073666 0.0000000 0.0000000 0.0000000 0.0102325 0.0000000 0.0000000 0.0000000 0.0018076 0.2744134 0.0338663 0.6681704 0.0000000 0.0000000 0.0000000 0.0000000 0.0000000 0.0000000 0.0025317
 10 L  10 0.0000000 0.0021136 0.0000000 0.0000000 0.0000000 0.0025754 0.0000000 0.0000000 0.0000000 0.0049535 0.9615284 0.0000000 0.0206942 0.0044995 0.0000000 0.0000000 0.0000000 0.0000000 0.0000000 0.0036354
 11 D  11 0.2554875 0.0047152 0.0000000 0.1728789 0.0000000 0.0089010 0.1982731 0.0190405 0.0000000 0.0000000 0.0000000 0.1356289 0.0017038 0.0000000 0.0110766 0.1700899 0.0222047 0.0000000 0.0000000 0.0000000
 12 P  12 0.0155007 0.0000000 0.0000000 0.0000000 0.0000000 0.0000000 0.0000000 0.0000000 0.0000000 0.0000000 0.0000000 0.0117580 0.0000000 0.0000000 0.9503361 0.0100826 0.0022070 0.0000000 0.0000000 0.0101157
 13 E  13 0.0000000 0.0016084 0.0026071 0.0878306 0.0000000 0.0086512 0.5138186 0.0000000 0.0000000 0.1001691 0.0048766 0.0533949 0.0000000 0.0000000 0.0000000 0.0041111 0.1091005 0.0000000 0.0000000 0.1138319
 14 Y  14 0.0000000 0.0410900 0.0000000 0.0000000 0.0000000 0.0334965 0.0415285 0.0000000 0.0112894 0.1057938 0.1239377 0.0689996 0.0395547 0.1901518 0.0000000 0.0091849 0.0287774 0.0026773 0.2549400 0.0485783
 15 E  15 0.0014397 0.2658278 0.0000000 0.0000000 0.0000000 0.0258148 0.2809086 0.0000000 0.0157048 0.0166013 0.0000000 0.3054349 0.0000000 0.0000000 0.0000000 0.0035156 0.0180143 0.0000000 0.0000000 0.0667382
 16 E  16 0.0000000 0.0000000 0.0000000 0.0113533 0.0000000 0.0528483 0.9308389 0.0000000 0.0000000 0.0000000 0.0000000 0.0000000 0.0000000 0.0000000 0.0000000 0.0000000 0.0000000 0.0000000 0.0000000 0.0049594
 17 K  17 0.0060412 0.0419220 0.0419880 0.0084990 0.0000000 0.0711372 0.2872279 0.0000000 0.0131244 0.0110103 0.0065171 0.2145296 0.0000000 0.0000000 0.0000000 0.0140417 0.0560721 0.0000000 0.0000000 0.2278893
 18 V  18 0.0162941 0.0073966 0.0112573 0.0243335 0.0000000 0.0481076 0.0499617 0.0000000 0.0095982 0.2997768 0.0132610 0.0081856 0.0165782 0.0855038 0.0276777 0.0273187 0.0162750 0.0000000 0.0389366 0.2995376
 19 I  19 0.0000000 0.0019109 0.0019618 0.0038674 0.0020527 0.0171108 0.0070037 0.0000000 0.0016643 0.3119813 0.3816829 0.0015091 0.0128885 0.0033544 0.0000000 0.0033539 0.1806746 0.0000000 0.0012802 0.0677034
 20 G  20 0.0294270 0.0000000 0.0000000 0.0000000 0.0055129 0.0000000 0.0000000 0.9556149 0.0000000 0.0000000 0.0000000 0.0000000 0.0000000 0.0000000 0.0000000 0.0094453 0.0000000 0.0000000 0.0000000 0.0000000
 21 Q  21 0.0069194 0.1110178 0.0890971 0.0059167 0.0042226 0.1567726 0.0444017 0.0000000 0.0817827 0.0327864 0.0983678 0.0412827 0.0237392 0.0107036 0.0000000 0.0617461 0.1625576 0.0000000 0.0507988 0.0178873
 22 A  22 0.7288729 0.0000000 0.0000000 0.0000000 0.0019008 0.0000000 0.0000000 0.0000000 0.0000000 0.0392742 0.0311070 0.0000000 0.0066471 0.0000000 0.0000000 0.0101215 0.0073400 0.0000000 0.0000000 0.1747366
 23 E  23 0.0097278 0.0056764 0.0060203 0.0307557 0.0000000 0.0523291 0.8105295 0.0000000 0.0000000 0.0169171 0.0108247 0.0015641 0.0011944 0.0000000 0.0000000 0.0149233 0.0179952 0.0000000 0.0000000 0.0215423
 24 V  24 0.0022507 0.0000000 0.0000000 0.0000000 0.0024009 0.0000000 0.0000000 0.0000000 0.0000000 0.3782983 0.0023536 0.0000000 0.0000000 0.0000000 0.0000000 0.0000000 0.0000000 0.0000000 0.0000000 0.6146965
 25 R  25 0.0000000 0.8860883 0.0000000 0.0000000 0.0000000 0.0089970 0.0000000 0.0000000 0.0000000 0.0000000 0.0666690 0.0317816 0.0064642 0.0000000 0.0000000 0.0000000 0.0000000 0.0000000 0.0000000 0.0000000
 26 Q  26 0.1070561 0.0037991 0.0402781 0.1455666 0.0000000 0.2701625 0.3692808 0.0000000 0.0030476 0.0000000 0.0026901 0.0221107 0.0041527 0.0000000 0.0000000 0.0076666 0.0222421 0.0000000 0.0000000 0.0019469
 27 T  27 0.0050018 0.0000000 0.0000000 0.0023115 0.0000000 0.0000000 0.0000000 0.0000000 0.0000000 0.1900449 0.0534101 0.0000000 0.0054971 0.0000000 0.0028115 0.0000000 0.2614373 0.0000000 0.0000000 0.4794858
 28 F  28 0.0000000 0.0000000 0.0000000 0.0000000 0.0000000 0.0000000 0.0000000 0.0000000 0.0000000 0.0285403 0.0028114 0.0000000 0.0029588 0.8535023 0.0000000 0.0000000 0.0000000 0.0067810 0.1054062 0.0000000
 29 K  29 0.0024858 0.2274262 0.1078284 0.0153094 0.0000000 0.0072194 0.0087262 0.0012773 0.0147451 0.0000000 0.0069889 0.4768354 0.0012991 0.0012071 0.0330238 0.0436955 0.0283676 0.0000000 0.0000000 0.0235647
 30 V  30 0.1038713 0.0000000 0.0012855 0.0000000 0.0000000 0.0000000 0.0000000 0.0015965 0.0086425 0.2904719 0.0149594 0.0000000 0.0000000 0.0082034 0.0000000 0.1812046 0.0019012 0.0000000 0.0000000 0.3878637
 31 S  31 0.0078854 0.0045719 0.0032050 0.0000000 0.0000000 0.0021579 0.0000000 0.0353016 0.0000000 0.0000000 0.0000000 0.0091517 0.0000000 0.0000000 0.2934599 0.5555002 0.0887665 0.0000000 0.0000000 0.0000000
 32 K  32 0.0167345 0.0698854 0.0352072 0.0037366 0.0000000 0.0026350 0.0000000 0.0829012 0.0013127 0.0000000 0.0000000 0.7629669 0.0000000 0.0000000 0.0000000 0.0141347 0.0087568 0.0000000 0.0000000 0.0017289
 33 V  33 0.0289993 0.0072197 0.0000000 0.0000000 0.0000000 0.0034613 0.0000000 0.0072993 0.0017165 0.2131317 0.0454177 0.0039867 0.0029432 0.1199558 0.0000000 0.0075347 0.0132773 0.0074061 0.0076156 0.5300351
 34 G  34 0.0000000 0.0000000 0.0000000 0.0000000 0.0000000 0.0000000 0.0109914 0.9818495 0.0000000 0.0000000 0.0000000 0.0000000 0.0000000 0.0000000 0.0000000 0.0031127 0.0000000 0.0000000 0.0000000 0.0040465
 35 T  35 0.1304216 0.0120292 0.1685165 0.0016289 0.0000000 0.0143784 0.0033578 0.0000000 0.0000000 0.0268374 0.0541231 0.1043866 0.0230253 0.0032080 0.0000000 0.0222143 0.4056710 0.0000000 0.0000000 0.0302019
 36 I  36 0.0135723 0.0000000 0.0000000 0.0000000 0.0000000 0.0000000 0.0000000 0.0000000 0.0000000 0.6276633 0.0000000 0.0000000 0.0000000 0.0000000 0.0000000 0.0000000 0.0000000 0.0000000 0.0000000 0.3587644
 37 A  37 0.9389488 0.0000000 0.0000000 0.0000000 0.0044451 0.0000000 0.0000000 0.0455294 0.0000000 0.0000000 0.0000000 0.0000000 0.0000000 0.0000000 0.0000000 0.0043785 0.0000000 0.0000000 0.0000000 0.0066982
 38 G  38 0.0000000 0.0000000 0.0000000 0.0000000 0.0000000 0.0000000 0.0000000 1.0000000 0.0000000 0.0000000 0.0000000 0.0000000 0.0000000 0.0000000 0.0000000 0.0000000 0.0000000 0.0000000 0.0000000 0.0000000
 39 C  39 0.0533111 0.0000000 0.0000000 0.0000000 0.7063780 0.0000000 0.0000000 0.0332213 0.0000000 0.0019633 0.0093653 0.0000000 0.0000000 0.0214041 0.0000000 0.1539401 0.0019897 0.0000000 0.0000000 0.0184271
 40 Y  40 0.0100103 0.0564311 0.0000000 0.0000000 0.0000000 0.0054485 0.0000000 0.0056939 0.0092848 0.0456878 0.0702802 0.0067528 0.3657832 0.0259412 0.0000000 0.0059597 0.0000000 0.0014727 0.3793935 0.0118605
 41 V  41 0.0028206 0.0000000 0.0000000 0.0000000 0.0000000 0.0000000 0.0000000 0.0000000 0.0000000 0.0569262 0.0000000 0.0000000 0.0097005 0.0000000 0.0000000 0.0000000 0.0000000 0.0000000 0.0000000 0.9305527
 42 T  42 0.0066968 0.0491230 0.0035467 0.0097561 0.0000000 0.0610052 0.0158960 0.0000000 0.0000000 0.0622843 0.1756882 0.0339394 0.0205323 0.0000000 0.0000000 0.0298262 0.4652567 0.0000000 0.0000000 0.0664492
 43 D  43 0.0060543 0.0066788 0.0384802 0.3207004 0.0000000 0.0132023 0.3902361 0.0000000 0.0000000 0.0013121 0.0000000 0.0145220 0.0000000 0.0000000 0.0000000 0.1793817 0.0279304 0.0000000 0.0015018 0.0000000
 44 G  44 0.0000000 0.0000000 0.0000000 0.0000000 0.0000000 0.0000000 0.0000000 1.0000000 0.0000000 0.0000000 0.0000000 0.0000000 0.0000000 0.0000000 0.0000000 0.0000000 0.0000000 0.0000000 0.0000000 0.0000000
 45 K  45 0.0083061 0.0163607 0.0071612 0.0000000 0.0056210 0.0114258 0.0446238 0.0000000 0.0139115 0.0816307 0.0573657 0.4136325 0.0150001 0.0129813 0.0000000 0.0237783 0.1006836 0.0000000 0.0310931 0.1564247
 46 I  46 0.0194227 0.0000000 0.0000000 0.0000000 0.0000000 0.0000000 0.0000000 0.0000000 0.0000000 0.4674361 0.0702805 0.0000000 0.0354060 0.0245569 0.0000000 0.0000000 0.0000000 0.0000000 0.0000000 0.3828977
 47 T  47 0.0146584 0.1428292 0.0218029 0.0036829 0.0000000 0.0709854 0.0746651 0.0000000 0.0183924 0.0269452 0.0266544 0.2685872 0.0027944 0.0219690 0.0047607 0.0363466 0.1867613 0.0000000 0.0318593 0.0463056
 48 R  48 0.0000000 0.9273385 0.0175067 0.0000000 0.0000000 0.0000000 0.0000000 0.0000000 0.0000000 0.0000000 0.0000000 0.0469832 0.0000000 0.0000000 0.0000000 0.0081716 0.0000000 0.0000000 0.0000000 0.0000000
 49 D  49 0.0150497 0.0043153 0.4086625 0.1764897 0.0000000 0.0083271 0.0134079 0.2013418 0.0245154 0.0000000 0.0000000 0.0085078 0.0000000 0.0000000 0.0017022 0.1065659 0.0311146 0.0000000 0.0000000 0.0000000
 50 S  50 0.3375123 0.0124040 0.0802197 0.0395367 0.1223131 0.0089962 0.0000000 0.0239685 0.0011431 0.0149613 0.0058205 0.0305053 0.0000000 0.0000000 0.0000000 0.2828618 0.0305303 0.0000000 0.0074415 0.0017858
 51 K  51 0.0029407 0.0662234 0.0621032 0.0154767 0.0000000 0.0590930 0.0330257 0.1231139 0.0314741 0.0045810 0.0151492 0.3443550 0.0029910 0.0115434 0.1148646 0.0903004 0.0095757 0.0000000 0.0025052 0.0106838
 52 V  52 0.1475852 0.0000000 0.0000000 0.0000000 0.0146556 0.0000000 0.0000000 0.0027739 0.0000000 0.2545924 0.0144299 0.0000000 0.0048127 0.0142918 0.0000000 0.0024401 0.0101081 0.0000000 0.0025650 0.5317451
 53 R  53 0.0000000 0.9662389 0.0172988 0.0000000 0.0000000 0.0026382 0.0000000 0.0000000 0.0103077 0.0000000 0.0000000 0.0035164 0.0000000 0.0000000 0.0000000 0.0000000 0.0000000 0.0000000 0.0000000 0.0000000
 54 L  54 0.0000000 0.0000000 0.0000000 0.0000000 0.0000000 0.0040957 0.0000000 0.0000000 0.0000000 0.1376043 0.4559901 0.0000000 0.0000000 0.0000000 0.0000000 0.0000000 0.0000000 0.0000000 0.0000000 0.4023100
 55 I  55 0.0040022 0.0184206 0.0045719 0.0000000 0.0000000 0.0043213 0.0000000 0.0000000 0.0066128 0.3917553 0.3712971 0.0042011 0.0225233 0.0031186 0.0000000 0.0081366 0.0351939 0.0000000 0.0089137 0.1169316
 56 R  56 0.0000000 0.9877271 0.0000000 0.0000000 0.0000000 0.0000000 0.0000000 0.0044569 0.0027521 0.0000000 0.0000000 0.0000000 0.0000000 0.0000000 0.0000000 0.0050640 0.0000000 0.0000000 0.0000000 0.0000000
 57 Q  57 0.0097404 0.0074665 0.1193121 0.6811643 0.0000000 0.0203191 0.1041432 0.0362619 0.0026792 0.0000000 0.0000000 0.0036744 0.0000000 0.0000000 0.0000000 0.0152389 0.0000000 0.0000000 0.0000000 0.0000000
 58 G  58 0.0000000 0.0035493 0.2947178 0.0527957 0.0000000 0.0032100 0.0047335 0.5782092 0.0134937 0.0000000 0.0000000 0.0039476 0.0000000 0.0038353 0.0000000 0.0415079 0.0000000 0.0000000 0.0000000 0.0000000
 59 I  59 0.0139555 0.0025052 0.0281888 0.0142860 0.0000000 0.0107729 0.0237583 0.0000000 0.0000000 0.2856755 0.0064318 0.0460678 0.0018888 0.0063063 0.0000000 0.0040968 0.0294190 0.0000000 0.0000000 0.5266474
 60 V  60 0.0000000 0.0000000 0.0000000 0.0000000 0.0000000 0.0635925 0.0118086 0.0000000 0.0000000 0.0335518 0.0148590 0.0062272 0.0048466 0.0000000 0.0000000 0.0000000 0.0158397 0.0000000 0.0000000 0.8492746
 61 V  61 0.0038594 0.0000000 0.0000000 0.0000000 0.0000000 0.0053203 0.0000000 0.0000000 0.0061593 0.5815757 0.0427471 0.0244462 0.0050871 0.0028940 0.0000000 0.0000000 0.0036162 0.0000000 0.0017246 0.3225702
 62 Y  62 0.0472136 0.0000000 0.0156383 0.0000000 0.0033543 0.0041515 0.0034129 0.0205443 0.2495961 0.0000000 0.0109338 0.0000000 0.0000000 0.2161688 0.0000000 0.0101055 0.0117576 0.0449578 0.3588852 0.0032803
 63 E  63 0.0087612 0.0000000 0.0113434 0.2168939 0.0000000 0.0183461 0.5065146 0.0017435 0.0000000 0.0000000 0.0000000 0.0056065 0.0000000 0.0000000 0.0073226 0.0410969 0.1760377 0.0000000 0.0000000 0.0063337
 64 G  64 0.0147799 0.0000000 0.0512402 0.0105676 0.0050287 0.0000000 0.0000000 0.8526976 0.0014006 0.0000000 0.0141887 0.0000000 0.0014414 0.0000000 0.0049594 0.0249663 0.0164339 0.0000000 0.0000000 0.0022957
 65 E  65 0.0465194 0.0193967 0.0375547 0.0259680 0.0000000 0.0402552 0.3354776 0.0075130 0.0083219 0.0085361 0.0017621 0.2588341 0.0011402 0.0035609 0.0266779 0.0337299 0.1047507 0.0013278 0.0040957 0.0345781
 66 I  66 0.0000000 0.0000000 0.0000000 0.0000000 0.0000000 0.0000000 0.0000000 0.0000000 0.0000000 0.3063452 0.5952124 0.0000000 0.0249840 0.0132515 0.0000000 0.0000000 0.0000000 0.0000000 0.0000000 0.0602068
 67 D  67 0.2364578 0.0000000 0.0333197 0.1537814 0.0000000 0.0072529 0.1982178 0.0867104 0.0018346 0.0036134 0.0069187 0.0560119 0.0000000 0.0000000 0.0000000 0.1807776 0.0271233 0.0000000 0.0017576 0.0062229
 68 S  68 0.0587674 0.0000000 0.0066249 0.0017032 0.0000000 0.0279961 0.0000000 0.0104958 0.0024305 0.0021689 0.0000000 0.0000000 0.0000000 0.0000000 0.0000000 0.7815131 0.1045450 0.0000000 0.0000000 0.0037550
 69 L  69 0.0000000 0.0000000 0.0000000 0.0000000 0.0000000 0.0000000 0.0000000 0.0000000 0.0000000 0.0089884 0.9786250 0.0000000 0.0042226 0.0000000 0.0000000 0.0000000 0.0000000 0.0000000 0.0000000 0.0081640
 70 K  70 0.0000000 0.3419545 0.0033267 0.0000000 0.0000000 0.0121261 0.0000000 0.0000000 0.0000000 0.0000000 0.0000000 0.6425928 0.0000000 0.0000000 0.0000000 0.0000000 0.0000000 0.0000000 0.0000000 0.0000000
 71 R  71 0.0000000 0.9548289 0.0000000 0.0000000 0.0000000 0.0000000 0.0000000 0.0000000 0.0380873 0.0041164 0.0000000 0.0000000 0.0000000 0.0000000 0.0000000 0.0000000 0.0000000 0.0000000 0.0000000 0.0029673
 72 Y  72 0.0042862 0.0000000 0.0000000 0.0000000 0.0000000 0.0041164 0.0407569 0.0098838 0.0025415 0.0123098 0.0114140 0.0000000 0.0372123 0.8175680 0.0000000 0.0000000 0.0000000 0.0000000 0.0484591 0.0114521
 73 K  73 0.0000000 0.0072208 0.0041852 0.0000000 0.0000000 0.0138936 0.0080522 0.0000000 0.0000000 0.0000000 0.0000000 0.9627291 0.0000000 0.0000000 0.0000000 0.0000000 0.0039191 0.0000000 0.0000000 0.0000000
 74 D  74 0.0000000 0.0000000 0.0166301 0.8930197 0.0000000 0.0000000 0.0903502 0.0000000 0.0000000 0.0000000 0.0000000 0.0000000 0.0000000 0.0000000 0.0000000 0.0000000 0.0000000 0.0000000 0.0000000 0.0000000
 75 D  75 0.0108779 0.0000000 0.0076300 0.8826809 0.0000000 0.0000000 0.0871861 0.0000000 0.0000000 0.0000000 0.0032836 0.0000000 0.0000000 0.0000000 0.0000000 0.0083414 0.0000000 0.0000000 0.0000000 0.0000000
 76 V  76 0.2025079 0.0000000 0.0000000 0.0000000 0.0000000 0.0023631 0.0000000 0.0000000 0.0000000 0.0082077 0.0021993 0.0000000 0.0047168 0.0000000 0.0000000 0.0000000 0.0017406 0.0000000 0.0000000 0.7782646
 77 R  77 0.0243877 0.1343457 0.0726770 0.0053865 0.0000000 0.0326052 0.0047292 0.0026167 0.0000000 0.0012131 0.0012412 0.5757378 0.0000000 0.0000000 0.0089731 0.0504297 0.0790647 0.0000000 0.0000000 0.0065923
 78 E  78 0.0031186 0.0000000 0.0000000 0.0246726 0.0000000 0.0066306 0.9351292 0.0000000 0.0000000 0.0000000 0.0000000 0.0029160 0.0000000 0.0000000 0.0000000 0.0166221 0.0109110 0.0000000 0.0000000 0.0000000
 79 V  79 0.0035136 0.0000000 0.0000000 0.0000000 0.0000000 0.0000000 0.0000000 0.0000000 0.0000000 0.0240944 0.0000000 0.0000000 0.0000000 0.0000000 0.0000000 0.0000000 0.0000000 0.0000000 0.0000000 0.9723920
 80 A  80 0.1936653 0.2395748 0.0689687 0.0179047 0.0000000 0.0544978 0.0121347 0.0268072 0.0018003 0.0052352 0.0130049 0.2057760 0.0072001 0.0000000 0.0125418 0.0629801 0.0359043 0.0000000 0.0000000 0.0420041
 81 Q  81 0.2222481 0.0262392 0.1147301 0.0123551 0.0000000 0.1164796 0.1575507 0.0024573 0.0081594 0.0043767 0.0062814 0.0894820 0.0186670 0.0073417 0.0018437 0.1229761 0.0759165 0.0000000 0.0035354 0.0093599
 82 G  82 0.0114355 0.0000000 0.0383165 0.0052244 0.0000000 0.0069987 0.0000000 0.9302198 0.0000000 0.0000000 0.0000000 0.0000000 0.0000000 0.0000000 0.0000000 0.0078051 0.0000000 0.0000000 0.0000000 0.0000000
 83 Y  83 0.0014817 0.0057594 0.0062466 0.0000000 0.0000000 0.0830336 0.0000000 0.0000000 0.0028041 0.0071169 0.0145566 0.0000000 0.0741843 0.2861122 0.0000000 0.0000000 0.0344882 0.0000000 0.4794803 0.0047360
 84 E  84 0.0000000 0.0000000 0.0000000 0.0695182 0.0000000 0.0000000 0.9304818 0.0000000 0.0000000 0.0000000 0.0000000 0.0000000 0.0000000 0.0000000 0.0000000 0.0000000 0.0000000 0.0000000 0.0000000 0.0000000
 85 C  85 0.0094453 0.0000000 0.0000000 0.0000000 0.9439064 0.0000000 0.0000000 0.0255065 0.0000000 0.0000000 0.0117800 0.0000000 0.0000000 0.0093618 0.0000000 0.0000000 0.0000000 0.0000000 0.0000000 0.0000000
 86 G  86 0.0000000 0.0000000 0.0000000 0.0000000 0.0000000 0.0000000 0.0000000 1.0000000 0.0000000 0.0000000 0.0000000 0.0000000 0.0000000 0.0000000 0.0000000 0.0000000 0.0000000 0.0000000 0.0000000 0.0000000
 87 L  87 0.0075401 0.0000000 0.0000000 0.0000000 0.0022491 0.0000000 0.0000000 0.0000000 0.0000000 0.4989235 0.2982218 0.0000000 0.1340978 0.0125179 0.0000000 0.0000000 0.0000000 0.0000000 0.0000000 0.0464499
 88 T  88 0.0795589 0.0077347 0.0544012 0.0000000 0.0015004 0.0407935 0.0000000 0.3109417 0.0023152 0.0095033 0.0040988 0.0324534 0.0757378 0.0020527 0.0000000 0.1480067 0.1656722 0.0000000 0.0000000 0.0652295
 89 I  89 0.0035609 0.0000000 0.0000000 0.0000000 0.0029025 0.0000000 0.0000000 0.0000000 0.0000000 0.3064590 0.3242378 0.0000000 0.0038805 0.1591504 0.0000000 0.0000000 0.0000000 0.0000000 0.0000000 0.1998088
 90 K  90 0.0604868 0.0253434 0.0109455 0.0802021 0.0000000 0.0246520 0.3864068 0.0569022 0.0052149 0.0000000 0.0000000 0.2824414 0.0018565 0.0000000 0.0000000 0.0112436 0.0366996 0.0000000 0.0000000 0.0176052
 91 N  91 0.0060407 0.0281597 0.5379561 0.0386197 0.0000000 0.0043668 0.0026558 0.1535144 0.0057290 0.0000000 0.0000000 0.1420726 0.0000000 0.0000000 0.0000000 0.0688889 0.0119964 0.0000000 0.0000000 0.0000000
 92 F  92 0.0000000 0.0000000 0.0123498 0.0000000 0.0066935 0.0000000 0.0000000 0.0000000 0.0022012 0.0000000 0.0021726 0.0000000 0.0000000 0.4264811 0.0000000 0.0024978 0.0000000 0.0054091 0.5407201 0.0014748
 93 N  93 0.0094958 0.0073508 0.7092288 0.0565579 0.0000000 0.0801547 0.0262445 0.0124565 0.0209224 0.0000000 0.0000000 0.0049592 0.0000000 0.0042989 0.0146527 0.0378244 0.0158535 0.0000000 0.0000000 0.0000000
 94 D  94 0.0052443 0.0000000 0.0233453 0.9469114 0.0000000 0.0019687 0.0130511 0.0032080 0.0000000 0.0000000 0.0000000 0.0000000 0.0000000 0.0000000 0.0000000 0.0062712 0.0000000 0.0000000 0.0000000 0.0000000
 95 I  95 0.0000000 0.0000000 0.0000000 0.0000000 0.0000000 0.0000000 0.0080312 0.0000000 0.0000000 0.5983946 0.1178860 0.0000000 0.0260092 0.0340531 0.0023760 0.0000000 0.0019842 0.0349862 0.0030030 0.1732765
 96 K  96 0.0149839 0.1659417 0.0085879 0.0000000 0.0034243 0.1432213 0.0475786 0.0000000 0.0181298 0.0036581 0.0089044 0.5528069 0.0071483 0.0000000 0.0000000 0.0046380 0.0106034 0.0000000 0.0000000 0.0103733
 97 E  97 0.0463808 0.0025650 0.0026199 0.0087011 0.0000000 0.0124021 0.3854777 0.0000000 0.0000000 0.0693987 0.0102108 0.0040892 0.0078458 0.0000000 0.0568333 0.0068695 0.0113770 0.0000000 0.0024996 0.3727295
 98 G  98 0.0026893 0.0035423 0.0154809 0.0857776 0.0000000 0.0027962 0.0191813 0.8384639 0.0025302 0.0000000 0.0078397 0.0060277 0.0030839 0.0033977 0.0000000 0.0030697 0.0000000 0.0010854 0.0050343 0.0000000
 99 D  99 0.0000000 0.0000000 0.0000000 1.0000000 0.0000000 0.0000000 0.0000000 0.0000000 0.0000000 0.0000000 0.0000000 0.0000000 0.0000000 0.0000000 0.0000000 0.0000000 0.0000000 0.0000000 0.0000000 0.0000000
100 V 100 0.0050471 0.0058329 0.0058364 0.0000000 0.0000000 0.1847663 0.0209274 0.0000000 0.0081103 0.2993806 0.0337840 0.0295659 0.0473126 0.0054297 0.0000000 0.0112924 0.0679879 0.0000000 0.0039140 0.2708124
101 I 101 0.0000000 0.0000000 0.0000000 0.0000000 0.0000000 0.0000000 0.0000000 0.0000000 0.0000000 0.6731261 0.1431246 0.0000000 0.0097247 0.0487421 0.0000000 0.0000000 0.0000000 0.0000000 0.0023460 0.1229366
102 E 102 0.0056728 0.0000000 0.0000000 0.0045746 0.0000000 0.0069293 0.9760395 0.0000000 0.0000000 0.0036851 0.0000000 0.0000000 0.0000000 0.0000000 0.0000000 0.0000000 0.0030988 0.0000000 0.0000000 0.0000000
103 A 103 0.3961696 0.0000000 0.0051449 0.0035083 0.1275213 0.0000000 0.0000000 0.0412313 0.0000000 0.0289029 0.0050891 0.0000000 0.0000000 0.0442741 0.0102063 0.0391618 0.1047476 0.0000000 0.0000000 0.1940429
104 Y 104 0.0000000 0.0000000 0.0000000 0.0000000 0.0000000 0.0000000 0.0000000 0.0000000 0.0041513 0.0072436 0.0000000 0.0000000 0.0000000 0.4854437 0.0000000 0.0000000 0.0000000 0.0086559 0.4895066 0.0049988
105 V 105 0.0125365 0.0768586 0.0099841 0.0435626 0.0000000 0.0528402 0.4722117 0.0036335 0.0153909 0.0914149 0.0019584 0.0661368 0.0052942 0.0000000 0.0000000 0.0041547 0.0651993 0.0000000 0.0017762 0.0770474
106 M 106 0.0000000 0.0459312 0.0150674 0.0110068 0.0000000 0.0357301 0.0837902 0.0000000 0.0015723 0.1782773 0.0573193 0.0107698 0.3419149 0.0016729 0.0000000 0.0110276 0.0584057 0.0000000 0.0105826 0.1369319
107 Q 107 0.0036536 0.0815096 0.0030360 0.0027476 0.0000000 0.0695773 0.3133521 0.0000000 0.0051628 0.0748198 0.0075893 0.0901285 0.0000000 0.0025040 0.0000000 0.0000000 0.0354484 0.0000000 0.0023781 0.3080929
108 E 108 0.0379949 0.0089491 0.0000000 0.0010596 0.0000000 0.0672063 0.7043706 0.0000000 0.0190450 0.0021163 0.0111204 0.0505557 0.0076253 0.0000000 0.0017600 0.0194493 0.0453174 0.0000000 0.0017668 0.0216632
109 V 109 0.0000000 0.0104197 0.0000000 0.0000000 0.0000000 0.0069817 0.0474848 0.0000000 0.0000000 0.2800344 0.0016962 0.1196740 0.0028199 0.0019308 0.0000000 0.0000000 0.0197946 0.0000000 0.0000000 0.5091639
110 A 110 0.2457485 0.0586374 0.0053624 0.0016264 0.0000000 0.0651007 0.1010787 0.0000000 0.0018045 0.0027454 0.0000000 0.3046839 0.0000000 0.0000000 0.1733780 0.0114753 0.0216227 0.0000000 0.0000000 0.0067361
111 R 111 0.0304075 0.8230860 0.0000000 0.0000000 0.0000000 0.0473562 0.0000000 0.0000000 0.0000000 0.0000000 0.0000000 0.0870163 0.0000000 0.0000000 0.0052498 0.0000000 0.0025818 0.0000000 0.0000000 0.0043023
112 A 112 0.0633972 0.0000000 0.0000000 0.0000000 0.0000000 0.0000000 0.0000000 0.0000000 0.0000000 0.0000000 0.0000000 0.0000000 0.0000000 0.0000000 0.0000000 0.2026646 0.7339382 0.0000000 0.0000000 0.0000000
