  298         A         R         N         D         C         Q         E         G         H         I         L         K         M         F         P         S         T         W         Y         V         X    
  1 M   1 0.0000000 0.0000000 0.0000000 0.0000000 0.0000000 0.0000000 0.0000000 0.0000000 0.0000000 0.0200629 0.0202449 0.0000000 0.1260743 0.0049983 0.0000000 0.0000000 0.0000000 0.0000000 0.0000000 0.0227727 0.8058468
  2 D   2 0.0000000 0.0049985 0.2286537 0.1705113 0.0000000 0.0019094 0.0000000 0.0000000 0.0000000 0.0000000 0.0000000 0.0000000 0.0000000 0.0000000 0.0000000 0.0052116 0.0090110 0.0000000 0.0000000 0.0000000 0.5797045
  3 Y   3 0.0000000 0.0000000 0.0000000 0.0223849 0.0000000 0.0000000 0.0000000 0.0000000 0.1130257 0.0030095 0.0037293 0.0000000 0.0000000 0.0258083 0.0318631 0.0041136 0.0000000 0.0000000 0.2908894 0.0032093 0.5019669
  4 F   4 0.0000000 0.0000000 0.0000000 0.0000000 0.0000000 0.0000000 0.0000000 0.0000000 0.0000000 0.0000000 0.0000000 0.0000000 0.0000000 0.4808478 0.0000000 0.0000000 0.0000000 0.0000000 0.0392808 0.0000000 0.4798713
  5 T   5 0.0600257 0.0123877 0.0065396 0.0508810 0.0000000 0.0528152 0.1832901 0.0000000 0.0000000 0.0000000 0.0026352 0.0169094 0.0000000 0.0030095 0.0000000 0.0526326 0.0760690 0.0000000 0.0029338 0.0000000 0.4798713
  6 L   6 0.0000000 0.0062164 0.0000000 0.0000000 0.0000000 0.0016021 0.0000000 0.0000000 0.0000000 0.0940927 0.3441278 0.0000000 0.0078056 0.0338312 0.0000000 0.0000000 0.0000000 0.0000000 0.0031682 0.0292847 0.4798713
  7 F   7 0.0045192 0.0000000 0.0000000 0.0000000 0.0000000 0.0000000 0.0000000 0.0000000 0.0000000 0.0102055 0.0657997 0.0000000 0.0464861 0.3839013 0.0000000 0.0000000 0.0000000 0.0000000 0.0092169 0.0000000 0.4798713
  8 G   8 0.0051389 0.0042811 0.0408785 0.0933911 0.0000000 0.0227806 0.0174495 0.2597510 0.0106902 0.0000000 0.0000000 0.0184337 0.0019212 0.0000000 0.0000000 0.0454128 0.0000000 0.0000000 0.0000000 0.0000000 0.4798713
  9 L   9 0.0000000 0.0026432 0.0000000 0.0000000 0.0389428 0.0000000 0.0000000 0.0000000 0.0000000 0.0444760 0.3280697 0.0027653 0.0169743 0.0266192 0.0259689 0.0000000 0.0000000 0.0000000 0.0000000 0.0346004 0.4789404
 10 P  10 0.0125898 0.0031682 0.0153751 0.0232242 0.0000000 0.0177306 0.0670415 0.0037466 0.0014802 0.0000000 0.0015096 0.0290145 0.0000000 0.0000000 0.3071411 0.0219155 0.0111825 0.0000000 0.0000000 0.0059402 0.4789404
 11 A  11 0.0435857 0.0708127 0.0130379 0.0000000 0.0043355 0.0226820 0.0627928 0.0000000 0.0031488 0.0152861 0.0058966 0.0435455 0.0047911 0.0021769 0.1189839 0.0151088 0.0133582 0.0000000 0.0043673 0.0771497 0.4789404
 12 R  12 0.0501681 0.0695147 0.0160230 0.0337111 0.0000000 0.0954204 0.0150850 0.0295002 0.0100057 0.0101247 0.0017104 0.0382189 0.0029014 0.0000000 0.0041132 0.1044168 0.0365191 0.0000000 0.0000000 0.0036270 0.4789404
 13 Y  13 0.0000000 0.0000000 0.0000000 0.0000000 0.0017453 0.0015932 0.0000000 0.0000000 0.0020336 0.0000000 0.0087330 0.0000000 0.0000000 0.3907492 0.0000000 0.0000000 0.0000000 0.0023760 0.1138294 0.0000000 0.4789404
 14 Q  14 0.0843224 0.0480171 0.0529840 0.1227921 0.0000000 0.0479088 0.0484417 0.0082454 0.0059799 0.0038862 0.0095547 0.0115758 0.0000000 0.0024847 0.0132360 0.0385322 0.0206682 0.0000000 0.0000000 0.0024304 0.4789404
 15 L  15 0.0000000 0.0000000 0.0000000 0.0000000 0.0000000 0.0245239 0.0000000 0.0000000 0.0000000 0.1935226 0.1869491 0.0000000 0.0027653 0.0024675 0.0000000 0.0000000 0.0000000 0.0000000 0.0000000 0.1108312 0.4789404
 16 D  16 0.0000000 0.0000000 0.0252346 0.4190182 0.0000000 0.0047349 0.0278176 0.0000000 0.0000000 0.0000000 0.0000000 0.0104676 0.0000000 0.0000000 0.0093512 0.0165334 0.0022646 0.0000000 0.0000000 0.0056375 0.4789404
 17 T  17 0.0404131 0.0386269 0.0169751 0.0140279 0.0000000 0.0380804 0.0262544 0.0396208 0.0000000 0.0173994 0.0726625 0.0114031 0.0017012 0.0000000 0.0353909 0.0284918 0.0972491 0.0000000 0.0000000 0.0427632 0.4789404
 18 Q  18 0.1016725 0.0193710 0.0216025 0.0336227 0.0000000 0.0719290 0.0534174 0.0329879 0.0000000 0.0052572 0.0037331 0.0409122 0.0027196 0.0021623 0.0181588 0.0689675 0.0330870 0.0000000 0.0000000 0.0114588 0.4789404
 19 A  19 0.1308902 0.0136308 0.0254932 0.0319850 0.0000000 0.0653695 0.0486771 0.0059802 0.0000000 0.0104906 0.0771723 0.0443350 0.0045611 0.0000000 0.0000000 0.0185600 0.0124304 0.0000000 0.0000000 0.0314842 0.4789404
 20 L  20 0.0029251 0.0000000 0.0000000 0.0000000 0.0000000 0.0000000 0.0000000 0.0000000 0.0000000 0.0333944 0.4797769 0.0000000 0.0000000 0.0000000 0.0000000 0.0000000 0.0000000 0.0000000 0.0000000 0.0049633 0.4789404
 21 S  21 0.0692679 0.0280083 0.0224477 0.0741285 0.0000000 0.0535139 0.1053846 0.0108717 0.0135834 0.0000000 0.0000000 0.0203585 0.0000000 0.0000000 0.0000000 0.0785096 0.0420405 0.0000000 0.0000000 0.0029449 0.4789404
 22 L  22 0.0830445 0.0784000 0.0229117 0.0171203 0.0000000 0.0521237 0.0491068 0.0153477 0.0210998 0.0053777 0.0111515 0.0636053 0.0015445 0.0000000 0.0000000 0.0596575 0.0320969 0.0000000 0.0000000 0.0084718 0.4789404
 23 R  23 0.0682321 0.2174745 0.0304510 0.0026432 0.0017183 0.0427008 0.0304305 0.0041272 0.0078999 0.0019094 0.0019740 0.0648389 0.0000000 0.0000000 0.0000000 0.0107340 0.0359260 0.0000000 0.0000000 0.0000000 0.4789404
 24 F  24 0.0000000 0.0013154 0.0000000 0.0000000 0.0028020 0.0023217 0.0000000 0.0000000 0.0053000 0.0000000 0.0029904 0.0000000 0.0041428 0.1377432 0.0000000 0.0026044 0.0000000 0.0405800 0.3167406 0.0045192 0.4789404
 25 Q  25 0.0000000 0.2239106 0.0000000 0.0000000 0.0000000 0.0643729 0.0028913 0.0000000 0.0179038 0.0000000 0.1017892 0.0794819 0.0000000 0.0121868 0.0000000 0.0000000 0.0000000 0.0048152 0.0095704 0.0041375 0.4789404
 26 D  26 0.0720651 0.0311392 0.0171880 0.0753396 0.0000000 0.0702653 0.1523388 0.0115722 0.0042562 0.0000000 0.0073066 0.0219840 0.0000000 0.0000000 0.0000000 0.0178904 0.0397141 0.0000000 0.0000000 0.0000000 0.4789404
 27 L  27 0.0070724 0.0041428 0.0000000 0.0000000 0.0000000 0.0089582 0.0000000 0.0000000 0.0000000 0.0197408 0.4053574 0.0000000 0.0158850 0.0066744 0.0000000 0.0000000 0.0000000 0.0181202 0.0000000 0.0351085 0.4789404
 28 Q  28 0.0464133 0.0000000 0.0000000 0.0000000 0.0000000 0.4311746 0.0000000 0.0000000 0.0000000 0.0087100 0.0052936 0.0000000 0.0000000 0.0000000 0.0000000 0.0216946 0.0000000 0.0000000 0.0000000 0.0077735 0.4789404
 29 R  29 0.0747788 0.1752415 0.0194908 0.0000000 0.0000000 0.0117718 0.0000000 0.0196320 0.0000000 0.0000000 0.0065352 0.1395991 0.0066333 0.0000000 0.0000000 0.0392323 0.0154390 0.0063230 0.0000000 0.0063828 0.4789404
 30 Q  30 0.0412038 0.0724326 0.0055708 0.0000000 0.0000000 0.1367521 0.0420616 0.0094110 0.0047045 0.0058715 0.0596478 0.0472424 0.0078321 0.0020020 0.0000000 0.0384293 0.0239266 0.0000000 0.0000000 0.0239715 0.4789404
 31 Y  31 0.0337245 0.0000000 0.0000000 0.0000000 0.0069018 0.0000000 0.0000000 0.0000000 0.0024261 0.0162375 0.1652077 0.0000000 0.0020134 0.1089245 0.0000000 0.0026387 0.0097223 0.0000000 0.0230343 0.1502288 0.4789404
 32 H  32 0.0000000 0.0000000 0.0000000 0.0000000 0.0000000 0.0000000 0.0000000 0.0000000 0.5210596 0.0000000 0.0000000 0.0000000 0.0000000 0.0000000 0.0000000 0.0000000 0.0000000 0.0000000 0.0000000 0.0000000 0.4789404
 33 P  33 0.0000000 0.0000000 0.0000000 0.0000000 0.0000000 0.0000000 0.0000000 0.0000000 0.0000000 0.0000000 0.0000000 0.0000000 0.0000000 0.0000000 0.5210596 0.0000000 0.0000000 0.0000000 0.0000000 0.0000000 0.4789404
 34 D  34 0.0000000 0.0000000 0.0000000 0.5210596 0.0000000 0.0000000 0.0000000 0.0000000 0.0000000 0.0000000 0.0000000 0.0000000 0.0000000 0.0000000 0.0000000 0.0000000 0.0000000 0.0000000 0.0000000 0.0000000 0.4789404
 35 K  35 0.0000000 0.2062521 0.0658804 0.0000000 0.0000000 0.0040667 0.0000000 0.0000000 0.0023032 0.0000000 0.0342823 0.1784100 0.0020104 0.0249207 0.0000000 0.0000000 0.0000000 0.0000000 0.0029338 0.0000000 0.4789404
 36 F  36 0.0029014 0.0000000 0.0000000 0.0000000 0.0012432 0.0000000 0.0000000 0.0000000 0.0259047 0.0000000 0.0000000 0.0000000 0.0043490 0.3751144 0.0000000 0.0066484 0.0032643 0.0041132 0.0749248 0.0225962 0.4789404
 37 A  37 0.3006894 0.0000000 0.0000000 0.0000000 0.0000000 0.0054411 0.0030095 0.0257461 0.0163303 0.0079752 0.0000000 0.0000000 0.0028991 0.0000000 0.0198056 0.0933555 0.0127386 0.0000000 0.0000000 0.0310590 0.4809507
 38 S  38 0.0623631 0.0115187 0.0919776 0.0205529 0.0012742 0.0743556 0.0000000 0.0181726 0.0377241 0.0010280 0.0109791 0.0058533 0.0121799 0.0000000 0.0090620 0.0793672 0.0783054 0.0000000 0.0000000 0.0021016 0.4831846
 39 G  39 0.1637411 0.0275818 0.0000000 0.0084086 0.0067601 0.0450380 0.0138534 0.0474439 0.0101836 0.0000000 0.0125277 0.1331130 0.0000000 0.0000000 0.0000000 0.0481643 0.0000000 0.0000000 0.0000000 0.0000000 0.4831846
 40 S  40 0.0116373 0.0015651 0.0083386 0.0065936 0.0000000 0.0000000 0.0081181 0.0638316 0.0000000 0.0024014 0.0000000 0.0023990 0.0000000 0.0000000 0.0797148 0.2910766 0.0411650 0.0000000 0.0000000 0.0000000 0.4831589
 41 Q  41 0.1006334 0.0000000 0.0072228 0.0729110 0.0000000 0.0353998 0.1967437 0.0051850 0.0000000 0.0000000 0.0000000 0.0158020 0.0023025 0.0000000 0.0314211 0.0367518 0.0032194 0.0000000 0.0000000 0.0074395 0.4849678
 42 A  42 0.1185618 0.0946650 0.0055441 0.0052364 0.0012594 0.0634404 0.0130917 0.0000000 0.0056463 0.0047792 0.0077703 0.0909758 0.0000000 0.0321054 0.0000000 0.0227772 0.0337571 0.0013629 0.0000000 0.0160461 0.4829810
 43 E  43 0.0359629 0.0054431 0.0000000 0.0579308 0.0000000 0.0433853 0.3646852 0.0000000 0.0000000 0.0026220 0.0000000 0.0025789 0.0000000 0.0000000 0.0000000 0.0000000 0.0060253 0.0000000 0.0000000 0.0000000 0.4813665
 44 Q  44 0.0041132 0.1497419 0.0000000 0.0000000 0.0000000 0.2061869 0.0000000 0.0000000 0.0000000 0.0000000 0.0028991 0.1581186 0.0000000 0.0000000 0.0000000 0.0000000 0.0000000 0.0000000 0.0000000 0.0000000 0.4789404
 45 L  45 0.0282538 0.1834783 0.0093293 0.0249841 0.0000000 0.0274742 0.0617509 0.0015959 0.0048000 0.0028690 0.0932328 0.0330552 0.0155529 0.0000000 0.0000000 0.0128935 0.0154331 0.0000000 0.0017953 0.0045613 0.4789404
 46 A  46 0.0316297 0.0160964 0.0147695 0.0000000 0.0000000 0.0471289 0.0246764 0.0000000 0.0021598 0.0587232 0.1416431 0.0000000 0.0209167 0.0379673 0.0000000 0.0057819 0.0061514 0.0041272 0.0464540 0.0619989 0.4797757
 47 A  47 0.3222933 0.0000000 0.0000000 0.0000000 0.0000000 0.0000000 0.0000000 0.0000000 0.0000000 0.0054431 0.0000000 0.0000000 0.0000000 0.0000000 0.0000000 0.1933232 0.0000000 0.0000000 0.0000000 0.0000000 0.4789404
 48 V  48 0.0621418 0.0000000 0.0000000 0.0043196 0.0000000 0.0095611 0.0714477 0.0029251 0.0000000 0.0154592 0.1113826 0.0062188 0.1195348 0.0000000 0.0000000 0.0055544 0.0019740 0.0000000 0.0000000 0.1105403 0.4789404
 49 Q  49 0.0170354 0.0000000 0.0057023 0.0245971 0.0000000 0.2772356 0.0789167 0.0035784 0.0085783 0.0097166 0.0058114 0.0177987 0.0283300 0.0000000 0.0000000 0.0158433 0.0051553 0.0000000 0.0065954 0.0048152 0.4902902
 50 Q  50 0.0000000 0.0377039 0.0147572 0.0000000 0.0031682 0.1227698 0.0014359 0.0085147 0.0278486 0.0030095 0.0313677 0.0797025 0.0274901 0.0088638 0.0000000 0.0036649 0.0048021 0.1094533 0.0174336 0.0077240 0.4902902
 51 S  51 0.1840510 0.0000000 0.0032202 0.0000000 0.0000000 0.0000000 0.0000000 0.0000000 0.0000000 0.0000000 0.0000000 0.0000000 0.0026044 0.0000000 0.0000000 0.2752082 0.0559758 0.0000000 0.0000000 0.0000000 0.4789404
 52 A  52 0.2353836 0.0000000 0.0000000 0.0000000 0.0000000 0.0000000 0.0000000 0.0024847 0.0000000 0.0014990 0.0019825 0.0000000 0.0000000 0.0000000 0.0000000 0.1201285 0.1301322 0.0000000 0.0000000 0.0294492 0.4789404
 53 T  53 0.0238828 0.1128385 0.0069222 0.0122217 0.0013016 0.0765508 0.0412061 0.0000000 0.0125045 0.0082104 0.1205566 0.0052069 0.0065241 0.0029014 0.0000000 0.0147118 0.0513002 0.0031876 0.0067939 0.0142386 0.4789404
 54 I  54 0.0477510 0.0000000 0.0092169 0.0000000 0.0000000 0.0000000 0.0000000 0.0024087 0.0000000 0.2163453 0.0621188 0.0000000 0.0000000 0.0000000 0.0000000 0.0000000 0.0041491 0.0000000 0.0000000 0.1790697 0.4789404
 55 N  55 0.0000000 0.0000000 0.5000431 0.0000000 0.0000000 0.0000000 0.0000000 0.0000000 0.0000000 0.0159336 0.0000000 0.0000000 0.0000000 0.0000000 0.0000000 0.0000000 0.0050829 0.0000000 0.0000000 0.0000000 0.4789404
 56 Q  56 0.0119488 0.0027653 0.0092324 0.1731807 0.0000000 0.0340600 0.1781877 0.0000000 0.0000000 0.0000000 0.0043490 0.0794582 0.0000000 0.0000000 0.0000000 0.0073289 0.0205488 0.0000000 0.0000000 0.0000000 0.4789404
 57 A  57 0.4843203 0.0000000 0.0000000 0.0000000 0.0000000 0.0000000 0.0000000 0.0367393 0.0000000 0.0000000 0.0000000 0.0000000 0.0000000 0.0000000 0.0000000 0.0000000 0.0000000 0.0000000 0.0000000 0.0000000 0.4789404
 58 W  58 0.0000000 0.0000000 0.0015477 0.0000000 0.0032202 0.0000000 0.0000000 0.0000000 0.0088868 0.0000000 0.0404959 0.0028020 0.0000000 0.0522285 0.0000000 0.0000000 0.0000000 0.0122086 0.3970654 0.0026044 0.4789404
 59 Q  59 0.0197429 0.1112713 0.0246896 0.0188461 0.0000000 0.1962641 0.0145020 0.0041428 0.0099683 0.0000000 0.0044384 0.0735827 0.0000000 0.0019867 0.0000000 0.0241283 0.0124078 0.0018212 0.0032675 0.0000000 0.4789404
 60 T  60 0.0144262 0.0282978 0.0000000 0.0000000 0.0052252 0.0059873 0.0000000 0.0000000 0.0000000 0.0578785 0.0054452 0.0017487 0.0077027 0.0000000 0.0000000 0.0071525 0.3290194 0.0000000 0.0035989 0.0545773 0.4789404
 61 L  61 0.0000000 0.0000000 0.0000000 0.0000000 0.0000000 0.0000000 0.0000000 0.0000000 0.0000000 0.0049385 0.5161211 0.0000000 0.0000000 0.0000000 0.0000000 0.0000000 0.0000000 0.0000000 0.0000000 0.0000000 0.4789404
 62 R  62 0.0153997 0.0751196 0.0079348 0.0000000 0.0022646 0.0147068 0.0022317 0.0026575 0.0012801 0.0059894 0.0628445 0.2748510 0.0020950 0.0000000 0.0000000 0.0459162 0.0077688 0.0000000 0.0000000 0.0000000 0.4789404
 63 H  63 0.0282527 0.0066337 0.0710737 0.1607384 0.0000000 0.0144805 0.0104526 0.0000000 0.0642081 0.0019193 0.0000000 0.0571096 0.0020735 0.0000000 0.0000000 0.0801172 0.0190357 0.0000000 0.0000000 0.0049647 0.4789404
 64 P  64 0.0088256 0.0032202 0.0000000 0.0041604 0.0000000 0.0000000 0.0000000 0.0000000 0.0000000 0.0000000 0.0000000 0.0000000 0.0000000 0.0037738 0.4823534 0.0087177 0.0029911 0.0035989 0.0000000 0.0034186 0.4789404
 65 L  65 0.0056503 0.0095747 0.0048152 0.0037738 0.0059880 0.0017104 0.0000000 0.0000000 0.0000000 0.0964064 0.2973131 0.0029911 0.0080679 0.0099681 0.0138894 0.0068048 0.0092690 0.0000000 0.0026216 0.0422157 0.4789404
 66 M  66 0.0276497 0.0608547 0.0144201 0.0188132 0.0000000 0.0396025 0.0277287 0.0028977 0.0017388 0.0000000 0.0640450 0.1129151 0.0012317 0.0000000 0.0103713 0.1147954 0.0239957 0.0000000 0.0000000 0.0000000 0.4789404
 67 R  67 0.0000000 0.5129945 0.0000000 0.0000000 0.0026220 0.0000000 0.0000000 0.0000000 0.0000000 0.0000000 0.0054431 0.0000000 0.0000000 0.0000000 0.0000000 0.0000000 0.0000000 0.0000000 0.0000000 0.0000000 0.4789404
 68 A  68 0.4040048 0.0000000 0.0000000 0.0000000 0.0000000 0.0000000 0.0000000 0.0928822 0.0000000 0.0000000 0.0037738 0.0000000 0.0000000 0.0000000 0.0000000 0.0043224 0.0095704 0.0000000 0.0000000 0.0065061 0.4789404
 69 E  69 0.0712234 0.0534085 0.0100052 0.0127989 0.0000000 0.0651392 0.1340198 0.0034156 0.0022068 0.0245630 0.0706901 0.0211496 0.0032202 0.0065430 0.0000000 0.0103736 0.0179880 0.0000000 0.0000000 0.0143146 0.4789404
 70 Y  70 0.0161372 0.0000000 0.0000000 0.0000000 0.0032547 0.0000000 0.0048818 0.0000000 0.0376029 0.0000000 0.0032643 0.0000000 0.0000000 0.0032093 0.0000000 0.0088033 0.0017145 0.0028913 0.4393003 0.0000000 0.4789404
 71 L  71 0.0000000 0.0000000 0.0000000 0.0000000 0.0000000 0.0000000 0.0000000 0.0000000 0.0000000 0.0836774 0.3399958 0.0000000 0.0956966 0.0000000 0.0000000 0.0000000 0.0000000 0.0016898 0.0000000 0.0000000 0.4789404
 72 L  72 0.0000000 0.0021016 0.0000000 0.0000000 0.0560147 0.0000000 0.0000000 0.0000000 0.0000000 0.0368184 0.4208908 0.0000000 0.0032202 0.0000000 0.0000000 0.0000000 0.0000000 0.0000000 0.0000000 0.0020139 0.4789404
 73 S  73 0.0681139 0.0190829 0.0180515 0.0109745 0.0000000 0.0544101 0.1428001 0.0117212 0.0142265 0.0000000 0.0117082 0.0682147 0.0013654 0.0000000 0.0000000 0.0867904 0.0081342 0.0000000 0.0000000 0.0054661 0.4789404
 74 L  74 0.0094277 0.0103536 0.0000000 0.0000000 0.0024129 0.0463558 0.0192886 0.0000000 0.0020272 0.0318467 0.3469428 0.0000000 0.0196719 0.0053646 0.0000000 0.0049862 0.0143847 0.0019868 0.0000000 0.0060098 0.4789404
 75 H  75 0.0337953 0.0808795 0.0760477 0.0000000 0.0033406 0.0728021 0.0372603 0.0029425 0.1297314 0.0000000 0.0133220 0.0433221 0.0026216 0.0026843 0.0000000 0.0158988 0.0000000 0.0000000 0.0064114 0.0000000 0.4789404
 76 G  76 0.0046575 0.0000000 0.0118980 0.0122088 0.0000000 0.0014233 0.0039321 0.4659608 0.0016704 0.0000000 0.0019407 0.0000000 0.0016305 0.0000000 0.0000000 0.0054651 0.0042195 0.0000000 0.0031840 0.0000000 0.4818094
 77 F  77 0.0295987 0.0051298 0.0061294 0.0015961 0.0034156 0.0078917 0.0476731 0.0100624 0.0199235 0.1565321 0.0234131 0.0041773 0.0196430 0.0356780 0.0057236 0.0033044 0.0070303 0.0041428 0.0131369 0.1090361 0.4867621
 78 D  78 0.0139391 0.0037557 0.0311832 0.2161108 0.0000000 0.0212527 0.0880205 0.0169993 0.0130917 0.0052550 0.0092645 0.0108634 0.0000000 0.0000000 0.0273396 0.0236853 0.0204495 0.0000000 0.0000000 0.0078602 0.4909294
 79 L  79 0.0692143 0.0000000 0.0000000 0.0029904 0.0000000 0.0087810 0.0030051 0.0000000 0.0000000 0.1401695 0.1269953 0.0088060 0.0149384 0.0124057 0.0068692 0.0000000 0.0191441 0.0000000 0.0000000 0.1008524 0.4858287
 80 A  80 0.0264707 0.0536241 0.0493925 0.0602845 0.0000000 0.0463389 0.0314684 0.0361038 0.0000000 0.0053862 0.0209365 0.0133091 0.0017687 0.0151614 0.0494340 0.0478407 0.0274895 0.0000000 0.0000000 0.0000000 0.5149910
 81 S  81 0.1116412 0.0036439 0.0350403 0.0518896 0.0032144 0.0089788 0.0947952 0.0507359 0.0227226 0.0083958 0.0357950 0.0020008 0.0032336 0.0000000 0.0086102 0.0359703 0.0168967 0.0000000 0.0000000 0.0056361 0.5007994
 82 E  82 0.0165852 0.0053710 0.0021448 0.0221805 0.0000000 0.0217100 0.3606759 0.0401798 0.0040983 0.0000000 0.0034156 0.0029904 0.0000000 0.0000000 0.0256299 0.0000000 0.0000000 0.0000000 0.0000000 0.0028690 0.4921495
 83 Q  83 0.0046720 0.0078877 0.0327260 0.0682353 0.0092075 0.1135446 0.0803152 0.0167957 0.0039913 0.0000000 0.0000000 0.0185163 0.0000000 0.0000000 0.0000000 0.0540025 0.0887051 0.0000000 0.0000000 0.0000000 0.5014007
 84 H  84 0.0160040 0.0227140 0.1291154 0.0489802 0.0000000 0.0365169 0.0204601 0.0236531 0.0735724 0.0026432 0.0000000 0.0459445 0.0046329 0.0000000 0.0000000 0.0148715 0.0372250 0.0000000 0.0032434 0.0250057 0.4954175
 85 T  85 0.0217991 0.0000000 0.0038551 0.0032916 0.0037293 0.0112849 0.0029338 0.0089406 0.0059185 0.0079025 0.0070122 0.0171516 0.0000000 0.0000000 0.0023990 0.0787823 0.3223198 0.0000000 0.0160367 0.0036667 0.4829764
 86 V  86 0.1280568 0.0068079 0.0108668 0.0135921 0.0000000 0.0131140 0.0199989 0.0204548 0.0018225 0.0362764 0.0413030 0.0040535 0.0377439 0.0118177 0.0169678 0.0452473 0.0357591 0.0000000 0.0000000 0.0771773 0.4789404
 87 R  87 0.0361419 0.0345291 0.0254921 0.0108590 0.0026432 0.0681552 0.0049415 0.0000000 0.0181997 0.0138053 0.0520470 0.0276830 0.1285961 0.0215949 0.0000000 0.0197987 0.0183610 0.0000000 0.0000000 0.0305445 0.4866078
 88 D  88 0.0190341 0.0000000 0.0253566 0.3267808 0.0000000 0.0000000 0.0270851 0.0055696 0.0000000 0.0000000 0.0000000 0.0026575 0.0000000 0.0000000 0.0887876 0.0160153 0.0043299 0.0000000 0.0000000 0.0000000 0.4843835
 89 T  89 0.0506218 0.0086696 0.0017183 0.0020139 0.0000000 0.0147850 0.0017487 0.0157290 0.0061193 0.0121080 0.0073966 0.0100291 0.0213385 0.0000000 0.2299993 0.0256857 0.0859220 0.0000000 0.0000000 0.0271749 0.4789404
 90 A  90 0.1480410 0.0000000 0.0023025 0.0640116 0.0000000 0.0365565 0.1750105 0.0073154 0.0018801 0.0000000 0.0050057 0.0079816 0.0340196 0.0000000 0.0029338 0.0124996 0.0120281 0.0000000 0.0000000 0.0106384 0.4797757
 91 F  91 0.0000000 0.0000000 0.0000000 0.0000000 0.0000000 0.0000000 0.0000000 0.0000000 0.0000000 0.0026843 0.0654534 0.0000000 0.0041272 0.4270052 0.0000000 0.0000000 0.0155706 0.0000000 0.0000000 0.0062188 0.4789404
 92 L  92 0.0000000 0.0000000 0.0000000 0.0000000 0.0000000 0.0000000 0.0000000 0.0000000 0.0000000 0.0000000 0.5162242 0.0000000 0.0041132 0.0000000 0.0000000 0.0000000 0.0000000 0.0000000 0.0000000 0.0000000 0.4796626
 93 M  93 0.0086826 0.0000000 0.0000000 0.0000000 0.0000000 0.0000000 0.0113700 0.0015848 0.0000000 0.0134637 0.0255744 0.0000000 0.4255058 0.0087101 0.0000000 0.0058669 0.0033375 0.0000000 0.0000000 0.0154062 0.4804980
 94 E  94 0.0198482 0.0051854 0.0051193 0.0096619 0.0000000 0.2094155 0.2369221 0.0014182 0.0043669 0.0000000 0.0037563 0.0068775 0.0000000 0.0000000 0.0000000 0.0086139 0.0045192 0.0000000 0.0022068 0.0024261 0.4796626
 95 Q  95 0.0000000 0.0000000 0.0000000 0.0000000 0.0000000 0.3245055 0.0000000 0.0000000 0.0025789 0.0740420 0.0110972 0.0000000 0.0368356 0.0000000 0.0000000 0.0000000 0.0048152 0.0000000 0.0000000 0.0664630 0.4796626
 96 L  96 0.0000000 0.0000000 0.0000000 0.0000000 0.0000000 0.0000000 0.0000000 0.0000000 0.0000000 0.0197116 0.0818514 0.0000000 0.4111902 0.0067489 0.0000000 0.0000000 0.0000000 0.0000000 0.0000000 0.0000000 0.4804980
 97 E  97 0.0149977 0.0000000 0.0000000 0.0225510 0.0000000 0.0408158 0.4152822 0.0014032 0.0014582 0.0021063 0.0024129 0.0000000 0.0032660 0.0000000 0.0000000 0.0041686 0.0118754 0.0000000 0.0000000 0.0000000 0.4796626
 98 L  98 0.0210694 0.0177440 0.0000000 0.0000000 0.0000000 0.0000000 0.0000000 0.0000000 0.0000000 0.0687022 0.1480900 0.0178481 0.0070340 0.0023760 0.0000000 0.0000000 0.0044656 0.1973666 0.0045192 0.0258647 0.4849202
 99 R  99 0.0000000 0.3643134 0.1119023 0.0000000 0.0000000 0.0219850 0.0028690 0.0000000 0.0140101 0.0000000 0.0000000 0.0000000 0.0000000 0.0000000 0.0000000 0.0000000 0.0000000 0.0000000 0.0000000 0.0000000 0.4849202
100 E 100 0.0000000 0.0000000 0.0000000 0.0034156 0.0000000 0.0026352 0.5049017 0.0000000 0.0000000 0.0000000 0.0000000 0.0000000 0.0041272 0.0000000 0.0000000 0.0000000 0.0000000 0.0000000 0.0000000 0.0000000 0.4849202
101 E 101 0.1309308 0.0353693 0.0116587 0.0100236 0.0000000 0.0392524 0.1396762 0.0025988 0.0051722 0.0000000 0.0039188 0.0317611 0.0169345 0.0000000 0.0000000 0.0322067 0.0507885 0.0031840 0.0029911 0.0052042 0.4783291
102 L 102 0.0065838 0.0000000 0.0020735 0.0000000 0.0000000 0.0000000 0.0031840 0.0000000 0.0000000 0.0907596 0.3381886 0.0000000 0.0103308 0.0028690 0.0000000 0.0000000 0.0029477 0.0000000 0.0000000 0.0647339 0.4783291
103 D 103 0.0628036 0.0000000 0.0128449 0.0970710 0.0000000 0.0113846 0.2839565 0.0060635 0.0055886 0.0017130 0.0000000 0.0000000 0.0196988 0.0000000 0.0000000 0.0132668 0.0000000 0.0000000 0.0000000 0.0021618 0.4834468
104 E 104 0.0322002 0.0000000 0.0302760 0.1562621 0.0017183 0.0125428 0.2352997 0.0026971 0.0000000 0.0000000 0.0068422 0.0000000 0.0000000 0.0000000 0.0000000 0.0245510 0.0084302 0.0000000 0.0000000 0.0014246 0.4877557
105 I 105 0.2321717 0.0000000 0.0000000 0.0000000 0.0076276 0.0000000 0.0000000 0.0000000 0.0000000 0.1281409 0.0626001 0.0000000 0.0000000 0.0020219 0.0037293 0.0000000 0.0020727 0.0000000 0.0000000 0.0374814 0.5241545
106 E 106 0.0335726 0.0893413 0.0067969 0.0320420 0.0000000 0.0543720 0.1215763 0.0084922 0.0067160 0.0089215 0.0043190 0.0224629 0.0040232 0.0044801 0.0088329 0.0420822 0.0138730 0.0000000 0.0000000 0.0125664 0.5255295
107 Q 107 0.0810346 0.0068244 0.0342612 0.0889821 0.0000000 0.0273542 0.0224592 0.0224170 0.0329948 0.0090044 0.0031319 0.0207794 0.0049867 0.0037738 0.0000000 0.0856203 0.0227448 0.0022317 0.0000000 0.0012494 0.5301502
108 A 108 0.1542060 0.0131815 0.0167982 0.0368010 0.0046814 0.0162258 0.0549855 0.0103376 0.0026549 0.0016071 0.0000000 0.0203178 0.0024087 0.0029311 0.0073878 0.0926709 0.0222057 0.0000000 0.0000000 0.0084531 0.5321458
109 K 109 0.0489558 0.0289105 0.0175072 0.0706001 0.0028913 0.0508168 0.0537275 0.0415409 0.0078662 0.0043346 0.0000000 0.0727652 0.0000000 0.0037738 0.0091783 0.0396103 0.0171187 0.0000000 0.0000000 0.0000000 0.5304029
110 D 110 0.0406730 0.0026216 0.0624318 0.2499559 0.0000000 0.0014201 0.0164054 0.0101683 0.0000000 0.0041725 0.0099574 0.0018254 0.0000000 0.0000000 0.0327742 0.0105461 0.0237728 0.0000000 0.0000000 0.0000000 0.5332754
111 E 111 0.0387479 0.0068550 0.0058601 0.0171320 0.0000000 0.0117423 0.1343411 0.0071359 0.0034929 0.0231520 0.0729077 0.0077131 0.0105799 0.0026044 0.0443424 0.0173718 0.0128551 0.0000000 0.0058976 0.0416995 0.5355693
112 A 112 0.1188487 0.0032541 0.0059858 0.1162052 0.0000000 0.0169176 0.0788978 0.0111001 0.0055428 0.0045089 0.0139896 0.0198538 0.0000000 0.0000000 0.0129260 0.0317765 0.0204481 0.0000000 0.0000000 0.0087298 0.5310151
113 R 113 0.1745206 0.0416184 0.0000000 0.0130137 0.0000000 0.0242174 0.1090408 0.0309449 0.0000000 0.0029311 0.0171554 0.0324104 0.0026352 0.0000000 0.0027731 0.0025613 0.0301832 0.0000000 0.0000000 0.0086735 0.5073209
114 L 114 0.0147582 0.0014651 0.0000000 0.0000000 0.0023217 0.0000000 0.0000000 0.0000000 0.0019867 0.1017843 0.3082446 0.0077742 0.0224669 0.0034581 0.0000000 0.0000000 0.0000000 0.0000000 0.0037738 0.0495311 0.4824354
115 E 115 0.0754685 0.0186398 0.0318794 0.0684982 0.0000000 0.0351475 0.0999295 0.0089493 0.0166588 0.0106138 0.0185100 0.0381242 0.0081561 0.0198991 0.0025181 0.0190648 0.0309200 0.0000000 0.0109777 0.0057257 0.4803194
116 S 116 0.1285835 0.0289017 0.0217364 0.0554805 0.0000000 0.0469860 0.0743357 0.0159982 0.0122344 0.0000000 0.0000000 0.0442885 0.0023025 0.0000000 0.0023990 0.0431210 0.0222834 0.0000000 0.0000000 0.0194228 0.4819265
117 F 117 0.0033994 0.0027731 0.0028991 0.0018801 0.0000000 0.0054431 0.0014987 0.0014671 0.0000000 0.0832732 0.2272792 0.0000000 0.0137623 0.1408852 0.0000000 0.0121363 0.0054809 0.0000000 0.0029911 0.0114956 0.4833357
118 I 118 0.0620581 0.0429499 0.0170494 0.0503403 0.0000000 0.0256978 0.0344033 0.0346037 0.0138115 0.0195848 0.0703727 0.0479205 0.0109694 0.0113757 0.0000000 0.0288127 0.0181206 0.0022317 0.0073241 0.0049734 0.4974004
119 K 119 0.0832749 0.0359434 0.0216644 0.0454555 0.0000000 0.0588121 0.0448527 0.0219615 0.0140861 0.0018572 0.0097883 0.0749001 0.0082431 0.0043215 0.0000000 0.0556888 0.0121828 0.0000000 0.0042717 0.0096616 0.4930342
120 R 120 0.0210069 0.0933694 0.0099787 0.0532983 0.0000000 0.0560099 0.1643939 0.0066136 0.0057294 0.0029311 0.0000000 0.0387110 0.0051156 0.0017759 0.0000000 0.0224403 0.0247343 0.0000000 0.0000000 0.0018161 0.4920756
121 V 121 0.0222999 0.0000000 0.0711919 0.0000000 0.0000000 0.0036667 0.0000000 0.0000000 0.0041428 0.1233516 0.1136221 0.0000000 0.0108550 0.0126033 0.0000000 0.0084163 0.0089023 0.0000000 0.0075733 0.1365268 0.4768481
122 K 122 0.0441010 0.0952019 0.0226453 0.0441852 0.0000000 0.0585458 0.0583430 0.0068960 0.0014740 0.0086862 0.0097690 0.1011310 0.0000000 0.0014987 0.0000000 0.0428558 0.0135281 0.0000000 0.0026843 0.0110023 0.4774525
123 K 123 0.0992216 0.0151647 0.0203101 0.0313841 0.0019407 0.0743738 0.0629631 0.0437873 0.0058915 0.0136866 0.0127020 0.0584051 0.0000000 0.0000000 0.0000000 0.0295685 0.0358625 0.0000000 0.0000000 0.0172860 0.4774525
124 M 124 0.0722688 0.0571179 0.0066993 0.0264726 0.0000000 0.0281170 0.0943226 0.0028886 0.0183599 0.0068575 0.0339508 0.0792213 0.0498437 0.0068056 0.0000000 0.0106627 0.0175219 0.0000000 0.0042384 0.0089989 0.4756525
125 F 125 0.0236028 0.0553336 0.0035970 0.0000000 0.0029338 0.0806977 0.0249240 0.0016702 0.0084092 0.0673793 0.0937643 0.0337890 0.0244490 0.0157727 0.0000000 0.0040489 0.0120725 0.0017012 0.0309968 0.0419034 0.4729545
126 D 126 0.0349301 0.0640717 0.0470423 0.0477000 0.0000000 0.0527079 0.0650331 0.0125423 0.0045194 0.0062164 0.0182884 0.1216167 0.0000000 0.0000000 0.0000000 0.0152618 0.0298339 0.0000000 0.0000000 0.0072816 0.4729545
127 T 127 0.0964185 0.0321640 0.0209770 0.0342414 0.0000000 0.0590587 0.1044297 0.0155775 0.0260907 0.0000000 0.0131199 0.0358922 0.0029338 0.0000000 0.0000000 0.0184607 0.0535204 0.0000000 0.0035446 0.0106162 0.4729545
128 R 128 0.0190518 0.0547553 0.0187297 0.0030087 0.0382753 0.0294960 0.0044406 0.0040392 0.0119067 0.0315493 0.1879041 0.0091544 0.0194329 0.0075263 0.0000000 0.0101343 0.0141783 0.0163303 0.0165621 0.0305703 0.4729545
129 H 129 0.0118264 0.0142118 0.0150303 0.0051118 0.0078102 0.0248368 0.0507378 0.0000000 0.0166693 0.0318090 0.1265512 0.0087312 0.0043025 0.0235258 0.0000000 0.0601368 0.0547212 0.0012120 0.0223607 0.0474607 0.4729545
130 Q 130 0.0816578 0.0265620 0.0315164 0.0551571 0.0088714 0.0786572 0.0760611 0.0192047 0.0042068 0.0023426 0.0135407 0.0500642 0.0031682 0.0000000 0.0000000 0.0427067 0.0256424 0.0000000 0.0000000 0.0076861 0.4729545
131 L 131 0.0416466 0.0335606 0.0195964 0.0292788 0.0000000 0.0919028 0.1071455 0.0101485 0.0124030 0.0053747 0.0260221 0.0413501 0.0052420 0.0000000 0.0000000 0.0688169 0.0213201 0.0000000 0.0031840 0.0107665 0.4722414
132 M 132 0.0075409 0.0000000 0.0000000 0.0000000 0.0111027 0.0029672 0.0037087 0.0000000 0.0000000 0.0710462 0.2545440 0.0030962 0.0469543 0.0780825 0.0000000 0.0020263 0.0092238 0.0000000 0.0000000 0.0371641 0.4725430
133 V 133 0.1078146 0.0363872 0.0177740 0.0189126 0.0000000 0.0404169 0.0624948 0.0447996 0.0046152 0.0133614 0.0109095 0.0279782 0.0000000 0.0017890 0.0000000 0.0680228 0.0215392 0.0000000 0.0000000 0.0447905 0.4783945
134 E 134 0.0939165 0.0385649 0.0238453 0.0349802 0.0000000 0.0672991 0.0911886 0.0168280 0.0097142 0.0082497 0.0094083 0.0436491 0.0000000 0.0000000 0.0015430 0.0280182 0.0378403 0.0023044 0.0000000 0.0130139 0.4796364
135 Q 135 0.1816532 0.0026575 0.0087234 0.0112961 0.0191103 0.0751176 0.0268912 0.0000000 0.0091959 0.0047906 0.0985583 0.0050929 0.0047466 0.0047202 0.0019838 0.0422757 0.0100463 0.0012716 0.0017130 0.0097133 0.4804425
136 L 136 0.0000000 0.0020219 0.0018801 0.0193104 0.0000000 0.0000000 0.0059265 0.0000000 0.0000000 0.0459406 0.1727040 0.0000000 0.0127606 0.1959536 0.0000000 0.0045102 0.0000000 0.0244367 0.0191038 0.0050070 0.4904446
137 D 137 0.0427198 0.0327624 0.0501702 0.1658576 0.0000000 0.0342969 0.0877155 0.0110961 0.0117102 0.0044776 0.0042271 0.0209591 0.0000000 0.0000000 0.0000000 0.0247670 0.0109252 0.0000000 0.0024014 0.0054695 0.4904446
138 N 138 0.0814957 0.0341900 0.0290974 0.0535492 0.0014246 0.0566368 0.0683501 0.0100026 0.0043936 0.0060521 0.0000000 0.0685496 0.0016242 0.0000000 0.0000000 0.0654102 0.0208217 0.0000000 0.0000000 0.0075513 0.4908507
139 E 139 0.0422868 0.0255261 0.0364879 0.0620466 0.0000000 0.0923852 0.0531169 0.0839349 0.0120685 0.0031394 0.0014740 0.0412776 0.0023840 0.0000000 0.0099284 0.0172095 0.0105276 0.0041272 0.0037738 0.0011970 0.4971085
140 T 140 0.0413738 0.0173725 0.0425763 0.2175012 0.0000000 0.0708250 0.0285810 0.0014377 0.0139679 0.0077690 0.0102321 0.0136166 0.0000000 0.0000000 0.0049734 0.0141581 0.0116514 0.0000000 0.0000000 0.0014974 0.5024664
141 W 141 0.0130482 0.0113824 0.0106314 0.0205663 0.0000000 0.0135238 0.0120457 0.0015297 0.0000000 0.0275846 0.0953409 0.0000000 0.0155555 0.0607904 0.0019084 0.0077393 0.0044301 0.1101208 0.0667818 0.0142801 0.5127404
142 D 142 0.0602868 0.0201601 0.0194416 0.0555048 0.0000000 0.0725231 0.1112900 0.0064258 0.0136829 0.0031718 0.0262698 0.0129047 0.0079787 0.0000000 0.0253149 0.0152126 0.0128715 0.0028020 0.0096891 0.0061474 0.5183223
143 A 143 0.1081472 0.0103103 0.0157867 0.0326825 0.0000000 0.0530820 0.0708667 0.0291796 0.0082284 0.0094847 0.0244415 0.0415397 0.0049374 0.0027731 0.0112568 0.0165494 0.0295300 0.0000000 0.0000000 0.0135407 0.5176632
144 A 144 0.3651701 0.0000000 0.0055899 0.0062680 0.0014340 0.0048601 0.0132609 0.0049372 0.0040179 0.0127056 0.0047700 0.0091278 0.0013321 0.0021618 0.0052792 0.0107147 0.0063726 0.0000000 0.0052537 0.0172641 0.5194804
145 A 145 0.1674378 0.0301294 0.0062271 0.0025789 0.0021424 0.0142667 0.0137899 0.0256180 0.0032420 0.0209294 0.0239768 0.1112783 0.0000000 0.0014340 0.0020263 0.0135886 0.0187574 0.0000000 0.0000000 0.0248865 0.5176905
146 D 146 0.0455077 0.0311954 0.0126845 0.0784916 0.0000000 0.0673206 0.1054177 0.0155844 0.0098922 0.0079579 0.0156294 0.0377961 0.0097652 0.0022563 0.0040027 0.0172439 0.0156884 0.0000000 0.0000000 0.0028850 0.5206809
147 T 147 0.0681833 0.0336663 0.0148435 0.0061169 0.0161857 0.0325370 0.0310716 0.0058310 0.0088141 0.0357271 0.0940730 0.0115672 0.0091226 0.0127781 0.0000000 0.0168875 0.0591467 0.0055678 0.0053914 0.0124904 0.5199989
148 V 148 0.0341623 0.0000000 0.0093225 0.0000000 0.0224787 0.0000000 0.0044923 0.0000000 0.0028020 0.0365700 0.1200957 0.0000000 0.0050025 0.0000000 0.0000000 0.0111798 0.0670175 0.0034156 0.0020263 0.1662217 0.5152130
149 R 149 0.0224628 0.1891012 0.0057605 0.0391535 0.0070734 0.0172856 0.0025789 0.0077000 0.0022042 0.0453668 0.0109122 0.0092423 0.0173171 0.0000000 0.0025975 0.0118750 0.0221239 0.0000000 0.0021424 0.0750008 0.5101019
150 K 150 0.0222818 0.1329610 0.0109241 0.0028020 0.0000000 0.0725419 0.0404084 0.0017872 0.0094108 0.0051402 0.0091222 0.1615596 0.0000000 0.0000000 0.0024454 0.0093193 0.0057134 0.0000000 0.0062188 0.0000000 0.5073638
151 L 151 0.0066939 0.0269442 0.0000000 0.0000000 0.0100451 0.0029014 0.0031394 0.0211356 0.0000000 0.0197410 0.2546407 0.0060718 0.1119036 0.0066132 0.0020818 0.0068893 0.0053557 0.0080488 0.0000000 0.0084782 0.4993163
152 R 152 0.0011677 0.1616246 0.0061593 0.0000000 0.0000000 0.0265016 0.0012645 0.0027611 0.0027731 0.0083601 0.0283319 0.1396335 0.0799191 0.0023080 0.0000000 0.0117903 0.0263289 0.0000000 0.0000000 0.0036031 0.4974732
153 F 153 0.0080423 0.0197930 0.0011677 0.0054431 0.0000000 0.0208033 0.0000000 0.0047233 0.0009374 0.0023002 0.0039582 0.0176425 0.0067505 0.2311004 0.0088640 0.0030769 0.0077678 0.0000000 0.1603579 0.0011388 0.4961327
154 L 154 0.0016926 0.0079439 0.0056098 0.0000000 0.0000000 0.0000000 0.0013851 0.0000000 0.0013405 0.0939553 0.1263119 0.0000000 0.0288862 0.1012130 0.0077796 0.0049193 0.0071348 0.0261505 0.0599634 0.0298797 0.4958342
155 D 155 0.0457911 0.0104868 0.0248888 0.0743245 0.0061046 0.0156954 0.0706706 0.0034069 0.0173627 0.0092923 0.0249378 0.0383551 0.0051697 0.0010261 0.0033835 0.0262123 0.0300589 0.0000000 0.0352142 0.0190272 0.5385915
156 K 156 0.0066470 0.0862672 0.0560169 0.0051928 0.0012578 0.0082455 0.0137866 0.0032437 0.0044111 0.0000000 0.0018216 0.1669929 0.0013310 0.0208333 0.0064132 0.0486981 0.0226639 0.0000000 0.0009690 0.0063833 0.5388252
157 L 157 0.0116005 0.0078329 0.0000000 0.0000000 0.0048152 0.0045246 0.0000000 0.0041210 0.0000000 0.1029117 0.1366221 0.0239029 0.0169487 0.0404615 0.0017616 0.0112714 0.0072710 0.0000000 0.0030012 0.0536384 0.5693155
158 R 158 0.0278596 0.0564535 0.0274147 0.0169808 0.0000000 0.0897228 0.0342849 0.0150711 0.0115429 0.0117177 0.0256658 0.0166439 0.0072919 0.0105650 0.0068784 0.0210838 0.0095538 0.0011388 0.0000000 0.0010720 0.6090587
159 S 159 0.0173728 0.0240801 0.0346055 0.0476544 0.0000000 0.0616506 0.0653294 0.0050900 0.0157176 0.0097142 0.0025754 0.0234640 0.0009690 0.0025066 0.0049297 0.0244067 0.0142977 0.0000000 0.0024413 0.0079405 0.6352543
160 S 160 0.0146866 0.0251622 0.0143586 0.0127382 0.0054444 0.0567926 0.0466062 0.0151456 0.0099416 0.0030008 0.0104071 0.0140285 0.0035824 0.0000000 0.0055418 0.0267657 0.0045357 0.0000000 0.0066155 0.0085212 0.7161254
161 A 161 0.0198040 0.0070673 0.0084939 0.0075517 0.0011388 0.0062313 0.0000000 0.0084316 0.0052613 0.0639950 0.0434809 0.0033854 0.0009258 0.0027283 0.0049052 0.0039387 0.0176201 0.0000000 0.0011851 0.0459981 0.7478576
162 E 162 0.0157091 0.0273409 0.0077039 0.0049599 0.0034069 0.0184693 0.0441134 0.0055707 0.0188070 0.0032622 0.0114502 0.0387076 0.0026009 0.0000000 0.0092627 0.0184192 0.0067724 0.0000000 0.0000000 0.0079919 0.7554515
163 Q 163 0.0158329 0.0181447 0.0166195 0.0187595 0.0036718 0.0484896 0.0243197 0.0059004 0.0100076 0.0022201 0.0071893 0.0324750 0.0007364 0.0024252 0.0086881 0.0082844 0.0082611 0.0000000 0.0014469 0.0035429 0.7629846
164 L 164 0.0185205 0.0210398 0.0080602 0.0000000 0.0037739 0.0141713 0.0000000 0.0009232 0.0052298 0.0042761 0.0225208 0.0337436 0.0256624 0.0054266 0.0044618 0.0070047 0.0059274 0.0217796 0.0028736 0.0130819 0.7815227
165 E 165 0.0065798 0.0069844 0.0070601 0.0014386 0.0061182 0.0244056 0.0408682 0.0063637 0.0040359 0.0123158 0.0258962 0.0118282 0.0132689 0.0043639 0.0104047 0.0156834 0.0043874 0.0000000 0.0043782 0.0109703 0.7826488
166 E 166 0.0089717 0.0069618 0.0109631 0.0123869 0.0000000 0.0164211 0.0300620 0.0096233 0.0138763 0.0000000 0.0142958 0.0057371 0.0059370 0.0176712 0.0240251 0.0140245 0.0067373 0.0009394 0.0099702 0.0069557 0.7844404
167 K 167 0.0064693 0.0182346 0.0148688 0.0050353 0.0012739 0.0302804 0.0106203 0.0190625 0.0041447 0.0103385 0.0088976 0.0069329 0.0109090 0.0162179 0.0043231 0.0122045 0.0049077 0.0009128 0.0026079 0.0062229 0.8055353
168 L 168 0.0060147 0.0061134 0.0225513 0.0035055 0.0027285 0.0240972 0.0000000 0.0041601 0.0169807 0.0091675 0.0095229 0.0031824 0.0371084 0.0128206 0.0060199 0.0056572 0.0050937 0.0086339 0.0038496 0.0116160 0.8011765
169 L 169 0.0144955 0.0050500 0.0023320 0.0031840 0.0063433 0.0189069 0.0029476 0.0136960 0.0039287 0.0085681 0.0255044 0.0031332 0.0222609 0.0134426 0.0102687 0.0132405 0.0157894 0.0000000 0.0034056 0.0053895 0.8081132
170 D 170 0.0133365 0.0216076 0.0071043 0.0260321 0.0056621 0.0171937 0.0257502 0.0000000 0.0044033 0.0033815 0.0114436 0.0237164 0.0546508 0.0000000 0.0039977 0.0114166 0.0146938 0.0000000 0.0000000 0.0053983 0.7502115
171 F 171 0.0093755 0.0565110 0.0033440 0.0123796 0.0068316 0.0141412 0.0017517 0.0022532 0.0014386 0.0148848 0.0040444 0.0017872 0.0907316 0.0158976 0.0000000 0.0062567 0.0051765 0.0583989 0.0020785 0.0078957 0.6848216
172 A 172 0.0613974 0.0196083 0.0183091 0.0265219 0.0032186 0.0160628 0.0315800 0.0110727 0.0004992 0.0068222 0.0383821 0.0055421 0.0669517 0.0158506 0.0098786 0.0217382 0.0041388 0.0011209 0.0017738 0.0057781 0.6337527
173 Y 173 0.0000000 0.0020652 0.0000000 0.0017517 0.0000000 0.0000000 0.0000000 0.0000000 0.0000000 0.0043404 0.0118294 0.0000000 0.0000000 0.0090086 0.0000000 0.0000000 0.0012345 0.0000000 0.4467763 0.0000000 0.5229940
174 S 174 0.0059084 0.0537722 0.0141720 0.0022012 0.0010331 0.0360232 0.0000000 0.0061790 0.0996250 0.0013500 0.0000000 0.0017517 0.0097772 0.0039703 0.0008810 0.1716590 0.0608769 0.0000000 0.0000000 0.0000000 0.5308196
175 E 175 0.0145709 0.0084277 0.0041797 0.0997241 0.0000000 0.0417903 0.2093459 0.0007450 0.0000000 0.0013405 0.0013169 0.0365278 0.0000000 0.0013500 0.0305346 0.0114620 0.0034322 0.0000000 0.0000000 0.0028367 0.5324159
176 K 176 0.0087887 0.0187883 0.0359400 0.0000000 0.0000000 0.0068082 0.0094976 0.0017543 0.0040534 0.0271909 0.0105530 0.2402449 0.0042216 0.0000000 0.0000000 0.0043976 0.0162504 0.0000000 0.0017947 0.0781171 0.5315994
177 V 177 0.0016193 0.0000000 0.0000000 0.0000000 0.0000000 0.0000000 0.0000000 0.0000000 0.0000000 0.1004660 0.0145252 0.0000000 0.0000000 0.0000000 0.0000000 0.0000000 0.0012711 0.0000000 0.0000000 0.3545403 0.5275781
178 I 178 0.0045890 0.0072002 0.0014807 0.0000000 0.0000000 0.0056388 0.0029045 0.0000000 0.0075677 0.1051154 0.1358119 0.0440684 0.1097775 0.0061820 0.0000000 0.0032013 0.0000000 0.0000000 0.0000000 0.0400424 0.5264202
179 D 179 0.0008294 0.0027457 0.0070936 0.3654628 0.0000000 0.0090531 0.0812135 0.0000000 0.0000000 0.0000000 0.0000000 0.0051329 0.0000000 0.0000000 0.0000000 0.0020907 0.0007709 0.0000000 0.0017992 0.0000000 0.5238082
180 H 180 0.0000000 0.0027324 0.0027186 0.0000000 0.0000000 0.0000000 0.0024601 0.0000000 0.4382387 0.0000000 0.0101841 0.0000000 0.0000000 0.0009429 0.0000000 0.0000000 0.0000000 0.0000000 0.0192200 0.0000000 0.5235033
