  139         A         R         N         D         C         Q         E         G         H         I         L         K         M         F         P         S         T         W         Y         V    
  1 G   1 0.3476834 0.0000000 0.0000000 0.0000000 0.0000000 0.0000000 0.0000000 0.6523166 0.0000000 0.0000000 0.0000000 0.0000000 0.0000000 0.0000000 0.0000000 0.0000000 0.0000000 0.0000000 0.0000000 0.0000000
  2 P   2 0.0085700 0.0111041 0.0000000 0.0000000 0.0000000 0.0000000 0.0330574 0.0391586 0.0082579 0.0000000 0.0215270 0.0134109 0.0000000 0.0000000 0.8447154 0.0201987 0.0000000 0.0000000 0.0000000 0.0000000
  3 L   3 0.2580145 0.0583892 0.0099942 0.1242725 0.0000000 0.0324482 0.1052282 0.0110955 0.0110179 0.0025313 0.0304183 0.0159015 0.0020200 0.0000000 0.1936905 0.0826544 0.0516900 0.0000000 0.0024628 0.0081712
  4 G   4 0.1337493 0.1014339 0.0027856 0.0242236 0.0000000 0.0600479 0.0521903 0.4064478 0.0030548 0.0121982 0.0178773 0.0026057 0.0000000 0.0034801 0.1134032 0.0236992 0.0222406 0.0000000 0.0000000 0.0205625
  5 S   5 0.0989595 0.0751069 0.0458404 0.0213058 0.0000000 0.0391131 0.0300207 0.0577462 0.0418111 0.0054768 0.0119419 0.0132792 0.0045345 0.0093255 0.2126447 0.2044260 0.0895327 0.0000000 0.0081829 0.0307521
  6 S   6 0.3271097 0.0320623 0.0084570 0.0063050 0.0000000 0.0370358 0.0326824 0.0495537 0.0094331 0.0000000 0.0044945 0.0155417 0.0850333 0.0000000 0.1507837 0.1595148 0.0500663 0.0000000 0.0129629 0.0189637
  7 W   7 0.0751058 0.0578317 0.0142849 0.0259873 0.0769532 0.0414654 0.0478772 0.0216893 0.0145866 0.0209035 0.1478868 0.0173299 0.0499927 0.0341682 0.0937389 0.1168697 0.0702044 0.0198356 0.0073754 0.0459134
  8 L   8 0.2419548 0.0287240 0.0000000 0.0000000 0.0083936 0.0077717 0.0000000 0.0305195 0.0031529 0.0652376 0.2682759 0.0000000 0.0146915 0.0549210 0.0663850 0.0158269 0.0295775 0.0234922 0.0715709 0.0695050
  9 F   9 0.0653935 0.1611190 0.0025147 0.0094462 0.0272672 0.0535660 0.0101965 0.0110943 0.0102800 0.0385363 0.0667697 0.0477747 0.0465444 0.0474733 0.0000000 0.0990985 0.1600178 0.0035115 0.0606689 0.0787274
 10 L  10 0.0017806 0.0000000 0.0000000 0.0000000 0.0000000 0.0025318 0.0026999 0.0000000 0.0030006 0.0274992 0.8748313 0.0000000 0.0131386 0.0110341 0.0000000 0.0000000 0.0000000 0.0000000 0.0000000 0.0634839
 11 E  11 0.0246600 0.0557861 0.0027158 0.0222239 0.0035190 0.0446481 0.2014475 0.0022078 0.0387148 0.1205872 0.0819089 0.0519531 0.0118044 0.0064896 0.0022890 0.0175249 0.1006217 0.0000000 0.0089865 0.2019117
 12 V  12 0.0580178 0.0056795 0.0030482 0.0000000 0.0157638 0.0130858 0.0000000 0.0059252 0.0025052 0.1422622 0.0633640 0.0000000 0.0115637 0.0493674 0.0019048 0.0212638 0.0247804 0.0000000 0.0190129 0.5624553
 13 I  13 0.0201674 0.0458276 0.0044678 0.0190686 0.0019000 0.0368967 0.0418272 0.0082450 0.0082405 0.1912873 0.1995663 0.0438541 0.0138040 0.0023976 0.0132724 0.0285013 0.1383080 0.0000000 0.0040119 0.1783565
 14 A  14 0.1489689 0.1510198 0.0404251 0.0940613 0.0024263 0.0446558 0.1026485 0.0187888 0.0171410 0.0044547 0.0028120 0.1158278 0.0035187 0.0000000 0.0059658 0.1624526 0.0722735 0.0000000 0.0088086 0.0037510
 15 G  15 0.0096142 0.0100274 0.0022224 0.0081564 0.0000000 0.0036138 0.0044190 0.8691888 0.0045974 0.0000000 0.0047633 0.0030726 0.0014254 0.0000000 0.0020471 0.0578769 0.0189754 0.0000000 0.0000000 0.0000000
 16 P  16 0.0665123 0.0133184 0.0232450 0.0194812 0.0000000 0.0085866 0.0336982 0.0497668 0.0106536 0.0047504 0.0333257 0.0317417 0.0000000 0.0022286 0.6340388 0.0500935 0.0151633 0.0000000 0.0000000 0.0033959
 17 A  17 0.0586070 0.0584194 0.0971351 0.1794443 0.0180975 0.0846738 0.0535969 0.0309332 0.0185636 0.0013874 0.1506021 0.0167771 0.0177685 0.0112361 0.0200582 0.1071025 0.0275072 0.0051596 0.0201031 0.0228274
 18 I  18 0.2868819 0.0510769 0.0471514 0.0071040 0.0051300 0.0482733 0.0503519 0.0174803 0.0166567 0.0493495 0.0425148 0.0559371 0.0179740 0.0084629 0.0172094 0.1383379 0.0915933 0.0051899 0.0030934 0.0402315
 19 G  19 0.0135264 0.0031242 0.0422689 0.0078349 0.0000000 0.0032866 0.0040413 0.8470189 0.0062128 0.0016255 0.0219069 0.0015437 0.0022305 0.0011315 0.0096663 0.0141725 0.0122560 0.0000000 0.0000000 0.0081532
 20 L  20 0.0900832 0.1707901 0.0157674 0.0240131 0.0026249 0.0970602 0.0650045 0.0723607 0.0138882 0.0243661 0.0533074 0.0966443 0.0093920 0.0038916 0.0031479 0.1349469 0.1019550 0.0000000 0.0000000 0.0207564
 21 Q  21 0.0397822 0.2239384 0.0235155 0.0127634 0.0000000 0.0449727 0.0829016 0.0107150 0.0117817 0.0345611 0.0432471 0.0379780 0.0134729 0.0067777 0.0066948 0.1137800 0.1600700 0.0039577 0.0083382 0.1207521
 22 H  22 0.0162889 0.0263629 0.0000000 0.0000000 0.0142001 0.0118987 0.0030420 0.0055926 0.0768806 0.0837110 0.1028112 0.0095241 0.0309327 0.3498447 0.0080138 0.0109741 0.0081419 0.0313149 0.1394202 0.0710455
 23 A  23 0.0724305 0.0710591 0.0113781 0.0358267 0.0024829 0.0645483 0.0895132 0.0148854 0.0109682 0.0344646 0.1740843 0.0339894 0.0091769 0.0023852 0.1828221 0.0773603 0.0569442 0.0041220 0.0093688 0.0421897
 24 V  24 0.0190416 0.0350247 0.0000000 0.0093324 0.0030028 0.0026405 0.0187309 0.0135254 0.0000000 0.0833681 0.6206148 0.0037889 0.0195899 0.0497036 0.0019524 0.0087711 0.0165837 0.0015573 0.0028353 0.0899365
 25 N  25 0.0265997 0.0961444 0.0455321 0.2055129 0.0000000 0.1004634 0.0676063 0.1340706 0.0675157 0.0011699 0.0093196 0.0696851 0.0012026 0.0053356 0.0117405 0.0307432 0.0988009 0.0078443 0.0075007 0.0132124
 26 S  26 0.0572137 0.0546050 0.0060168 0.0860481 0.0057474 0.0980777 0.1678245 0.1095093 0.0053468 0.0034695 0.0269321 0.0543324 0.0066601 0.0155093 0.1091232 0.1240868 0.0468595 0.0000000 0.0117032 0.0109344
 27 T  27 0.0778068 0.0303572 0.0134559 0.1246674 0.0000000 0.0338181 0.0672838 0.1864946 0.0204603 0.0297266 0.0227925 0.0168817 0.0051727 0.0287731 0.1119160 0.0630342 0.0821605 0.0038871 0.0242650 0.0570466
 28 S  28 0.0776773 0.0947808 0.0200166 0.0316467 0.0097870 0.0606364 0.0746351 0.0283069 0.0055506 0.0296559 0.0787055 0.0158592 0.0058915 0.0226858 0.0506927 0.1590246 0.1033850 0.0000000 0.0237380 0.1073245
 29 S  29 0.0592257 0.0077944 0.0589262 0.0190734 0.0108445 0.0236546 0.0258378 0.0391666 0.0064085 0.0316374 0.1559236 0.0268558 0.0168429 0.0173927 0.0720010 0.0768350 0.2796924 0.0034501 0.0089509 0.0594867
 30 S  30 0.1244004 0.0334500 0.0295961 0.0754118 0.0000000 0.0151936 0.0405394 0.0904394 0.0213306 0.0385247 0.0781690 0.0230792 0.0049265 0.0042117 0.0762418 0.1739879 0.1254025 0.0000000 0.0041670 0.0409282
 31 K  31 0.1812686 0.1407027 0.0351163 0.0429377 0.0064165 0.0418849 0.0549099 0.1281235 0.0175574 0.0068014 0.0282428 0.1009780 0.0173009 0.0017527 0.0202277 0.0689526 0.0481025 0.0000000 0.0061920 0.0525319
 32 L  32 0.0725437 0.1102317 0.0518706 0.0861061 0.0043169 0.0548337 0.1256392 0.0834449 0.0252121 0.0097566 0.0669413 0.0677057 0.0000000 0.0054895 0.0748162 0.0987596 0.0401437 0.0000000 0.0104516 0.0117369
 33 P  33 0.0311379 0.0807457 0.0056600 0.0369836 0.0306660 0.0389989 0.2140898 0.0436108 0.0117324 0.0344241 0.0139844 0.0384293 0.0012060 0.0108928 0.2266061 0.0369188 0.0546632 0.0084406 0.0147732 0.0660363
 34 V  34 0.0304651 0.0000000 0.0050365 0.0000000 0.0407555 0.0053166 0.0000000 0.0052977 0.0000000 0.2242390 0.2190714 0.0000000 0.0686885 0.0598429 0.0000000 0.0038123 0.0277617 0.0495142 0.0751186 0.1850799
 35 K  35 0.0039718 0.1037816 0.0123420 0.0000000 0.0000000 0.0120238 0.0000000 0.0026154 0.0116496 0.0751649 0.0727976 0.0217533 0.0115147 0.0093947 0.0000000 0.0864494 0.4002962 0.0000000 0.0093985 0.1668464
 36 L  36 0.0105167 0.0000000 0.0000000 0.0000000 0.0062760 0.0000000 0.0000000 0.0000000 0.0000000 0.5176559 0.2186979 0.0000000 0.0235123 0.0548694 0.0000000 0.0013562 0.0000000 0.0000000 0.0000000 0.1671157
 37 G  37 0.0000000 0.0000000 0.0000000 0.0000000 0.0000000 0.0000000 0.0000000 1.0000000 0.0000000 0.0000000 0.0000000 0.0000000 0.0000000 0.0000000 0.0000000 0.0000000 0.0000000 0.0000000 0.0000000 0.0000000
 38 R  38 0.0043901 0.9596929 0.0000000 0.0000000 0.0000000 0.0000000 0.0000000 0.0000000 0.0000000 0.0000000 0.0000000 0.0155103 0.0000000 0.0000000 0.0000000 0.0121297 0.0082770 0.0000000 0.0000000 0.0000000
 39 V  39 0.1325620 0.0260123 0.0208343 0.1586885 0.0000000 0.0128355 0.0716180 0.1067959 0.1090931 0.0106751 0.0474130 0.0193072 0.0177037 0.0000000 0.0000000 0.1808057 0.0434106 0.0000000 0.0021340 0.0401112
 40 S  40 0.0856336 0.0427023 0.0189316 0.0429064 0.0000000 0.0476231 0.0597643 0.0467547 0.0088600 0.0082195 0.0345810 0.0650136 0.0015326 0.0021030 0.3966862 0.0912499 0.0445635 0.0000000 0.0012341 0.0016406
 41 P  41 0.0376493 0.0336822 0.0364581 0.3801068 0.0000000 0.0722447 0.1313622 0.0765603 0.0223051 0.0032499 0.0083979 0.0312123 0.0000000 0.0000000 0.0287131 0.0892021 0.0392350 0.0000000 0.0071003 0.0025206
 42 S  42 0.1667644 0.0021230 0.3571477 0.0000000 0.2369806 0.0000000 0.0015271 0.0191140 0.0356761 0.0017588 0.0051366 0.0000000 0.0014091 0.0000000 0.0000000 0.1483373 0.0076236 0.0000000 0.0000000 0.0164019
 43 D  43 0.0337611 0.0106231 0.0231866 0.5848821 0.0025195 0.0588633 0.0503657 0.0158584 0.0364874 0.0015707 0.0035459 0.0042840 0.0012224 0.0063420 0.0061439 0.0416080 0.1105093 0.0035226 0.0000000 0.0047040
 44 L  44 0.0027561 0.0000000 0.0000000 0.0000000 0.0012896 0.0041056 0.0000000 0.0000000 0.0012564 0.4158818 0.2720046 0.0000000 0.0207797 0.0716920 0.0024197 0.0000000 0.0028030 0.0042478 0.0058542 0.1949095
 45 A  45 0.0435374 0.1242767 0.0030622 0.0014131 0.0497166 0.0426796 0.0083466 0.0022589 0.0087161 0.0525500 0.0401377 0.0020894 0.0110455 0.0803936 0.0459324 0.0314988 0.0244595 0.0064419 0.0124349 0.4090089
 46 L  46 0.0043299 0.0000000 0.0000000 0.0000000 0.0017495 0.0000000 0.0000000 0.0000000 0.0000000 0.2504459 0.5857680 0.0000000 0.0066009 0.0221378 0.0064441 0.0000000 0.0034590 0.0000000 0.0000000 0.1190648
 47 K  47 0.0356393 0.0238069 0.0972091 0.3273187 0.0021231 0.0181334 0.0961427 0.0152414 0.0122937 0.0010004 0.0126565 0.0679618 0.0037700 0.0024520 0.1512000 0.0481551 0.0514838 0.0050838 0.0050179 0.0233106
 48 D  48 0.0131066 0.0047758 0.0255388 0.6972363 0.0000000 0.0085347 0.0559276 0.0132711 0.1118273 0.0000000 0.0080878 0.0012812 0.0000000 0.0075691 0.0024880 0.0449434 0.0011888 0.0000000 0.0019813 0.0022423
 49 S  49 0.0546772 0.0729714 0.0254817 0.1039007 0.0000000 0.0214884 0.0394025 0.0283848 0.0262419 0.0318265 0.0508641 0.0210228 0.0213997 0.0006327 0.2861246 0.0555499 0.0587369 0.0000000 0.0020172 0.0992771
 50 E  50 0.0635658 0.0539505 0.0461628 0.0283419 0.0065618 0.0283132 0.0751358 0.1171003 0.0077813 0.0033469 0.0639675 0.0125301 0.0287518 0.0621595 0.0000000 0.1313769 0.1657457 0.0103038 0.0737248 0.0211796
 51 V  51 0.1186916 0.0000000 0.0000000 0.0000000 0.0060185 0.0000000 0.0000000 0.0000000 0.0000000 0.1573995 0.0204755 0.0000000 0.0125858 0.0000000 0.0000000 0.0146768 0.0116528 0.0000000 0.0000000 0.6584995
 52 S  52 0.0048521 0.0000000 0.0000000 0.0000000 0.0000000 0.0000000 0.0000000 0.0021617 0.0037059 0.0000000 0.0069279 0.0000000 0.0000000 0.0000000 0.0000000 0.9797234 0.0000000 0.0000000 0.0000000 0.0026290
 53 G  53 0.0218764 0.6381218 0.0048259 0.0019700 0.0000000 0.0156970 0.0058732 0.0986797 0.0157229 0.0030528 0.0000000 0.0716048 0.0000000 0.0025241 0.0126993 0.0603783 0.0177341 0.0276392 0.0000000 0.0016007
 54 K  54 0.0233506 0.3056347 0.0448593 0.0077556 0.0064606 0.0540054 0.0368506 0.0000000 0.1549348 0.0024611 0.0492672 0.1336863 0.0052258 0.0484989 0.0000000 0.0202067 0.0217109 0.0016439 0.0666909 0.0167566
 55 H  55 0.0000000 0.0000000 0.0000000 0.0000000 0.0000000 0.0068793 0.0000000 0.0000000 0.9931207 0.0000000 0.0000000 0.0000000 0.0000000 0.0000000 0.0000000 0.0000000 0.0000000 0.0000000 0.0000000 0.0000000
 56 A  56 0.7591489 0.0000000 0.0000000 0.0000000 0.0701080 0.0000000 0.0000000 0.0026132 0.0000000 0.0075293 0.0932758 0.0000000 0.0021470 0.0128887 0.0000000 0.0059119 0.0022461 0.0000000 0.0000000 0.0441310
 57 Q  57 0.0458252 0.2224335 0.0032935 0.0058196 0.0033916 0.0951562 0.2469473 0.0035622 0.0067652 0.0299280 0.0361977 0.0694397 0.0168374 0.0101525 0.0000000 0.0177479 0.0465188 0.0103850 0.0021758 0.1274228
 58 I  58 0.0025442 0.0000000 0.0000000 0.0000000 0.0051080 0.0000000 0.0000000 0.0000000 0.0000000 0.4438494 0.2688559 0.0000000 0.0032839 0.1489290 0.0000000 0.0000000 0.0000000 0.0000000 0.0000000 0.1274297
 59 T  59 0.0224172 0.1975128 0.0218056 0.0222171 0.0062119 0.0688757 0.0805341 0.0106584 0.0371727 0.0551280 0.0559893 0.0199378 0.0049288 0.0586617 0.0000000 0.0633650 0.1015023 0.0026166 0.0646968 0.1057682
 60 W  60 0.0361151 0.1940902 0.0068098 0.0018900 0.0260832 0.0502966 0.0000000 0.0010643 0.0263509 0.0337763 0.0913750 0.0371560 0.0118071 0.0831542 0.0591497 0.0280063 0.0132970 0.1556847 0.0764077 0.0674861
 61 N  61 0.0153001 0.1086554 0.1084648 0.2242519 0.0071352 0.0775391 0.0919905 0.0307114 0.0229501 0.0236367 0.0510991 0.0327937 0.0189783 0.0000000 0.0023938 0.0597401 0.0997161 0.0012885 0.0016049 0.0217505
 62 S  62 0.0964693 0.0163021 0.0263912 0.0348342 0.0095290 0.0320509 0.1007977 0.3808812 0.0215700 0.0077236 0.0130961 0.0095426 0.0053898 0.0000000 0.1582815 0.0502006 0.0237747 0.0031181 0.0000000 0.0100475
 63 T  63 0.0655754 0.0774945 0.0942035 0.2181506 0.0021802 0.0595209 0.1731892 0.0066437 0.0181709 0.0050943 0.0080189 0.0520129 0.0010155 0.0000000 0.0492216 0.1035341 0.0362920 0.0000000 0.0016613 0.0280206
 64 K  64 0.0411144 0.0340854 0.0762293 0.1954977 0.0034921 0.0568323 0.0551060 0.2428838 0.0630619 0.0043441 0.0284054 0.0554869 0.0000000 0.0038090 0.0012550 0.0611749 0.0642396 0.0000000 0.0050994 0.0078829
 65 F  65 0.0705174 0.0212980 0.0225330 0.0115096 0.0034972 0.0544683 0.0082740 0.4851795 0.0233607 0.0026505 0.0335607 0.0188215 0.0125038 0.1061896 0.0203868 0.0601988 0.0303581 0.0000000 0.0090364 0.0056561
 66 K  66 0.0618606 0.2224128 0.0262401 0.0152512 0.0097427 0.1069247 0.0581275 0.0953890 0.0303935 0.0186745 0.0281287 0.0813852 0.0084630 0.0059892 0.0033105 0.1002970 0.0551983 0.0000000 0.0094966 0.0627149
 67 W  67 0.0458808 0.0000000 0.0000000 0.0000000 0.0195535 0.0000000 0.0000000 0.0000000 0.0236603 0.0190220 0.0497643 0.0000000 0.0079416 0.1339850 0.0019079 0.0018908 0.0085192 0.3253717 0.2325701 0.1299327
 68 E  68 0.0366227 0.0458093 0.0019761 0.0007256 0.0073009 0.0381603 0.1090262 0.0018461 0.0082663 0.0618548 0.0703854 0.0148280 0.0321440 0.1138448 0.0000000 0.0373904 0.0978843 0.0448126 0.1043524 0.1727698
 69 L  69 0.0253831 0.0000000 0.0000000 0.0000000 0.0037758 0.0000000 0.0000000 0.0012231 0.0000000 0.2878498 0.3722943 0.0000000 0.0035689 0.0051160 0.0000000 0.0000000 0.0000000 0.0000000 0.0000000 0.3007891
 70 V  70 0.0476576 0.1489978 0.0018108 0.0112583 0.0066411 0.0335090 0.2712602 0.0008515 0.0144300 0.0605639 0.0141243 0.0294124 0.0085983 0.0065969 0.0000000 0.0315955 0.0887120 0.0000000 0.0491049 0.1748755
 71 D  71 0.0000000 0.0000000 0.0140301 0.9633320 0.0000000 0.0000000 0.0000000 0.0000000 0.0051634 0.0000000 0.0000000 0.0076037 0.0000000 0.0000000 0.0050137 0.0000000 0.0048570 0.0000000 0.0000000 0.0000000
 72 M  72 0.0414480 0.0096863 0.0153966 0.0044582 0.0110227 0.0364249 0.0150920 0.0042980 0.0258095 0.0141559 0.6560472 0.0040356 0.0610248 0.0126655 0.0051638 0.0151222 0.0097449 0.0000000 0.0009815 0.0574224
 73 G  73 0.0124689 0.0219087 0.1070018 0.0604640 0.0041442 0.0257003 0.0220461 0.6602725 0.0271471 0.0000000 0.0032454 0.0177244 0.0000000 0.0000000 0.0000000 0.0339568 0.0024716 0.0000000 0.0000000 0.0014481
 74 S  74 0.0041043 0.0031821 0.0000000 0.0000000 0.0000000 0.0000000 0.0016943 0.0021979 0.0000000 0.0000000 0.0000000 0.0000000 0.0000000 0.0000000 0.0087125 0.9770146 0.0030943 0.0000000 0.0000000 0.0000000
 75 L  75 0.0687690 0.1119365 0.0009264 0.0000000 0.0000000 0.0337898 0.0048611 0.0097140 0.0242426 0.0073075 0.1539467 0.0352144 0.0108851 0.0123728 0.0024264 0.0783318 0.4154517 0.0009593 0.0037731 0.0250919
 76 N  76 0.0073105 0.0051887 0.9012963 0.0029048 0.0000000 0.0023393 0.0035559 0.0017756 0.0556882 0.0014771 0.0000000 0.0000000 0.0000000 0.0000000 0.0000000 0.0095093 0.0038414 0.0000000 0.0051130 0.0000000
 77 G  77 0.0000000 0.0018677 0.0031858 0.0028837 0.0011660 0.0000000 0.0000000 0.9629574 0.0076991 0.0000000 0.0024935 0.0069865 0.0000000 0.0000000 0.0072070 0.0035533 0.0000000 0.0000000 0.0000000 0.0000000
 78 T  78 0.0041091 0.0051695 0.0000000 0.0000000 0.0000000 0.0000000 0.0000000 0.0000000 0.0000000 0.0091590 0.0297616 0.0000000 0.0134162 0.0050932 0.0000000 0.0319153 0.8668677 0.0000000 0.0015332 0.0329751
 79 L  79 0.0094566 0.0200954 0.0000000 0.0016020 0.0023273 0.0171871 0.0062997 0.0000000 0.0137665 0.0251620 0.1159530 0.0156917 0.0124718 0.3589137 0.0000000 0.0133576 0.0769613 0.0506795 0.2289625 0.0311123
 80 V  80 0.0170616 0.0066880 0.0000000 0.0000000 0.0044465 0.0000000 0.0000000 0.0000000 0.0044701 0.0819198 0.2889219 0.0000000 0.0046041 0.0169370 0.0000000 0.0000000 0.0021757 0.0034463 0.0030428 0.5662862
 81 N  81 0.0174900 0.0101821 0.7711055 0.1045148 0.0000000 0.0154893 0.0230514 0.0251628 0.0072162 0.0000000 0.0066378 0.0021782 0.0016818 0.0000000 0.0000000 0.0132926 0.0000000 0.0000000 0.0019976 0.0000000
 82 S  82 0.0139706 0.0797270 0.0401039 0.0960387 0.0000000 0.0190728 0.0245939 0.6138436 0.0209112 0.0000000 0.0014543 0.0415144 0.0008870 0.0000000 0.0019345 0.0436062 0.0012868 0.0010551 0.0000000 0.0000000
 83 H  83 0.0683309 0.1450140 0.0308717 0.0203683 0.0037530 0.1970018 0.1650657 0.0124305 0.0251643 0.0179410 0.0250458 0.1131388 0.0066641 0.0037989 0.0000000 0.0303398 0.0683773 0.0015625 0.0033196 0.0618119
 84 S  84 0.0424986 0.4671787 0.0031093 0.0086825 0.0010847 0.0537812 0.0258283 0.0010431 0.0057114 0.0174598 0.0367024 0.0945631 0.0010535 0.0010420 0.1878858 0.0317702 0.0084088 0.0000000 0.0021386 0.0100581
 85 I  85 0.0048118 0.0013009 0.0000000 0.0000000 0.0000000 0.0000000 0.0016110 0.0000000 0.0000000 0.3745159 0.1702484 0.0000000 0.0125349 0.0018380 0.0000000 0.0000000 0.0036900 0.0000000 0.0038341 0.4256151
 86 S  86 0.0536656 0.0436027 0.0558567 0.0998459 0.0000000 0.0718578 0.0967898 0.0443499 0.0472526 0.0034202 0.0221754 0.0727118 0.0028330 0.0042668 0.0655307 0.1316246 0.1555756 0.0000000 0.0076380 0.0210031
 87 H  87 0.0377112 0.1461235 0.0243910 0.0045922 0.0000000 0.1497905 0.1235893 0.1698413 0.0551065 0.0017500 0.0137091 0.0721763 0.0065562 0.0000000 0.0771107 0.0593997 0.0362154 0.0013957 0.0037958 0.0167457
 88 P  88 0.2484045 0.1863992 0.0018210 0.0272518 0.0138488 0.1087610 0.0284982 0.0350749 0.0286797 0.0080961 0.0239641 0.0575260 0.0114956 0.0082177 0.1396038 0.0421222 0.0214874 0.0000000 0.0016512 0.0070968
 89 D  89 0.1045203 0.0527626 0.0242697 0.0752940 0.0058049 0.0514434 0.0759712 0.0272268 0.0124690 0.0473759 0.0751945 0.0671636 0.0358271 0.0169919 0.0039839 0.0482141 0.1503728 0.0080842 0.0254536 0.0915764
 90 L  90 0.0741411 0.0187719 0.0157892 0.0172406 0.0100119 0.0186762 0.0626587 0.0174250 0.0146164 0.0897667 0.1307141 0.0306827 0.0082586 0.0213204 0.0103355 0.1056126 0.1054590 0.0000000 0.1440817 0.1044376
 91 G  91 0.0716060 0.0189234 0.0211350 0.0451082 0.0132568 0.0651066 0.0852442 0.3007091 0.0126118 0.0739174 0.0554370 0.0932139 0.0000000 0.0078727 0.0233414 0.0385485 0.0278816 0.0000000 0.0000000 0.0460864
 92 S  92 0.0829664 0.0488375 0.0141885 0.0204213 0.0726575 0.0461090 0.0101305 0.0659087 0.0213234 0.0104894 0.0362939 0.0247416 0.0168286 0.0172675 0.2273172 0.1837768 0.0614912 0.0000000 0.0169528 0.0222982
 93 R  93 0.0343192 0.2769519 0.0108638 0.0102467 0.0000000 0.0314723 0.0135448 0.1049374 0.0072441 0.0486419 0.1080713 0.1519863 0.0327454 0.0086197 0.0285115 0.0520960 0.0220088 0.0090898 0.0112286 0.0374206
 94 K  94 0.0146519 0.1431383 0.0269582 0.0523210 0.0065824 0.1269866 0.0327581 0.0343146 0.0731340 0.0174087 0.0638863 0.0891025 0.0000000 0.0095326 0.0893944 0.0805945 0.0361998 0.0000000 0.0000000 0.1030360
 95 W  95 0.0967352 0.0849858 0.0232708 0.0087842 0.0000000 0.0143955 0.1446160 0.0423089 0.0000000 0.0268536 0.0166224 0.0365105 0.0132352 0.0071965 0.2500791 0.0439478 0.0329924 0.1141564 0.0000000 0.0433097
 96 G  96 0.0269112 0.0405828 0.0816017 0.0669273 0.0103058 0.0268007 0.0273228 0.2843187 0.0035568 0.0098019 0.0319220 0.0259816 0.0043279 0.0242455 0.0274491 0.1771345 0.0292557 0.0000000 0.0583702 0.0431837
 97 N  97 0.0724403 0.0657523 0.0485467 0.2128100 0.0046631 0.0888681 0.1785893 0.0285598 0.0209376 0.0398845 0.0048315 0.0142341 0.0081443 0.0221209 0.0184355 0.0102173 0.0972803 0.0000000 0.0071428 0.0565416
 98 P  98 0.0421816 0.0356938 0.0019145 0.0279910 0.0041741 0.0373787 0.1286864 0.0045931 0.0108648 0.0042703 0.0337632 0.0059810 0.0023982 0.0021541 0.4933012 0.1293478 0.0108488 0.0098438 0.0082804 0.0063331
 99 V  99 0.1287797 0.0242397 0.0035824 0.0000000 0.0418267 0.0445925 0.0080751 0.0202336 0.0910907 0.0734670 0.0285335 0.0119165 0.0263672 0.0133082 0.0000000 0.0049327 0.0865059 0.0591560 0.0541909 0.2792017
100 E 100 0.0460741 0.1342218 0.0273258 0.0382411 0.0048561 0.0717843 0.1643562 0.0102783 0.0077521 0.0204373 0.0605311 0.0328614 0.0115888 0.0125083 0.2086605 0.0160057 0.0497724 0.0024940 0.0028219 0.0774286
101 L 101 0.0135802 0.0000000 0.0000000 0.0000000 0.0000000 0.0000000 0.0000000 0.0000000 0.0000000 0.0552218 0.8399081 0.0000000 0.0050069 0.0069255 0.0000000 0.0000000 0.0000000 0.0000000 0.0000000 0.0793576
102 A 102 0.1558329 0.1867526 0.0312070 0.0074834 0.0112853 0.0877659 0.0510275 0.0386247 0.0807019 0.0022843 0.0034432 0.1035392 0.0098358 0.0056318 0.0158207 0.1111997 0.0522270 0.0000000 0.0111729 0.0341641
103 S 103 0.0454114 0.0050002 0.1199294 0.2762843 0.0000000 0.0069304 0.0691711 0.0144527 0.1152687 0.0092619 0.0172405 0.0018294 0.0032666 0.0030455 0.1685432 0.0571952 0.0304664 0.0000000 0.0038718 0.0528314
104 D 104 0.0066161 0.0082073 0.0333351 0.0168363 0.0000000 0.0106517 0.0047841 0.8975955 0.0009765 0.0000000 0.0010172 0.0078017 0.0000000 0.0020484 0.0000000 0.0065300 0.0036001 0.0000000 0.0000000 0.0000000
105 D 105 0.0556796 0.0000000 0.0090195 0.7483042 0.0019659 0.0118207 0.0091608 0.0035129 0.0255655 0.0000000 0.0026393 0.0009732 0.0059542 0.0017075 0.0116995 0.0815076 0.0160853 0.0000000 0.0000000 0.0144043
106 I 106 0.0148529 0.1204438 0.0059561 0.0075922 0.0000000 0.0616643 0.1903390 0.0030591 0.0132273 0.1224512 0.0953375 0.0262507 0.0155579 0.0093929 0.0234136 0.0225799 0.0796234 0.0010740 0.0082890 0.1788951
107 I 107 0.0000000 0.0000000 0.0000000 0.0000000 0.0000000 0.0000000 0.0000000 0.0000000 0.0000000 0.4899155 0.2072517 0.0000000 0.0037977 0.0222897 0.0000000 0.0000000 0.0000000 0.0000000 0.0000000 0.2767454
108 T 108 0.0331671 0.2692774 0.0210475 0.0060240 0.0054589 0.1759461 0.0600581 0.0439050 0.0174025 0.0073393 0.0141208 0.1215184 0.0112128 0.0000000 0.0000000 0.0442904 0.1444284 0.0114475 0.0035057 0.0098503
109 L 109 0.0129603 0.0000000 0.0000000 0.0000000 0.0000000 0.0000000 0.0000000 0.0000000 0.0000000 0.4400074 0.2549486 0.0000000 0.0308451 0.1064732 0.0000000 0.0000000 0.0000000 0.0000000 0.0000000 0.1547654
110 G 110 0.0216104 0.0000000 0.0000000 0.0000000 0.0097341 0.0000000 0.0039869 0.9461426 0.0018350 0.0000000 0.0000000 0.0000000 0.0000000 0.0000000 0.0000000 0.0150615 0.0000000 0.0000000 0.0000000 0.0016294
111 T 111 0.0543456 0.0669083 0.0860253 0.0953178 0.0010110 0.0585848 0.0942785 0.0774005 0.0765913 0.0000000 0.0102943 0.1323658 0.0074461 0.0052728 0.0259696 0.1072951 0.0906894 0.0018206 0.0000000 0.0083833
112 T 112 0.0315750 0.0044894 0.0115461 0.0107003 0.0079211 0.0137348 0.0225326 0.0043110 0.0156359 0.0234393 0.0217827 0.0000000 0.0113195 0.0954381 0.0173945 0.2346750 0.2995248 0.0048833 0.0717104 0.0973862
113 T 113 0.0374045 0.1421498 0.0084554 0.0381186 0.0014743 0.0469342 0.0982990 0.0037417 0.0186344 0.0431513 0.0413463 0.0456004 0.0068487 0.0012833 0.0021097 0.1037396 0.2342959 0.0000000 0.0000000 0.1264128
114 K 114 0.0127250 0.0580866 0.0086566 0.0000000 0.0015345 0.0033697 0.0000000 0.0183265 0.0000000 0.0737137 0.3851134 0.0359311 0.0629303 0.2527678 0.0040438 0.0123773 0.0180786 0.0016211 0.0055341 0.0451899
115 V 115 0.0254199 0.1973124 0.0041953 0.0097534 0.0094162 0.0187873 0.0442900 0.0000000 0.0066670 0.1126037 0.1542193 0.0667878 0.0110476 0.0013436 0.0131062 0.0337842 0.0929976 0.0038220 0.0014680 0.1929785
116 Y 116 0.0059823 0.0190006 0.0000000 0.0000000 0.0000000 0.0049156 0.0069475 0.0000000 0.0053921 0.0206019 0.1996407 0.0101648 0.0049942 0.4951709 0.0000000 0.0164745 0.0195405 0.0020687 0.1347050 0.0544008
117 V 117 0.0299391 0.0395100 0.0024414 0.0000000 0.0341633 0.0330582 0.0512546 0.0040570 0.0401414 0.0885563 0.1472488 0.0056545 0.0000000 0.0394339 0.0000000 0.0288113 0.0304635 0.0022537 0.0285788 0.3944341
118 R 118 0.0438275 0.1744866 0.0262692 0.0546010 0.0052939 0.0691456 0.0526331 0.0240307 0.1317413 0.0086950 0.0991936 0.0165667 0.0093755 0.0000000 0.0882835 0.0613521 0.1058463 0.0077584 0.0016501 0.0192498
119 I 119 0.0736260 0.0205796 0.0030402 0.0175212 0.0064493 0.0643795 0.0558020 0.0689959 0.0000000 0.1973782 0.1262897 0.0000000 0.0190708 0.0547960 0.0733057 0.0268652 0.0481050 0.0155345 0.0268353 0.1014261
120 S 120 0.1035298 0.0405718 0.0069816 0.0817227 0.0000000 0.0246164 0.1281734 0.1037190 0.1283754 0.0216134 0.0516638 0.0040626 0.0077305 0.0068982 0.0783711 0.0911921 0.0983427 0.0000000 0.0000000 0.0224355
121 S 121 0.1515319 0.0447969 0.0354651 0.0441621 0.0000000 0.0360586 0.0970828 0.0358872 0.0039390 0.0072943 0.0577327 0.0164265 0.0069007 0.0000000 0.2556518 0.1147210 0.0365307 0.0045987 0.0051602 0.0460597
122 Q 122 0.1672039 0.0357194 0.0073374 0.0634978 0.0000000 0.0942483 0.1016977 0.1716016 0.0031081 0.0242970 0.0535555 0.0288192 0.0114983 0.0042276 0.0945601 0.0658310 0.0382880 0.0000000 0.0000000 0.0345091
123 N 123 0.1128594 0.0551804 0.1007201 0.0613765 0.0000000 0.0267823 0.1173143 0.0532922 0.0471125 0.0222327 0.0260988 0.0093903 0.0082435 0.0170617 0.0682407 0.1163653 0.0822598 0.0000000 0.0346272 0.0408424
124 E 124 0.1049987 0.0836414 0.0140076 0.1877275 0.0000000 0.0825983 0.2315673 0.0163897 0.0283379 0.0086999 0.0205353 0.0363073 0.0102633 0.0079575 0.0457933 0.0437503 0.0437320 0.0000000 0.0000000 0.0336927
125 F 125 0.1490540 0.0573148 0.0130287 0.0646511 0.0105927 0.0595485 0.0754273 0.0571591 0.0547908 0.0258511 0.0226289 0.0162312 0.0147955 0.0097812 0.1030044 0.0781921 0.1509670 0.0060539 0.0076936 0.0232341
126 Q 126 0.0941567 0.0649925 0.0154988 0.0587648 0.0996534 0.0867414 0.1571384 0.0138801 0.0262653 0.0308336 0.0203570 0.0388767 0.0037241 0.0000000 0.0521541 0.1348737 0.0637111 0.0000000 0.0054641 0.0329145
127 I 127 0.2009400 0.0339932 0.0248137 0.0588453 0.0000000 0.0416907 0.0594284 0.0601392 0.0041945 0.0447459 0.0742456 0.0183034 0.0243578 0.0037206 0.0723053 0.0459997 0.0936738 0.0000000 0.0000000 0.1386027
128 P 128 0.0368752 0.0528804 0.0134882 0.0160549 0.0000000 0.0163463 0.0594224 0.0862774 0.0131118 0.0037163 0.0246534 0.0220067 0.0000000 0.0058262 0.5772454 0.0305466 0.0176640 0.0000000 0.0032356 0.0206493
129 F 129 0.1197276 0.0195752 0.0000000 0.0599535 0.1160193 0.0196539 0.0138970 0.0458615 0.0061078 0.0264684 0.1284314 0.0103206 0.0048618 0.1071084 0.0427653 0.1305250 0.0625218 0.0000000 0.0128816 0.0733198
130 K 130 0.1383602 0.1227202 0.0191353 0.0389700 0.0000000 0.0140917 0.3216053 0.1841409 0.0104890 0.0000000 0.0159855 0.0268939 0.0106686 0.0044586 0.0341671 0.0254080 0.0116591 0.0000000 0.0000000 0.0212466
131 I 131 0.1141595 0.0267788 0.0042030 0.0250196 0.0000000 0.0295601 0.0672622 0.0102700 0.0047112 0.0566542 0.0884506 0.0109450 0.0041098 0.0243789 0.2444750 0.0388029 0.0732196 0.0000000 0.0000000 0.1769996
132 G 132 0.0523656 0.0407638 0.0000000 0.0218456 0.0000000 0.0277663 0.0279001 0.6131616 0.0076639 0.0065937 0.0039433 0.0000000 0.0063552 0.0000000 0.0395044 0.0500922 0.0889861 0.0000000 0.0000000 0.0130581
133 V 133 0.1341175 0.0362672 0.0000000 0.0000000 0.0000000 0.0880460 0.0229181 0.0334575 0.0455907 0.0416393 0.1065261 0.0253995 0.0885230 0.0000000 0.0418456 0.0264072 0.0843994 0.0000000 0.0043727 0.2204902
134 A 134 0.4033638 0.0198324 0.0123949 0.0107500 0.0000000 0.0272307 0.0407161 0.0397002 0.0053237 0.0113802 0.0350836 0.0000000 0.0080706 0.0000000 0.0053668 0.0532153 0.1294284 0.0000000 0.0000000 0.1981432
135 S 135 0.1705957 0.0215675 0.0000000 0.0469146 0.0000000 0.0131058 0.0099262 0.0550440 0.0000000 0.0319003 0.0182921 0.0500451 0.0138384 0.0000000 0.1312570 0.3759748 0.0210040 0.0000000 0.0000000 0.0405346
136 D 136 0.0401276 0.0523105 0.0246531 0.4866111 0.0000000 0.0321440 0.0428592 0.0530431 0.0127814 0.0142822 0.0322401 0.0269418 0.0000000 0.0000000 0.0219204 0.0141432 0.0641712 0.0000000 0.0000000 0.0817711
137 P 137 0.1352101 0.0000000 0.0000000 0.0225581 0.0000000 0.0000000 0.0402031 0.0000000 0.0000000 0.0212683 0.0000000 0.0000000 0.0000000 0.0000000 0.7641634 0.0165970 0.0000000 0.0000000 0.0000000 0.0000000
138 M 138 0.0403825 0.0213931 0.0000000 0.0000000 0.0000000 0.0000000 0.0000000 0.0000000 0.0000000 0.0251641 0.1004956 0.0000000 0.5839198 0.0394381 0.0622533 0.0000000 0.0000000 0.0000000 0.0000000 0.1269536
139 A 139 0.6154778 0.0000000 0.0000000 0.0000000 0.0000000 0.0000000 0.0000000 0.0000000 0.0000000 0.0000000 0.0000000 0.0000000 0.0000000 0.0000000 0.0000000 0.2409895 0.1435328 0.0000000 0.0000000 0.0000000
