  139         A         R         N         D         C         Q         E         G         H         I         L         K         M         F         P         S         T         W         Y         V         X    
  1 G   1 0.0311483 0.0000000 0.0000000 0.0000000 0.0000000 0.0000000 0.0000000 0.0583176 0.0000000 0.0000000 0.0000000 0.0000000 0.0000000 0.0000000 0.0000000 0.0000000 0.0000000 0.0000000 0.0000000 0.0000000 0.9105341
  2 P   2 0.0017882 0.0023136 0.0000000 0.0000000 0.0000000 0.0000000 0.0063998 0.0082182 0.0017068 0.0000000 0.0044625 0.0028181 0.0000000 0.0000000 0.1876832 0.0041469 0.0000000 0.0000000 0.0000000 0.0000000 0.7804626
  3 L   3 0.0805786 0.0184813 0.0029863 0.0374873 0.0000000 0.0100417 0.0320594 0.0033994 0.0033590 0.0008011 0.0088271 0.0049012 0.0006417 0.0000000 0.0594664 0.0259238 0.0175141 0.0000000 0.0007802 0.0025818 0.6901697
  4 G   4 0.0478034 0.0344673 0.0009519 0.0080376 0.0000000 0.0197913 0.0175412 0.1402962 0.0010393 0.0040248 0.0053788 0.0009023 0.0000000 0.0011800 0.0378448 0.0079877 0.0074843 0.0000000 0.0000000 0.0068393 0.6584297
  5 S   5 0.0422102 0.0314520 0.0216373 0.0089868 0.0000000 0.0163865 0.0125198 0.0243620 0.0178405 0.0022997 0.0049051 0.0056136 0.0019434 0.0039852 0.0897493 0.0902352 0.0378504 0.0000000 0.0034966 0.0133071 0.5712191
  6 S   6 0.1639577 0.0154097 0.0039704 0.0030943 0.0000000 0.0175092 0.0155609 0.0243564 0.0044407 0.0000000 0.0021264 0.0073915 0.0397362 0.0000000 0.0728159 0.0756668 0.0242225 0.0000000 0.0061803 0.0089324 0.5146287
  7 W   7 0.0387263 0.0294285 0.0073471 0.0132593 0.0387048 0.0234396 0.0248204 0.0111444 0.0076593 0.0106085 0.0784490 0.0088789 0.0257643 0.0175569 0.0480572 0.0628115 0.0368420 0.0100409 0.0038434 0.0240773 0.4785404
  8 L   8 0.1299837 0.0154111 0.0000000 0.0000000 0.0042752 0.0040002 0.0000000 0.0155266 0.0017239 0.0334564 0.1427903 0.0000000 0.0075324 0.0280758 0.0336407 0.0082689 0.0157436 0.0121862 0.0367802 0.0366663 0.4739383
  9 F   9 0.0372434 0.0916700 0.0014143 0.0052816 0.0156086 0.0330286 0.0058857 0.0063823 0.0076901 0.0218910 0.0402816 0.0278173 0.0262524 0.0267052 0.0000000 0.0558386 0.0930296 0.0019629 0.0346459 0.0454684 0.4219027
 10 L  10 0.0011715 0.0000000 0.0000000 0.0000000 0.0000000 0.0016763 0.0017777 0.0000000 0.0019788 0.0183927 0.5980255 0.0000000 0.0087659 0.0073192 0.0000000 0.0000000 0.0000000 0.0000000 0.0000000 0.0422831 0.3186093
 11 E  11 0.0166672 0.0379439 0.0018395 0.0149917 0.0024082 0.0311700 0.1356361 0.0015111 0.0266669 0.0825095 0.0562260 0.0373887 0.0080562 0.0045293 0.0015505 0.0121776 0.0696296 0.0000000 0.0061590 0.1455093 0.3074296
 12 V  12 0.0391885 0.0037766 0.0020089 0.0000000 0.0105501 0.0088289 0.0000000 0.0040190 0.0016821 0.1004489 0.0436263 0.0000000 0.0078924 0.0330174 0.0012606 0.0149524 0.0161891 0.0000000 0.0127502 0.3869197 0.3128888
 13 I  13 0.0138459 0.0321482 0.0030687 0.0136609 0.0013482 0.0255415 0.0290918 0.0058179 0.0058070 0.1330584 0.1346346 0.0319331 0.0093746 0.0016813 0.0089803 0.0194822 0.0970504 0.0000000 0.0027200 0.1218977 0.3088573
 14 A  14 0.1039062 0.1075539 0.0278761 0.0667532 0.0017104 0.0313289 0.0740717 0.0128253 0.0119999 0.0030736 0.0019005 0.0799844 0.0023879 0.0000000 0.0041280 0.1115049 0.0489535 0.0000000 0.0062002 0.0026389 0.3012025
 15 G  15 0.0063443 0.0066978 0.0014774 0.0054169 0.0000000 0.0023711 0.0030006 0.5895373 0.0030481 0.0000000 0.0031329 0.0020026 0.0009524 0.0000000 0.0013517 0.0380156 0.0125369 0.0000000 0.0000000 0.0000000 0.3241145
 16 P  16 0.0437744 0.0087023 0.0172040 0.0124570 0.0000000 0.0056172 0.0235797 0.0314824 0.0068724 0.0030662 0.0212751 0.0202581 0.0000000 0.0014173 0.4112110 0.0326127 0.0097047 0.0000000 0.0000000 0.0022147 0.3485506
 17 A  17 0.0393290 0.0400614 0.0688020 0.1244073 0.0120189 0.0575119 0.0381038 0.0211287 0.0124266 0.0009418 0.1043622 0.0113316 0.0119048 0.0077065 0.0134297 0.0715032 0.0184356 0.0034696 0.0134828 0.0158055 0.3138371
 18 I  18 0.2093733 0.0366261 0.0361412 0.0051835 0.0035956 0.0350970 0.0370445 0.0130558 0.0116968 0.0369051 0.0305522 0.0406109 0.0128870 0.0059252 0.0120681 0.1005050 0.0673543 0.0037571 0.0022943 0.0293028 0.2700242
 19 G  19 0.0099643 0.0023002 0.0339949 0.0058933 0.0000000 0.0024542 0.0031301 0.6394949 0.0064854 0.0012027 0.0159821 0.0011385 0.0016325 0.0008549 0.0072162 0.0103939 0.0092537 0.0000000 0.0000000 0.0060242 0.2425839
 20 L  20 0.0718290 0.1358449 0.0125020 0.0186715 0.0019788 0.0759735 0.0505606 0.0545541 0.0107645 0.0183984 0.0428567 0.0747681 0.0076306 0.0030040 0.0024981 0.1070768 0.0800343 0.0000000 0.0000000 0.0168211 0.2142329
 21 Q  21 0.0309388 0.1798530 0.0183198 0.0097647 0.0000000 0.0351473 0.0671995 0.0086307 0.0094424 0.0272113 0.0336029 0.0296859 0.0102922 0.0054256 0.0058255 0.0901349 0.1284691 0.0029539 0.0066171 0.0962066 0.2042788
 22 H  22 0.0128854 0.0211672 0.0000000 0.0000000 0.0110207 0.0095349 0.0023711 0.0042652 0.0611429 0.0666281 0.0816974 0.0073740 0.0245940 0.2853994 0.0065648 0.0089291 0.0063046 0.0260279 0.1128006 0.0577652 0.1935274
 23 A  23 0.0568909 0.0595632 0.0089426 0.0280925 0.0019360 0.0513613 0.0703804 0.0116268 0.0086843 0.0261779 0.1387886 0.0268770 0.0072539 0.0018395 0.1440984 0.0604607 0.0460984 0.0031807 0.0071040 0.0334656 0.2071771
 24 V  24 0.0147024 0.0268128 0.0000000 0.0070148 0.0030269 0.0020309 0.0144112 0.0105556 0.0000000 0.0637279 0.4934833 0.0029435 0.0152148 0.0386760 0.0015111 0.0069436 0.0130239 0.0011965 0.0023691 0.0699789 0.2123767
 25 N  25 0.0204736 0.0735361 0.0346989 0.1587090 0.0000000 0.0750605 0.0511423 0.1028920 0.0504919 0.0008880 0.0070680 0.0516438 0.0009164 0.0038685 0.0089790 0.0229497 0.0783077 0.0058996 0.0056038 0.0097253 0.2371458
 26 S  26 0.0436654 0.0405726 0.0044735 0.0639777 0.0041724 0.0749906 0.1266181 0.0810951 0.0040010 0.0025656 0.0196597 0.0393995 0.0048149 0.0109218 0.0813034 0.0909671 0.0357932 0.0000000 0.0084394 0.0080928 0.2544762
 27 T  27 0.0588712 0.0214851 0.0093726 0.0869215 0.0000000 0.0237383 0.0468438 0.1287122 0.0140848 0.0205714 0.0155137 0.0115999 0.0035578 0.0197631 0.0767060 0.0442281 0.0555389 0.0026704 0.0169580 0.0387317 0.3041313
 28 S  28 0.0520185 0.0623804 0.0128248 0.0211325 0.0064087 0.0394731 0.0487026 0.0188927 0.0035796 0.0197107 0.0516302 0.0108881 0.0037300 0.0152593 0.0338026 0.1048007 0.0710653 0.0000000 0.0157723 0.0715304 0.3363976
 29 S  29 0.0343472 0.0043067 0.0336927 0.0112453 0.0060889 0.0136623 0.0142547 0.0214805 0.0035103 0.0178915 0.0871844 0.0145125 0.0097985 0.0102222 0.0404211 0.0431329 0.1596183 0.0019398 0.0049238 0.0338331 0.4339332
 30 S  30 0.0623149 0.0169984 0.0148094 0.0370410 0.0000000 0.0072735 0.0198939 0.0447816 0.0103843 0.0192768 0.0394681 0.0113603 0.0023554 0.0020809 0.0391149 0.0867789 0.0633421 0.0000000 0.0021433 0.0206441 0.4999381
 31 K  31 0.0976523 0.0743093 0.0184651 0.0222317 0.0033860 0.0220450 0.0295795 0.0688297 0.0092953 0.0035731 0.0151801 0.0525200 0.0088026 0.0009257 0.0108259 0.0383764 0.0255003 0.0000000 0.0032879 0.0272390 0.4679752
 32 L  32 0.0382104 0.0613982 0.0274746 0.0453395 0.0022559 0.0296911 0.0670885 0.0454295 0.0139868 0.0051899 0.0343872 0.0361249 0.0000000 0.0028942 0.0398903 0.0526520 0.0217379 0.0000000 0.0057206 0.0070237 0.4635048
 33 P  33 0.0188071 0.0495425 0.0035119 0.0226958 0.0179111 0.0235744 0.1286834 0.0269290 0.0069925 0.0205391 0.0083153 0.0229994 0.0007424 0.0063688 0.1386509 0.0223276 0.0334673 0.0049701 0.0089750 0.0399051 0.3940913
 34 V  34 0.0232341 0.0000000 0.0039284 0.0000000 0.0308498 0.0043661 0.0000000 0.0041092 0.0000000 0.1761216 0.1696115 0.0000000 0.0537671 0.0509334 0.0000000 0.0030164 0.0214682 0.0386239 0.0592342 0.1468445 0.2138917
 35 K  35 0.0036924 0.0943559 0.0112092 0.0000000 0.0000000 0.0108801 0.0000000 0.0023811 0.0112180 0.0681735 0.0664533 0.0196630 0.0103427 0.0083592 0.0000000 0.0823526 0.3660629 0.0000000 0.0084805 0.1515058 0.0848700
 36 L  36 0.0095720 0.0000000 0.0000000 0.0000000 0.0055304 0.0000000 0.0000000 0.0000000 0.0000000 0.4867155 0.2031714 0.0000000 0.0220247 0.0490504 0.0000000 0.0011924 0.0000000 0.0000000 0.0000000 0.1564241 0.0663191
 37 G  37 0.0000000 0.0000000 0.0000000 0.0000000 0.0000000 0.0000000 0.0000000 0.9800378 0.0000000 0.0000000 0.0000000 0.0000000 0.0000000 0.0000000 0.0000000 0.0000000 0.0000000 0.0000000 0.0000000 0.0000000 0.0199622
 38 R  38 0.0039904 0.9381332 0.0000000 0.0000000 0.0000000 0.0000000 0.0000000 0.0000000 0.0000000 0.0000000 0.0000000 0.0170158 0.0000000 0.0000000 0.0000000 0.0130694 0.0078290 0.0000000 0.0000000 0.0000000 0.0199622
 39 V  39 0.1312534 0.0248520 0.0197988 0.1587178 0.0000000 0.0125320 0.0703855 0.1043630 0.1070952 0.0102991 0.0447966 0.0184878 0.0170118 0.0000000 0.0000000 0.1747890 0.0429995 0.0000000 0.0020309 0.0379936 0.0225940
 40 S  40 0.0843743 0.0415623 0.0184486 0.0419679 0.0000000 0.0475276 0.0579267 0.0452448 0.0087788 0.0077478 0.0351069 0.0620117 0.0014731 0.0019155 0.3895649 0.0891808 0.0438483 0.0000000 0.0012008 0.0016177 0.0205014
 41 P  41 0.0362790 0.0332455 0.0347605 0.3727763 0.0000000 0.0705393 0.1307757 0.0746708 0.0213034 0.0031342 0.0088215 0.0327916 0.0000000 0.0000000 0.0266107 0.0867998 0.0376775 0.0000000 0.0067357 0.0023670 0.0207115
 42 S  42 0.1634411 0.0020177 0.3531710 0.0000000 0.2278660 0.0000000 0.0014794 0.0191507 0.0338407 0.0016411 0.0048166 0.0000000 0.0013182 0.0000000 0.0000000 0.1455667 0.0072450 0.0000000 0.0000000 0.0162515 0.0221942
 43 D  43 0.0327529 0.0096210 0.0225134 0.5713145 0.0023832 0.0574053 0.0494720 0.0158718 0.0350836 0.0015020 0.0032250 0.0040680 0.0011706 0.0059574 0.0058457 0.0447632 0.1095180 0.0033415 0.0000000 0.0044927 0.0196982
 44 L  44 0.0026217 0.0000000 0.0000000 0.0000000 0.0012677 0.0037578 0.0000000 0.0000000 0.0012160 0.4095560 0.2708122 0.0000000 0.0200285 0.0701501 0.0023002 0.0000000 0.0026940 0.0041092 0.0050623 0.1885474 0.0178769
 45 A  45 0.0426733 0.1224416 0.0030033 0.0014427 0.0469847 0.0417316 0.0077029 0.0021408 0.0083725 0.0509179 0.0390729 0.0020500 0.0107343 0.0817604 0.0442014 0.0306815 0.0243924 0.0060500 0.0119567 0.4080307 0.0136583
 46 L  46 0.0043232 0.0000000 0.0000000 0.0000000 0.0016367 0.0000000 0.0000000 0.0000000 0.0000000 0.2474302 0.5789405 0.0000000 0.0061755 0.0207730 0.0061595 0.0000000 0.0035639 0.0000000 0.0000000 0.1188650 0.0121325
 47 K  47 0.0344046 0.0236293 0.0959938 0.3274171 0.0020821 0.0179150 0.0936375 0.0150330 0.0120805 0.0011369 0.0123213 0.0654330 0.0036144 0.0024132 0.1471728 0.0474327 0.0520659 0.0073150 0.0047522 0.0220173 0.0121325
 48 D  48 0.0127466 0.0044338 0.0252149 0.6885020 0.0000000 0.0082160 0.0533547 0.0170433 0.1105771 0.0000000 0.0072044 0.0012323 0.0000000 0.0073464 0.0023282 0.0444289 0.0011550 0.0000000 0.0019240 0.0021599 0.0121325
 49 S  49 0.0595455 0.0711255 0.0246134 0.1039168 0.0000000 0.0205207 0.0388883 0.0278901 0.0252792 0.0312668 0.0503557 0.0204248 0.0212197 0.0006318 0.2800499 0.0537504 0.0574810 0.0000000 0.0019005 0.0990073 0.0121325
 50 E  50 0.0605474 0.0576913 0.0452028 0.0269624 0.0064851 0.0289147 0.0714281 0.1151195 0.0075485 0.0032458 0.0647517 0.0119468 0.0285809 0.0615864 0.0000000 0.1277914 0.1661304 0.0105062 0.0732117 0.0202162 0.0121325
 51 V  51 0.1166167 0.0000000 0.0000000 0.0000000 0.0057215 0.0000000 0.0000000 0.0000000 0.0000000 0.1582901 0.0195570 0.0000000 0.0116901 0.0000000 0.0000000 0.0143953 0.0118474 0.0000000 0.0000000 0.6497493 0.0121325
 52 S  52 0.0043478 0.0000000 0.0000000 0.0000000 0.0000000 0.0000000 0.0000000 0.0019611 0.0035866 0.0000000 0.0109318 0.0000000 0.0000000 0.0000000 0.0000000 0.9650351 0.0000000 0.0000000 0.0000000 0.0020052 0.0121325
 53 G  53 0.0212581 0.6273002 0.0047695 0.0018501 0.0000000 0.0157453 0.0056041 0.0945591 0.0151940 0.0029673 0.0000000 0.0689855 0.0000000 0.0023879 0.0161717 0.0604170 0.0176070 0.0315318 0.0000000 0.0015188 0.0121325
 54 K  54 0.0230916 0.3074981 0.0441813 0.0076952 0.0059829 0.0520616 0.0359387 0.0000000 0.1558996 0.0023701 0.0473868 0.1279323 0.0050677 0.0468859 0.0000000 0.0200079 0.0214486 0.0016062 0.0655500 0.0172629 0.0121325
 55 H  55 0.0000000 0.0000000 0.0000000 0.0000000 0.0000000 0.0060539 0.0000000 0.0000000 0.9818136 0.0000000 0.0000000 0.0000000 0.0000000 0.0000000 0.0000000 0.0000000 0.0000000 0.0000000 0.0000000 0.0000000 0.0121325
 56 A  56 0.7480837 0.0000000 0.0000000 0.0000000 0.0673186 0.0000000 0.0000000 0.0025553 0.0000000 0.0071954 0.0944820 0.0000000 0.0020710 0.0120427 0.0000000 0.0056618 0.0021761 0.0000000 0.0000000 0.0431032 0.0153102
 57 Q  57 0.0455669 0.2186390 0.0031274 0.0056427 0.0032405 0.0903079 0.2430144 0.0033398 0.0063846 0.0286134 0.0354427 0.0665920 0.0162329 0.0098844 0.0000000 0.0169945 0.0490184 0.0100422 0.0021282 0.1220153 0.0237729
 58 I  58 0.0029797 0.0000000 0.0000000 0.0000000 0.0046883 0.0000000 0.0000000 0.0000000 0.0000000 0.4424536 0.2646531 0.0000000 0.0031536 0.1491032 0.0000000 0.0000000 0.0000000 0.0000000 0.0000000 0.1258022 0.0071663
 59 T  59 0.0214881 0.1962791 0.0250905 0.0213379 0.0058781 0.0644720 0.0786158 0.0105018 0.0362169 0.0549093 0.0528567 0.0189617 0.0047012 0.0563888 0.0000000 0.0631358 0.0974520 0.0024946 0.0625328 0.1029538 0.0237331
 60 W  60 0.0332012 0.1746700 0.0060165 0.0017447 0.0224095 0.0446294 0.0000000 0.0009442 0.0224904 0.0301935 0.0817269 0.0330343 0.0103596 0.0788485 0.0540548 0.0251085 0.0117479 0.1515352 0.0687230 0.0600121 0.0885497
 61 N  61 0.0127555 0.0918602 0.0953808 0.1888796 0.0059683 0.0671011 0.0765928 0.0282701 0.0217038 0.0199420 0.0435455 0.0270920 0.0212683 0.0000000 0.0019646 0.0501442 0.0847134 0.0010628 0.0013262 0.0183382 0.1420907
 62 S  62 0.0874803 0.0139728 0.0221693 0.0298074 0.0080688 0.0275812 0.0923663 0.3307200 0.0176205 0.0083912 0.0109051 0.0082660 0.0045695 0.0000000 0.1393168 0.0422558 0.0205073 0.0025860 0.0000000 0.0109330 0.1224829
 63 T  63 0.0584445 0.0702948 0.0859115 0.1975803 0.0018553 0.0520866 0.1489860 0.0061181 0.0157559 0.0044922 0.0070745 0.0442105 0.0008709 0.0000000 0.0425058 0.0888834 0.0315766 0.0000000 0.0014830 0.0246573 0.1172128
 64 K  64 0.0316606 0.0255195 0.0578258 0.1483207 0.0025398 0.0439612 0.0415667 0.1847881 0.0516087 0.0035374 0.0202578 0.0461471 0.0000000 0.0028083 0.0009557 0.0462929 0.0540758 0.0000000 0.0038367 0.0057413 0.2285558
 65 F  65 0.0499619 0.0145464 0.0203193 0.0078545 0.0024837 0.0362623 0.0055132 0.3434980 0.0162094 0.0017974 0.0281109 0.0132482 0.0082904 0.0736307 0.0135005 0.0406496 0.0206749 0.0000000 0.0080370 0.0037889 0.2916229
 66 K  66 0.0465322 0.1642508 0.0190525 0.0115444 0.0071156 0.0799001 0.0429376 0.0704637 0.0232804 0.0142628 0.0207259 0.0700919 0.0061927 0.0044859 0.0025123 0.0753814 0.0408878 0.0000000 0.0070333 0.0483090 0.2450397
 67 W  67 0.0395698 0.0000000 0.0000000 0.0000000 0.0166071 0.0000000 0.0000000 0.0000000 0.0202297 0.0158925 0.0445415 0.0000000 0.0069196 0.1147938 0.0016724 0.0015741 0.0073529 0.2979217 0.2008655 0.1095002 0.1225592
 68 E  68 0.0370847 0.0424357 0.0018120 0.0007049 0.0072953 0.0352920 0.1145132 0.0017758 0.0075825 0.0582946 0.0670723 0.0135307 0.0301770 0.1063167 0.0000000 0.0347791 0.0944515 0.0420812 0.0973420 0.1652402 0.0422185
 69 L  69 0.0259588 0.0000000 0.0000000 0.0000000 0.0036311 0.0000000 0.0000000 0.0011457 0.0000000 0.2925500 0.3696563 0.0000000 0.0032595 0.0054236 0.0000000 0.0000000 0.0000000 0.0000000 0.0000000 0.2952546 0.0031204
 70 V  70 0.0467842 0.1441944 0.0018100 0.0115442 0.0065494 0.0321133 0.2676196 0.0008646 0.0138252 0.0602081 0.0133896 0.0287007 0.0080768 0.0062656 0.0000000 0.0315216 0.0868285 0.0000000 0.0483932 0.1800433 0.0112677
 71 D  71 0.0000000 0.0000000 0.0130672 0.9590778 0.0000000 0.0000000 0.0000000 0.0000000 0.0047258 0.0000000 0.0000000 0.0095859 0.0000000 0.0000000 0.0045655 0.0000000 0.0043478 0.0000000 0.0000000 0.0000000 0.0046301
 72 M  72 0.0408209 0.0099605 0.0166419 0.0044276 0.0103890 0.0356080 0.0153084 0.0042867 0.0274111 0.0145560 0.6405979 0.0038690 0.0683570 0.0122315 0.0047258 0.0175948 0.0098104 0.0000000 0.0011190 0.0583208 0.0039635
 73 G  73 0.0118156 0.0219544 0.1047357 0.0574057 0.0039280 0.0248933 0.0215453 0.6618086 0.0268754 0.0000000 0.0030614 0.0172335 0.0000000 0.0000000 0.0000000 0.0349286 0.0023739 0.0000000 0.0000000 0.0013903 0.0060504
 74 S  74 0.0037578 0.0028950 0.0000000 0.0000000 0.0000000 0.0000000 0.0015754 0.0019966 0.0000000 0.0000000 0.0000000 0.0000000 0.0000000 0.0000000 0.0080100 0.9743402 0.0027950 0.0000000 0.0000000 0.0000000 0.0046301
 75 L  75 0.0662190 0.1081099 0.0008996 0.0000000 0.0000000 0.0316345 0.0043478 0.0095768 0.0243800 0.0070790 0.1621597 0.0340891 0.0104967 0.0125034 0.0023565 0.0790971 0.4143686 0.0010196 0.0036512 0.0244251 0.0035866
 76 N  76 0.0066391 0.0047258 0.8958863 0.0028104 0.0000000 0.0021937 0.0032250 0.0020668 0.0540054 0.0014724 0.0000000 0.0000000 0.0000000 0.0000000 0.0000000 0.0086419 0.0036512 0.0000000 0.0047937 0.0000000 0.0098883
 77 G  77 0.0000000 0.0018305 0.0028950 0.0046301 0.0010985 0.0000000 0.0000000 0.9570792 0.0074467 0.0000000 0.0023282 0.0065531 0.0000000 0.0000000 0.0065528 0.0032843 0.0000000 0.0000000 0.0000000 0.0000000 0.0063016
 78 T  78 0.0037578 0.0047258 0.0000000 0.0000000 0.0000000 0.0000000 0.0000000 0.0000000 0.0000000 0.0086991 0.0283130 0.0000000 0.0131263 0.0060962 0.0000000 0.0313295 0.8626695 0.0000000 0.0017562 0.0332248 0.0063016
 79 L  79 0.0090581 0.0192710 0.0000000 0.0015321 0.0023552 0.0162961 0.0058522 0.0000000 0.0132043 0.0237707 0.1132347 0.0149759 0.0125694 0.3625382 0.0000000 0.0129525 0.0741549 0.0488512 0.2326970 0.0303849 0.0063016
 80 V  80 0.0172410 0.0062857 0.0000000 0.0000000 0.0042564 0.0000000 0.0000000 0.0000000 0.0042905 0.0792239 0.2833598 0.0000000 0.0045793 0.0166302 0.0000000 0.0000000 0.0022971 0.0032807 0.0030280 0.5681141 0.0074132
 81 N  81 0.0173632 0.0097910 0.7640112 0.1025492 0.0000000 0.0170397 0.0231071 0.0249943 0.0080609 0.0000000 0.0064722 0.0021208 0.0016120 0.0000000 0.0000000 0.0127618 0.0000000 0.0000000 0.0018896 0.0000000 0.0082270
 82 S  82 0.0136101 0.0794289 0.0390100 0.0931743 0.0000000 0.0184789 0.0234926 0.5925669 0.0201063 0.0000000 0.0013795 0.0380891 0.0008428 0.0000000 0.0017889 0.0505530 0.0012415 0.0010133 0.0000000 0.0000000 0.0252240
 83 H  83 0.0663950 0.1453406 0.0283568 0.0192665 0.0035631 0.1934041 0.1576187 0.0115571 0.0238538 0.0164611 0.0237654 0.1063133 0.0063626 0.0035477 0.0000000 0.0288253 0.0638796 0.0015000 0.0030794 0.0595602 0.0373497
 84 S  84 0.0434498 0.4468486 0.0028886 0.0081805 0.0010022 0.0500218 0.0234185 0.0009757 0.0052940 0.0161685 0.0384316 0.0871597 0.0009765 0.0009702 0.1797418 0.0288140 0.0077434 0.0000000 0.0019958 0.0090000 0.0469186
 85 I  85 0.0041425 0.0011898 0.0000000 0.0000000 0.0000000 0.0000000 0.0014167 0.0000000 0.0000000 0.3463077 0.1581754 0.0000000 0.0117009 0.0015897 0.0000000 0.0000000 0.0033606 0.0000000 0.0033683 0.4005649 0.0681835
 86 S  86 0.0425091 0.0342565 0.0436142 0.0797004 0.0000000 0.0590647 0.0755309 0.0342726 0.0429342 0.0026938 0.0165217 0.0582887 0.0021996 0.0032324 0.0520869 0.1068450 0.1225847 0.0000000 0.0056919 0.0187690 0.1992038
 87 H  87 0.0260927 0.0995852 0.0165704 0.0030163 0.0000000 0.1049154 0.0836598 0.1148063 0.0467520 0.0011696 0.0116364 0.0486264 0.0045678 0.0000000 0.0508185 0.0424255 0.0255623 0.0009463 0.0025787 0.0130125 0.3032579
 88 P  88 0.1233778 0.0918434 0.0009169 0.0134569 0.0069335 0.0537230 0.0139347 0.0169308 0.0139963 0.0038580 0.0122423 0.0283066 0.0058033 0.0042678 0.0814515 0.0235430 0.0107218 0.0000000 0.0008413 0.0037190 0.4901321
 89 D  89 0.0405991 0.0201931 0.0145816 0.0338647 0.0022634 0.0200968 0.0298642 0.0110864 0.0048501 0.0214316 0.0291935 0.0256384 0.0150854 0.0064864 0.0015362 0.0189232 0.0590668 0.0030642 0.0095593 0.0370530 0.5955625
 90 L  90 0.0185464 0.0047090 0.0063016 0.0041519 0.0024594 0.0052042 0.0159048 0.0041125 0.0036020 0.0233467 0.0332758 0.0075181 0.0021289 0.0052877 0.0027153 0.0315786 0.0254497 0.0000000 0.0348885 0.0326880 0.7361309
 91 G  91 0.0142235 0.0033981 0.0040564 0.0084486 0.0024717 0.0121236 0.0158598 0.0689137 0.0023002 0.0138334 0.0114179 0.0166806 0.0000000 0.0015217 0.0041708 0.0071786 0.0058036 0.0000000 0.0000000 0.0093844 0.7982136
 92 S  92 0.0154054 0.0088266 0.0025398 0.0041989 0.0127908 0.0081885 0.0019907 0.0137763 0.0063016 0.0019831 0.0073765 0.0046203 0.0031613 0.0034615 0.0434460 0.0432720 0.0121111 0.0000000 0.0031002 0.0039964 0.7994530
 93 R  93 0.0062326 0.0569429 0.0018553 0.0018559 0.0000000 0.0055223 0.0025243 0.0188037 0.0012673 0.0084911 0.0197215 0.0260700 0.0059392 0.0017562 0.0054634 0.0116338 0.0038694 0.0015320 0.0019821 0.0073604 0.8111765
 94 K  94 0.0029264 0.0301559 0.0056650 0.0105287 0.0014297 0.0254293 0.0066402 0.0069849 0.0251249 0.0035078 0.0130004 0.0174887 0.0000000 0.0019199 0.0185017 0.0185964 0.0078063 0.0000000 0.0000000 0.0222954 0.7819983
 95 W  95 0.0235255 0.0247348 0.0054813 0.0020886 0.0000000 0.0035037 0.0337438 0.0098408 0.0000000 0.0068015 0.0063016 0.0086385 0.0034047 0.0016820 0.0596923 0.0106543 0.0086522 0.0312997 0.0000000 0.0118656 0.7480890
 96 G  96 0.0075285 0.0118937 0.0231342 0.0200095 0.0029642 0.0075416 0.0079570 0.0912068 0.0009928 0.0031337 0.0116419 0.0080146 0.0013038 0.0069435 0.0089583 0.0519796 0.0084156 0.0000000 0.0166780 0.0131473 0.6965554
 97 N  97 0.0297880 0.0282881 0.0231508 0.0939197 0.0019821 0.0371103 0.0814017 0.0125077 0.0092603 0.0169325 0.0018855 0.0058786 0.0035158 0.0087265 0.0074659 0.0042806 0.0400684 0.0000000 0.0030164 0.0239640 0.5668572
 98 P  98 0.0230108 0.0188336 0.0010482 0.0149364 0.0022555 0.0202463 0.0692885 0.0024161 0.0059383 0.0023183 0.0184838 0.0031564 0.0012876 0.0014922 0.2797190 0.0723038 0.0059176 0.0052577 0.0045187 0.0035634 0.4440078
 99 V  99 0.0942959 0.0163893 0.0023832 0.0000000 0.0276660 0.0332409 0.0055603 0.0145832 0.0612954 0.0498445 0.0218363 0.0078384 0.0188192 0.0091545 0.0000000 0.0034424 0.0608104 0.0414478 0.0358692 0.1993796 0.2961436
100 E 100 0.0359763 0.1024164 0.0212294 0.0296304 0.0037031 0.0581046 0.1410664 0.0076865 0.0058855 0.0155244 0.0472288 0.0297238 0.0088540 0.0095309 0.1608306 0.0127545 0.0396172 0.0020280 0.0021943 0.0600113 0.2060033
101 L 101 0.0130910 0.0000000 0.0000000 0.0000000 0.0000000 0.0000000 0.0000000 0.0000000 0.0000000 0.0557383 0.7991866 0.0000000 0.0045553 0.0062349 0.0000000 0.0000000 0.0000000 0.0000000 0.0000000 0.0743739 0.0468201
102 A 102 0.1507899 0.1758281 0.0291038 0.0067638 0.0104752 0.0835599 0.0468786 0.0393007 0.0770225 0.0021411 0.0032072 0.0958915 0.0090426 0.0052614 0.0150540 0.1094383 0.0489234 0.0000000 0.0102687 0.0335646 0.0474848
103 S 103 0.0425830 0.0046688 0.1142604 0.2664218 0.0000000 0.0064547 0.0639018 0.0136783 0.1069941 0.0111291 0.0181463 0.0017690 0.0030660 0.0027926 0.1625514 0.0587567 0.0278848 0.0000000 0.0037841 0.0485309 0.0426261
104 D 104 0.0060870 0.0078516 0.0317967 0.0155011 0.0000000 0.0101830 0.0044784 0.8749538 0.0009310 0.0000000 0.0009718 0.0073653 0.0000000 0.0019820 0.0000000 0.0063737 0.0035925 0.0000000 0.0000000 0.0000000 0.0279323
105 D 105 0.0527069 0.0000000 0.0088339 0.7322693 0.0030127 0.0114925 0.0089623 0.0033159 0.0232239 0.0000000 0.0024771 0.0009177 0.0057666 0.0016120 0.0114741 0.0799221 0.0167461 0.0000000 0.0000000 0.0140385 0.0232284
106 I 106 0.0167296 0.1145858 0.0056696 0.0071678 0.0000000 0.0582610 0.1871404 0.0028911 0.0125395 0.1266737 0.0901337 0.0249153 0.0150989 0.0087539 0.0241207 0.0217650 0.0763600 0.0010148 0.0077464 0.1715538 0.0268791
107 I 107 0.0000000 0.0000000 0.0000000 0.0000000 0.0000000 0.0000000 0.0000000 0.0000000 0.0000000 0.4896561 0.1981680 0.0000000 0.0033769 0.0207636 0.0000000 0.0000000 0.0000000 0.0000000 0.0000000 0.2744554 0.0135800
108 T 108 0.0315353 0.2606266 0.0217195 0.0057521 0.0051411 0.1772332 0.0564971 0.0432619 0.0202095 0.0071569 0.0134355 0.1153155 0.0114643 0.0000000 0.0000000 0.0437031 0.1488304 0.0111649 0.0033978 0.0095313 0.0140241
109 L 109 0.0122008 0.0000000 0.0000000 0.0000000 0.0000000 0.0000000 0.0000000 0.0000000 0.0000000 0.4311722 0.2588034 0.0000000 0.0306802 0.1022812 0.0000000 0.0000000 0.0000000 0.0000000 0.0000000 0.1490667 0.0157954
110 G 110 0.0206783 0.0000000 0.0000000 0.0000000 0.0089792 0.0000000 0.0036188 0.9178489 0.0016533 0.0000000 0.0000000 0.0000000 0.0000000 0.0000000 0.0000000 0.0136379 0.0000000 0.0000000 0.0000000 0.0014713 0.0321123
111 T 111 0.0519363 0.0644661 0.0897667 0.0910516 0.0009794 0.0556647 0.0871251 0.0725456 0.0744229 0.0000000 0.0097478 0.1288195 0.0069876 0.0050168 0.0248327 0.0991140 0.0942923 0.0017444 0.0000000 0.0078118 0.0336746
112 T 112 0.0326652 0.0041935 0.0130037 0.0097732 0.0071925 0.0126334 0.0205336 0.0038376 0.0147093 0.0217501 0.0197985 0.0000000 0.0100228 0.0918383 0.0161573 0.2225954 0.2852609 0.0044624 0.0676039 0.0907866 0.0511821
113 T 113 0.0360025 0.1356904 0.0079600 0.0357858 0.0018472 0.0426170 0.0910005 0.0034113 0.0169044 0.0392596 0.0377177 0.0423662 0.0062927 0.0011915 0.0019473 0.1042355 0.2202720 0.0000000 0.0000000 0.1160359 0.0594625
114 K 114 0.0111783 0.0506814 0.0124370 0.0000000 0.0014146 0.0028226 0.0000000 0.0160445 0.0000000 0.0718598 0.3496303 0.0368719 0.0563573 0.2286857 0.0035210 0.0113863 0.0161487 0.0014418 0.0049364 0.0414796 0.0831028
115 V 115 0.0215597 0.1664122 0.0036012 0.0083010 0.0082856 0.0160056 0.0372728 0.0000000 0.0076539 0.0955480 0.1385753 0.0564154 0.0094940 0.0011473 0.0109528 0.0279816 0.0793872 0.0032623 0.0012490 0.1724630 0.1344322
116 Y 116 0.0055762 0.0152701 0.0000000 0.0000000 0.0000000 0.0042856 0.0056876 0.0000000 0.0092607 0.0169889 0.1646666 0.0082210 0.0039608 0.4107379 0.0000000 0.0183932 0.0157669 0.0016721 0.1110836 0.0440600 0.1643687
117 V 117 0.0190361 0.0257735 0.0016182 0.0000000 0.0220709 0.0213844 0.0327897 0.0029314 0.0256915 0.0564500 0.0943016 0.0035547 0.0000000 0.0251277 0.0000000 0.0182816 0.0192106 0.0014367 0.0182589 0.2634011 0.3486815
118 R 118 0.0251661 0.1030851 0.0156117 0.0319742 0.0031253 0.0459079 0.0314481 0.0138315 0.0814552 0.0049843 0.0573399 0.0094868 0.0055368 0.0000000 0.0536832 0.0365022 0.0629031 0.0043880 0.0009676 0.0111399 0.4014631
119 I 119 0.0386810 0.0107399 0.0015741 0.0090837 0.0034257 0.0328145 0.0293262 0.0368560 0.0000000 0.1080913 0.0657132 0.0000000 0.0102995 0.0290638 0.0380823 0.0166343 0.0247584 0.0081188 0.0137853 0.0580257 0.4649265
120 S 120 0.0547978 0.0211061 0.0036476 0.0420165 0.0000000 0.0127935 0.0666435 0.0537225 0.0670726 0.0112559 0.0262255 0.0021058 0.0043133 0.0035210 0.0415584 0.0522584 0.0585484 0.0000000 0.0000000 0.0116982 0.4667150
121 S 121 0.0763808 0.0229440 0.0182569 0.0222772 0.0000000 0.0178535 0.0486121 0.0181029 0.0019639 0.0036873 0.0342841 0.0081918 0.0035316 0.0000000 0.1273512 0.0649326 0.0184261 0.0022914 0.0025988 0.0234334 0.4848805
122 Q 122 0.0841034 0.0180001 0.0037831 0.0322694 0.0000000 0.0522122 0.0500790 0.0854113 0.0015823 0.0121325 0.0292038 0.0190771 0.0056662 0.0021058 0.0472727 0.0327538 0.0193484 0.0000000 0.0000000 0.0170476 0.4879512
123 N 123 0.0549754 0.0274261 0.0547581 0.0296287 0.0000000 0.0132696 0.0566133 0.0261258 0.0230905 0.0131427 0.0125219 0.0044177 0.0040648 0.0082253 0.0328477 0.0621637 0.0401467 0.0000000 0.0170127 0.0197898 0.4997794
124 E 124 0.0492692 0.0391289 0.0067631 0.0869791 0.0000000 0.0442590 0.1161019 0.0075951 0.0130789 0.0039901 0.0094187 0.0168135 0.0049612 0.0037150 0.0210125 0.0204200 0.0202908 0.0000000 0.0000000 0.0155820 0.5206209
125 F 125 0.0646148 0.0246560 0.0057411 0.0280487 0.0095038 0.0263174 0.0328361 0.0251547 0.0236996 0.0114052 0.0099629 0.0071423 0.0073529 0.0041244 0.0479357 0.0338982 0.0660642 0.0024998 0.0033595 0.0100499 0.5556328
126 Q 126 0.0398869 0.0325762 0.0065160 0.0247096 0.0420450 0.0411699 0.0682700 0.0059470 0.0110127 0.0127624 0.0084072 0.0163912 0.0015579 0.0000000 0.0221446 0.0568706 0.0269451 0.0000000 0.0022914 0.0136450 0.5668515
127 I 127 0.0843573 0.0137537 0.0108660 0.0235443 0.0000000 0.0169767 0.0239922 0.0249789 0.0017159 0.0180228 0.0300332 0.0074883 0.0097772 0.0014807 0.0296828 0.0188618 0.0431632 0.0000000 0.0000000 0.0616328 0.5796724
128 P 128 0.0141479 0.0198030 0.0050682 0.0060974 0.0000000 0.0061325 0.0218072 0.0320589 0.0052018 0.0013956 0.0092797 0.0082464 0.0000000 0.0021590 0.2269199 0.0114483 0.0066116 0.0000000 0.0012440 0.0077613 0.6146173
129 F 129 0.0482160 0.0068109 0.0000000 0.0208063 0.0408700 0.0070990 0.0048789 0.0159920 0.0020790 0.0091479 0.0452528 0.0037230 0.0017159 0.0418033 0.0148922 0.0453251 0.0220780 0.0000000 0.0044681 0.0257576 0.6390842
130 K 130 0.0471317 0.0423575 0.0063124 0.0132718 0.0000000 0.0047950 0.1102314 0.0738175 0.0035669 0.0000000 0.0053800 0.0091318 0.0036837 0.0015528 0.0118349 0.0087083 0.0038766 0.0000000 0.0000000 0.0073246 0.6470231
131 I 131 0.0375252 0.0090936 0.0014035 0.0081454 0.0000000 0.0095745 0.0214696 0.0033923 0.0015497 0.0287987 0.0285071 0.0036366 0.0013608 0.0076765 0.0816640 0.0127113 0.0240887 0.0000000 0.0000000 0.0569487 0.6624538
132 G 132 0.0164835 0.0132701 0.0000000 0.0068383 0.0000000 0.0084021 0.0085888 0.1986338 0.0023700 0.0019697 0.0012391 0.0000000 0.0019521 0.0000000 0.0123246 0.0154129 0.0268457 0.0000000 0.0000000 0.0041092 0.6815601
133 V 133 0.0365684 0.0105883 0.0000000 0.0000000 0.0000000 0.0237175 0.0062557 0.0089755 0.0122890 0.0160309 0.0296931 0.0068053 0.0295407 0.0000000 0.0112817 0.0073451 0.0227467 0.0000000 0.0011890 0.0588840 0.7180892
134 A 134 0.1136437 0.0050308 0.0031563 0.0028117 0.0000000 0.0071529 0.0104005 0.0102563 0.0013772 0.0029540 0.0088418 0.0000000 0.0020478 0.0000000 0.0013801 0.0144740 0.0331297 0.0000000 0.0000000 0.0512545 0.7320887
135 S 135 0.0339346 0.0043163 0.0000000 0.0094114 0.0000000 0.0024998 0.0019831 0.0110040 0.0000000 0.0064238 0.0037041 0.0099660 0.0027712 0.0000000 0.0261532 0.0854011 0.0042697 0.0000000 0.0000000 0.0080868 0.7900748
136 D 136 0.0066682 0.0086304 0.0040111 0.0911033 0.0000000 0.0053379 0.0070595 0.0086397 0.0021408 0.0022926 0.0053539 0.0044919 0.0000000 0.0000000 0.0036900 0.0025301 0.0105198 0.0000000 0.0000000 0.0136342 0.8238966
137 P 137 0.0210846 0.0000000 0.0000000 0.0035210 0.0000000 0.0000000 0.0060562 0.0000000 0.0000000 0.0032250 0.0000000 0.0000000 0.0000000 0.0000000 0.1297644 0.0024405 0.0000000 0.0000000 0.0000000 0.0000000 0.8339082
138 M 138 0.0040176 0.0020758 0.0000000 0.0000000 0.0000000 0.0000000 0.0000000 0.0000000 0.0000000 0.0024875 0.0100790 0.0000000 0.0683586 0.0041092 0.0062285 0.0000000 0.0000000 0.0000000 0.0000000 0.0128945 0.8897493
139 A 139 0.0441595 0.0000000 0.0000000 0.0000000 0.0000000 0.0000000 0.0000000 0.0000000 0.0000000 0.0000000 0.0000000 0.0000000 0.0000000 0.0000000 0.0000000 0.0149186 0.0087386 0.0000000 0.0000000 0.0000000 0.9321833
