   61         A         R         N         D         C         Q         E         G         H         I         L         K         M         F         P         S         T         W         Y         V         X    
  1 G   1 0.0000000 0.0000000 0.0000000 0.0000000 0.0000000 0.0000000 0.0000000 0.1597740 0.0000000 0.0000000 0.0000000 0.0000000 0.0000000 0.0000000 0.0000000 0.0000000 0.0000000 0.0000000 0.0000000 0.0000000 0.8402260
  2 S   2 0.0391190 0.0154297 0.0231227 0.0124900 0.0000000 0.0045541 0.0093075 0.0115870 0.0000000 0.0034700 0.0034040 0.0022735 0.0012556 0.0124095 0.0395462 0.0393731 0.0400243 0.0000000 0.0036950 0.0277461 0.7111925
  3 H   3 0.0048032 0.0519924 0.0189140 0.0413941 0.0171896 0.0248500 0.1899053 0.0069675 0.0206141 0.0021418 0.0080561 0.0491432 0.0157386 0.0000000 0.0030880 0.0063871 0.0322485 0.0000000 0.0000000 0.0150991 0.4914672
  4 V   4 0.0036051 0.0285926 0.0020377 0.0000000 0.0015122 0.0339031 0.0138133 0.0000000 0.0012069 0.0663553 0.0417711 0.1247934 0.0178893 0.0386294 0.0027745 0.0062966 0.1269214 0.0055070 0.1056944 0.0595765 0.3191203
  5 V   5 0.2543032 0.0000000 0.0000000 0.0000000 0.1074505 0.0000000 0.0000000 0.0000000 0.0000000 0.0029236 0.0000000 0.0000000 0.0067122 0.0456662 0.0000000 0.0000000 0.0000000 0.0000000 0.1084175 0.4000492 0.0744776
  6 Q   6 0.0022095 0.2477963 0.0000000 0.0000000 0.0020657 0.0859329 0.0256665 0.0000000 0.0000000 0.1327513 0.0074353 0.1385081 0.0099796 0.0000000 0.0013692 0.0014122 0.0830793 0.0000000 0.0092244 0.1970357 0.0555340
  7 T   7 0.7511946 0.0000000 0.0000000 0.0000000 0.0097633 0.0000000 0.0000000 0.0082956 0.0000000 0.0036777 0.0000000 0.0000000 0.0000000 0.0000000 0.0000000 0.0075420 0.0286793 0.0000000 0.0000000 0.1476632 0.0431843
  8 L   8 0.0189045 0.0106343 0.0075382 0.0000000 0.0032852 0.0181869 0.0364648 0.0000000 0.0000000 0.0667690 0.6094011 0.0630701 0.0535031 0.0000000 0.0000000 0.0069364 0.0176914 0.0000000 0.0000000 0.0363962 0.0512187
  9 Y   9 0.0171649 0.0000000 0.0061992 0.0000000 0.0088698 0.0047684 0.0000000 0.0020336 0.0460365 0.0000000 0.0000000 0.0000000 0.0042876 0.1751673 0.0000000 0.0049434 0.0000000 0.0072085 0.6815493 0.0020693 0.0397022
 10 P  10 0.0404711 0.0042384 0.0442780 0.5525689 0.0013998 0.0099377 0.0421234 0.0012850 0.0048564 0.0000000 0.0000000 0.0056064 0.0016913 0.0000000 0.1245696 0.0879602 0.0436467 0.0000000 0.0030034 0.0018025 0.0305613
 11 F  11 0.0000000 0.0090560 0.0000000 0.0000000 0.0000000 0.0000000 0.0000000 0.0000000 0.0000000 0.0000000 0.0151125 0.0000000 0.0000000 0.3490365 0.0000000 0.0000000 0.0000000 0.0300303 0.5705144 0.0000000 0.0262503
 12 S  12 0.0438906 0.0297497 0.0497616 0.1044757 0.0025732 0.1005370 0.2826567 0.0067554 0.0055185 0.0198004 0.0087869 0.0469062 0.0111179 0.0017784 0.0101062 0.0589028 0.1343094 0.0000000 0.0000000 0.0573508 0.0250226
 13 S  13 0.5971935 0.0063536 0.0025365 0.0000000 0.0000000 0.0036838 0.0020382 0.1282924 0.0000000 0.0000000 0.0000000 0.0243096 0.0000000 0.0000000 0.1235216 0.0862307 0.0024518 0.0000000 0.0000000 0.0000000 0.0233883
 14 V  14 0.0955111 0.1157759 0.0403090 0.0431454 0.0094397 0.2731324 0.0834601 0.0112121 0.0072751 0.0179844 0.0075303 0.0376811 0.0073879 0.0000000 0.0043337 0.0666470 0.1099837 0.0013344 0.0098185 0.0346500 0.0233883
 15 T  15 0.0838487 0.0361009 0.1577856 0.0887554 0.0044512 0.1001021 0.2284759 0.0598524 0.0325525 0.0045875 0.0048335 0.0344181 0.0084894 0.0000000 0.0019003 0.0524850 0.0779733 0.0000000 0.0000000 0.0000000 0.0233883
 16 E  16 0.0901395 0.0185248 0.0152195 0.2610679 0.0035629 0.0373916 0.2216216 0.0074023 0.0304063 0.0024048 0.0043483 0.0184984 0.0000000 0.0012591 0.1517629 0.0748477 0.0215150 0.0000000 0.0019589 0.0146804 0.0233883
 17 E  17 0.0033106 0.0038098 0.1025638 0.4362540 0.0067547 0.0333760 0.1154981 0.1949190 0.0055904 0.0020676 0.0000000 0.0093222 0.0041913 0.0000000 0.0000000 0.0170157 0.0441976 0.0000000 0.0000000 0.0000000 0.0211292
 18 E  18 0.0000000 0.0000000 0.0000000 0.2381521 0.0061992 0.0473425 0.6404663 0.0027232 0.0335017 0.0000000 0.0000000 0.0000000 0.0000000 0.0000000 0.0000000 0.0104855 0.0000000 0.0000000 0.0000000 0.0000000 0.0211292
 19 L  19 0.0000000 0.0000000 0.0000000 0.0000000 0.0048463 0.0000000 0.0000000 0.0000000 0.0000000 0.0714566 0.8618637 0.0000000 0.0186140 0.0000000 0.0000000 0.0000000 0.0000000 0.0000000 0.0000000 0.0220901 0.0211292
 20 N  20 0.0372396 0.0112372 0.0501808 0.0322276 0.0034178 0.0099493 0.0339739 0.0498428 0.0046537 0.0017983 0.0030449 0.0125716 0.0012038 0.0000000 0.0287174 0.4872331 0.2009696 0.0000000 0.0027409 0.0078686 0.0211292
 21 F  21 0.0000000 0.0000000 0.0000000 0.0000000 0.0000000 0.0000000 0.0000000 0.0000000 0.0000000 0.0896836 0.2212567 0.0000000 0.0091808 0.6453769 0.0000000 0.0000000 0.0000000 0.0000000 0.0000000 0.0133726 0.0211292
 22 E  22 0.0391065 0.1427749 0.0607793 0.0331497 0.0138846 0.1005897 0.0744016 0.0092636 0.0398449 0.0122962 0.0047734 0.2451398 0.0068610 0.0062171 0.0260140 0.0571770 0.0497906 0.0000000 0.0042952 0.0525116 0.0211292
 23 K  23 0.1270860 0.0612144 0.0054593 0.0057822 0.0033375 0.0349252 0.1904050 0.0000000 0.0037469 0.0040586 0.0028253 0.3563847 0.0018771 0.0000000 0.0836455 0.0175085 0.0291449 0.0000000 0.0013219 0.0558697 0.0154074
 24 G  24 0.0000000 0.0025011 0.0685439 0.0562033 0.0000000 0.0057601 0.0055780 0.8184222 0.0175336 0.0000000 0.0000000 0.0022151 0.0000000 0.0000000 0.0000000 0.0053741 0.0000000 0.0000000 0.0024612 0.0000000 0.0154074
 25 E  25 0.0444006 0.0000000 0.0055756 0.5654257 0.0035927 0.0776436 0.2577733 0.0000000 0.0000000 0.0018664 0.0000000 0.0000000 0.0031136 0.0000000 0.0000000 0.0132519 0.0102659 0.0000000 0.0000000 0.0016834 0.0154074
 26 T  26 0.0055450 0.1029556 0.0015461 0.0018430 0.0021774 0.0165541 0.0353562 0.0000000 0.0154157 0.3614345 0.0769754 0.0428316 0.0103029 0.0131545 0.0021381 0.0063168 0.0403721 0.0000000 0.0215455 0.2235897 0.0199457
 27 M  27 0.0000000 0.0000000 0.0000000 0.0000000 0.0000000 0.0000000 0.0000000 0.0000000 0.0000000 0.5951143 0.1840336 0.0000000 0.0277993 0.0263542 0.0000000 0.0000000 0.0000000 0.0000000 0.0201354 0.1400500 0.0065133
 28 E  28 0.0357398 0.0451217 0.0222445 0.0381393 0.0029209 0.0640199 0.1820881 0.0036777 0.0178717 0.0405360 0.0862532 0.0861797 0.0268999 0.0105807 0.0000000 0.0176155 0.2164210 0.0140948 0.0325313 0.0489394 0.0081248
 29 V  29 0.0023251 0.0000000 0.0471025 0.0110163 0.0048584 0.0049448 0.0177542 0.0047657 0.0110254 0.2670841 0.0570426 0.0267684 0.0056614 0.0080934 0.0000000 0.0000000 0.0031140 0.0000000 0.0022128 0.5132796 0.0129512
 30 I  30 0.0085758 0.0181040 0.0013316 0.0228835 0.0000000 0.0098959 0.0000000 0.0000000 0.0081594 0.2374917 0.3972129 0.0036720 0.0211267 0.0156207 0.0207713 0.0077229 0.0709601 0.0000000 0.0057941 0.1043971 0.0462802
 31 E  31 0.0056164 0.0392844 0.0961982 0.1595740 0.0000000 0.0394220 0.3082104 0.0129365 0.0017275 0.0019372 0.0160336 0.1314255 0.0000000 0.0046376 0.0087308 0.0603516 0.0390607 0.0000000 0.0064213 0.0033030 0.0651294
 32 K  32 0.0075916 0.1198771 0.0205736 0.0144145 0.0045503 0.0808314 0.0208827 0.0032695 0.0160425 0.0130179 0.0045904 0.3599036 0.0424271 0.0251398 0.0022885 0.0418394 0.0114817 0.0000000 0.0024981 0.0223475 0.1864329
 33 P  33 0.0136360 0.0079590 0.0130683 0.0951310 0.0111420 0.0500419 0.0453805 0.0215156 0.0071217 0.0391098 0.0253652 0.0283332 0.0066101 0.0011704 0.0630393 0.0688539 0.1530211 0.0000000 0.0045904 0.0963052 0.2486052
 34 E  34 0.0308850 0.0021873 0.0659680 0.1652593 0.0109615 0.0147552 0.2278041 0.0162631 0.0021249 0.0021592 0.0059906 0.0283503 0.0023420 0.0015418 0.0266057 0.0676222 0.0340729 0.0028974 0.0318307 0.0137896 0.2465891
 35 N  35 0.0378625 0.0184114 0.0866496 0.1974402 0.0088519 0.0187597 0.1134799 0.0674955 0.0093741 0.0090336 0.0044502 0.0235730 0.0134515 0.0014643 0.0088302 0.1573406 0.0158372 0.0000000 0.0018896 0.0410360 0.1647692
 36 D  36 0.0158179 0.0043186 0.0198030 0.4574147 0.0000000 0.0728143 0.1515970 0.0333668 0.0115281 0.0019814 0.0000000 0.0050313 0.0056104 0.0000000 0.0087038 0.0405944 0.0229584 0.0000000 0.0026094 0.0062120 0.1396383
 37 P  37 0.0294396 0.0026347 0.0507136 0.1036276 0.0014135 0.0421732 0.1310893 0.1195400 0.0000000 0.0030335 0.0032715 0.0348477 0.0017632 0.0047202 0.1623139 0.0388073 0.0158627 0.0079996 0.0031766 0.0084916 0.2350805
 38 E  38 0.0128154 0.0045693 0.0793304 0.1666370 0.0000000 0.0047628 0.1128788 0.3733565 0.0398248 0.0021934 0.0013154 0.0022206 0.0014720 0.0013826 0.0076569 0.0145859 0.0054631 0.0057002 0.0000000 0.0033670 0.1604679
 39 W  39 0.0000000 0.0000000 0.0000000 0.0000000 0.0000000 0.0000000 0.0000000 0.0049189 0.0000000 0.0000000 0.0000000 0.0000000 0.0000000 0.0116365 0.0000000 0.0000000 0.0000000 0.9625835 0.0000000 0.0000000 0.0208610
 40 W  40 0.0046944 0.0000000 0.0000000 0.0000000 0.0300834 0.0000000 0.0000000 0.0021019 0.0000000 0.0053699 0.0383030 0.0000000 0.0105953 0.0132639 0.0000000 0.0027712 0.0000000 0.8093559 0.0471111 0.0104688 0.0258812
 41 K  41 0.0171941 0.1423177 0.0036018 0.0134439 0.0021934 0.0569505 0.1558425 0.0000000 0.0161341 0.0155181 0.0955522 0.2279904 0.0240924 0.0397129 0.0019747 0.0234503 0.1056691 0.0038731 0.0390487 0.0040861 0.0113539
 42 C  42 0.1489720 0.0000000 0.0000000 0.0000000 0.0216455 0.0000000 0.0095733 0.7528001 0.0000000 0.0037883 0.0030247 0.0000000 0.0000000 0.0000000 0.0000000 0.0000000 0.0030148 0.0000000 0.0000000 0.0499539 0.0072274
 43 K  43 0.0061748 0.2726597 0.0016785 0.0073534 0.0042596 0.0512913 0.2463875 0.0288467 0.0043261 0.0082188 0.0084689 0.0953798 0.0129250 0.0033505 0.0000000 0.0339748 0.0311666 0.0013991 0.0045434 0.0274919 0.1501035
 44 N  44 0.0131667 0.0067978 0.1596998 0.0329633 0.0029395 0.0050448 0.0243847 0.0424502 0.0191873 0.0497328 0.0779202 0.0149440 0.0064615 0.0000000 0.0000000 0.1354324 0.0666923 0.0000000 0.0126540 0.0539930 0.2755359
 45 A  45 0.0642117 0.0215490 0.0149930 0.0267536 0.0397994 0.0183399 0.0268573 0.0943714 0.0205033 0.0567645 0.2913052 0.0822828 0.0173190 0.0244162 0.0302489 0.0782580 0.0036183 0.0012526 0.0320774 0.0434219 0.0116565
 46 R  46 0.0171178 0.1505570 0.2904142 0.1201069 0.0017214 0.0356729 0.0194475 0.0449880 0.0479605 0.0036773 0.0027357 0.1229274 0.0027965 0.0029524 0.0020361 0.0421242 0.0581938 0.0000000 0.0012434 0.0089262 0.0244008
 47 G  47 0.0000000 0.0356088 0.0374981 0.0167220 0.0000000 0.0050770 0.0051857 0.7928802 0.0022452 0.0000000 0.0000000 0.0073152 0.0073534 0.0000000 0.0000000 0.0115086 0.0049732 0.0000000 0.0000000 0.0000000 0.0736327
 48 Q  48 0.0118032 0.2323791 0.0267394 0.0121239 0.0043438 0.2363269 0.0491202 0.0053646 0.0520423 0.0067584 0.0103683 0.2160644 0.0095171 0.0013563 0.0061561 0.0164113 0.0250432 0.0029388 0.0021357 0.0452747 0.0277325
 49 V  49 0.0142708 0.0820670 0.0061685 0.0026972 0.0000000 0.0678416 0.1586922 0.0037713 0.0054474 0.0741393 0.0216503 0.0546900 0.0118111 0.0231989 0.0031136 0.0943458 0.1963720 0.0000000 0.0112537 0.1607653 0.0077039
 50 G  50 0.0054593 0.0000000 0.0000000 0.0000000 0.0000000 0.0000000 0.0000000 0.9734399 0.0073534 0.0000000 0.0000000 0.0000000 0.0000000 0.0000000 0.0000000 0.0000000 0.0000000 0.0000000 0.0000000 0.0000000 0.0137474
 51 L  51 0.0078419 0.0000000 0.0052487 0.0000000 0.0021177 0.0222880 0.0012497 0.0000000 0.0035374 0.1179092 0.3068631 0.0018055 0.0517249 0.0543402 0.0012051 0.0108087 0.0038317 0.1951378 0.1165286 0.0868147 0.0107472
 52 V  52 0.0048584 0.0000000 0.0000000 0.0000000 0.0000000 0.0000000 0.0000000 0.0000000 0.0000000 0.1095611 0.0000000 0.0000000 0.0000000 0.7275169 0.0000000 0.0000000 0.0000000 0.0000000 0.0264555 0.1208610 0.0107472
 53 P  53 0.0061748 0.0000000 0.0000000 0.0000000 0.0000000 0.0000000 0.0000000 0.0000000 0.0000000 0.0000000 0.0000000 0.0000000 0.0000000 0.0000000 0.9784908 0.0000000 0.0000000 0.0000000 0.0000000 0.0045872 0.0107472
 54 K  54 0.2576932 0.0200199 0.0028220 0.0528244 0.0109831 0.0124172 0.0334188 0.0641293 0.0071443 0.0019271 0.0368264 0.0693926 0.0033709 0.0100815 0.0000000 0.3617804 0.0123780 0.0000000 0.0028722 0.0225598 0.0173589
 55 N  55 0.0333488 0.0023858 0.7729455 0.0037314 0.0000000 0.0023994 0.0028974 0.0032695 0.0000000 0.0000000 0.0058874 0.0076165 0.0000000 0.0000000 0.0084870 0.1025021 0.0276257 0.0000000 0.0000000 0.0095445 0.0173589
 56 Y  56 0.0000000 0.0000000 0.0000000 0.0000000 0.0000000 0.0000000 0.0000000 0.0000000 0.0146849 0.0000000 0.0078482 0.0000000 0.0000000 0.1513198 0.0000000 0.0061992 0.0000000 0.0000000 0.7981378 0.0044512 0.0173589
 57 V  57 0.0151924 0.0000000 0.0000000 0.0000000 0.0188738 0.0000000 0.0000000 0.0000000 0.0000000 0.0612281 0.0302467 0.0000000 0.0030216 0.0000000 0.0000000 0.0000000 0.0195388 0.0000000 0.0000000 0.8214539 0.0304449
 58 V  58 0.0849702 0.0383887 0.0018354 0.0112356 0.0042359 0.1081169 0.3509477 0.0021543 0.0000000 0.0000000 0.0016903 0.1825930 0.0104075 0.0000000 0.0000000 0.0262921 0.0886325 0.0000000 0.0000000 0.0057036 0.0827964
 59 V  59 0.0161108 0.0222220 0.0014183 0.0042427 0.0000000 0.0059073 0.1334440 0.0000000 0.0000000 0.0674279 0.1860219 0.0999384 0.0369259 0.0000000 0.1362154 0.0137273 0.0102363 0.0000000 0.0020006 0.0881561 0.1760050
 60 L  60 0.0166439 0.0000000 0.0000000 0.0000000 0.0066200 0.0030632 0.0000000 0.0000000 0.0017670 0.2127988 0.1791187 0.0019402 0.0369360 0.0035207 0.0000000 0.0000000 0.0021591 0.0000000 0.0060212 0.1291745 0.4002367
 61 S  61 0.0230818 0.0000000 0.0418199 0.0834257 0.0000000 0.0000000 0.0000000 0.0000000 0.0000000 0.0000000 0.0000000 0.0000000 0.0000000 0.0000000 0.0000000 0.0869850 0.0319688 0.0000000 0.0000000 0.0000000 0.7327187
