   61         A         R         N         D         C         Q         E         G         H         I         L         K         M         F         P         S         T         W         Y         V    
  1 G   1 0.0000000 0.0000000 0.0000000 0.0000000 0.0000000 0.0000000 0.0000000 1.0000000 0.0000000 0.0000000 0.0000000 0.0000000 0.0000000 0.0000000 0.0000000 0.0000000 0.0000000 0.0000000 0.0000000 0.0000000
  2 S   2 0.1294690 0.0555487 0.0838732 0.0434724 0.0000000 0.0163865 0.0253912 0.0413873 0.0000000 0.0126582 0.0122918 0.0080937 0.0044531 0.0435841 0.1314688 0.1343018 0.1413756 0.0000000 0.0133248 0.1029197
  3 H   3 0.0094944 0.0987315 0.0368522 0.0811209 0.0364136 0.0463889 0.3653550 0.0145848 0.0413663 0.0043892 0.0167639 0.0969315 0.0331717 0.0000000 0.0065225 0.0127647 0.0678860 0.0000000 0.0000000 0.0312630
  4 V   4 0.0054292 0.0433700 0.0030712 0.0000000 0.0022357 0.0514025 0.0200829 0.0000000 0.0017688 0.0981004 0.0650905 0.1841722 0.0267551 0.0588635 0.0042373 0.0096635 0.1790271 0.0081003 0.1506362 0.0879936
  5 V   5 0.2663363 0.0000000 0.0000000 0.0000000 0.1165001 0.0000000 0.0000000 0.0000000 0.0000000 0.0034279 0.0000000 0.0000000 0.0058710 0.0523263 0.0000000 0.0000000 0.0000000 0.0000000 0.1210836 0.4344549
  6 Q   6 0.0023616 0.2670239 0.0000000 0.0000000 0.0022620 0.0945057 0.0287605 0.0000000 0.0000000 0.1400294 0.0082782 0.1519161 0.0091623 0.0000000 0.0014936 0.0015397 0.0859972 0.0000000 0.0098046 0.1968652
  7 T   7 0.7854627 0.0000000 0.0000000 0.0000000 0.0094213 0.0000000 0.0000000 0.0087112 0.0000000 0.0040955 0.0000000 0.0000000 0.0000000 0.0000000 0.0000000 0.0082704 0.0308246 0.0000000 0.0000000 0.1532144
  8 L   8 0.0200500 0.0104550 0.0080949 0.0000000 0.0035168 0.0175667 0.0246112 0.0000000 0.0000000 0.0726716 0.6557337 0.0678208 0.0537819 0.0000000 0.0000000 0.0075199 0.0193214 0.0000000 0.0000000 0.0388560
  9 Y   9 0.0181323 0.0000000 0.0070771 0.0000000 0.0088892 0.0048517 0.0000000 0.0022218 0.0392665 0.0000000 0.0000000 0.0000000 0.0043743 0.1787952 0.0000000 0.0053789 0.0000000 0.0076796 0.7210860 0.0022473
 10 P  10 0.0406568 0.0044619 0.0470407 0.5691832 0.0014952 0.0093144 0.0436179 0.0013673 0.0051884 0.0000000 0.0000000 0.0058434 0.0018095 0.0000000 0.1302087 0.0915126 0.0432524 0.0000000 0.0031293 0.0019184
 11 F  11 0.0000000 0.0091254 0.0000000 0.0000000 0.0000000 0.0000000 0.0000000 0.0000000 0.0000000 0.0000000 0.0161758 0.0000000 0.0000000 0.3525775 0.0000000 0.0000000 0.0000000 0.0306564 0.5914648 0.0000000
 12 S  12 0.0446609 0.0321366 0.0407050 0.1091755 0.0026094 0.1052669 0.2906751 0.0066522 0.0058621 0.0193850 0.0090260 0.0483900 0.0113359 0.0019009 0.0107948 0.0614854 0.1398000 0.0000000 0.0000000 0.0601382
 13 S  13 0.6053160 0.0068291 0.0027672 0.0000000 0.0000000 0.0039213 0.0022069 0.1351742 0.0000000 0.0000000 0.0000000 0.0245032 0.0000000 0.0000000 0.1276065 0.0890089 0.0026668 0.0000000 0.0000000 0.0000000
 14 V  14 0.0975560 0.1236745 0.0428448 0.0449252 0.0101567 0.2806023 0.0864897 0.0119893 0.0074605 0.0195743 0.0077708 0.0386531 0.0079020 0.0000000 0.0045546 0.0685947 0.1001830 0.0014509 0.0102037 0.0354142
 15 T  15 0.0717600 0.0377838 0.1667146 0.0940092 0.0050230 0.1018136 0.2357735 0.0589902 0.0346321 0.0048382 0.0050185 0.0346669 0.0084967 0.0000000 0.0020248 0.0544405 0.0840142 0.0000000 0.0000000 0.0000000
 16 E  16 0.0942796 0.0193683 0.0159626 0.2671169 0.0037814 0.0378352 0.2176576 0.0075893 0.0310179 0.0025276 0.0045202 0.0198262 0.0000000 0.0013381 0.1589321 0.0792447 0.0220632 0.0000000 0.0013719 0.0155671
 17 E  17 0.0035572 0.0042651 0.1041438 0.4406663 0.0068968 0.0350913 0.1194923 0.1967842 0.0059521 0.0022068 0.0000000 0.0109495 0.0044491 0.0000000 0.0000000 0.0177145 0.0478309 0.0000000 0.0000000 0.0000000
 18 E  18 0.0000000 0.0000000 0.0000000 0.2450718 0.0069904 0.0460617 0.6533069 0.0030676 0.0335893 0.0000000 0.0000000 0.0000000 0.0000000 0.0000000 0.0000000 0.0119124 0.0000000 0.0000000 0.0000000 0.0000000
 19 L  19 0.0000000 0.0000000 0.0000000 0.0000000 0.0055025 0.0000000 0.0000000 0.0000000 0.0000000 0.0754914 0.8738232 0.0000000 0.0210076 0.0000000 0.0000000 0.0000000 0.0000000 0.0000000 0.0000000 0.0241753
 20 N  20 0.0384514 0.0094154 0.0526564 0.0333091 0.0036532 0.0101825 0.0337684 0.0520164 0.0048980 0.0018681 0.0032004 0.0130095 0.0012604 0.0000000 0.0297664 0.4941649 0.2076990 0.0000000 0.0028467 0.0078338
 21 F  21 0.0000000 0.0000000 0.0000000 0.0000000 0.0000000 0.0000000 0.0000000 0.0000000 0.0000000 0.0927741 0.2209000 0.0000000 0.0100644 0.6619688 0.0000000 0.0000000 0.0000000 0.0000000 0.0000000 0.0142927
 22 E  22 0.0399514 0.1342752 0.0625118 0.0346916 0.0157429 0.1027215 0.0755625 0.0097190 0.0427328 0.0128255 0.0050043 0.2577807 0.0075426 0.0062565 0.0285142 0.0540947 0.0508415 0.0000000 0.0045481 0.0546831
 23 K  23 0.1292657 0.0647907 0.0069488 0.0061090 0.0035488 0.0349921 0.1935786 0.0000000 0.0036661 0.0040998 0.0027906 0.3628608 0.0020186 0.0000000 0.0846804 0.0180382 0.0293423 0.0000000 0.0013867 0.0518829
 24 G  24 0.0000000 0.0026861 0.0590818 0.0576022 0.0000000 0.0061602 0.0059706 0.8383177 0.0193600 0.0000000 0.0000000 0.0024241 0.0000000 0.0000000 0.0000000 0.0057183 0.0000000 0.0000000 0.0026790 0.0000000
 25 E  25 0.0489209 0.0000000 0.0059354 0.5830617 0.0038697 0.0611814 0.2665225 0.0000000 0.0000000 0.0020241 0.0000000 0.0000000 0.0033413 0.0000000 0.0000000 0.0137705 0.0095536 0.0000000 0.0000000 0.0018190
 26 T  26 0.0058125 0.1069914 0.0016858 0.0020058 0.0022693 0.0177970 0.0374659 0.0000000 0.0164245 0.3643492 0.0801786 0.0456238 0.0096322 0.0130933 0.0022444 0.0068462 0.0412657 0.0000000 0.0171511 0.2291634
 27 M  27 0.0000000 0.0000000 0.0000000 0.0000000 0.0000000 0.0000000 0.0000000 0.0000000 0.0000000 0.5947645 0.1855489 0.0000000 0.0306133 0.0295188 0.0000000 0.0000000 0.0000000 0.0000000 0.0215801 0.1379744
 28 E  28 0.0364517 0.0474819 0.0233648 0.0403759 0.0029693 0.0540300 0.1853454 0.0040556 0.0186838 0.0433319 0.0911529 0.0771164 0.0281203 0.0113341 0.0000000 0.0181051 0.2219366 0.0144169 0.0331116 0.0486158
 29 V  29 0.0025303 0.0000000 0.0419136 0.0114822 0.0056254 0.0053291 0.0200565 0.0050581 0.0116562 0.2612080 0.0602723 0.0290570 0.0059307 0.0088110 0.0000000 0.0000000 0.0033035 0.0000000 0.0023985 0.5253675
 30 I  30 0.0079725 0.0191807 0.0014698 0.0247534 0.0000000 0.0109788 0.0000000 0.0000000 0.0102388 0.2502742 0.4020008 0.0029856 0.0217357 0.0173295 0.0252664 0.0087523 0.0772008 0.0000000 0.0065497 0.1133110
 31 E  31 0.0062137 0.0391126 0.0982819 0.1772720 0.0000000 0.0423761 0.3234942 0.0143855 0.0019395 0.0020283 0.0176543 0.1409259 0.0000000 0.0052278 0.0090639 0.0663497 0.0457674 0.0000000 0.0073318 0.0025753
 32 K  32 0.0099057 0.1459229 0.0285732 0.0189591 0.0059583 0.1031590 0.0279468 0.0043184 0.0215968 0.0167315 0.0040906 0.4478163 0.0476458 0.0126172 0.0027185 0.0539688 0.0148988 0.0000000 0.0032659 0.0299063
 33 P  33 0.0200342 0.0107899 0.0163988 0.1300075 0.0137910 0.0720595 0.0586868 0.0278949 0.0098822 0.0540917 0.0354209 0.0357576 0.0090348 0.0016046 0.0902229 0.0956312 0.2068870 0.0000000 0.0043724 0.1074319
 34 E  34 0.0404661 0.0030798 0.0950492 0.1986835 0.0156624 0.0179726 0.3154616 0.0224215 0.0029187 0.0030263 0.0083153 0.0332823 0.0018698 0.0021676 0.0363882 0.0924252 0.0450824 0.0041256 0.0424414 0.0191604
 35 N  35 0.0476915 0.0232829 0.1032973 0.2479419 0.0114005 0.0220263 0.1159123 0.0821907 0.0116508 0.0111927 0.0055752 0.0284680 0.0155674 0.0017395 0.0111480 0.1924068 0.0191082 0.0000000 0.0021671 0.0472333
 36 D  36 0.0205910 0.0047955 0.0226906 0.5249312 0.0000000 0.0877987 0.1743981 0.0363322 0.0139906 0.0023965 0.0000000 0.0054777 0.0069928 0.0000000 0.0102229 0.0511836 0.0272514 0.0000000 0.0031855 0.0077617
 37 P  37 0.0397680 0.0036604 0.0652942 0.1236448 0.0019401 0.0583832 0.1781585 0.1592160 0.0000000 0.0042131 0.0044446 0.0469936 0.0024322 0.0063827 0.2097384 0.0503999 0.0212640 0.0078522 0.0045467 0.0116673
 38 E  38 0.0158401 0.0057599 0.0968395 0.1998183 0.0000000 0.0062186 0.1398138 0.4425315 0.0373554 0.0028188 0.0016162 0.0027736 0.0018123 0.0017282 0.0110465 0.0180210 0.0068432 0.0048750 0.0000000 0.0042880
 39 W  39 0.0000000 0.0000000 0.0000000 0.0000000 0.0000000 0.0000000 0.0000000 0.0064611 0.0000000 0.0000000 0.0000000 0.0000000 0.0000000 0.0140200 0.0000000 0.0000000 0.0000000 0.9795189 0.0000000 0.0000000
 40 W  40 0.0040042 0.0000000 0.0000000 0.0000000 0.0321541 0.0000000 0.0000000 0.0021841 0.0000000 0.0058258 0.0422366 0.0000000 0.0118130 0.0137851 0.0000000 0.0031444 0.0000000 0.8342246 0.0388013 0.0118268
 41 K  41 0.0194198 0.1504209 0.0038004 0.0151656 0.0023774 0.0593138 0.1608253 0.0000000 0.0171975 0.0176999 0.0845324 0.2272484 0.0200909 0.0413741 0.0020592 0.0247992 0.1042764 0.0030617 0.0420054 0.0043315
 42 C  42 0.1483946 0.0000000 0.0000000 0.0000000 0.0236836 0.0000000 0.0071522 0.7561247 0.0000000 0.0043154 0.0033541 0.0000000 0.0000000 0.0000000 0.0000000 0.0000000 0.0032204 0.0000000 0.0000000 0.0537550
 43 K  43 0.0090198 0.3363766 0.0021073 0.0105660 0.0052385 0.0627190 0.2683576 0.0313171 0.0055417 0.0101976 0.0104402 0.1173917 0.0159516 0.0040322 0.0000000 0.0399573 0.0289604 0.0015551 0.0054852 0.0347851
 44 N  44 0.0189989 0.0099736 0.1990108 0.0493092 0.0042243 0.0072846 0.0317630 0.0580025 0.0277972 0.0708324 0.1123042 0.0220370 0.0094195 0.0000000 0.0000000 0.1918272 0.0910715 0.0000000 0.0200047 0.0761392
 45 A  45 0.0668948 0.0239792 0.0159750 0.0289868 0.0429020 0.0195290 0.0292532 0.0972077 0.0201612 0.0609871 0.2878101 0.0844704 0.0177427 0.0273198 0.0316158 0.0630949 0.0038581 0.0013260 0.0327781 0.0441082
 46 R  46 0.0178884 0.1567123 0.3069553 0.1169367 0.0016826 0.0379409 0.0210988 0.0451138 0.0512043 0.0039965 0.0029357 0.1096311 0.0029820 0.0032559 0.0022615 0.0454446 0.0644439 0.0000000 0.0013776 0.0081381
 47 G  47 0.0000000 0.0355998 0.0426785 0.0203415 0.0000000 0.0059514 0.0058161 0.8497300 0.0025398 0.0000000 0.0000000 0.0084913 0.0096838 0.0000000 0.0000000 0.0133840 0.0057838 0.0000000 0.0000000 0.0000000
 48 Q  48 0.0127265 0.2454981 0.0292006 0.0131975 0.0047146 0.2347654 0.0491751 0.0059553 0.0453699 0.0072310 0.0108541 0.2290469 0.0098320 0.0014738 0.0067839 0.0173150 0.0236063 0.0032576 0.0023132 0.0476832
 49 V  49 0.0149425 0.0824365 0.0065339 0.0028460 0.0000000 0.0556619 0.1563157 0.0018214 0.0055628 0.0774976 0.0229420 0.0576338 0.0125999 0.0255069 0.0033647 0.0890766 0.2072888 0.0000000 0.0118061 0.1661629
 50 G  50 0.0069558 0.0000000 0.0000000 0.0000000 0.0000000 0.0000000 0.0000000 0.9840733 0.0089708 0.0000000 0.0000000 0.0000000 0.0000000 0.0000000 0.0000000 0.0000000 0.0000000 0.0000000 0.0000000 0.0000000
 51 L  51 0.0082301 0.0000000 0.0057537 0.0000000 0.0023039 0.0194352 0.0013138 0.0000000 0.0037888 0.1205702 0.2977304 0.0019124 0.0528742 0.0574723 0.0012620 0.0105319 0.0039941 0.2014905 0.1239259 0.0874106
 52 V  52 0.0055672 0.0000000 0.0000000 0.0000000 0.0000000 0.0000000 0.0000000 0.0000000 0.0000000 0.1191009 0.0000000 0.0000000 0.0000000 0.7204023 0.0000000 0.0000000 0.0000000 0.0000000 0.0284345 0.1264951
 53 P  53 0.0076503 0.0000000 0.0000000 0.0000000 0.0000000 0.0000000 0.0000000 0.0000000 0.0000000 0.0000000 0.0000000 0.0000000 0.0000000 0.0000000 0.9863640 0.0000000 0.0000000 0.0000000 0.0000000 0.0059857
 54 K  54 0.2692019 0.0213273 0.0028412 0.0511379 0.0116917 0.0131058 0.0354009 0.0689139 0.0074263 0.0019951 0.0380763 0.0722143 0.0036181 0.0100205 0.0000000 0.3547002 0.0115094 0.0000000 0.0030905 0.0237287
 55 N  55 0.0375418 0.0025413 0.7781985 0.0039162 0.0000000 0.0023359 0.0031322 0.0034887 0.0000000 0.0000000 0.0065285 0.0081267 0.0000000 0.0000000 0.0088967 0.1052515 0.0287381 0.0000000 0.0000000 0.0113040
 56 Y  56 0.0000000 0.0000000 0.0000000 0.0000000 0.0000000 0.0000000 0.0000000 0.0000000 0.0143120 0.0000000 0.0095037 0.0000000 0.0000000 0.1493610 0.0000000 0.0070044 0.0000000 0.0000000 0.8147872 0.0050317
 57 V  57 0.0155755 0.0000000 0.0000000 0.0000000 0.0211111 0.0000000 0.0000000 0.0000000 0.0000000 0.0633075 0.0331188 0.0000000 0.0034276 0.0000000 0.0000000 0.0000000 0.0207746 0.0000000 0.0000000 0.8426850
 58 V  58 0.0985811 0.0390464 0.0020854 0.0126879 0.0049705 0.1246533 0.3697336 0.0024553 0.0000000 0.0000000 0.0019570 0.1961595 0.0130841 0.0000000 0.0000000 0.0298547 0.0979942 0.0000000 0.0000000 0.0067370
 59 V  59 0.0187786 0.0298239 0.0018197 0.0039240 0.0000000 0.0075678 0.1651442 0.0000000 0.0000000 0.0654771 0.2239854 0.1252155 0.0454232 0.0000000 0.1730935 0.0172826 0.0128365 0.0000000 0.0026215 0.1070065
 60 L  60 0.0294888 0.0000000 0.0000000 0.0000000 0.0113236 0.0052652 0.0000000 0.0000000 0.0031199 0.3497682 0.3064192 0.0033168 0.0594763 0.0061853 0.0000000 0.0000000 0.0037649 0.0000000 0.0104247 0.2114471
 61 S  61 0.0863918 0.0000000 0.1526460 0.3178015 0.0000000 0.0000000 0.0000000 0.0000000 0.0000000 0.0000000 0.0000000 0.0000000 0.0000000 0.0000000 0.0000000 0.3256179 0.1175428 0.0000000 0.0000000 0.0000000
