  248         A         R         N         D         C         Q         E         G         H         I         L         K         M         F         P         S         T         W         Y         V         X    
  1 M   1 0.0000000 0.0000000 0.0000000 0.0000000 0.0000000 0.0000000 0.0000000 0.0000000 0.0000000 0.0000000 0.0000000 0.0000000 0.3638177 0.0000000 0.0000000 0.0000000 0.0000000 0.0000000 0.0000000 0.0000000 0.6361823
  2 A   2 0.2065965 0.0029412 0.0033962 0.0044474 0.0022165 0.0000000 0.0012806 0.0009286 0.0000000 0.0016567 0.0000000 0.0023518 0.0000000 0.0017771 0.0034042 0.1045653 0.0691347 0.0000000 0.0000000 0.0000000 0.5953032
  3 P   3 0.0378115 0.0026137 0.0240248 0.0103757 0.0015563 0.0066759 0.0037041 0.0107645 0.0000000 0.0019963 0.0110408 0.0279650 0.0079567 0.0000000 0.0522564 0.0439599 0.0306023 0.0000000 0.0000000 0.0052929 0.7214034
  4 R   4 0.0000000 0.8774943 0.0024200 0.0000000 0.0000000 0.0000000 0.0000000 0.0000000 0.0000000 0.0000000 0.0036575 0.0117097 0.0000000 0.0000000 0.0027688 0.0000000 0.0000000 0.0000000 0.0000000 0.0000000 0.1019496
  5 K   5 0.0034870 0.1550307 0.0056736 0.0009090 0.0000000 0.0788674 0.0039228 0.0014361 0.0137374 0.0195092 0.0023011 0.5062962 0.0000000 0.0000000 0.0090037 0.0052599 0.1290216 0.0000000 0.0000000 0.0071939 0.0583504
  6 F   6 0.0190999 0.0088013 0.0274321 0.0000000 0.0000000 0.0093832 0.0000000 0.0022683 0.0055701 0.0120844 0.0245624 0.1566914 0.0007196 0.2576660 0.3415402 0.0110248 0.0292365 0.0000000 0.0271665 0.0119886 0.0547649
  7 F   7 0.0000000 0.0011694 0.0000000 0.0000000 0.0126370 0.0000000 0.0000000 0.0000000 0.0000000 0.3149316 0.2359580 0.0000000 0.0267587 0.2893861 0.0000000 0.0000000 0.0000000 0.0113156 0.0096234 0.0541253 0.0440949
  8 V   8 0.0183287 0.0000000 0.0000000 0.0000000 0.0000000 0.0000000 0.0000000 0.0000000 0.0000000 0.3915546 0.0145283 0.0000000 0.0415049 0.0030594 0.0000000 0.0000000 0.0000000 0.0000000 0.0000000 0.4894852 0.0415388
  9 G   9 0.5630600 0.0000000 0.0000000 0.0000000 0.0108327 0.0000000 0.0000000 0.2817073 0.0000000 0.0191879 0.0038135 0.0000000 0.0251718 0.0045106 0.0000000 0.0069509 0.0000000 0.0000000 0.0000000 0.0463028 0.0384623
 10 G  10 0.0511531 0.0000000 0.0000000 0.0000000 0.0000000 0.0000000 0.0000000 0.9041973 0.0000000 0.0000000 0.0039792 0.0000000 0.0000000 0.0000000 0.0000000 0.0000000 0.0022081 0.0000000 0.0000000 0.0000000 0.0384623
 11 N  11 0.0000000 0.0000000 0.9615377 0.0000000 0.0000000 0.0000000 0.0000000 0.0000000 0.0000000 0.0000000 0.0000000 0.0000000 0.0000000 0.0000000 0.0000000 0.0000000 0.0000000 0.0000000 0.0000000 0.0000000 0.0384623
 12 W  12 0.0000000 0.0000000 0.0000000 0.0000000 0.0000000 0.0000000 0.0000000 0.0000000 0.0090687 0.0000000 0.0018639 0.0000000 0.0000000 0.0780103 0.0000000 0.0000000 0.0000000 0.8701904 0.0024044 0.0000000 0.0384623
 13 K  13 0.0000000 0.0000000 0.0000000 0.0000000 0.0000000 0.0000000 0.0000000 0.0000000 0.0000000 0.0000000 0.0000000 0.9615377 0.0000000 0.0000000 0.0000000 0.0000000 0.0000000 0.0000000 0.0000000 0.0000000 0.0384623
 14 M  14 0.0046964 0.0000000 0.0000000 0.0000000 0.1197582 0.0000000 0.0000000 0.0000000 0.0000000 0.0000000 0.0742504 0.0000000 0.7653271 0.0000000 0.0000000 0.0080056 0.0000000 0.0000000 0.0000000 0.0000000 0.0279624
 15 N  15 0.0000000 0.0000000 0.7956930 0.0018983 0.0000000 0.0009997 0.0000000 0.0000000 0.1206097 0.0000000 0.0000000 0.0000000 0.0014164 0.0179676 0.0000000 0.0000000 0.0010404 0.0000000 0.0324126 0.0000000 0.0279624
 16 G  16 0.0048988 0.0000000 0.0507095 0.0000000 0.0034462 0.0081230 0.0052534 0.4332335 0.0050700 0.0013985 0.0946182 0.2959638 0.0414211 0.0035436 0.0058914 0.0013235 0.0129267 0.0000000 0.0028474 0.0013689 0.0279624
 17 D  17 0.0067462 0.0102109 0.1576804 0.1238445 0.0000000 0.0101002 0.0000000 0.0068393 0.0000000 0.0000000 0.0140048 0.0029234 0.0000000 0.0000000 0.0000000 0.1788427 0.4682458 0.0000000 0.0000000 0.0119356 0.0086261
 18 K  18 0.0472636 0.0654765 0.0219328 0.0017681 0.0038256 0.0348561 0.0017034 0.0162357 0.0778582 0.0678252 0.1449233 0.1963544 0.0044754 0.0180631 0.0867735 0.0179870 0.0485310 0.0020689 0.0178939 0.1155582 0.0086261
 19 K  19 0.2549924 0.0140731 0.0276791 0.0714664 0.0000000 0.0842164 0.1264747 0.0220216 0.0147679 0.0043557 0.0571773 0.1035043 0.0000000 0.0069567 0.0172273 0.1357860 0.0319575 0.0000000 0.0008439 0.0178736 0.0086261
 20 S  20 0.0420839 0.0059196 0.0071469 0.0363959 0.0015018 0.0788829 0.4477488 0.0120248 0.0019673 0.0000000 0.0305569 0.0097205 0.0212112 0.0201088 0.0000000 0.2579200 0.0134171 0.0000000 0.0027688 0.0019986 0.0086261
 21 L  21 0.3536421 0.0000000 0.0501766 0.0000000 0.0000000 0.0015071 0.0000000 0.0833608 0.0000000 0.1945864 0.0640400 0.0018802 0.0019542 0.0000000 0.0000000 0.0397450 0.0953376 0.0000000 0.0013658 0.1051110 0.0072932
 22 G  22 0.0654027 0.0434116 0.0433890 0.0403473 0.0040501 0.0657708 0.0960616 0.0381801 0.0103459 0.0734458 0.0633661 0.2012294 0.0023845 0.0000000 0.0000000 0.0285421 0.0787886 0.0000000 0.0025438 0.1367528 0.0059879
 23 E  23 0.2232116 0.0075106 0.0056810 0.0811090 0.0000000 0.0681756 0.2712343 0.0222448 0.0183661 0.0049349 0.0143611 0.1101987 0.0024475 0.0019499 0.0057545 0.0860976 0.0448115 0.0000000 0.0000000 0.0259233 0.0059879
 24 L  24 0.0023966 0.0000000 0.0000000 0.0012207 0.0000000 0.0009211 0.0018603 0.0000000 0.0136185 0.1540805 0.5657032 0.0000000 0.0144994 0.1902705 0.0000000 0.0010780 0.0085573 0.0058730 0.0268071 0.0107984 0.0023154
 25 I  25 0.1438865 0.0000000 0.0027433 0.0000000 0.0329205 0.0000000 0.0016449 0.0103274 0.0000000 0.2292865 0.1276672 0.0000000 0.0159282 0.0258345 0.0000000 0.0118084 0.0260979 0.0000000 0.0000000 0.3679867 0.0038679
 26 H  26 0.0648292 0.0232546 0.1037312 0.0655326 0.0059263 0.1632048 0.1803101 0.0412403 0.0195220 0.0045803 0.0049740 0.1555833 0.0029323 0.0016609 0.0020058 0.0850178 0.0627755 0.0008201 0.0018975 0.0053487 0.0048529
 27 T  27 0.1381403 0.0199710 0.0584976 0.0602594 0.0008336 0.0242156 0.2230449 0.1014736 0.0079884 0.0103499 0.0155713 0.0878628 0.0236803 0.0337770 0.0000000 0.0576502 0.0803976 0.0008648 0.0147166 0.0364173 0.0042877
 28 L  28 0.0023342 0.0000000 0.0000000 0.0020426 0.0000000 0.0000000 0.0000000 0.0016536 0.0000000 0.1360276 0.6334613 0.0000000 0.0132722 0.0871534 0.0000000 0.0000000 0.0049645 0.0018588 0.0000000 0.1129441 0.0042877
 29 N  29 0.1201743 0.0360698 0.2789669 0.0276675 0.0014545 0.0124839 0.0151004 0.0097116 0.0058109 0.0329699 0.0765915 0.2253990 0.0037540 0.0000000 0.0069994 0.0474429 0.0286625 0.0000000 0.0000000 0.0672926 0.0034484
 30 G  30 0.1355362 0.0140217 0.0814676 0.0748435 0.0024648 0.0506215 0.1326996 0.0683008 0.0120034 0.0022691 0.0058327 0.0849598 0.0050926 0.0316657 0.0988453 0.0921242 0.0827394 0.0164092 0.0000000 0.0028657 0.0052370
 31 A  31 0.3264248 0.0092735 0.0152777 0.0051546 0.0056599 0.0220427 0.0621112 0.1393207 0.0152276 0.0267688 0.1291974 0.0839314 0.0227526 0.0107740 0.0047124 0.0523801 0.0229725 0.0000000 0.0067731 0.0363143 0.0029305
 32 K  32 0.0438290 0.0074956 0.0299578 0.0469931 0.0027736 0.0190669 0.0737853 0.0114448 0.0180317 0.0306650 0.2282319 0.1298001 0.0121350 0.0043030 0.0780875 0.0445103 0.0435318 0.0014907 0.0046315 0.1603418 0.0088937
 33 L  33 0.1149864 0.0133422 0.0266416 0.0314490 0.0052859 0.0252591 0.0318322 0.0623560 0.0200152 0.0609771 0.2058123 0.1128919 0.0054407 0.0363956 0.0949876 0.0450972 0.0325936 0.0013953 0.0104724 0.0547494 0.0080192
 34 S  34 0.0676066 0.0058687 0.0870807 0.2988858 0.0070486 0.0122716 0.0493560 0.0780537 0.0104712 0.0015920 0.0158896 0.0313472 0.0008171 0.0068379 0.1213728 0.1140483 0.0464709 0.0045416 0.0101900 0.0239775 0.0062721
 35 A  35 0.1578200 0.0145415 0.0190635 0.1056245 0.0068607 0.0093397 0.1141802 0.0502731 0.0180907 0.0025390 0.0124593 0.0680037 0.0047363 0.0112696 0.1588455 0.1384174 0.0634907 0.0000000 0.0045178 0.0289072 0.0110197
 36 D  36 0.0323640 0.0238879 0.2431677 0.2153987 0.0033634 0.0243288 0.0659865 0.0867963 0.0189960 0.0000000 0.0000000 0.1585394 0.0000000 0.0000000 0.0117316 0.0699892 0.0328409 0.0000000 0.0000000 0.0030055 0.0096042
 37 T  37 0.1177632 0.0313209 0.0058110 0.0145380 0.1030567 0.0079920 0.0032639 0.0056128 0.0088978 0.0164849 0.0139846 0.0060815 0.0000000 0.0123614 0.0065130 0.0200798 0.1619718 0.0020745 0.0013330 0.4573922 0.0034671
 38 E  38 0.0029767 0.0135913 0.0048015 0.3017112 0.0025861 0.0380245 0.5223693 0.0163242 0.0035573 0.0065773 0.0035851 0.0409903 0.0000000 0.0000000 0.0000000 0.0079753 0.0156377 0.0025620 0.0000000 0.0094534 0.0072770
 39 V  39 0.0484448 0.0020722 0.0000000 0.0025534 0.0210638 0.0000000 0.0000000 0.0000000 0.0000000 0.1432531 0.0215517 0.0040577 0.0017949 0.0080325 0.0022620 0.0370316 0.0170338 0.0014404 0.0069191 0.6726500 0.0098390
 40 V  40 0.1485900 0.0000000 0.0000000 0.0000000 0.0034327 0.0000000 0.0039256 0.0452275 0.0000000 0.0834155 0.0652163 0.0000000 0.0413415 0.0050090 0.0000000 0.0014503 0.0099432 0.0030227 0.0134242 0.5687244 0.0072770
 41 C  41 0.0036354 0.0033631 0.0000000 0.0000000 0.0350473 0.0000000 0.0000000 0.0000000 0.0000000 0.3483480 0.0793555 0.0000000 0.0011749 0.0299361 0.0000000 0.0000000 0.0000000 0.0000000 0.0058789 0.4859837 0.0072770
 42 G  42 0.3545769 0.0000000 0.0010277 0.0000000 0.3483162 0.0000000 0.0000000 0.0910038 0.0000000 0.0320231 0.0422420 0.0000000 0.0058906 0.0425737 0.0000000 0.0583414 0.0052997 0.0000000 0.0034984 0.0079295 0.0072770
 43 A  43 0.1341964 0.0000000 0.0000000 0.0000000 0.0200599 0.0000000 0.0000000 0.0000000 0.0000000 0.0043107 0.0014875 0.0000000 0.0000000 0.0000000 0.6755544 0.0140884 0.0338574 0.0000000 0.0000000 0.1091682 0.0072770
 44 P  44 0.0183152 0.0000000 0.0017849 0.0000000 0.0000000 0.0034613 0.0000000 0.0000000 0.0000000 0.0028995 0.0000000 0.0000000 0.0000000 0.0000000 0.8251422 0.0496010 0.0692672 0.0000000 0.0000000 0.0222517 0.0072770
 45 S  45 0.2400128 0.0000000 0.0026932 0.0024761 0.0029999 0.0077290 0.0039076 0.0000000 0.0084392 0.0037817 0.0032114 0.0000000 0.0068864 0.4816385 0.0058152 0.0943282 0.0447255 0.0000000 0.0744210 0.0113407 0.0055935
 46 I  46 0.0210946 0.0000000 0.0000000 0.0000000 0.0087284 0.0000000 0.0000000 0.0000000 0.0000000 0.1833188 0.1713164 0.0000000 0.0150851 0.0000000 0.1170171 0.0000000 0.2594880 0.0000000 0.0000000 0.2183582 0.0055935
 47 Y  47 0.1086097 0.0020426 0.0490702 0.1277093 0.0236283 0.0094683 0.0000000 0.0019715 0.1005466 0.0011133 0.0276667 0.0000000 0.0028431 0.0732826 0.0000000 0.0507107 0.0126733 0.0037830 0.3885061 0.0107811 0.0055935
 48 L  48 0.0100082 0.0000000 0.0000000 0.0000000 0.0009674 0.0009247 0.0000000 0.0034600 0.0000000 0.1756820 0.7629335 0.0000000 0.0040825 0.0018247 0.0000000 0.0000000 0.0017692 0.0000000 0.0064275 0.0263267 0.0055935
 49 D  49 0.1463416 0.0823141 0.0125489 0.1528741 0.0115871 0.0571010 0.0768093 0.0250668 0.0191628 0.0116576 0.0238148 0.0254978 0.0152460 0.0065495 0.1306721 0.0999523 0.0456377 0.0033877 0.0302782 0.0164286 0.0070720
 50 F  50 0.1462608 0.0181224 0.0034094 0.0248160 0.0061283 0.1082563 0.0455904 0.0172509 0.0149066 0.0057886 0.1264763 0.0215031 0.0183069 0.0649028 0.0521132 0.1325154 0.0806295 0.0058900 0.0712106 0.0303291 0.0055935
 51 A  51 0.2380786 0.0000000 0.0000000 0.0000000 0.0089845 0.0000000 0.0010871 0.0066889 0.0000000 0.0292011 0.0693780 0.0000000 0.0124093 0.0103040 0.0000000 0.0112854 0.0609232 0.0000000 0.0012008 0.5448656 0.0055935
 52 R  52 0.1125161 0.1790041 0.0241643 0.0053655 0.0078993 0.1614412 0.0589220 0.0289825 0.0068716 0.0213060 0.0280044 0.1810918 0.0018237 0.0097072 0.0000000 0.0674379 0.0137749 0.0013219 0.0066944 0.0780779 0.0055935
 53 Q  53 0.1063838 0.0184720 0.0438901 0.0885623 0.0000000 0.1124794 0.2155989 0.0419161 0.0143691 0.0079294 0.0065528 0.0870166 0.0019601 0.0045532 0.0041541 0.1308223 0.0968156 0.0000000 0.0012238 0.0100619 0.0072384
 54 K  54 0.1819430 0.0340198 0.0384328 0.0030361 0.0053716 0.0193667 0.0412841 0.0129537 0.0260287 0.0653291 0.2240144 0.0816711 0.0150435 0.0132289 0.0000000 0.0613032 0.0592389 0.0008739 0.0050012 0.1024175 0.0094416
 55 L  55 0.0733430 0.0029241 0.0031994 0.0023464 0.0020424 0.0105912 0.0300495 0.0037027 0.0018983 0.0918348 0.4469248 0.0885677 0.0072987 0.0161701 0.0000000 0.0072029 0.0246239 0.0000000 0.0016609 0.1752095 0.0104095
 56 D  56 0.0410167 0.0855676 0.0713094 0.1919119 0.0030414 0.0332015 0.0513279 0.3417392 0.0047576 0.0009932 0.0024334 0.0702526 0.0000000 0.0000000 0.0535791 0.0177605 0.0187116 0.0000000 0.0000000 0.0011330 0.0112634
 57 A  57 0.0921707 0.0086229 0.0233588 0.0330924 0.0086993 0.0158351 0.0258692 0.0871037 0.0082766 0.0010071 0.0010014 0.0813507 0.0007699 0.0019723 0.0980980 0.3106973 0.1827230 0.0000000 0.0013258 0.0000000 0.0180258
 58 K  58 0.0431718 0.0575935 0.2059315 0.1577157 0.0013985 0.0270129 0.0497141 0.0961465 0.0152047 0.0019210 0.0053506 0.1445517 0.0021679 0.0011577 0.0905971 0.0622753 0.0207477 0.0000000 0.0011077 0.0092843 0.0069496
 59 I  59 0.0045746 0.0000000 0.0000000 0.0000000 0.0000000 0.0000000 0.0000000 0.0000000 0.0015646 0.4586491 0.1500154 0.0000000 0.0056442 0.0862634 0.0000000 0.0000000 0.0056116 0.0055657 0.0169062 0.2596117 0.0055935
 60 G  60 0.1606630 0.0521548 0.0159926 0.0057567 0.0034614 0.0790626 0.1013513 0.1414493 0.0495271 0.0179258 0.0228443 0.1919995 0.0069010 0.0060559 0.0000000 0.0619506 0.0412833 0.0000000 0.0070854 0.0276995 0.0068361
 61 V  61 0.0031358 0.0000000 0.0000000 0.0000000 0.0000000 0.0000000 0.0000000 0.0000000 0.0025859 0.1494977 0.2527736 0.0000000 0.0057548 0.0134783 0.0000000 0.0015164 0.0165082 0.0248054 0.0744900 0.4498606 0.0055935
 62 A  62 0.3429668 0.0000000 0.0013953 0.0000000 0.0034407 0.0000000 0.0000000 0.5234496 0.0000000 0.0071387 0.0000000 0.0000000 0.0000000 0.0039658 0.0000000 0.0982742 0.0000000 0.0000000 0.0048511 0.0089241 0.0055935
 63 A  63 0.8563263 0.0000000 0.0000000 0.0000000 0.0026544 0.0000000 0.0000000 0.0772300 0.0000000 0.0077914 0.0070593 0.0000000 0.0000000 0.0034600 0.0000000 0.0248217 0.0031538 0.0000000 0.0000000 0.0119097 0.0055935
 64 Q  64 0.0000000 0.0000000 0.0000000 0.0000000 0.0000000 0.8990033 0.1009967 0.0000000 0.0000000 0.0000000 0.0000000 0.0000000 0.0000000 0.0000000 0.0000000 0.0000000 0.0000000 0.0000000 0.0000000 0.0000000 0.0000000
 65 N  65 0.0000000 0.0000000 0.7887380 0.1958840 0.0000000 0.0000000 0.0018932 0.0000000 0.0000000 0.0000000 0.0000000 0.0000000 0.0000000 0.0000000 0.0000000 0.0000000 0.0134849 0.0000000 0.0000000 0.0000000 0.0000000
 66 C  66 0.0475055 0.0000000 0.0010462 0.0000000 0.3435512 0.0000000 0.0000000 0.0018880 0.0000000 0.0390930 0.0929378 0.0000000 0.1796404 0.0020284 0.0000000 0.0278449 0.0147729 0.0000000 0.0000000 0.2496915 0.0000000
 67 Y  67 0.0476231 0.0000000 0.0208550 0.0193685 0.0105738 0.0000000 0.0000000 0.0061093 0.2337730 0.0000000 0.0000000 0.0000000 0.0000000 0.0744806 0.0000000 0.2098661 0.0000000 0.0765149 0.2864460 0.0016259 0.0127640
 68 K  68 0.0582832 0.0059659 0.0097697 0.0798185 0.0031027 0.0650854 0.0400314 0.0010051 0.0138485 0.0422553 0.0170105 0.1324692 0.0000000 0.1468516 0.0529206 0.0346663 0.0344653 0.1136717 0.0626579 0.0861212 0.0000000
 69 V  69 0.0807366 0.0168220 0.0358033 0.0048575 0.0147166 0.0383930 0.3327630 0.0321617 0.1062813 0.0054056 0.0035440 0.1463913 0.0018673 0.0203088 0.0000000 0.0101751 0.0325143 0.0000000 0.0173066 0.0999519 0.0000000
 70 P  70 0.1384925 0.0075714 0.0301410 0.1848305 0.0000000 0.0066647 0.2600725 0.0573324 0.0057393 0.0008450 0.0196768 0.1180014 0.0017771 0.0000000 0.0968852 0.0324639 0.0224996 0.0000000 0.0000000 0.0170068 0.0000000
 71 K  71 0.0315177 0.0107499 0.1157775 0.0239301 0.0063071 0.0629118 0.0802405 0.0626230 0.0104311 0.0000000 0.0024642 0.2143800 0.0071441 0.0173397 0.0126849 0.3267062 0.0075432 0.0000000 0.0033561 0.0038930 0.0000000
 72 G  72 0.0000000 0.0000000 0.0000000 0.0057385 0.0000000 0.0000000 0.0000000 0.9942615 0.0000000 0.0000000 0.0000000 0.0000000 0.0000000 0.0000000 0.0000000 0.0000000 0.0000000 0.0000000 0.0000000 0.0000000 0.0000000
 73 A  73 0.9793962 0.0000000 0.0000000 0.0033631 0.0000000 0.0000000 0.0000000 0.0077510 0.0000000 0.0000000 0.0000000 0.0000000 0.0000000 0.0000000 0.0030622 0.0064275 0.0000000 0.0000000 0.0000000 0.0000000 0.0000000
 74 F  74 0.0000000 0.0000000 0.0000000 0.0000000 0.0000000 0.0000000 0.0000000 0.0000000 0.0301204 0.0000000 0.0048418 0.0000000 0.0000000 0.5730727 0.0000000 0.0000000 0.0000000 0.0034987 0.3854250 0.0030414 0.0000000
 75 T  75 0.0000000 0.0000000 0.0000000 0.0000000 0.0000000 0.0000000 0.0000000 0.0000000 0.0000000 0.0000000 0.0000000 0.0000000 0.0000000 0.0000000 0.0000000 0.0000000 1.0000000 0.0000000 0.0000000 0.0000000 0.0000000
 76 G  76 0.0041435 0.0000000 0.0000000 0.0000000 0.0000000 0.0000000 0.0000000 0.9921552 0.0000000 0.0000000 0.0000000 0.0000000 0.0000000 0.0000000 0.0000000 0.0037013 0.0000000 0.0000000 0.0000000 0.0000000 0.0000000
 77 E  77 0.0092963 0.0000000 0.0000000 0.0436080 0.0000000 0.0040481 0.9372490 0.0000000 0.0000000 0.0000000 0.0000000 0.0026479 0.0000000 0.0000000 0.0000000 0.0031508 0.0000000 0.0000000 0.0000000 0.0000000 0.0000000
 78 I  78 0.0000000 0.0000000 0.0265654 0.0000000 0.0022801 0.0000000 0.0000000 0.0000000 0.0019356 0.5529187 0.0291754 0.0000000 0.0000000 0.0000000 0.0000000 0.0024317 0.0711200 0.0000000 0.0000000 0.3135731 0.0000000
 79 S  79 0.0819174 0.0000000 0.0048619 0.0000000 0.0040451 0.0000000 0.0000000 0.0027172 0.0015346 0.0000000 0.0000000 0.0000000 0.0000000 0.0000000 0.0000000 0.8947075 0.0102163 0.0000000 0.0000000 0.0000000 0.0000000
 80 P  80 0.3742102 0.0000000 0.0000000 0.0000000 0.0054794 0.0000000 0.0000000 0.0941481 0.0000000 0.0110044 0.0096312 0.0000000 0.0067572 0.0018880 0.3382809 0.0071874 0.0341144 0.0029732 0.0000000 0.1143257 0.0000000
 81 A  81 0.2267502 0.0195792 0.0256162 0.0920603 0.0000000 0.0476244 0.1857134 0.0504883 0.0038259 0.0070411 0.0376382 0.0477616 0.0044116 0.0033278 0.0834394 0.0944455 0.0141157 0.0050977 0.0013907 0.0496726 0.0000000
 82 M  82 0.0394885 0.0000000 0.0015678 0.0000000 0.0000000 0.1155266 0.0000000 0.0000000 0.0022682 0.0214975 0.0037832 0.0000000 0.7775435 0.0206393 0.0000000 0.0045352 0.0017942 0.0000000 0.0000000 0.0113561 0.0000000
 83 I  83 0.0092378 0.0000000 0.0000000 0.0000000 0.0021679 0.0000000 0.0000000 0.0015563 0.0000000 0.1462355 0.7767920 0.0000000 0.0000000 0.0017375 0.0000000 0.0000000 0.0000000 0.0000000 0.0000000 0.0622731 0.0000000
 84 K  84 0.1608731 0.0341977 0.0217958 0.0054427 0.0032493 0.0322448 0.0248787 0.0039804 0.0090296 0.0075312 0.0430291 0.4800619 0.0017051 0.0000000 0.0000000 0.0286364 0.0597840 0.0000000 0.0000000 0.0835601 0.0000000
 85 D  85 0.0406456 0.0026390 0.0353878 0.5680654 0.0000000 0.0036410 0.1792898 0.0064494 0.0000000 0.0000000 0.0000000 0.0689945 0.0000000 0.0000000 0.0000000 0.0936815 0.0012062 0.0000000 0.0000000 0.0000000 0.0000000
 86 I  86 0.1148208 0.0000000 0.0068566 0.0000000 0.0563120 0.0016163 0.0016642 0.0019463 0.0020426 0.1564183 0.3153607 0.0022683 0.0463546 0.0745640 0.0000000 0.0254488 0.0318185 0.0000000 0.0056985 0.1568096 0.0000000
 87 G  87 0.0173247 0.0026716 0.0567156 0.0385900 0.0009726 0.0117508 0.0071326 0.8042192 0.0038908 0.0000000 0.0000000 0.0319470 0.0015588 0.0046281 0.0049776 0.0079799 0.0000000 0.0009771 0.0025914 0.0000000 0.0020722
 88 A  88 0.1561445 0.0008319 0.0015868 0.0000000 0.3149752 0.0000000 0.0000000 0.0052435 0.0000000 0.1523653 0.0313322 0.0000000 0.0114086 0.0034600 0.0000000 0.0017863 0.0052261 0.0000000 0.0000000 0.3156395 0.0000000
 89 A  89 0.0159322 0.0836384 0.0538800 0.1160247 0.0013824 0.0683712 0.1257961 0.0208009 0.0384495 0.0000000 0.0000000 0.1703399 0.0000000 0.0000000 0.0661476 0.0921365 0.1471005 0.0000000 0.0000000 0.0000000 0.0000000
 90 W  90 0.0077421 0.0000000 0.0020984 0.0015687 0.0049914 0.0029049 0.0000000 0.0102123 0.0547282 0.0018466 0.0072023 0.0000000 0.0020879 0.0236369 0.0000000 0.0074926 0.0329071 0.3320909 0.5029522 0.0055377 0.0000000
 91 V  91 0.0512002 0.0000000 0.0000000 0.0000000 0.0262492 0.0000000 0.0000000 0.0047095 0.0000000 0.0329756 0.0000000 0.0000000 0.0000000 0.0000000 0.0000000 0.0095296 0.0648002 0.0000000 0.0000000 0.8105358 0.0000000
 92 I  92 0.0110648 0.0000000 0.0000000 0.0000000 0.0012430 0.0000000 0.0000000 0.0000000 0.0000000 0.7683089 0.0972299 0.0000000 0.0026544 0.0000000 0.0000000 0.0000000 0.0030447 0.0000000 0.0000000 0.1164542 0.0000000
 93 L  93 0.0068682 0.0000000 0.0000000 0.0000000 0.0067510 0.0040418 0.0000000 0.0000000 0.0016466 0.2858723 0.4495681 0.0000000 0.0055552 0.0000000 0.0000000 0.0000000 0.0211533 0.0000000 0.0000000 0.2185435 0.0000000
 94 G  94 0.0033125 0.0000000 0.0000000 0.0000000 0.0000000 0.0000000 0.0000000 0.9966875 0.0000000 0.0000000 0.0000000 0.0000000 0.0000000 0.0000000 0.0000000 0.0000000 0.0000000 0.0000000 0.0000000 0.0000000 0.0000000
 95 H  95 0.0000000 0.0000000 0.0000000 0.0000000 0.0000000 0.0000000 0.0000000 0.0000000 1.0000000 0.0000000 0.0000000 0.0000000 0.0000000 0.0000000 0.0000000 0.0000000 0.0000000 0.0000000 0.0000000 0.0000000 0.0000000
 96 S  96 0.0000000 0.0000000 0.0000000 0.0000000 0.0000000 0.0000000 0.0000000 0.0000000 0.0000000 0.0000000 0.0000000 0.0000000 0.0000000 0.0064275 0.0000000 0.9935725 0.0000000 0.0000000 0.0000000 0.0000000 0.0000000
 97 E  97 0.0000000 0.0000000 0.0000000 0.0000000 0.0000000 0.0000000 0.9922490 0.0000000 0.0000000 0.0000000 0.0000000 0.0000000 0.0000000 0.0000000 0.0000000 0.0000000 0.0077510 0.0000000 0.0000000 0.0000000 0.0000000
 98 R  98 0.0000000 0.9950732 0.0000000 0.0000000 0.0022789 0.0026479 0.0000000 0.0000000 0.0000000 0.0000000 0.0000000 0.0000000 0.0000000 0.0000000 0.0000000 0.0000000 0.0000000 0.0000000 0.0000000 0.0000000 0.0000000
 99 R  99 0.0000000 1.0000000 0.0000000 0.0000000 0.0000000 0.0000000 0.0000000 0.0000000 0.0000000 0.0000000 0.0000000 0.0000000 0.0000000 0.0000000 0.0000000 0.0000000 0.0000000 0.0000000 0.0000000 0.0000000 0.0000000
100 H 100 0.1165671 0.0228577 0.0445747 0.0403510 0.0000000 0.2255258 0.1579123 0.0167717 0.1397865 0.0065603 0.0104278 0.0080143 0.0053726 0.0000000 0.0000000 0.0632356 0.1232367 0.0036672 0.0014994 0.0136392 0.0000000
101 V 101 0.0030309 0.0018898 0.0000000 0.0167133 0.0034316 0.0009109 0.0018524 0.0133775 0.0069406 0.1784532 0.1408312 0.0118197 0.0414899 0.0131758 0.0000000 0.0000000 0.0000000 0.0009187 0.4473217 0.1160736 0.0017692
102 F 102 0.0011153 0.0000000 0.0045636 0.0016442 0.0099570 0.0078150 0.0000000 0.0000000 0.1472393 0.0461621 0.0673601 0.0000000 0.0076255 0.5754303 0.0000000 0.0018603 0.0000000 0.0000000 0.1204743 0.0000000 0.0087531
103 G 103 0.0921403 0.0279722 0.1103111 0.0049958 0.0042807 0.0192816 0.0055334 0.5156909 0.1048742 0.0000000 0.0025438 0.0874953 0.0015270 0.0016183 0.0000000 0.0148943 0.0011027 0.0000000 0.0000000 0.0000000 0.0057385
104 E 104 0.0000000 0.0000000 0.0000000 0.0233699 0.0000000 0.0000000 0.9708916 0.0000000 0.0000000 0.0000000 0.0000000 0.0000000 0.0000000 0.0000000 0.0000000 0.0000000 0.0000000 0.0000000 0.0000000 0.0000000 0.0057385
105 S 105 0.0059523 0.0020803 0.0178678 0.0949012 0.0078351 0.0052294 0.0000000 0.0083666 0.0000000 0.0000000 0.0000000 0.0163472 0.0010749 0.0000000 0.0047636 0.3329242 0.5026573 0.0000000 0.0000000 0.0000000 0.0000000
106 D 106 0.0095843 0.0000000 0.1506074 0.7562742 0.0024796 0.0000000 0.0120547 0.0015868 0.0010547 0.0000000 0.0000000 0.0012980 0.0000000 0.0000000 0.0088358 0.0530734 0.0000000 0.0000000 0.0008945 0.0022565 0.0000000
107 E 107 0.1408365 0.0058185 0.0049951 0.0483575 0.0029227 0.0592536 0.6497912 0.0066650 0.0029840 0.0046560 0.0038703 0.0170990 0.0000000 0.0070133 0.0020184 0.0202848 0.0121787 0.0000000 0.0000000 0.0112554 0.0000000
108 L 108 0.0189264 0.0019723 0.0045753 0.0672017 0.0024093 0.0252680 0.0203767 0.0081624 0.0081845 0.1183658 0.2945954 0.0030616 0.0268537 0.1383507 0.0013801 0.0216093 0.1502317 0.0037838 0.0022924 0.0823989 0.0000000
109 I 109 0.0060364 0.0000000 0.0000000 0.0000000 0.0170995 0.0033963 0.0000000 0.0000000 0.0000000 0.3451804 0.0989723 0.0000000 0.0000000 0.0000000 0.0000000 0.0034987 0.0069333 0.0000000 0.0000000 0.5188830 0.0000000
110 G 110 0.3685484 0.0332301 0.3753709 0.0000000 0.0000000 0.0033440 0.0016047 0.1305004 0.0076348 0.0000000 0.0083350 0.0229495 0.0010209 0.0033553 0.0000000 0.0324758 0.0071186 0.0000000 0.0000000 0.0045117 0.0000000
111 Q 111 0.0947540 0.0856442 0.0095029 0.0680640 0.0028188 0.1064610 0.1723193 0.0055609 0.0074621 0.0008857 0.0384754 0.3309512 0.0033498 0.0008963 0.0000000 0.0368929 0.0301552 0.0000000 0.0000000 0.0058062 0.0000000
112 K 112 0.0000000 0.0380230 0.0000000 0.0000000 0.0000000 0.0017228 0.0000000 0.0000000 0.0000000 0.0000000 0.0000000 0.9570794 0.0000000 0.0000000 0.0000000 0.0000000 0.0031748 0.0000000 0.0000000 0.0000000 0.0000000
113 V 113 0.1655351 0.0000000 0.0013157 0.0000000 0.0050988 0.0000000 0.0000000 0.0010739 0.0000000 0.0786271 0.0570423 0.0000000 0.0145663 0.0548745 0.0000000 0.0105059 0.1611425 0.0000000 0.0030604 0.4471575 0.0000000
114 A 114 0.1914527 0.0641589 0.0256322 0.0200164 0.0029417 0.0617466 0.0373345 0.0321239 0.0603185 0.0244583 0.0706791 0.3427150 0.0000000 0.0016124 0.0015386 0.0178314 0.0111615 0.0011577 0.0000000 0.0331207 0.0000000
115 H 115 0.3868672 0.0381562 0.0050909 0.0020263 0.0000000 0.0309221 0.0032418 0.0045080 0.1192150 0.0153519 0.0396434 0.0989676 0.0119553 0.0344527 0.0000000 0.0400247 0.0290715 0.0000000 0.1080979 0.0324074 0.0000000
116 A 116 0.8095692 0.0000000 0.0000000 0.0000000 0.0184955 0.0000000 0.0000000 0.0018214 0.0000000 0.0351887 0.0570629 0.0000000 0.0000000 0.0000000 0.0000000 0.0173507 0.0055580 0.0000000 0.0000000 0.0549537 0.0000000
117 L 117 0.0024693 0.0116196 0.0000000 0.0000000 0.0108498 0.0472856 0.0037427 0.0000000 0.0041234 0.0983046 0.6070644 0.0264537 0.0102520 0.1113131 0.0000000 0.0045459 0.0149950 0.0068637 0.0182083 0.0219089 0.0000000
118 A 118 0.2181026 0.0568166 0.0380157 0.1159148 0.0000000 0.0229255 0.2349599 0.0156834 0.0061796 0.0000000 0.0020263 0.1270335 0.0000000 0.0034801 0.0000000 0.1416552 0.0161461 0.0000000 0.0010606 0.0000000 0.0000000
119 E 119 0.1911946 0.0114844 0.1557048 0.0023665 0.0139867 0.0714086 0.0939965 0.0422479 0.2061200 0.0042799 0.0156942 0.0464431 0.0028615 0.0099667 0.0000000 0.0704549 0.0125369 0.0015657 0.0205845 0.0271026 0.0000000
120 G 120 0.0059500 0.0045447 0.0788283 0.0657568 0.0019356 0.0120781 0.0326188 0.7619077 0.0061155 0.0000000 0.0000000 0.0163047 0.0000000 0.0000000 0.0000000 0.0124435 0.0015164 0.0000000 0.0000000 0.0000000 0.0000000
121 L 121 0.0020968 0.0000000 0.0000000 0.0000000 0.0000000 0.0018584 0.0000000 0.0000000 0.0000000 0.1102040 0.7049009 0.0000000 0.1086860 0.0190511 0.0000000 0.0000000 0.0000000 0.0000000 0.0000000 0.0532029 0.0000000
122 G 122 0.0075251 0.0414726 0.0367539 0.0129452 0.0008476 0.0114570 0.0170619 0.0737910 0.0144703 0.0909205 0.0162704 0.1954468 0.0101610 0.0013939 0.0000000 0.1024832 0.2793449 0.0000000 0.0030513 0.0846034 0.0000000
123 V 123 0.0232630 0.0000000 0.0000000 0.0000000 0.0000000 0.0000000 0.0000000 0.0000000 0.0000000 0.0331659 0.0032569 0.0000000 0.0039346 0.0000000 0.5481498 0.0013275 0.0027988 0.0000000 0.0000000 0.3841034 0.0000000
124 I 124 0.0053066 0.0000000 0.0000000 0.0032810 0.0022165 0.0000000 0.0000000 0.0000000 0.0000000 0.8324914 0.0160421 0.0000000 0.0267959 0.0011298 0.0000000 0.0000000 0.0026544 0.0000000 0.0000000 0.1100824 0.0000000
125 A 125 0.1776253 0.0000000 0.0000000 0.0000000 0.0010645 0.0000000 0.0000000 0.0035082 0.0000000 0.0930145 0.3282343 0.0000000 0.0200258 0.1406327 0.0150357 0.0048004 0.0031748 0.0179972 0.0185548 0.1763319 0.0000000
126 C 126 0.0000000 0.0000000 0.0000000 0.0000000 1.0000000 0.0000000 0.0000000 0.0000000 0.0000000 0.0000000 0.0000000 0.0000000 0.0000000 0.0000000 0.0000000 0.0000000 0.0000000 0.0000000 0.0000000 0.0000000 0.0000000
127 I 127 0.0013233 0.0000000 0.0072784 0.0000000 0.1595172 0.0000000 0.0000000 0.0000000 0.0000000 0.3665342 0.0146899 0.0000000 0.0033890 0.0299817 0.0000000 0.0000000 0.0000000 0.0000000 0.0000000 0.4172862 0.0000000
128 G 128 0.0000000 0.0000000 0.0000000 0.0000000 0.0000000 0.0000000 0.0000000 1.0000000 0.0000000 0.0000000 0.0000000 0.0000000 0.0000000 0.0000000 0.0000000 0.0000000 0.0000000 0.0000000 0.0000000 0.0000000 0.0000000
129 E 129 0.0000000 0.0000000 0.0000000 0.0000000 0.0000000 0.0000000 1.0000000 0.0000000 0.0000000 0.0000000 0.0000000 0.0000000 0.0000000 0.0000000 0.0000000 0.0000000 0.0000000 0.0000000 0.0000000 0.0000000 0.0000000
130 K 130 0.0118428 0.0063892 0.0169140 0.0013264 0.0000000 0.0181532 0.0264853 0.0352014 0.0124603 0.0007775 0.0578320 0.1300690 0.0016181 0.0000000 0.0302729 0.1867829 0.4474136 0.0000000 0.0009644 0.0154970 0.0000000
131 L 131 0.0009617 0.0133487 0.0034165 0.0079553 0.0000000 0.0158490 0.0385947 0.0028657 0.0000000 0.0064938 0.8635732 0.0325957 0.0030660 0.0022177 0.0000000 0.0000000 0.0000000 0.0054961 0.0025418 0.0010242 0.0000000
132 D 132 0.1287599 0.0000000 0.0033612 0.1247841 0.0000000 0.0486485 0.5985598 0.0014111 0.0025576 0.0021309 0.0008766 0.0231986 0.0000000 0.0014785 0.0122954 0.0327077 0.0124281 0.0030205 0.0000000 0.0037817 0.0000000
133 E 133 0.0130714 0.0000000 0.0000000 0.0646391 0.0000000 0.2293796 0.5445262 0.0000000 0.0031659 0.0262985 0.0048718 0.0013264 0.0025824 0.0000000 0.0000000 0.0011400 0.0242967 0.0000000 0.0000000 0.0847020 0.0000000
134 R 134 0.0000000 0.9124580 0.0209798 0.0000000 0.0000000 0.0000000 0.0000000 0.0027922 0.0000000 0.0000000 0.0000000 0.0350870 0.0000000 0.0056598 0.0000000 0.0000000 0.0000000 0.0000000 0.0230232 0.0000000 0.0000000
135 E 135 0.0033103 0.0054549 0.0143256 0.0543707 0.0000000 0.0385795 0.7872786 0.0019529 0.0000000 0.0029492 0.0029134 0.0841833 0.0000000 0.0000000 0.0000000 0.0029958 0.0016858 0.0000000 0.0000000 0.0000000 0.0000000
136 A 136 0.5687393 0.0149378 0.0273844 0.0102433 0.0060449 0.0451291 0.0405007 0.0325505 0.0010598 0.0009397 0.0095345 0.0505941 0.0031264 0.0009504 0.0000000 0.1707795 0.0116705 0.0000000 0.0010954 0.0047194 0.0000000
137 G 137 0.0042748 0.0049540 0.1386025 0.0502558 0.0000000 0.0052265 0.0216451 0.7521982 0.0000000 0.0000000 0.0009491 0.0092498 0.0000000 0.0000000 0.0000000 0.0101655 0.0013074 0.0000000 0.0000000 0.0011713 0.0000000
138 I 138 0.0150978 0.0843287 0.0487299 0.0237012 0.0037727 0.1381194 0.0969016 0.0127245 0.0102127 0.0890407 0.0384220 0.2767912 0.0057745 0.0010868 0.0000000 0.0246040 0.0822903 0.0000000 0.0000000 0.0484021 0.0000000
139 T 139 0.0604618 0.0000000 0.0000000 0.0000000 0.0008515 0.0452674 0.0091903 0.0000000 0.1130150 0.0010664 0.0079176 0.0000000 0.0210830 0.0069905 0.0010648 0.0013658 0.6911227 0.0038749 0.0214459 0.0152823 0.0000000
140 E 140 0.0422854 0.0052511 0.0745073 0.0349721 0.0000000 0.0198976 0.2915604 0.0077001 0.0012903 0.0447176 0.1070449 0.0427244 0.0544180 0.1233897 0.0000000 0.0090854 0.0128308 0.0010699 0.0023029 0.1249522 0.0000000
141 K 141 0.1218588 0.0071937 0.0417943 0.2144723 0.0058112 0.0663754 0.3318339 0.0111445 0.0038651 0.0010042 0.0056135 0.0721607 0.0009120 0.0016248 0.0151816 0.0724291 0.0206353 0.0000000 0.0000000 0.0060896 0.0000000
142 V 142 0.0000000 0.0084878 0.0016858 0.0000000 0.0000000 0.0014941 0.0000000 0.0000000 0.0510765 0.0541720 0.0227704 0.0132800 0.0000000 0.0663019 0.0000000 0.0000000 0.0052069 0.0427074 0.0319461 0.7008711 0.0000000
143 V 143 0.0000000 0.0000000 0.0280161 0.0000000 0.1174030 0.0000000 0.0000000 0.0000000 0.0000000 0.1745531 0.0705112 0.0000000 0.0000000 0.0021471 0.0000000 0.0049074 0.0350705 0.0000000 0.0000000 0.5673916 0.0000000
144 F 144 0.1419698 0.0657051 0.0096409 0.0279233 0.0091764 0.0240353 0.1366582 0.0570487 0.0055678 0.0086044 0.0647841 0.1167752 0.0011133 0.1147890 0.0000000 0.0718417 0.0700542 0.0020722 0.0158827 0.0563578 0.0000000
145 E 145 0.1766379 0.2295335 0.0471809 0.0275087 0.0029941 0.0496824 0.1074713 0.0707085 0.0027648 0.0045915 0.0101124 0.0857431 0.0086824 0.0028684 0.0028756 0.0802861 0.0741914 0.0000000 0.0088921 0.0072750 0.0000000
146 Q 146 0.0000000 0.0000000 0.0000000 0.0000000 0.0000000 0.9675774 0.0225231 0.0000000 0.0032030 0.0000000 0.0000000 0.0000000 0.0030414 0.0000000 0.0000000 0.0013020 0.0000000 0.0000000 0.0000000 0.0023531 0.0000000
147 T 147 0.0026843 0.0000000 0.0000000 0.0000000 0.0022801 0.0000000 0.0000000 0.0000000 0.0000000 0.1844610 0.4560369 0.0000000 0.0491455 0.0032033 0.0000000 0.0000000 0.1342992 0.0000000 0.0000000 0.1678897 0.0000000
148 K 148 0.0682929 0.1345773 0.0306119 0.1123344 0.0024924 0.0620561 0.1301329 0.0131119 0.0021902 0.0091729 0.0197391 0.2855356 0.0026629 0.0000000 0.0000000 0.0465891 0.0562147 0.0000000 0.0034706 0.0208153 0.0000000
149 A 149 0.4769568 0.0121397 0.0497064 0.0311119 0.0051085 0.0133388 0.0637226 0.1331207 0.0032891 0.0195456 0.0282420 0.0586153 0.0028147 0.0042401 0.0131998 0.0283002 0.0120738 0.0012892 0.0017534 0.0414313 0.0000000
150 I 150 0.2529934 0.0000000 0.0022206 0.0346911 0.0062345 0.0000000 0.0000000 0.1645674 0.0000000 0.1709753 0.0493181 0.0000000 0.0031012 0.0274850 0.0000000 0.0926570 0.0022634 0.0000000 0.0186587 0.1748342 0.0000000
151 A 151 0.2069679 0.0103856 0.0040533 0.0000000 0.0046952 0.0000000 0.0000000 0.0009303 0.0000000 0.0851673 0.4967382 0.0270947 0.0067550 0.0565567 0.0000000 0.0143653 0.0125043 0.0000000 0.0032798 0.0677914 0.0027148
152 D 152 0.2245536 0.0140505 0.0381529 0.1618737 0.0013275 0.0278842 0.1136735 0.0111866 0.0131036 0.0040684 0.0146401 0.1566882 0.0058348 0.0843034 0.0273290 0.0682821 0.0074718 0.0008900 0.0136633 0.0093969 0.0016259
153 N 153 0.0308615 0.0128378 0.1178297 0.0959151 0.0010516 0.0125278 0.0384988 0.4174926 0.0469203 0.0110427 0.0125077 0.1051654 0.0000000 0.0030227 0.0032845 0.0349808 0.0198199 0.0000000 0.0009337 0.0205908 0.0147166
154 V 154 0.0370489 0.0000000 0.0000000 0.0014111 0.0039788 0.0025375 0.0069359 0.0167746 0.0015070 0.2133766 0.3535643 0.0069310 0.0054389 0.0062940 0.0021298 0.0000000 0.0054757 0.0018586 0.0000000 0.3176442 0.0170932
155 K 155 0.0641675 0.0036359 0.0170025 0.1110344 0.0039660 0.0189061 0.3569717 0.0112899 0.0022878 0.0008367 0.0039209 0.1316248 0.0042314 0.0011674 0.0306698 0.1795225 0.0374977 0.0000000 0.0000000 0.0039796 0.0172874
156 D 156 0.1099106 0.0000000 0.0432571 0.3744372 0.0177419 0.2207622 0.1233029 0.0084856 0.0018197 0.0000000 0.0030821 0.0176979 0.0000000 0.0000000 0.0092795 0.0273834 0.0174363 0.0000000 0.0021372 0.0055084 0.0177580
157 W 157 0.1191511 0.0035548 0.0000000 0.0072530 0.0012307 0.0039032 0.0009112 0.0111575 0.0045666 0.0690749 0.0943972 0.0000000 0.0344472 0.1161510 0.0116895 0.0013685 0.0029276 0.3473464 0.0030906 0.1462659 0.0215131
158 S 158 0.1721581 0.0382737 0.0304815 0.0634646 0.0019356 0.0257735 0.0921083 0.0515414 0.0041269 0.0008182 0.0089152 0.1803323 0.0000000 0.0000000 0.0076154 0.2444761 0.0485673 0.0034032 0.0000000 0.0100715 0.0159373
159 K 159 0.0140641 0.1109484 0.2380610 0.0491163 0.0038708 0.0727393 0.0364309 0.0421922 0.0224889 0.0000000 0.0062610 0.2849840 0.0000000 0.0026800 0.0037396 0.0613700 0.0317356 0.0000000 0.0000000 0.0033807 0.0159373
160 V 160 0.0663163 0.0000000 0.0000000 0.0000000 0.0175251 0.0000000 0.0000000 0.0067066 0.0000000 0.2508108 0.1531155 0.0000000 0.0278329 0.0101735 0.0000000 0.0215867 0.0402119 0.0021679 0.0048004 0.3840358 0.0147166
161 V 161 0.0057859 0.0000000 0.0000000 0.0108701 0.0000000 0.0000000 0.0066538 0.0000000 0.0000000 0.1052603 0.0000000 0.0000000 0.0070793 0.0000000 0.0000000 0.0049221 0.0223928 0.0000000 0.0000000 0.8223190 0.0147166
162 L 162 0.0000000 0.0000000 0.0000000 0.0000000 0.0000000 0.0000000 0.0000000 0.0000000 0.0000000 0.6296379 0.1682926 0.0000000 0.0032724 0.0046026 0.0000000 0.0000000 0.0000000 0.0000000 0.0000000 0.1794779 0.0147166
163 A 163 0.9823215 0.0000000 0.0000000 0.0000000 0.0000000 0.0000000 0.0000000 0.0000000 0.0000000 0.0000000 0.0000000 0.0000000 0.0000000 0.0000000 0.0029619 0.0000000 0.0000000 0.0000000 0.0000000 0.0000000 0.0147166
164 Y 164 0.0000000 0.0000000 0.0000000 0.0000000 0.0018890 0.0000000 0.0000000 0.0000000 0.0000000 0.0000000 0.0102445 0.0000000 0.0000000 0.0000000 0.0000000 0.0000000 0.0000000 0.0000000 0.9731499 0.0000000 0.0147166
165 E 165 0.0000000 0.0102445 0.0000000 0.0000000 0.0000000 0.0000000 0.9750389 0.0000000 0.0000000 0.0000000 0.0000000 0.0000000 0.0000000 0.0000000 0.0000000 0.0000000 0.0000000 0.0000000 0.0000000 0.0000000 0.0147166
166 P 166 0.0179956 0.0000000 0.0000000 0.0000000 0.0000000 0.0000000 0.0000000 0.0000000 0.0000000 0.0000000 0.0000000 0.0000000 0.0000000 0.0000000 0.9615493 0.0057385 0.0000000 0.0000000 0.0000000 0.0000000 0.0147166
167 G 167 0.0019330 0.0000000 0.0000000 0.0000000 0.0000000 0.0000000 0.0000000 0.0105394 0.0102445 0.2828343 0.0113809 0.0000000 0.0033631 0.0000000 0.0000000 0.0000000 0.0015333 0.0000000 0.0000000 0.6634549 0.0147166
168 G 168 0.0000000 0.0000000 0.0000000 0.0000000 0.0000000 0.0000000 0.0000000 0.0027883 0.0000000 0.0000000 0.0102445 0.0000000 0.0000000 0.0000000 0.0000000 0.0000000 0.0000000 0.9722505 0.0000000 0.0000000 0.0147166
169 A 169 0.9715401 0.0000000 0.0000000 0.0000000 0.0000000 0.0000000 0.0000000 0.0102445 0.0000000 0.0000000 0.0000000 0.0000000 0.0000000 0.0000000 0.0000000 0.0034987 0.0000000 0.0000000 0.0000000 0.0000000 0.0147166
170 I 170 0.0000000 0.0000000 0.0000000 0.0000000 0.0000000 0.0000000 0.0000000 0.0000000 0.0102445 0.9721731 0.0000000 0.0000000 0.0000000 0.0000000 0.0000000 0.0000000 0.0000000 0.0000000 0.0000000 0.0028657 0.0147166
171 G 171 0.0000000 0.0000000 0.0000000 0.0000000 0.0000000 0.0000000 0.0000000 0.9750389 0.0000000 0.0000000 0.0000000 0.0000000 0.0000000 0.0000000 0.0000000 0.0000000 0.0000000 0.0102445 0.0000000 0.0000000 0.0147166
172 T 172 0.0000000 0.0000000 0.0000000 0.0000000 0.0000000 0.0000000 0.0000000 0.0000000 0.0102445 0.0000000 0.0000000 0.0000000 0.0000000 0.0000000 0.0000000 0.0051689 0.9698700 0.0000000 0.0000000 0.0000000 0.0147166
173 G 173 0.0000000 0.0102445 0.0024642 0.0000000 0.0000000 0.0000000 0.0000000 0.9725746 0.0000000 0.0000000 0.0000000 0.0000000 0.0000000 0.0000000 0.0000000 0.0000000 0.0000000 0.0000000 0.0000000 0.0000000 0.0147166
174 G 174 0.0021298 0.0905815 0.0136440 0.0109133 0.0000000 0.0217401 0.0772027 0.0027883 0.0035117 0.0067019 0.0784022 0.6418445 0.0064024 0.0000000 0.0000000 0.0000000 0.0028615 0.0000000 0.0000000 0.0412761 0.0000000
175 G 175 0.0389481 0.0000000 0.0211639 0.0000000 0.0000000 0.0000000 0.0000000 0.0027883 0.0000000 0.0013208 0.0000000 0.0017051 0.0000000 0.0000000 0.0057745 0.0954335 0.5735793 0.0009382 0.0000000 0.2583481 0.0000000
176 G 176 0.9404987 0.0000000 0.0000000 0.0000000 0.0177609 0.0000000 0.0000000 0.0047425 0.0020046 0.0000000 0.0000000 0.0000000 0.0000000 0.0000000 0.0089758 0.0260176 0.0000000 0.0000000 0.0000000 0.0000000 0.0000000
177 T 177 0.0050074 0.0039209 0.0050556 0.0044229 0.0000000 0.0000000 0.0037552 0.0085715 0.0000000 0.0000000 0.0018451 0.0074278 0.0000000 0.0000000 0.0000000 0.2695126 0.6884764 0.0000000 0.0000000 0.0000000 0.0020046
178 P 178 0.1564038 0.0010824 0.0106791 0.0270667 0.0000000 0.0046075 0.0056781 0.0032430 0.0000000 0.0000000 0.0025375 0.0182070 0.0000000 0.0042464 0.6047273 0.1005125 0.0527841 0.0000000 0.0000000 0.0082247 0.0000000
179 Q 179 0.1352121 0.0007855 0.0035668 0.1219343 0.0000000 0.1251470 0.5392149 0.0131210 0.0035431 0.0018848 0.0018302 0.0274812 0.0000000 0.0000000 0.0010676 0.0181921 0.0028591 0.0019195 0.0000000 0.0022410 0.0000000
180 Q 180 0.0000000 0.0000000 0.0023919 0.2527942 0.0000000 0.6599447 0.0342185 0.0009709 0.0077510 0.0193861 0.0064622 0.0000000 0.0128931 0.0000000 0.0000000 0.0000000 0.0000000 0.0000000 0.0000000 0.0031874 0.0000000
