  148         A         R         N         D         C         Q         E         G         H         I         L         K         M         F         P         S         T         W         Y         V         X    
  1 M   1 0.0000000 0.0000000 0.0000000 0.0000000 0.0000000 0.0000000 0.0000000 0.0000000 0.0000000 0.0000000 0.0120280 0.0000000 0.2276298 0.0000000 0.0000000 0.0000000 0.0000000 0.0000000 0.0000000 0.0000000 0.7603422
  2 G   2 0.0182030 0.0000000 0.0000000 0.0000000 0.0000000 0.0000000 0.0490926 0.0285766 0.0000000 0.0611733 0.0000000 0.0000000 0.0000000 0.0000000 0.0000000 0.0000000 0.0568649 0.0000000 0.0000000 0.0615065 0.7245831
  3 K   3 0.0543252 0.0099263 0.0000000 0.0000000 0.0000000 0.0135770 0.0415534 0.0319555 0.0000000 0.0000000 0.0258578 0.0867708 0.0180926 0.0000000 0.0140581 0.0000000 0.0000000 0.0000000 0.0000000 0.0000000 0.7038834
  4 A   4 0.1677424 0.0000000 0.0000000 0.0000000 0.0000000 0.0000000 0.0000000 0.0000000 0.0000000 0.0000000 0.0409852 0.0000000 0.0000000 0.0000000 0.1247664 0.0679854 0.0510267 0.0000000 0.0000000 0.0270227 0.5204713
  5 A   5 0.1364296 0.0000000 0.0000000 0.0180926 0.0000000 0.0138297 0.0255184 0.0000000 0.0000000 0.0193409 0.0350346 0.0000000 0.0000000 0.0000000 0.1526667 0.0477348 0.0758069 0.0000000 0.0000000 0.0000000 0.4755459
  6 E   6 0.0373171 0.0291483 0.0000000 0.0120280 0.0000000 0.1357108 0.0575529 0.0000000 0.0223911 0.0000000 0.0374335 0.0586254 0.0000000 0.0000000 0.0817977 0.0138297 0.0692133 0.0000000 0.0000000 0.0000000 0.4449522
  7 S   7 0.0649776 0.0100612 0.0182531 0.0512898 0.0000000 0.0000000 0.0395083 0.0000000 0.0000000 0.0193409 0.0000000 0.0307908 0.0120280 0.0000000 0.0846903 0.0859334 0.1531611 0.0000000 0.0000000 0.0000000 0.4299654
  8 L   8 0.1375527 0.0138297 0.0000000 0.0000000 0.0000000 0.0000000 0.0231715 0.0000000 0.0000000 0.0573695 0.0926213 0.0000000 0.0573299 0.0000000 0.0000000 0.0082079 0.1482556 0.0000000 0.0000000 0.0454750 0.4161867
  9 P   9 0.0578022 0.0000000 0.0819938 0.0140196 0.0000000 0.0312437 0.0694036 0.0072353 0.0000000 0.0000000 0.0000000 0.0000000 0.0000000 0.0000000 0.1406320 0.1015836 0.0799934 0.0000000 0.0000000 0.0000000 0.4160925
 10 N  10 0.0528327 0.0120280 0.0393500 0.0203731 0.0000000 0.0873553 0.0380621 0.0000000 0.0000000 0.0142639 0.0378437 0.0115765 0.0000000 0.0000000 0.1809562 0.0592302 0.0138297 0.0000000 0.0000000 0.0343112 0.3979873
 11 I  11 0.0324828 0.1667248 0.0255184 0.0000000 0.0000000 0.0182030 0.0099263 0.0356695 0.0000000 0.1364377 0.0150115 0.0312437 0.0000000 0.0000000 0.0000000 0.0236382 0.0867838 0.0000000 0.0000000 0.0203731 0.3979873
 12 Q  12 0.0508036 0.0213934 0.0000000 0.0350346 0.0000000 0.0908429 0.1179455 0.0000000 0.0292621 0.0000000 0.0180926 0.0140581 0.0000000 0.0000000 0.0444803 0.0744805 0.1112302 0.0000000 0.0000000 0.0263812 0.3659952
 13 I  13 0.0100917 0.0501213 0.0000000 0.0382205 0.0000000 0.0860498 0.0927087 0.0207099 0.0255184 0.0513780 0.0000000 0.0877367 0.0000000 0.0000000 0.0276085 0.0398278 0.0648894 0.0000000 0.0000000 0.0099263 0.3952130
 14 K  14 0.0000000 0.0271019 0.0193409 0.0180926 0.0000000 0.0350346 0.0203731 0.0340324 0.0000000 0.0960505 0.0280937 0.0655386 0.0135770 0.0243610 0.0255184 0.0207099 0.0481978 0.0000000 0.0000000 0.1504169 0.3735607
 15 S  15 0.0658686 0.0180926 0.0223911 0.0150867 0.0000000 0.0356938 0.0072117 0.0000000 0.0000000 0.0000000 0.0000000 0.0556378 0.0255184 0.0426902 0.1015057 0.0903068 0.1404055 0.0000000 0.0060304 0.0000000 0.3735607
 16 I  16 0.0458915 0.0000000 0.0000000 0.0000000 0.0000000 0.0000000 0.0000000 0.0000000 0.0000000 0.4385717 0.0193409 0.0000000 0.0000000 0.0000000 0.0163286 0.0158294 0.0000000 0.0000000 0.0000000 0.0726247 0.3914131
 17 A  17 0.0488443 0.0000000 0.0182030 0.0851804 0.0000000 0.0231179 0.3254878 0.0000000 0.0000000 0.0000000 0.0000000 0.0265538 0.0000000 0.0000000 0.1029545 0.0000000 0.0180926 0.0000000 0.0000000 0.0107733 0.3407924
 18 G  18 0.0319147 0.0000000 0.0150115 0.0000000 0.0000000 0.0000000 0.0000000 0.4839249 0.0000000 0.0000000 0.0255184 0.0000000 0.0000000 0.0000000 0.0000000 0.0679115 0.0634741 0.0000000 0.0000000 0.0000000 0.3122449
 19 I  19 0.0701352 0.0000000 0.0000000 0.0000000 0.0000000 0.0000000 0.0000000 0.0000000 0.0000000 0.3316702 0.0837335 0.0000000 0.0000000 0.0000000 0.0000000 0.0203731 0.0000000 0.0000000 0.0000000 0.2266092 0.2674787
 20 T  20 0.0540140 0.0000000 0.0119132 0.0788993 0.0000000 0.0000000 0.0234951 0.0000000 0.0000000 0.0629168 0.0947560 0.0100917 0.0158294 0.0000000 0.0000000 0.0159567 0.3142153 0.0000000 0.0000000 0.0504337 0.2674787
 21 E  21 0.0328769 0.0155862 0.2061610 0.0503160 0.0000000 0.0000000 0.2742003 0.0000000 0.0000000 0.0000000 0.0350346 0.0850575 0.0134827 0.0000000 0.0255184 0.0359214 0.0223911 0.0000000 0.0000000 0.0000000 0.2034539
 22 P  22 0.1395451 0.0223911 0.0000000 0.0902846 0.0000000 0.0462870 0.0203731 0.0000000 0.0000000 0.0000000 0.0307226 0.0000000 0.0114671 0.0000000 0.4070292 0.0766361 0.0142998 0.0000000 0.0000000 0.0000000 0.1409643
 23 T  23 0.0858556 0.0101596 0.0000000 0.0000000 0.0000000 0.0395733 0.0163286 0.0134827 0.0000000 0.0313276 0.0260845 0.0000000 0.0000000 0.0000000 0.0255184 0.0142998 0.3813360 0.0000000 0.0000000 0.2513685 0.1046655
 24 I  24 0.0000000 0.0000000 0.0163286 0.0000000 0.0000000 0.0000000 0.0000000 0.0000000 0.0000000 0.3883025 0.0841982 0.0000000 0.0000000 0.0000000 0.0150867 0.0000000 0.0000000 0.0000000 0.0000000 0.3914185 0.1046655
 25 L  25 0.0319147 0.1010592 0.0212698 0.0000000 0.0000000 0.0329236 0.0712043 0.0000000 0.0193409 0.0207099 0.4180210 0.0292179 0.0000000 0.0000000 0.0000000 0.0631609 0.0150115 0.0142639 0.0000000 0.0719041 0.0899981
 26 Q  26 0.1297990 0.2399707 0.0516275 0.0300476 0.0138297 0.0914439 0.0706557 0.0395075 0.0216523 0.0000000 0.0000000 0.0369010 0.0000000 0.0000000 0.0000000 0.2109407 0.0169440 0.0000000 0.0000000 0.0000000 0.0466803
 27 Y  27 0.0000000 0.0000000 0.0000000 0.0000000 0.0000000 0.0000000 0.0000000 0.0000000 0.0000000 0.0000000 0.0000000 0.0000000 0.0000000 0.0762793 0.0000000 0.0000000 0.0000000 0.0330088 0.8440316 0.0000000 0.0466803
 28 F  28 0.0319147 0.0000000 0.0000000 0.0000000 0.0000000 0.0000000 0.0223911 0.0000000 0.0000000 0.1313939 0.0000000 0.0000000 0.1595193 0.3513230 0.0000000 0.0000000 0.0000000 0.0000000 0.1496086 0.1071691 0.0466803
 29 A  29 0.1318971 0.0000000 0.0903041 0.1901452 0.0000000 0.1011248 0.3698769 0.0000000 0.0000000 0.0180926 0.0155862 0.0000000 0.0000000 0.0000000 0.0000000 0.0000000 0.0288640 0.0000000 0.0000000 0.0074289 0.0466803
 30 T  30 0.2641881 0.0263162 0.1250208 0.0000000 0.0000000 0.0064890 0.0000000 0.0620420 0.0000000 0.0000000 0.0733413 0.0000000 0.0000000 0.0362988 0.0000000 0.0601667 0.2748131 0.0000000 0.0246437 0.0000000 0.0466803
 31 L  31 0.0583953 0.0000000 0.0000000 0.0000000 0.0000000 0.0000000 0.0000000 0.0000000 0.0000000 0.0620420 0.4921829 0.0000000 0.1055290 0.0959718 0.0000000 0.0000000 0.0000000 0.0000000 0.0703748 0.0688238 0.0466803
 32 N  32 0.0163286 0.0000000 0.8823831 0.0546080 0.0000000 0.0000000 0.0000000 0.0000000 0.0000000 0.0000000 0.0000000 0.0000000 0.0000000 0.0000000 0.0000000 0.0000000 0.0000000 0.0000000 0.0000000 0.0000000 0.0466803
 33 A  33 0.5657265 0.0912338 0.0357962 0.0362582 0.0193409 0.0157793 0.0000000 0.0201230 0.0134386 0.0000000 0.0000000 0.0150115 0.0000000 0.0000000 0.0000000 0.0832704 0.0272746 0.0000000 0.0000000 0.0300667 0.0466803
 34 G  34 0.0326497 0.0328769 0.1673202 0.0734650 0.0000000 0.0000000 0.0581897 0.3663864 0.1016203 0.0000000 0.0000000 0.0240962 0.0000000 0.0380391 0.0000000 0.0586760 0.0000000 0.0000000 0.0000000 0.0000000 0.0466803
 35 E  35 0.0000000 0.0207099 0.1380439 0.6349210 0.0000000 0.0284461 0.1177601 0.0000000 0.0000000 0.0000000 0.0000000 0.0000000 0.0000000 0.0000000 0.0000000 0.0134386 0.0000000 0.0000000 0.0000000 0.0000000 0.0466803
 36 F  36 0.0580412 0.0000000 0.0000000 0.0000000 0.0000000 0.0000000 0.0000000 0.0000000 0.0000000 0.0305177 0.1378562 0.0000000 0.0146674 0.5162021 0.0000000 0.0000000 0.0328769 0.0166803 0.0896707 0.0568071 0.0466803
 37 A  37 0.0858424 0.0000000 0.0058236 0.3156102 0.0000000 0.0694336 0.1948759 0.0459387 0.0180926 0.0000000 0.0134386 0.0057179 0.0000000 0.0000000 0.0323827 0.0826064 0.0835572 0.0000000 0.0000000 0.0000000 0.0466803
 38 A  38 0.4590367 0.0412573 0.0212913 0.0312083 0.0000000 0.0536711 0.0638144 0.1142431 0.0000000 0.0000000 0.0000000 0.0327951 0.0000000 0.0000000 0.0099263 0.0665857 0.0527043 0.0000000 0.0000000 0.0067860 0.0466803
 39 T  39 0.0972377 0.0000000 0.0000000 0.0000000 0.0155862 0.0000000 0.0000000 0.0000000 0.0000000 0.1268962 0.2257780 0.0000000 0.0255184 0.0000000 0.0000000 0.0000000 0.2545463 0.0000000 0.0000000 0.2077570 0.0466803
 40 A  40 0.3870130 0.0000000 0.0000000 0.0000000 0.0000000 0.0000000 0.0462126 0.0842401 0.0000000 0.1789542 0.0146674 0.0000000 0.0223911 0.0000000 0.0000000 0.0000000 0.0203731 0.0000000 0.0000000 0.1994682 0.0466803
 41 A  41 0.2369456 0.0535671 0.0466534 0.0751906 0.0000000 0.0448901 0.1228263 0.0832982 0.0000000 0.0000000 0.0000000 0.1036533 0.0000000 0.0000000 0.0000000 0.1719955 0.0142998 0.0000000 0.0000000 0.0000000 0.0466803
 42 L  42 0.0000000 0.0000000 0.0000000 0.0000000 0.0000000 0.0000000 0.0000000 0.0000000 0.0000000 0.0000000 0.9034607 0.0000000 0.0169820 0.0328769 0.0000000 0.0000000 0.0000000 0.0000000 0.0000000 0.0000000 0.0466803
 43 F  43 0.0000000 0.0000000 0.0000000 0.0000000 0.0000000 0.0000000 0.0000000 0.0000000 0.0000000 0.0812531 0.0390272 0.0000000 0.0000000 0.7314401 0.0000000 0.0000000 0.0000000 0.0000000 0.1015993 0.0000000 0.0466803
 44 A  44 0.6184112 0.0135770 0.0000000 0.0000000 0.0000000 0.0000000 0.0150867 0.0000000 0.0350346 0.0000000 0.0569078 0.0000000 0.0000000 0.0000000 0.0000000 0.0543914 0.1283846 0.0000000 0.0000000 0.0315264 0.0466803
 45 V  45 0.0488236 0.0223911 0.0343318 0.1352766 0.0000000 0.0203731 0.2288735 0.0000000 0.0207008 0.0307908 0.0000000 0.0362988 0.0000000 0.0000000 0.2306861 0.0679163 0.0094288 0.0000000 0.0000000 0.0674284 0.0466803
 46 D  46 0.0000000 0.0000000 0.1312009 0.6458259 0.0000000 0.0350346 0.1336829 0.0000000 0.0000000 0.0000000 0.0000000 0.0075754 0.0000000 0.0000000 0.0000000 0.0000000 0.0000000 0.0000000 0.0000000 0.0000000 0.0466803
 47 G  47 0.2254881 0.0000000 0.0000000 0.0000000 0.0812531 0.0000000 0.0000000 0.5746618 0.0000000 0.0000000 0.0000000 0.0000000 0.0000000 0.0000000 0.0223911 0.0000000 0.0000000 0.0000000 0.0000000 0.0495255 0.0466803
 48 V  48 0.2658934 0.0104984 0.0000000 0.0000000 0.0000000 0.0255184 0.0325302 0.0176534 0.0328769 0.0859405 0.0000000 0.0000000 0.0000000 0.0000000 0.0000000 0.0526041 0.1007089 0.0000000 0.0000000 0.3290953 0.0466803
 49 M  49 0.0000000 0.0000000 0.0000000 0.0000000 0.0000000 0.0000000 0.0000000 0.0000000 0.0000000 0.0349453 0.5076585 0.0000000 0.1200760 0.0379772 0.0000000 0.0000000 0.0000000 0.0000000 0.1496086 0.1030541 0.0466803
 50 Y  50 0.0094288 0.0244593 0.0316696 0.0000000 0.0000000 0.2579868 0.2132977 0.0000000 0.1048466 0.0255184 0.0488587 0.0157793 0.0390713 0.0328769 0.0000000 0.0000000 0.0134386 0.0000000 0.1010531 0.0350346 0.0466803
 51 P  51 0.1252427 0.0293283 0.0000000 0.2582797 0.0000000 0.0000000 0.0000000 0.0000000 0.0000000 0.0000000 0.0000000 0.0000000 0.0000000 0.0000000 0.5404690 0.0000000 0.0000000 0.0000000 0.0000000 0.0000000 0.0466803
 52 P  52 0.0000000 0.0000000 0.0000000 0.0000000 0.0000000 0.0223911 0.0328769 0.0000000 0.0000000 0.0000000 0.0608800 0.0000000 0.0390272 0.0000000 0.7621852 0.0000000 0.0000000 0.0000000 0.0000000 0.0203731 0.0622665
 53 F  53 0.0000000 0.0000000 0.0166803 0.0000000 0.0000000 0.0169440 0.0000000 0.0785338 0.0223911 0.0713334 0.0216523 0.0000000 0.0000000 0.5859069 0.0000000 0.0000000 0.0000000 0.0000000 0.0807478 0.0591301 0.0466803
 54 E  54 0.0347701 0.0289585 0.0350346 0.0000000 0.0000000 0.2315039 0.3561711 0.0487852 0.0328769 0.0000000 0.0000000 0.0000000 0.0000000 0.0000000 0.0462126 0.1043474 0.0158294 0.0000000 0.0188299 0.0000000 0.0466803
 55 S  55 0.0000000 0.1427595 0.0000000 0.1683105 0.0000000 0.0290981 0.1059472 0.0104984 0.0484252 0.0000000 0.0223911 0.1455604 0.0000000 0.0000000 0.0843553 0.1609394 0.0000000 0.0000000 0.0000000 0.0350346 0.0466803
 56 G  56 0.0455893 0.0000000 0.0000000 0.0142998 0.0000000 0.0679115 0.0166803 0.0674436 0.0171822 0.0000000 0.0120280 0.0526273 0.0000000 0.0000000 0.6185375 0.0000000 0.0325302 0.0000000 0.0000000 0.0084901 0.0466803
 57 I  57 0.0393350 0.0086041 0.0000000 0.0000000 0.0000000 0.0000000 0.0000000 0.0000000 0.0000000 0.5247094 0.0273417 0.0158294 0.0000000 0.1445368 0.0000000 0.0000000 0.0000000 0.0000000 0.0000000 0.1600862 0.0795573
 58 V  58 0.0419024 0.0158294 0.0000000 0.0000000 0.0000000 0.0208242 0.0262777 0.0000000 0.0268757 0.0973707 0.0000000 0.0350346 0.0181946 0.0000000 0.0000000 0.0236156 0.0163286 0.0000000 0.0000000 0.6492608 0.0284857
 59 G  59 0.0000000 0.0000000 0.0000000 0.0000000 0.0000000 0.0000000 0.0000000 0.9715143 0.0000000 0.0000000 0.0000000 0.0000000 0.0000000 0.0000000 0.0000000 0.0000000 0.0000000 0.0000000 0.0000000 0.0000000 0.0284857
 60 P  60 0.0240412 0.4955678 0.0000000 0.0000000 0.0000000 0.0779812 0.0094288 0.0000000 0.0429640 0.0000000 0.0000000 0.1176492 0.0000000 0.0000000 0.1010681 0.0502512 0.0525626 0.0000000 0.0000000 0.0000000 0.0284857
 61 D  61 0.0232715 0.0370385 0.0000000 0.2298149 0.0000000 0.0429687 0.4610167 0.0000000 0.0000000 0.0000000 0.0134827 0.1025449 0.0000000 0.0000000 0.0083973 0.0000000 0.0529790 0.0000000 0.0000000 0.0000000 0.0284857
 62 A  62 0.7822768 0.0083804 0.0601345 0.0000000 0.0000000 0.0266375 0.0491867 0.0155862 0.0000000 0.0158294 0.0134827 0.0000000 0.0000000 0.0000000 0.0000000 0.0000000 0.0000000 0.0000000 0.0000000 0.0000000 0.0284857
 63 I  63 0.0000000 0.0000000 0.0000000 0.0000000 0.0000000 0.0000000 0.0000000 0.0000000 0.0000000 0.8142565 0.0507851 0.0000000 0.0000000 0.0000000 0.0000000 0.0000000 0.0000000 0.0000000 0.0000000 0.1064727 0.0284857
 64 A  64 0.3878175 0.0911708 0.0000000 0.0158294 0.0000000 0.0191159 0.0000000 0.0000000 0.0000000 0.0135770 0.3063560 0.0000000 0.0207008 0.0000000 0.0000000 0.0000000 0.0470136 0.0000000 0.0140744 0.0558588 0.0284857
 65 A  65 0.2473200 0.1300046 0.1076509 0.1446738 0.0000000 0.0327537 0.0504445 0.0169440 0.0207099 0.0142639 0.0193409 0.0472094 0.0000000 0.0000000 0.0000000 0.0296090 0.0947602 0.0158294 0.0000000 0.0000000 0.0284857
 66 Y  66 0.0223911 0.0000000 0.0000000 0.0000000 0.0000000 0.0000000 0.0000000 0.0000000 0.0000000 0.0000000 0.0000000 0.0000000 0.0155862 0.3545371 0.0000000 0.0000000 0.0169440 0.0495572 0.5124988 0.0000000 0.0284857
 67 L  67 0.0000000 0.0000000 0.0000000 0.0000000 0.0000000 0.0000000 0.0166803 0.0000000 0.0158294 0.0000000 0.3488601 0.0000000 0.1210562 0.2855261 0.0000000 0.0000000 0.0000000 0.0000000 0.1485275 0.0350346 0.0284857
 68 Q  68 0.0517148 0.3521664 0.0580695 0.0000000 0.0000000 0.2458119 0.0240754 0.0203731 0.0207099 0.0000000 0.0000000 0.1293122 0.0000000 0.0000000 0.0000000 0.0000000 0.0255184 0.0000000 0.0000000 0.0000000 0.0722483
 69 Q  69 0.1162570 0.0674418 0.0000000 0.0544052 0.0000000 0.1987210 0.1850863 0.0000000 0.0000000 0.0000000 0.0207099 0.1642730 0.0000000 0.0350346 0.0000000 0.0436110 0.0000000 0.0000000 0.0169440 0.0000000 0.0975161
 70 E  70 0.0518850 0.0000000 0.0000000 0.0985975 0.0000000 0.0000000 0.4728426 0.0000000 0.0000000 0.0146674 0.0000000 0.0350346 0.0000000 0.0832660 0.0000000 0.0000000 0.0328769 0.0000000 0.0000000 0.1036205 0.1072096
 71 A  71 0.4290342 0.0390272 0.0000000 0.0000000 0.2068737 0.0000000 0.0313477 0.0243610 0.0000000 0.0665857 0.0000000 0.0000000 0.0000000 0.0393350 0.0000000 0.0000000 0.0000000 0.0000000 0.0000000 0.0362988 0.1271368
 72 Q  72 0.0370585 0.0915013 0.0000000 0.0462126 0.0000000 0.3858032 0.0346371 0.0000000 0.0000000 0.0099263 0.0362988 0.1093326 0.0158294 0.0000000 0.0000000 0.0000000 0.0436110 0.0000000 0.0205374 0.0421150 0.1271368
 73 G  73 0.0000000 0.0328769 0.2084371 0.0354821 0.0000000 0.0000000 0.0556964 0.3976993 0.0000000 0.0000000 0.0146674 0.0223911 0.0000000 0.0000000 0.0000000 0.0359214 0.0696915 0.0000000 0.0000000 0.0000000 0.1271368
 74 I  74 0.0158294 0.0000000 0.0000000 0.0000000 0.0000000 0.0000000 0.0000000 0.0000000 0.0000000 0.1477361 0.2937001 0.0000000 0.2314106 0.0166803 0.0000000 0.0000000 0.0203731 0.0000000 0.0328769 0.1142566 0.1271368
 75 K  75 0.0000000 0.1243858 0.0250647 0.0000000 0.0000000 0.1346242 0.0000000 0.0000000 0.0677144 0.0307908 0.0000000 0.2500784 0.0000000 0.0000000 0.0536946 0.1183006 0.0581486 0.0000000 0.0000000 0.0100612 0.1271368
 76 A  76 0.1141791 0.0000000 0.0000000 0.0000000 0.0000000 0.0362988 0.0000000 0.0000000 0.0000000 0.0517148 0.4144570 0.0255117 0.0883122 0.0255184 0.0475443 0.0208242 0.0203731 0.0000000 0.0000000 0.0281295 0.1271368
 77 E  77 0.0407215 0.0328769 0.0241557 0.1327439 0.0142639 0.0000000 0.1594979 0.0000000 0.0180926 0.0830644 0.0954824 0.0423301 0.0530546 0.0134386 0.0000000 0.0150115 0.0255184 0.0000000 0.0419082 0.0651165 0.1427230
 78 P  78 0.0000000 0.0000000 0.0362988 0.0000000 0.0000000 0.0000000 0.0000000 0.0000000 0.0000000 0.0370585 0.1225569 0.0000000 0.0000000 0.0166803 0.5767711 0.0000000 0.0000000 0.0000000 0.0000000 0.0679115 0.1427230
 79 Q  79 0.0000000 0.0943521 0.0142998 0.0390713 0.0000000 0.2694959 0.2169334 0.0000000 0.0180926 0.0150867 0.0697477 0.0943068 0.0000000 0.0000000 0.0000000 0.0000000 0.0100612 0.0000000 0.0000000 0.0000000 0.1585524
 80 Q  80 0.0000000 0.1100134 0.0350346 0.0255184 0.0000000 0.2096467 0.0618779 0.0363607 0.0072885 0.0000000 0.0834397 0.0394620 0.0000000 0.1426713 0.0000000 0.0215005 0.0505958 0.0000000 0.0000000 0.0169440 0.1596465
 81 G  81 0.0336407 0.0000000 0.0000000 0.0255184 0.0146674 0.0000000 0.0442293 0.5423152 0.0000000 0.0350346 0.0000000 0.0000000 0.0000000 0.0000000 0.0000000 0.0223911 0.0169440 0.0000000 0.0000000 0.1056129 0.1596465
 82 L  82 0.0792639 0.0000000 0.0000000 0.0000000 0.0000000 0.0171829 0.0398258 0.0000000 0.0000000 0.3159166 0.0648683 0.0000000 0.0000000 0.0207239 0.0000000 0.0180926 0.0258067 0.0000000 0.0478895 0.2107832 0.1596465
 83 A  83 0.0876261 0.0000000 0.0000000 0.1059208 0.0190566 0.0328769 0.0792129 0.0363607 0.0000000 0.0360212 0.0757126 0.0273557 0.0104643 0.0000000 0.0000000 0.1677293 0.0537738 0.0000000 0.0000000 0.1249229 0.1429662
 84 E  84 0.0000000 0.0524385 0.0000000 0.1108947 0.0000000 0.0912774 0.5445566 0.0000000 0.0000000 0.0000000 0.0209309 0.0171248 0.0000000 0.0000000 0.0000000 0.0000000 0.0000000 0.0000000 0.0000000 0.0182856 0.1444915
 85 T  85 0.0422699 0.0328769 0.0216523 0.0086158 0.0000000 0.0000000 0.0000000 0.0000000 0.0000000 0.1327131 0.0000000 0.0000000 0.0000000 0.0180926 0.2058417 0.0255184 0.2339885 0.0000000 0.0000000 0.1354646 0.1429662
 86 S  86 0.1223963 0.0223911 0.0000000 0.0470626 0.0000000 0.0190566 0.0000000 0.0000000 0.0000000 0.0267415 0.1951426 0.0255184 0.0157793 0.0000000 0.0000000 0.1059357 0.2577763 0.0000000 0.0000000 0.0192334 0.1429662
 87 E  87 0.0216523 0.0000000 0.0348185 0.1001531 0.0000000 0.0000000 0.4129198 0.0429687 0.0000000 0.0000000 0.0000000 0.0114671 0.0000000 0.0000000 0.0565344 0.0399401 0.0964744 0.0000000 0.0000000 0.0155862 0.1674856
 88 D  88 0.0207008 0.0000000 0.0815236 0.3190619 0.0000000 0.0000000 0.1023864 0.1545900 0.0000000 0.0157793 0.0223911 0.0328769 0.0000000 0.0000000 0.0000000 0.0129953 0.0427498 0.0000000 0.0000000 0.0000000 0.1949448
 89 G  89 0.0000000 0.0000000 0.0622306 0.1450085 0.0000000 0.0000000 0.0427878 0.4361782 0.0216523 0.0000000 0.0000000 0.0000000 0.0000000 0.0000000 0.0000000 0.0000000 0.0643209 0.0000000 0.0000000 0.0328769 0.1949448
 90 H  90 0.0166803 0.0137787 0.0328237 0.0155862 0.0000000 0.0279555 0.0350097 0.0180926 0.1087222 0.0191159 0.0464539 0.0000000 0.0000000 0.1132404 0.0932685 0.1468034 0.0000000 0.0000000 0.1036945 0.0138297 0.1949448
 91 T  91 0.0372085 0.1192579 0.0297699 0.0166803 0.0000000 0.0276464 0.0000000 0.0255184 0.0000000 0.0774843 0.0291253 0.0442350 0.0000000 0.0271463 0.0000000 0.0410740 0.2611581 0.0000000 0.0000000 0.0463597 0.2173359
 92 Q  92 0.1392917 0.0474053 0.0000000 0.0000000 0.0000000 0.4274075 0.0500065 0.0000000 0.0000000 0.0000000 0.0265527 0.0286637 0.0000000 0.0000000 0.0378184 0.0255184 0.0000000 0.0000000 0.0000000 0.0000000 0.2173359
 93 V  93 0.0609096 0.0000000 0.0000000 0.0000000 0.0146674 0.0000000 0.0000000 0.0328769 0.0100612 0.2334928 0.0562631 0.0000000 0.0000000 0.0329457 0.0000000 0.0255184 0.0000000 0.0000000 0.0447512 0.2906264 0.1978875
 94 Q  94 0.0000000 0.0357214 0.0137787 0.0000000 0.0000000 0.1881359 0.0619108 0.1202803 0.0193409 0.0688977 0.0328769 0.2611700 0.0000000 0.0000000 0.0000000 0.0000000 0.0000000 0.0000000 0.0000000 0.0000000 0.1978875
 95 V  95 0.0000000 0.0000000 0.0000000 0.0000000 0.0000000 0.0000000 0.0000000 0.0000000 0.0000000 0.1793842 0.0729274 0.0000000 0.0000000 0.0000000 0.0000000 0.0000000 0.0000000 0.0000000 0.0000000 0.5498009 0.1978875
 96 S  96 0.0142998 0.0568660 0.0000000 0.0000000 0.0000000 0.0000000 0.0000000 0.0350346 0.0000000 0.0000000 0.0000000 0.0623220 0.0171822 0.0000000 0.0000000 0.1358880 0.4235114 0.0000000 0.0000000 0.0398258 0.2150703
 97 G  97 0.0000000 0.0000000 0.0000000 0.0000000 0.0000000 0.0000000 0.0000000 0.6455335 0.0000000 0.0000000 0.0000000 0.0000000 0.0000000 0.0000000 0.0000000 0.0000000 0.0000000 0.1202803 0.0000000 0.0000000 0.2341862
 98 K  98 0.0000000 0.0651976 0.0207099 0.0000000 0.0000000 0.0082079 0.0000000 0.0000000 0.1202803 0.0000000 0.0191159 0.4764038 0.0000000 0.0000000 0.0000000 0.0000000 0.0559577 0.0000000 0.0000000 0.0190566 0.2150703
 99 A  99 0.1496311 0.0000000 0.0000000 0.0000000 0.0487406 0.0000000 0.0000000 0.0000000 0.0000000 0.0000000 0.0560295 0.0000000 0.0000000 0.0328769 0.0000000 0.0000000 0.0000000 0.0000000 0.0000000 0.5160837 0.1966383
100 Q 100 0.0000000 0.0522168 0.0171829 0.0000000 0.0000000 0.4104091 0.1561189 0.0000000 0.0216523 0.0000000 0.0000000 0.0836870 0.0000000 0.0000000 0.0000000 0.0000000 0.0292179 0.0000000 0.0000000 0.0000000 0.2295152
101 T 101 0.0000000 0.0000000 0.0000000 0.0362988 0.0505829 0.0000000 0.0000000 0.0000000 0.0000000 0.0000000 0.0207099 0.0000000 0.0000000 0.0000000 0.0000000 0.0000000 0.5687175 0.0000000 0.0000000 0.0000000 0.3236910
102 S 102 0.0157793 0.0000000 0.0000000 0.0000000 0.0000000 0.0000000 0.0000000 0.0000000 0.0000000 0.0000000 0.0000000 0.0000000 0.0000000 0.0000000 0.5278759 0.1505193 0.0150115 0.0000000 0.0000000 0.0000000 0.2908140
103 W 103 0.0485173 0.0000000 0.0191159 0.0000000 0.0000000 0.0000000 0.0000000 0.0328769 0.0000000 0.0000000 0.1635524 0.0000000 0.0000000 0.0155483 0.0000000 0.0000000 0.0171829 0.4134245 0.0000000 0.0193409 0.2704409
104 C 104 0.0000000 0.0000000 0.0000000 0.0000000 0.1424229 0.0000000 0.0000000 0.0000000 0.0000000 0.0000000 0.0362988 0.0203731 0.0000000 0.5210663 0.0000000 0.0328769 0.0000000 0.0000000 0.0155483 0.0000000 0.2314137
105 G 105 0.0191159 0.0712928 0.0000000 0.0000000 0.0000000 0.0000000 0.0000000 0.4631020 0.0000000 0.0000000 0.0000000 0.0000000 0.0000000 0.0000000 0.0328769 0.0599933 0.0795048 0.0171822 0.0000000 0.0255184 0.2314137
106 V 106 0.0000000 0.0000000 0.0000000 0.0390272 0.0000000 0.0000000 0.0000000 0.0000000 0.0000000 0.0568362 0.0484252 0.0203731 0.2439398 0.0000000 0.0000000 0.0000000 0.0000000 0.0000000 0.0000000 0.3599848 0.2314137
107 N 107 0.0000000 0.0488133 0.5766809 0.0000000 0.0000000 0.0155483 0.0328769 0.0390272 0.0000000 0.0000000 0.0000000 0.0193409 0.0000000 0.0000000 0.0000000 0.0362988 0.0000000 0.0000000 0.0000000 0.0000000 0.2314137
108 V 108 0.0350346 0.0000000 0.0000000 0.0000000 0.0000000 0.0000000 0.0000000 0.0000000 0.0000000 0.1429538 0.0534144 0.0000000 0.0200825 0.0000000 0.0000000 0.0000000 0.0000000 0.0000000 0.0000000 0.4967279 0.2517868
109 L 109 0.4142104 0.0328769 0.0000000 0.0000000 0.0000000 0.0000000 0.0000000 0.0613805 0.0350346 0.0362988 0.0891318 0.0000000 0.0000000 0.0000000 0.0000000 0.0104408 0.0142639 0.0000000 0.0000000 0.0390272 0.2673351
110 W 110 0.0000000 0.0000000 0.0000000 0.0362988 0.0000000 0.0000000 0.0000000 0.0000000 0.0000000 0.0000000 0.0000000 0.0000000 0.0000000 0.0390272 0.0000000 0.0000000 0.0000000 0.6244620 0.0328769 0.0000000 0.2673351
111 L 111 0.0000000 0.3089966 0.0000000 0.0000000 0.0000000 0.0832972 0.0255184 0.0000000 0.0350346 0.0499067 0.0753020 0.0240412 0.0000000 0.0000000 0.0390272 0.0000000 0.0638385 0.0000000 0.0142639 0.0134386 0.2673351
112 F 112 0.0000000 0.0000000 0.0000000 0.0000000 0.0000000 0.0000000 0.0000000 0.0000000 0.0000000 0.0000000 0.0171822 0.0000000 0.0000000 0.7154827 0.0000000 0.0000000 0.0000000 0.0000000 0.0000000 0.0000000 0.2673351
113 T 113 0.0251784 0.0679115 0.0000000 0.0000000 0.0000000 0.0000000 0.0000000 0.0207099 0.0000000 0.1868810 0.2779600 0.0362988 0.0000000 0.0000000 0.0000000 0.0000000 0.0783771 0.0000000 0.0000000 0.0393481 0.2673351
114 L 114 0.0000000 0.0000000 0.0000000 0.0000000 0.0000000 0.0000000 0.0000000 0.0000000 0.0000000 0.0807825 0.6457784 0.0000000 0.0000000 0.0216523 0.0000000 0.0000000 0.0000000 0.0000000 0.0000000 0.0000000 0.2517868
115 N 115 0.0000000 0.0000000 0.5833633 0.0987863 0.0000000 0.0137787 0.0000000 0.0000000 0.0000000 0.0000000 0.0000000 0.0000000 0.0000000 0.0000000 0.0000000 0.0000000 0.0172502 0.0000000 0.0000000 0.0000000 0.2868214
116 Q 116 0.0430321 0.0000000 0.0284500 0.0237736 0.0000000 0.0709700 0.1019439 0.0000000 0.0000000 0.0350346 0.0000000 0.0000000 0.0000000 0.0000000 0.3751544 0.0540751 0.0000000 0.0000000 0.0157793 0.0000000 0.2517868
117 E 117 0.0000000 0.0182030 0.0673216 0.0582181 0.0000000 0.2621556 0.2341632 0.0207099 0.0000000 0.0000000 0.0104643 0.0306350 0.0000000 0.0000000 0.0000000 0.0000000 0.0463425 0.0000000 0.0000000 0.0000000 0.2517868
118 K 118 0.0000000 0.0502160 0.1160304 0.0146125 0.0000000 0.0494654 0.0000000 0.3720647 0.0137787 0.0000000 0.0000000 0.0991276 0.0000000 0.0000000 0.0000000 0.0135770 0.0000000 0.0000000 0.0000000 0.0193409 0.2517868
119 Q 119 0.0000000 0.0000000 0.0000000 0.0000000 0.0000000 0.2024836 0.2097538 0.0000000 0.0000000 0.0000000 0.0000000 0.3009411 0.0000000 0.0000000 0.0000000 0.0350346 0.0000000 0.0000000 0.0000000 0.0000000 0.2517868
120 I 120 0.0000000 0.0000000 0.0000000 0.0000000 0.0000000 0.0000000 0.0000000 0.0000000 0.0000000 0.7410830 0.0000000 0.0000000 0.0000000 0.0000000 0.0000000 0.0000000 0.0000000 0.0000000 0.0000000 0.0071301 0.2517868
121 I 121 0.0850937 0.0000000 0.0180926 0.0000000 0.0000000 0.0000000 0.0137787 0.0000000 0.0000000 0.1182685 0.0273125 0.0000000 0.0000000 0.2115033 0.0000000 0.0142639 0.0496863 0.0000000 0.0924521 0.0814628 0.2880856
122 H 122 0.0193409 0.0679115 0.0142639 0.0000000 0.0000000 0.0000000 0.0216523 0.0000000 0.0393500 0.0000000 0.0000000 0.0000000 0.0000000 0.3107381 0.0000000 0.1677059 0.0000000 0.0000000 0.0537695 0.0171822 0.2880856
123 T 123 0.0359163 0.0000000 0.0000000 0.0000000 0.0000000 0.0000000 0.0000000 0.0000000 0.0000000 0.0000000 0.0783523 0.0000000 0.0000000 0.0000000 0.0000000 0.0208242 0.0856824 0.0000000 0.0000000 0.4755909 0.3036339
124 Q 124 0.3185911 0.0142998 0.0000000 0.0328769 0.0000000 0.0393500 0.0820493 0.0100917 0.0350346 0.0000000 0.0000000 0.0959743 0.0000000 0.0000000 0.0000000 0.0000000 0.0680985 0.0000000 0.0000000 0.0000000 0.3036339
125 I 125 0.0000000 0.0000000 0.0000000 0.0000000 0.0000000 0.0000000 0.0000000 0.0000000 0.0000000 0.4503862 0.0740617 0.0000000 0.0000000 0.0000000 0.0000000 0.0000000 0.0000000 0.0000000 0.0000000 0.1719181 0.3036339
126 K 126 0.0000000 0.0350346 0.0318713 0.3103656 0.0000000 0.0000000 0.0000000 0.0000000 0.0000000 0.0000000 0.0000000 0.2862177 0.0000000 0.0000000 0.0000000 0.0328769 0.0000000 0.0000000 0.0000000 0.0000000 0.3036339
127 L 127 0.0000000 0.0000000 0.0000000 0.0000000 0.0000000 0.0000000 0.0000000 0.0000000 0.0000000 0.0000000 0.6531525 0.0000000 0.0341433 0.0000000 0.0000000 0.0000000 0.0000000 0.0000000 0.0000000 0.0090703 0.3036339
128 L 128 0.0000000 0.0000000 0.0000000 0.0000000 0.0000000 0.0000000 0.0000000 0.0000000 0.0000000 0.0000000 0.6284546 0.0000000 0.0000000 0.0000000 0.0000000 0.0000000 0.0000000 0.0000000 0.0000000 0.0350346 0.3365108
129 A 129 0.6169339 0.0000000 0.0000000 0.0000000 0.0000000 0.0000000 0.0000000 0.0350881 0.0000000 0.0000000 0.0000000 0.0000000 0.0000000 0.0000000 0.0000000 0.0000000 0.0114671 0.0000000 0.0000000 0.0000000 0.3365108
130 S 130 0.0390272 0.0000000 0.0000000 0.0000000 0.0000000 0.0000000 0.0000000 0.0000000 0.0000000 0.0000000 0.0000000 0.0255184 0.0000000 0.0000000 0.0000000 0.5691634 0.0297803 0.0000000 0.0000000 0.0000000 0.3365108
131 P 131 0.0307068 0.0000000 0.0000000 0.0000000 0.0000000 0.0000000 0.0000000 0.0000000 0.0000000 0.0000000 0.1785383 0.0000000 0.0350346 0.0000000 0.3998686 0.0000000 0.0193409 0.0000000 0.0000000 0.0000000 0.3365108
132 Q 132 0.0811526 0.0000000 0.0255184 0.0077285 0.0000000 0.2611227 0.1067344 0.0000000 0.0000000 0.0000000 0.0000000 0.1422054 0.0000000 0.0000000 0.0000000 0.0000000 0.0208242 0.0000000 0.0000000 0.0000000 0.3547138
133 E 133 0.0000000 0.0000000 0.0000000 0.0293244 0.0000000 0.0000000 0.5951375 0.0000000 0.0000000 0.0000000 0.0000000 0.0000000 0.0000000 0.0000000 0.0208242 0.0000000 0.0000000 0.0000000 0.0000000 0.0000000 0.3547138
134 L 134 0.0000000 0.0000000 0.0000000 0.0000000 0.0000000 0.0000000 0.0000000 0.0000000 0.0000000 0.0000000 0.6452862 0.0000000 0.0000000 0.0000000 0.0000000 0.0000000 0.0000000 0.0000000 0.0000000 0.0000000 0.3547138
135 L 135 0.0137787 0.0000000 0.0000000 0.0000000 0.0000000 0.0000000 0.0000000 0.0000000 0.0000000 0.0208242 0.5050418 0.0000000 0.0176762 0.0171822 0.0000000 0.0114671 0.0000000 0.0000000 0.0000000 0.0593161 0.3547138
136 A 136 0.0536139 0.0000000 0.3252913 0.0000000 0.0000000 0.0000000 0.0000000 0.0000000 0.0000000 0.0000000 0.0000000 0.1414661 0.0000000 0.0000000 0.0531272 0.0509635 0.0000000 0.0000000 0.0000000 0.0000000 0.3755380
137 L 137 0.0000000 0.0000000 0.0000000 0.0000000 0.0000000 0.0000000 0.0000000 0.0000000 0.0000000 0.0000000 0.4989670 0.0000000 0.0229001 0.0818850 0.0000000 0.0000000 0.0000000 0.0000000 0.0207099 0.0000000 0.3755380
138 R 138 0.0978038 0.2813127 0.0000000 0.0000000 0.0000000 0.0516708 0.0000000 0.0233653 0.0000000 0.0099263 0.0000000 0.0642525 0.0133283 0.0000000 0.0000000 0.0000000 0.0100612 0.0000000 0.0000000 0.0392083 0.4090708
139 R 139 0.0227328 0.3490444 0.0171822 0.0000000 0.0000000 0.0104408 0.0000000 0.0000000 0.0000000 0.0000000 0.0000000 0.0000000 0.0000000 0.0000000 0.0795687 0.0583420 0.0000000 0.0000000 0.0000000 0.0000000 0.4626891
140 E 140 0.0000000 0.0000000 0.0000000 0.0178203 0.0000000 0.0234091 0.0679137 0.0000000 0.0000000 0.0000000 0.0000000 0.0553645 0.0000000 0.0000000 0.0367390 0.0275488 0.0000000 0.0000000 0.0000000 0.0000000 0.7712047
141 Q 141 0.0000000 0.0000000 0.0142639 0.0000000 0.0000000 0.0393500 0.0000000 0.0000000 0.0216523 0.0000000 0.0000000 0.0456028 0.0000000 0.0000000 0.0000000 0.0322689 0.0193409 0.0000000 0.0000000 0.0000000 0.8275212
142 H 142 0.0000000 0.0000000 0.0000000 0.0171822 0.0000000 0.0000000 0.0000000 0.0000000 0.0285766 0.0000000 0.0000000 0.0544760 0.0000000 0.0000000 0.0000000 0.0000000 0.0000000 0.0000000 0.0150867 0.0000000 0.8846785
143 H 143 0.0000000 0.0150867 0.0000000 0.0000000 0.0000000 0.0000000 0.0216523 0.0000000 0.0457588 0.0000000 0.0000000 0.0000000 0.0000000 0.0000000 0.0000000 0.0000000 0.0000000 0.0000000 0.0000000 0.0000000 0.9175022
144 H 144 0.0000000 0.0000000 0.0000000 0.0000000 0.0000000 0.0000000 0.0000000 0.0000000 0.0285766 0.0000000 0.0000000 0.0000000 0.0000000 0.0000000 0.0000000 0.0000000 0.0000000 0.0000000 0.0216523 0.0000000 0.9497711
145 H 145 0.0000000 0.0000000 0.0000000 0.0000000 0.0000000 0.0000000 0.0000000 0.0000000 0.0285766 0.0000000 0.0000000 0.0000000 0.0000000 0.0000000 0.0000000 0.0000000 0.0000000 0.0000000 0.0000000 0.0000000 0.9714234
146 H 146 0.0000000 0.0000000 0.0000000 0.0000000 0.0000000 0.0000000 0.0000000 0.0000000 0.0285766 0.0000000 0.0000000 0.0000000 0.0000000 0.0000000 0.0000000 0.0000000 0.0000000 0.0000000 0.0000000 0.0000000 0.9714234
147 H 147 0.0000000 0.0000000 0.0000000 0.0000000 0.0000000 0.0000000 0.0000000 0.0000000 0.0285766 0.0000000 0.0000000 0.0000000 0.0000000 0.0000000 0.0000000 0.0000000 0.0000000 0.0000000 0.0000000 0.0000000 0.9714234
148 H 148 0.0000000 0.0000000 0.0000000 0.0000000 0.0000000 0.0000000 0.0000000 0.0000000 0.0285766 0.0000000 0.0000000 0.0000000 0.0000000 0.0000000 0.0000000 0.0000000 0.0000000 0.0000000 0.0000000 0.0000000 0.9714234
