  148         A         R         N         D         C         Q         E         G         H         I         L         K         M         F         P         S         T         W         Y         V    
  1 M   1 0.0000000 0.0000000 0.0000000 0.0000000 0.0000000 0.0000000 0.0000000 0.0000000 0.0000000 0.0000000 0.0508910 0.0000000 0.9491090 0.0000000 0.0000000 0.0000000 0.0000000 0.0000000 0.0000000 0.0000000
  2 G   2 0.0631735 0.0000000 0.0000000 0.0000000 0.0000000 0.0000000 0.1765736 0.1423384 0.0000000 0.2013795 0.0000000 0.0000000 0.0000000 0.0000000 0.0000000 0.0000000 0.1994649 0.0000000 0.0000000 0.2170701
  3 K   3 0.1814758 0.0319765 0.0000000 0.0000000 0.0000000 0.0439178 0.1354795 0.0931059 0.0000000 0.0000000 0.0867675 0.3215669 0.0591292 0.0000000 0.0465809 0.0000000 0.0000000 0.0000000 0.0000000 0.0000000
  4 A   4 0.3564880 0.0000000 0.0000000 0.0000000 0.0000000 0.0000000 0.0000000 0.0000000 0.0000000 0.0000000 0.0775305 0.0000000 0.0000000 0.0000000 0.2639249 0.1402019 0.1057594 0.0000000 0.0000000 0.0560953
  5 A   5 0.2730878 0.0000000 0.0000000 0.0344465 0.0000000 0.0263137 0.0483880 0.0000000 0.0000000 0.0369023 0.0688336 0.0000000 0.0000000 0.0000000 0.2896391 0.0841570 0.1382320 0.0000000 0.0000000 0.0000000
  6 E   6 0.0574070 0.0522604 0.0000000 0.0229126 0.0000000 0.2469830 0.1249179 0.0000000 0.0350258 0.0000000 0.0674591 0.1056455 0.0000000 0.0000000 0.1397980 0.0248792 0.1227116 0.0000000 0.0000000 0.0000000
  7 S   7 0.1068812 0.0172851 0.0322702 0.0899807 0.0000000 0.0000000 0.0699101 0.0000000 0.0000000 0.0339774 0.0000000 0.0539040 0.0223130 0.0000000 0.1472868 0.1712705 0.2549212 0.0000000 0.0000000 0.0000000
  8 L   8 0.2215454 0.0236571 0.0000000 0.0000000 0.0000000 0.0000000 0.0388832 0.0000000 0.0000000 0.0984774 0.1730074 0.0000000 0.0985529 0.0000000 0.0000000 0.0138294 0.2552508 0.0000000 0.0000000 0.0767964
  9 P   9 0.0925753 0.0000000 0.1369123 0.0235176 0.0000000 0.0471840 0.1212919 0.0121651 0.0000000 0.0000000 0.0000000 0.0000000 0.0000000 0.0000000 0.2606483 0.1735067 0.1321989 0.0000000 0.0000000 0.0000000
 10 N  10 0.0761301 0.0211183 0.0852141 0.0305915 0.0000000 0.1448091 0.0625942 0.0000000 0.0000000 0.0236629 0.0623381 0.0188366 0.0000000 0.0000000 0.3021833 0.0928603 0.0229309 0.0000000 0.0000000 0.0567306
 11 I  11 0.0487861 0.2760512 0.0421674 0.0000000 0.0000000 0.0299214 0.0162335 0.0529514 0.0000000 0.2478193 0.0249471 0.0457223 0.0000000 0.0000000 0.0000000 0.0386553 0.1461536 0.0000000 0.0000000 0.0305915
 12 Q  12 0.0802449 0.0339256 0.0000000 0.0572738 0.0000000 0.1632252 0.1806483 0.0000000 0.0464488 0.0000000 0.0286616 0.0225791 0.0000000 0.0000000 0.0666085 0.1116375 0.1702002 0.0000000 0.0000000 0.0385467
 13 I  13 0.0165161 0.0858991 0.0000000 0.0523480 0.0000000 0.1295237 0.1528447 0.0348344 0.0422005 0.1064161 0.0000000 0.1467445 0.0000000 0.0000000 0.0424130 0.0664798 0.1075337 0.0000000 0.0000000 0.0162463
 14 K  14 0.0000000 0.0371913 0.0309924 0.0289298 0.0000000 0.0578097 0.0294824 0.0481345 0.0000000 0.1561182 0.0449045 0.1180333 0.0214874 0.0383203 0.0406386 0.0335451 0.0734789 0.0000000 0.0000000 0.2409335
 15 S  15 0.0949197 0.0289298 0.0311126 0.0249101 0.0000000 0.0578076 0.0114717 0.0000000 0.0000000 0.0000000 0.0000000 0.0892365 0.0406386 0.0676155 0.1582914 0.1634392 0.2221448 0.0000000 0.0094826 0.0000000
 16 I  16 0.0722086 0.0000000 0.0000000 0.0000000 0.0000000 0.0000000 0.0000000 0.0000000 0.0000000 0.7458312 0.0319150 0.0000000 0.0000000 0.0000000 0.0206359 0.0198724 0.0000000 0.0000000 0.0000000 0.1095368
 17 A  17 0.0927010 0.0000000 0.0275138 0.1314787 0.0000000 0.0296185 0.4784376 0.0000000 0.0000000 0.0000000 0.0000000 0.0415123 0.0000000 0.0000000 0.1547703 0.0000000 0.0276027 0.0000000 0.0000000 0.0163651
 18 G  18 0.0359068 0.0000000 0.0220118 0.0000000 0.0000000 0.0000000 0.0000000 0.7189494 0.0000000 0.0000000 0.0372060 0.0000000 0.0000000 0.0000000 0.0000000 0.0997375 0.0861884 0.0000000 0.0000000 0.0000000
 19 I  19 0.0771928 0.0000000 0.0000000 0.0000000 0.0000000 0.0000000 0.0000000 0.0000000 0.0000000 0.4764359 0.1126073 0.0000000 0.0000000 0.0000000 0.0000000 0.0253914 0.0000000 0.0000000 0.0000000 0.3083725
 20 T  20 0.0696756 0.0000000 0.0161261 0.1097531 0.0000000 0.0000000 0.0335459 0.0000000 0.0000000 0.0719312 0.1281882 0.0136978 0.0166201 0.0000000 0.0000000 0.0216408 0.4534261 0.0000000 0.0000000 0.0653949
 21 E  21 0.0421760 0.0158215 0.2678558 0.0688036 0.0000000 0.0000000 0.3599086 0.0000000 0.0000000 0.0000000 0.0476865 0.0777428 0.0179477 0.0000000 0.0335222 0.0428709 0.0256643 0.0000000 0.0000000 0.0000000
 22 P  22 0.1222187 0.0239796 0.0000000 0.0959763 0.0000000 0.0560469 0.0227231 0.0000000 0.0000000 0.0000000 0.0400956 0.0000000 0.0143342 0.0000000 0.5192457 0.0879968 0.0173831 0.0000000 0.0000000 0.0000000
 23 T  23 0.0961955 0.0065210 0.0000000 0.0000000 0.0000000 0.0444495 0.0148428 0.0161156 0.0000000 0.0352677 0.0214898 0.0000000 0.0000000 0.0000000 0.0301003 0.0167053 0.4472496 0.0000000 0.0000000 0.2710628
 24 I  24 0.0000000 0.0000000 0.0148428 0.0000000 0.0000000 0.0000000 0.0000000 0.0000000 0.0000000 0.4662277 0.0756354 0.0000000 0.0000000 0.0000000 0.0184505 0.0000000 0.0000000 0.0000000 0.0000000 0.4248436
 25 L  25 0.0286565 0.0908125 0.0250342 0.0000000 0.0000000 0.0230143 0.0810575 0.0000000 0.0226452 0.0245104 0.4857537 0.0338810 0.0000000 0.0000000 0.0000000 0.0674395 0.0175672 0.0166629 0.0000000 0.0829649
 26 Q  26 0.1220186 0.2512297 0.0576991 0.0282564 0.0155725 0.1120959 0.0693167 0.0404231 0.0260808 0.0000000 0.0000000 0.0322361 0.0000000 0.0000000 0.0000000 0.2299134 0.0151576 0.0000000 0.0000000 0.0000000
 27 Y  27 0.0000000 0.0000000 0.0000000 0.0000000 0.0000000 0.0000000 0.0000000 0.0000000 0.0000000 0.0000000 0.0000000 0.0000000 0.0000000 0.0675590 0.0000000 0.0000000 0.0000000 0.0290431 0.9033979 0.0000000
 28 F  28 0.0276362 0.0000000 0.0000000 0.0000000 0.0000000 0.0000000 0.0219236 0.0000000 0.0000000 0.1373891 0.0000000 0.0000000 0.1803586 0.4032885 0.0000000 0.0000000 0.0000000 0.0000000 0.1367382 0.0926657
 29 A  29 0.1434847 0.0000000 0.1000247 0.1892169 0.0000000 0.1062367 0.3847161 0.0000000 0.0000000 0.0203855 0.0135154 0.0000000 0.0000000 0.0000000 0.0000000 0.0000000 0.0341644 0.0000000 0.0000000 0.0082557
 30 T  30 0.2635443 0.0141569 0.1419366 0.0000000 0.0000000 0.0071674 0.0000000 0.0548569 0.0000000 0.0000000 0.0666792 0.0000000 0.0000000 0.0370960 0.0000000 0.0641373 0.3228696 0.0000000 0.0275559 0.0000000
 31 L  31 0.0646647 0.0000000 0.0000000 0.0000000 0.0000000 0.0000000 0.0000000 0.0000000 0.0000000 0.0548569 0.5500256 0.0000000 0.1194575 0.0894921 0.0000000 0.0000000 0.0000000 0.0000000 0.0719427 0.0495606
 32 N  32 0.0141208 0.0000000 0.9491538 0.0367254 0.0000000 0.0000000 0.0000000 0.0000000 0.0000000 0.0000000 0.0000000 0.0000000 0.0000000 0.0000000 0.0000000 0.0000000 0.0000000 0.0000000 0.0000000 0.0000000
 33 A  33 0.6054550 0.0954426 0.0345775 0.0394850 0.0218389 0.0177049 0.0000000 0.0144023 0.0149697 0.0000000 0.0000000 0.0169417 0.0000000 0.0000000 0.0000000 0.0842337 0.0286482 0.0000000 0.0000000 0.0263004
 34 G  34 0.0262545 0.0360286 0.1845018 0.0728547 0.0000000 0.0000000 0.0655951 0.3912076 0.1027693 0.0000000 0.0000000 0.0186138 0.0000000 0.0432547 0.0000000 0.0589201 0.0000000 0.0000000 0.0000000 0.0000000
 35 E  35 0.0000000 0.0236377 0.1517017 0.6401712 0.0000000 0.0285501 0.1409695 0.0000000 0.0000000 0.0000000 0.0000000 0.0000000 0.0000000 0.0000000 0.0000000 0.0149697 0.0000000 0.0000000 0.0000000 0.0000000
 36 F  36 0.0415525 0.0000000 0.0000000 0.0000000 0.0000000 0.0000000 0.0000000 0.0000000 0.0000000 0.0291881 0.1329272 0.0000000 0.0130381 0.5940882 0.0000000 0.0000000 0.0360286 0.0149223 0.0920607 0.0461944
 37 A  37 0.1047087 0.0000000 0.0064418 0.3196852 0.0000000 0.0649667 0.2005998 0.0480245 0.0203855 0.0000000 0.0149697 0.0063409 0.0000000 0.0000000 0.0312291 0.0896495 0.0929986 0.0000000 0.0000000 0.0000000
 38 A  38 0.5107367 0.0402440 0.0247876 0.0305668 0.0000000 0.0597499 0.0713990 0.0949149 0.0000000 0.0000000 0.0000000 0.0328601 0.0000000 0.0000000 0.0110243 0.0620334 0.0540471 0.0000000 0.0000000 0.0076363
 39 T  39 0.1099228 0.0000000 0.0000000 0.0000000 0.0135154 0.0000000 0.0000000 0.0000000 0.0000000 0.1201447 0.2363693 0.0000000 0.0286361 0.0000000 0.0000000 0.0000000 0.3027797 0.0000000 0.0000000 0.1886320
 40 A  40 0.4322958 0.0000000 0.0000000 0.0000000 0.0000000 0.0000000 0.0412586 0.0908852 0.0000000 0.1913576 0.0130381 0.0000000 0.0219236 0.0000000 0.0000000 0.0000000 0.0207749 0.0000000 0.0000000 0.1884664
 41 A  41 0.2517094 0.0537170 0.0527431 0.0803015 0.0000000 0.0460946 0.1158649 0.0890361 0.0000000 0.0000000 0.0000000 0.1095232 0.0000000 0.0000000 0.0000000 0.1851175 0.0158927 0.0000000 0.0000000 0.0000000
 42 L  42 0.0000000 0.0000000 0.0000000 0.0000000 0.0000000 0.0000000 0.0000000 0.0000000 0.0000000 0.0000000 0.9501700 0.0000000 0.0138015 0.0360286 0.0000000 0.0000000 0.0000000 0.0000000 0.0000000 0.0000000
 43 F  43 0.0000000 0.0000000 0.0000000 0.0000000 0.0000000 0.0000000 0.0000000 0.0000000 0.0000000 0.0750715 0.0439823 0.0000000 0.0000000 0.7936990 0.0000000 0.0000000 0.0000000 0.0000000 0.0872471 0.0000000
 44 A  44 0.6394460 0.0151412 0.0000000 0.0000000 0.0000000 0.0000000 0.0175530 0.0000000 0.0407358 0.0000000 0.0634438 0.0000000 0.0000000 0.0000000 0.0000000 0.0574815 0.1309211 0.0000000 0.0000000 0.0352775
 45 V  45 0.0495371 0.0219236 0.0384891 0.1123860 0.0000000 0.0207749 0.2521705 0.0000000 0.0172128 0.0346466 0.0000000 0.0370960 0.0000000 0.0000000 0.2480641 0.0728494 0.0055757 0.0000000 0.0000000 0.0892742
 46 D  46 0.0000000 0.0000000 0.1332585 0.6665925 0.0000000 0.0407358 0.1508650 0.0000000 0.0000000 0.0000000 0.0000000 0.0085482 0.0000000 0.0000000 0.0000000 0.0000000 0.0000000 0.0000000 0.0000000 0.0000000
 47 G  47 0.1964543 0.0000000 0.0000000 0.0000000 0.0750715 0.0000000 0.0000000 0.6556392 0.0000000 0.0000000 0.0000000 0.0000000 0.0000000 0.0000000 0.0219236 0.0000000 0.0000000 0.0000000 0.0000000 0.0509114
 48 V  48 0.2961119 0.0069291 0.0000000 0.0000000 0.0000000 0.0286361 0.0286731 0.0195756 0.0360286 0.0900870 0.0000000 0.0000000 0.0000000 0.0000000 0.0000000 0.0591235 0.0828416 0.0000000 0.0000000 0.3519936
 49 M  49 0.0000000 0.0000000 0.0000000 0.0000000 0.0000000 0.0000000 0.0000000 0.0000000 0.0000000 0.0332535 0.5665321 0.0000000 0.1464075 0.0354390 0.0000000 0.0000000 0.0000000 0.0000000 0.1367382 0.0816296
 50 Y  50 0.0055757 0.0220965 0.0355267 0.0000000 0.0000000 0.2911500 0.1801947 0.0000000 0.1183146 0.0286361 0.0427938 0.0177049 0.0368459 0.0360286 0.0000000 0.0000000 0.0149697 0.0000000 0.1294269 0.0407358
 51 P  51 0.1357913 0.0176844 0.0000000 0.2339370 0.0000000 0.0000000 0.0000000 0.0000000 0.0000000 0.0000000 0.0000000 0.0000000 0.0000000 0.0000000 0.6125873 0.0000000 0.0000000 0.0000000 0.0000000 0.0000000
 52 P  52 0.0000000 0.0000000 0.0000000 0.0000000 0.0000000 0.0222239 0.0365222 0.0000000 0.0000000 0.0000000 0.0550405 0.0000000 0.0445849 0.0000000 0.8205689 0.0000000 0.0000000 0.0000000 0.0000000 0.0210595
 53 F  53 0.0000000 0.0000000 0.0149223 0.0000000 0.0000000 0.0151576 0.0000000 0.0678338 0.0219236 0.0778319 0.0260808 0.0000000 0.0000000 0.6563760 0.0000000 0.0000000 0.0000000 0.0000000 0.0836410 0.0362330
 54 E  54 0.0249803 0.0321530 0.0407358 0.0000000 0.0000000 0.2478899 0.4174351 0.0361858 0.0360286 0.0000000 0.0000000 0.0000000 0.0000000 0.0000000 0.0412586 0.0989792 0.0135983 0.0000000 0.0107554 0.0000000
 55 S  55 0.0000000 0.1529443 0.0000000 0.1740310 0.0000000 0.0214597 0.1038876 0.0069291 0.0518758 0.0000000 0.0219236 0.1647993 0.0000000 0.0000000 0.0724845 0.1889292 0.0000000 0.0000000 0.0000000 0.0407358
 56 G  56 0.0479796 0.0000000 0.0000000 0.0158927 0.0000000 0.0767644 0.0149223 0.0895117 0.0203637 0.0000000 0.0143416 0.0512168 0.0000000 0.0000000 0.6359999 0.0000000 0.0286731 0.0000000 0.0000000 0.0043342
 57 I  57 0.0384671 0.0044217 0.0000000 0.0000000 0.0000000 0.0000000 0.0000000 0.0000000 0.0000000 0.6018384 0.0275605 0.0141066 0.0000000 0.1422457 0.0000000 0.0000000 0.0000000 0.0000000 0.0000000 0.1713600
 58 V  58 0.0275495 0.0135380 0.0000000 0.0000000 0.0000000 0.0235575 0.0245247 0.0000000 0.0257744 0.0986497 0.0000000 0.0405551 0.0044375 0.0000000 0.0000000 0.0211100 0.0140581 0.0000000 0.0000000 0.7062455
 59 G  59 0.0000000 0.0000000 0.0000000 0.0000000 0.0000000 0.0000000 0.0000000 1.0000000 0.0000000 0.0000000 0.0000000 0.0000000 0.0000000 0.0000000 0.0000000 0.0000000 0.0000000 0.0000000 0.0000000 0.0000000
 60 P  60 0.0268678 0.4960442 0.0000000 0.0000000 0.0000000 0.0894961 0.0055510 0.0000000 0.0387985 0.0000000 0.0000000 0.1115741 0.0000000 0.0000000 0.1258513 0.0524365 0.0533806 0.0000000 0.0000000 0.0000000
 61 D  61 0.0172237 0.0375910 0.0000000 0.2414510 0.0000000 0.0470263 0.4834072 0.0000000 0.0000000 0.0000000 0.0152636 0.1020215 0.0000000 0.0000000 0.0042281 0.0000000 0.0517875 0.0000000 0.0000000 0.0000000
 62 A  62 0.8127577 0.0041967 0.0702337 0.0000000 0.0000000 0.0205914 0.0499634 0.0134554 0.0000000 0.0135380 0.0152636 0.0000000 0.0000000 0.0000000 0.0000000 0.0000000 0.0000000 0.0000000 0.0000000 0.0000000
 63 I  63 0.0000000 0.0000000 0.0000000 0.0000000 0.0000000 0.0000000 0.0000000 0.0000000 0.0000000 0.8459577 0.0374349 0.0000000 0.0000000 0.0000000 0.0000000 0.0000000 0.0000000 0.0000000 0.0000000 0.1166074
 64 A  64 0.4320945 0.0712524 0.0000000 0.0135380 0.0000000 0.0195680 0.0000000 0.0000000 0.0000000 0.0150740 0.3082936 0.0000000 0.0171364 0.0000000 0.0000000 0.0000000 0.0430889 0.0000000 0.0158417 0.0641126
 65 A  65 0.2536310 0.1364322 0.1032811 0.1436171 0.0000000 0.0364790 0.0422407 0.0150904 0.0235328 0.0159983 0.0217420 0.0523841 0.0000000 0.0000000 0.0000000 0.0331298 0.1089037 0.0135380 0.0000000 0.0000000
 66 Y  66 0.0218263 0.0000000 0.0000000 0.0000000 0.0000000 0.0000000 0.0000000 0.0000000 0.0000000 0.0000000 0.0000000 0.0000000 0.0134554 0.3190585 0.0000000 0.0000000 0.0150904 0.0507248 0.5798446 0.0000000
 67 L  67 0.0000000 0.0000000 0.0000000 0.0000000 0.0000000 0.0000000 0.0148561 0.0000000 0.0135380 0.0000000 0.4070726 0.0000000 0.1354963 0.2745437 0.0000000 0.0000000 0.0000000 0.0000000 0.1139383 0.0405551
 68 Q  68 0.0570666 0.3606554 0.0593061 0.0000000 0.0000000 0.2784983 0.0226287 0.0213006 0.0242359 0.0000000 0.0000000 0.1469474 0.0000000 0.0000000 0.0000000 0.0000000 0.0293608 0.0000000 0.0000000 0.0000000
 69 Q  69 0.1233686 0.0746722 0.0000000 0.0625894 0.0000000 0.2165671 0.2179440 0.0000000 0.0000000 0.0000000 0.0245581 0.1713003 0.0000000 0.0423220 0.0000000 0.0509304 0.0000000 0.0000000 0.0157478 0.0000000
 70 E  70 0.0528857 0.0000000 0.0000000 0.0996324 0.0000000 0.0000000 0.5684884 0.0000000 0.0000000 0.0136240 0.0000000 0.0425663 0.0000000 0.0804138 0.0000000 0.0000000 0.0376475 0.0000000 0.0000000 0.1047419
 71 A  71 0.5209621 0.0465672 0.0000000 0.0000000 0.2300617 0.0000000 0.0296037 0.0285895 0.0000000 0.0656792 0.0000000 0.0000000 0.0000000 0.0392605 0.0000000 0.0000000 0.0000000 0.0000000 0.0000000 0.0392762
 72 Q  72 0.0370164 0.1045888 0.0000000 0.0436833 0.0000000 0.4510687 0.0390099 0.0000000 0.0000000 0.0116722 0.0392762 0.1317451 0.0143975 0.0000000 0.0000000 0.0000000 0.0519027 0.0000000 0.0250741 0.0505652
 73 G  73 0.0000000 0.0381460 0.2272162 0.0441013 0.0000000 0.0000000 0.0664078 0.4748660 0.0000000 0.0000000 0.0138043 0.0232120 0.0000000 0.0000000 0.0000000 0.0387744 0.0734719 0.0000000 0.0000000 0.0000000
 74 I  74 0.0143975 0.0000000 0.0000000 0.0000000 0.0000000 0.0000000 0.0000000 0.0000000 0.0000000 0.1806009 0.3254010 0.0000000 0.2785048 0.0157993 0.0000000 0.0000000 0.0219958 0.0000000 0.0381460 0.1251547
 75 K  75 0.0000000 0.1291238 0.0297993 0.0000000 0.0000000 0.1605706 0.0000000 0.0000000 0.0679834 0.0366828 0.0000000 0.3096500 0.0000000 0.0000000 0.0603715 0.1246084 0.0694473 0.0000000 0.0000000 0.0117629
 76 A  76 0.1524391 0.0000000 0.0000000 0.0000000 0.0000000 0.0392762 0.0000000 0.0000000 0.0000000 0.0589292 0.4622637 0.0254590 0.0990000 0.0303191 0.0519503 0.0250532 0.0219958 0.0000000 0.0000000 0.0333144
 77 E  77 0.0450172 0.0386998 0.0249643 0.1459230 0.0172610 0.0000000 0.2047539 0.0000000 0.0218969 0.1009381 0.0988283 0.0526616 0.0636862 0.0160796 0.0000000 0.0181978 0.0307592 0.0000000 0.0504601 0.0698730
 78 P  78 0.0000000 0.0000000 0.0398464 0.0000000 0.0000000 0.0000000 0.0000000 0.0000000 0.0000000 0.0375538 0.1301573 0.0000000 0.0000000 0.0160287 0.6939581 0.0000000 0.0000000 0.0000000 0.0000000 0.0824558
 79 Q  79 0.0000000 0.1159941 0.0173240 0.0401644 0.0000000 0.3293337 0.2498670 0.0000000 0.0222215 0.0191339 0.0853002 0.1085508 0.0000000 0.0000000 0.0000000 0.0000000 0.0121105 0.0000000 0.0000000 0.0000000
 80 Q  80 0.0000000 0.1186285 0.0444728 0.0312631 0.0000000 0.2748389 0.0777253 0.0439065 0.0090351 0.0000000 0.0973767 0.0480616 0.0000000 0.1539103 0.0000000 0.0263208 0.0579121 0.0000000 0.0000000 0.0165482
 81 G  81 0.0411929 0.0000000 0.0000000 0.0312631 0.0142342 0.0000000 0.0541680 0.6584446 0.0000000 0.0444728 0.0000000 0.0000000 0.0000000 0.0000000 0.0000000 0.0239348 0.0165482 0.0000000 0.0000000 0.1157414
 82 L  82 0.0986409 0.0000000 0.0000000 0.0000000 0.0000000 0.0190408 0.0472645 0.0000000 0.0000000 0.3696898 0.0944415 0.0000000 0.0000000 0.0249550 0.0000000 0.0222556 0.0325923 0.0000000 0.0413502 0.2497693
 83 A  83 0.1031282 0.0000000 0.0000000 0.1064726 0.0231001 0.0387032 0.0920154 0.0432027 0.0000000 0.0394902 0.0916756 0.0329288 0.0127259 0.0000000 0.0000000 0.2000975 0.0682018 0.0000000 0.0000000 0.1482579
 84 E  84 0.0000000 0.0548883 0.0000000 0.1195575 0.0000000 0.1061226 0.6552498 0.0000000 0.0000000 0.0000000 0.0256352 0.0164385 0.0000000 0.0000000 0.0000000 0.0000000 0.0000000 0.0000000 0.0000000 0.0221081
 85 T  85 0.0523597 0.0387032 0.0280170 0.0104169 0.0000000 0.0000000 0.0000000 0.0000000 0.0000000 0.1351843 0.0000000 0.0000000 0.0000000 0.0218989 0.2323035 0.0307620 0.2942129 0.0000000 0.0000000 0.1561417
 86 S  86 0.1429075 0.0235511 0.0000000 0.0591662 0.0000000 0.0231001 0.0000000 0.0000000 0.0000000 0.0279648 0.2393350 0.0307620 0.0190193 0.0000000 0.0000000 0.1288041 0.2823460 0.0000000 0.0000000 0.0230437
 87 E  87 0.0287491 0.0000000 0.0380158 0.1185708 0.0000000 0.0000000 0.5014449 0.0520685 0.0000000 0.0000000 0.0000000 0.0144460 0.0000000 0.0000000 0.0672191 0.0477494 0.1168381 0.0000000 0.0000000 0.0148982
 88 D  88 0.0196717 0.0000000 0.1017616 0.4245402 0.0000000 0.0000000 0.1241161 0.1725522 0.0000000 0.0202342 0.0250555 0.0411755 0.0000000 0.0000000 0.0000000 0.0162596 0.0546333 0.0000000 0.0000000 0.0000000
 89 G  89 0.0000000 0.0000000 0.0571804 0.1679656 0.0000000 0.0000000 0.0505868 0.5702459 0.0298067 0.0000000 0.0000000 0.0000000 0.0000000 0.0000000 0.0000000 0.0000000 0.0830393 0.0000000 0.0000000 0.0411755
 90 H  90 0.0170541 0.0177280 0.0424806 0.0154462 0.0000000 0.0370856 0.0451776 0.0232977 0.1572002 0.0224631 0.0584797 0.0000000 0.0000000 0.1271214 0.1101541 0.1746059 0.0000000 0.0000000 0.1339087 0.0177972
 91 T  91 0.0469368 0.1489160 0.0386796 0.0174924 0.0000000 0.0377577 0.0000000 0.0335681 0.0000000 0.1038422 0.0363255 0.0589210 0.0000000 0.0300552 0.0000000 0.0445302 0.3427695 0.0000000 0.0000000 0.0602059
 92 Q  92 0.1640142 0.0598040 0.0000000 0.0000000 0.0000000 0.5575628 0.0640170 0.0000000 0.0000000 0.0000000 0.0349219 0.0383250 0.0000000 0.0000000 0.0477869 0.0335681 0.0000000 0.0000000 0.0000000 0.0000000
 93 V  93 0.0733147 0.0000000 0.0000000 0.0000000 0.0148110 0.0000000 0.0000000 0.0409277 0.0126206 0.2817645 0.0733909 0.0000000 0.0000000 0.0400180 0.0000000 0.0325301 0.0000000 0.0000000 0.0575094 0.3731131
 94 Q  94 0.0000000 0.0460974 0.0176214 0.0000000 0.0000000 0.2590588 0.0766458 0.1352428 0.0248085 0.0830390 0.0409277 0.3165586 0.0000000 0.0000000 0.0000000 0.0000000 0.0000000 0.0000000 0.0000000 0.0000000
 95 V  95 0.0000000 0.0000000 0.0000000 0.0000000 0.0000000 0.0000000 0.0000000 0.0000000 0.0000000 0.2276913 0.0929395 0.0000000 0.0000000 0.0000000 0.0000000 0.0000000 0.0000000 0.0000000 0.0000000 0.6793692
 96 S  96 0.0184187 0.0655921 0.0000000 0.0000000 0.0000000 0.0000000 0.0000000 0.0472105 0.0000000 0.0000000 0.0000000 0.0811281 0.0236004 0.0000000 0.0000000 0.1897071 0.5241692 0.0000000 0.0000000 0.0501740
 97 G  97 0.0000000 0.0000000 0.0000000 0.0000000 0.0000000 0.0000000 0.0000000 0.8588073 0.0000000 0.0000000 0.0000000 0.0000000 0.0000000 0.0000000 0.0000000 0.0000000 0.0000000 0.1411927 0.0000000 0.0000000
 98 K  98 0.0000000 0.0822731 0.0273947 0.0000000 0.0000000 0.0105502 0.0000000 0.0000000 0.1379765 0.0000000 0.0227792 0.6225742 0.0000000 0.0000000 0.0000000 0.0000000 0.0715304 0.0000000 0.0000000 0.0249216
 99 A  99 0.2098090 0.0000000 0.0000000 0.0000000 0.0286301 0.0000000 0.0000000 0.0000000 0.0000000 0.0000000 0.0619894 0.0000000 0.0000000 0.0419642 0.0000000 0.0000000 0.0000000 0.0000000 0.0000000 0.6576073
100 Q 100 0.0000000 0.0742828 0.0212039 0.0000000 0.0000000 0.5237698 0.1971919 0.0000000 0.0317082 0.0000000 0.0000000 0.1121187 0.0000000 0.0000000 0.0000000 0.0000000 0.0397247 0.0000000 0.0000000 0.0000000
101 T 101 0.0000000 0.0000000 0.0000000 0.0509468 0.0777099 0.0000000 0.0000000 0.0000000 0.0000000 0.0000000 0.0324635 0.0000000 0.0000000 0.0000000 0.0000000 0.0000000 0.8388798 0.0000000 0.0000000 0.0000000
102 S 102 0.0231691 0.0000000 0.0000000 0.0000000 0.0000000 0.0000000 0.0000000 0.0000000 0.0000000 0.0000000 0.0000000 0.0000000 0.0000000 0.0000000 0.7151174 0.2395432 0.0221703 0.0000000 0.0000000 0.0000000
103 W 103 0.0714294 0.0000000 0.0250405 0.0000000 0.0000000 0.0000000 0.0000000 0.0459000 0.0000000 0.0000000 0.2358652 0.0000000 0.0000000 0.0201893 0.0000000 0.0000000 0.0222194 0.5515337 0.0000000 0.0278225
104 C 104 0.0000000 0.0000000 0.0000000 0.0000000 0.2116825 0.0000000 0.0000000 0.0000000 0.0000000 0.0000000 0.0447523 0.0250626 0.0000000 0.6559200 0.0000000 0.0434645 0.0000000 0.0000000 0.0191180 0.0000000
105 G 105 0.0237119 0.0967777 0.0000000 0.0000000 0.0000000 0.0000000 0.0000000 0.5882486 0.0000000 0.0000000 0.0000000 0.0000000 0.0000000 0.0000000 0.0434645 0.0831941 0.1054901 0.0245666 0.0000000 0.0345464
106 V 106 0.0000000 0.0000000 0.0000000 0.0530599 0.0000000 0.0000000 0.0000000 0.0000000 0.0000000 0.0733224 0.0625826 0.0250626 0.2753179 0.0000000 0.0000000 0.0000000 0.0000000 0.0000000 0.0000000 0.5106546
107 N 107 0.0000000 0.0678569 0.7454020 0.0000000 0.0000000 0.0191180 0.0434645 0.0530599 0.0000000 0.0000000 0.0000000 0.0263462 0.0000000 0.0000000 0.0000000 0.0447523 0.0000000 0.0000000 0.0000000 0.0000000
108 V 108 0.0504067 0.0000000 0.0000000 0.0000000 0.0000000 0.0000000 0.0000000 0.0000000 0.0000000 0.1612410 0.0738864 0.0000000 0.0279080 0.0000000 0.0000000 0.0000000 0.0000000 0.0000000 0.0000000 0.6865579
109 L 109 0.5323251 0.0454736 0.0000000 0.0000000 0.0000000 0.0000000 0.0000000 0.0875966 0.0514149 0.0468209 0.1456722 0.0000000 0.0000000 0.0000000 0.0000000 0.0149019 0.0202823 0.0000000 0.0000000 0.0555125
110 W 110 0.0000000 0.0000000 0.0000000 0.0468209 0.0000000 0.0000000 0.0000000 0.0000000 0.0000000 0.0000000 0.0000000 0.0000000 0.0000000 0.0555125 0.0000000 0.0000000 0.0000000 0.8521930 0.0454736 0.0000000
111 L 111 0.0000000 0.3817986 0.0000000 0.0000000 0.0000000 0.1202721 0.0361432 0.0000000 0.0514149 0.0685373 0.1260173 0.0340625 0.0000000 0.0000000 0.0555125 0.0000000 0.0870652 0.0000000 0.0202823 0.0188941
112 F 112 0.0000000 0.0000000 0.0000000 0.0000000 0.0000000 0.0000000 0.0000000 0.0000000 0.0000000 0.0000000 0.0257022 0.0000000 0.0000000 0.9742978 0.0000000 0.0000000 0.0000000 0.0000000 0.0000000 0.0000000
113 T 113 0.0363000 0.0968885 0.0000000 0.0000000 0.0000000 0.0000000 0.0000000 0.0298344 0.0000000 0.2685198 0.3372854 0.0468209 0.0000000 0.0000000 0.0000000 0.0000000 0.1285527 0.0000000 0.0000000 0.0557981
114 L 114 0.0000000 0.0000000 0.0000000 0.0000000 0.0000000 0.0000000 0.0000000 0.0000000 0.0000000 0.1119146 0.8558129 0.0000000 0.0000000 0.0322725 0.0000000 0.0000000 0.0000000 0.0000000 0.0000000 0.0000000
115 N 115 0.0000000 0.0000000 0.8313062 0.1230925 0.0000000 0.0202135 0.0000000 0.0000000 0.0000000 0.0000000 0.0000000 0.0000000 0.0000000 0.0000000 0.0000000 0.0000000 0.0253878 0.0000000 0.0000000 0.0000000
116 Q 116 0.0575176 0.0000000 0.0394874 0.0305160 0.0000000 0.1154722 0.1400412 0.0000000 0.0000000 0.0504067 0.0000000 0.0000000 0.0000000 0.0000000 0.4711176 0.0735332 0.0000000 0.0000000 0.0219081 0.0000000
117 E 117 0.0000000 0.0251438 0.0941577 0.0609793 0.0000000 0.3666762 0.3030906 0.0292494 0.0000000 0.0000000 0.0146588 0.0413296 0.0000000 0.0000000 0.0000000 0.0000000 0.0647145 0.0000000 0.0000000 0.0000000
118 K 118 0.0000000 0.0718228 0.1260761 0.0199346 0.0000000 0.0690648 0.0000000 0.4955349 0.0191946 0.0000000 0.0000000 0.1526129 0.0000000 0.0000000 0.0000000 0.0187358 0.0000000 0.0000000 0.0000000 0.0270235
119 Q 119 0.0000000 0.0000000 0.0000000 0.0000000 0.0000000 0.2964591 0.2914018 0.0000000 0.0000000 0.0000000 0.0000000 0.3617324 0.0000000 0.0000000 0.0000000 0.0504067 0.0000000 0.0000000 0.0000000 0.0000000
120 I 120 0.0000000 0.0000000 0.0000000 0.0000000 0.0000000 0.0000000 0.0000000 0.0000000 0.0000000 0.9891454 0.0000000 0.0000000 0.0000000 0.0000000 0.0000000 0.0000000 0.0000000 0.0000000 0.0000000 0.0108546
121 I 121 0.1259691 0.0000000 0.0264387 0.0000000 0.0000000 0.0000000 0.0201181 0.0000000 0.0000000 0.1901446 0.0400808 0.0000000 0.0000000 0.2714028 0.0000000 0.0208413 0.0726852 0.0000000 0.1132056 0.1191138
122 H 122 0.0283237 0.0995586 0.0208413 0.0000000 0.0000000 0.0000000 0.0338252 0.0000000 0.0750531 0.0000000 0.0000000 0.0000000 0.0000000 0.3954820 0.0000000 0.2446091 0.0000000 0.0000000 0.0758965 0.0264105
123 T 123 0.0558136 0.0000000 0.0000000 0.0000000 0.0000000 0.0000000 0.0000000 0.0000000 0.0000000 0.0000000 0.1172816 0.0000000 0.0000000 0.0000000 0.0000000 0.0313328 0.1451993 0.0000000 0.0000000 0.6503727
124 Q 124 0.4150338 0.0210443 0.0000000 0.0477073 0.0000000 0.0766280 0.1219756 0.0148403 0.0539404 0.0000000 0.0000000 0.1456525 0.0000000 0.0000000 0.0000000 0.0000000 0.1031777 0.0000000 0.0000000 0.0000000
125 I 125 0.0000000 0.0000000 0.0000000 0.0000000 0.0000000 0.0000000 0.0000000 0.0000000 0.0000000 0.6297873 0.1121797 0.0000000 0.0000000 0.0000000 0.0000000 0.0000000 0.0000000 0.0000000 0.0000000 0.2580329
126 K 126 0.0000000 0.0539404 0.0475338 0.4029347 0.0000000 0.0000000 0.0000000 0.0000000 0.0000000 0.0000000 0.0000000 0.4478837 0.0000000 0.0000000 0.0000000 0.0477073 0.0000000 0.0000000 0.0000000 0.0000000
127 L 127 0.0000000 0.0000000 0.0000000 0.0000000 0.0000000 0.0000000 0.0000000 0.0000000 0.0000000 0.0000000 0.9342773 0.0000000 0.0517171 0.0000000 0.0000000 0.0000000 0.0000000 0.0000000 0.0000000 0.0140056
128 L 128 0.0000000 0.0000000 0.0000000 0.0000000 0.0000000 0.0000000 0.0000000 0.0000000 0.0000000 0.0000000 0.9433573 0.0000000 0.0000000 0.0000000 0.0000000 0.0000000 0.0000000 0.0000000 0.0000000 0.0566427
129 A 129 0.9265303 0.0000000 0.0000000 0.0000000 0.0000000 0.0000000 0.0000000 0.0552471 0.0000000 0.0000000 0.0000000 0.0000000 0.0000000 0.0000000 0.0000000 0.0000000 0.0182227 0.0000000 0.0000000 0.0000000
130 S 130 0.0611569 0.0000000 0.0000000 0.0000000 0.0000000 0.0000000 0.0000000 0.0000000 0.0000000 0.0000000 0.0000000 0.0398182 0.0000000 0.0000000 0.0000000 0.8514496 0.0475752 0.0000000 0.0000000 0.0000000
131 P 131 0.0494046 0.0000000 0.0000000 0.0000000 0.0000000 0.0000000 0.0000000 0.0000000 0.0000000 0.0000000 0.2810648 0.0000000 0.0566427 0.0000000 0.5825212 0.0000000 0.0303667 0.0000000 0.0000000 0.0000000
132 Q 132 0.1070072 0.0000000 0.0409760 0.0123502 0.0000000 0.4464286 0.1729832 0.0000000 0.0000000 0.0000000 0.0000000 0.1863957 0.0000000 0.0000000 0.0000000 0.0000000 0.0338591 0.0000000 0.0000000 0.0000000
133 E 133 0.0000000 0.0000000 0.0000000 0.0499805 0.0000000 0.0000000 0.9161604 0.0000000 0.0000000 0.0000000 0.0000000 0.0000000 0.0000000 0.0000000 0.0338591 0.0000000 0.0000000 0.0000000 0.0000000 0.0000000
134 L 134 0.0000000 0.0000000 0.0000000 0.0000000 0.0000000 0.0000000 0.0000000 0.0000000 0.0000000 0.0000000 1.0000000 0.0000000 0.0000000 0.0000000 0.0000000 0.0000000 0.0000000 0.0000000 0.0000000 0.0000000
135 L 135 0.0221964 0.0000000 0.0000000 0.0000000 0.0000000 0.0000000 0.0000000 0.0000000 0.0000000 0.0338591 0.7715896 0.0000000 0.0283496 0.0291389 0.0000000 0.0187525 0.0000000 0.0000000 0.0000000 0.0961139
136 A 136 0.1095088 0.0000000 0.5020710 0.0000000 0.0000000 0.0000000 0.0000000 0.0000000 0.0000000 0.0000000 0.0000000 0.2106382 0.0000000 0.0000000 0.0905247 0.0872573 0.0000000 0.0000000 0.0000000 0.0000000
137 L 137 0.0000000 0.0000000 0.0000000 0.0000000 0.0000000 0.0000000 0.0000000 0.0000000 0.0000000 0.0000000 0.8139820 0.0000000 0.0387292 0.1122798 0.0000000 0.0000000 0.0000000 0.0000000 0.0350090 0.0000000
138 R 138 0.1264892 0.4963723 0.0000000 0.0000000 0.0000000 0.0933867 0.0000000 0.0407826 0.0000000 0.0172990 0.0000000 0.1151935 0.0233783 0.0000000 0.0000000 0.0000000 0.0174333 0.0000000 0.0000000 0.0696651
139 R 139 0.0441662 0.6245244 0.0353605 0.0000000 0.0000000 0.0205017 0.0000000 0.0000000 0.0000000 0.0000000 0.0000000 0.0000000 0.0000000 0.0000000 0.1611776 0.1142696 0.0000000 0.0000000 0.0000000 0.0000000
140 E 140 0.0000000 0.0000000 0.0000000 0.0725307 0.0000000 0.0963599 0.3284334 0.0000000 0.0000000 0.0000000 0.0000000 0.2300190 0.0000000 0.0000000 0.1595294 0.1131276 0.0000000 0.0000000 0.0000000 0.0000000
141 Q 141 0.0000000 0.0000000 0.0762178 0.0000000 0.0000000 0.2744735 0.0000000 0.0000000 0.1237007 0.0000000 0.0000000 0.2421887 0.0000000 0.0000000 0.0000000 0.1798381 0.1035812 0.0000000 0.0000000 0.0000000
142 H 142 0.0000000 0.0000000 0.0000000 0.1385746 0.0000000 0.0000000 0.0000000 0.0000000 0.3115541 0.0000000 0.0000000 0.4304236 0.0000000 0.0000000 0.0000000 0.0000000 0.0000000 0.0000000 0.1194476 0.0000000
143 H 143 0.0000000 0.1598912 0.0000000 0.0000000 0.0000000 0.0000000 0.2375716 0.0000000 0.6025372 0.0000000 0.0000000 0.0000000 0.0000000 0.0000000 0.0000000 0.0000000 0.0000000 0.0000000 0.0000000 0.0000000
144 H 144 0.0000000 0.0000000 0.0000000 0.0000000 0.0000000 0.0000000 0.0000000 0.0000000 0.6370816 0.0000000 0.0000000 0.0000000 0.0000000 0.0000000 0.0000000 0.0000000 0.0000000 0.0000000 0.3629184 0.0000000
145 H 145 0.0000000 0.0000000 0.0000000 0.0000000 0.0000000 0.0000000 0.0000000 0.0000000 1.0000000 0.0000000 0.0000000 0.0000000 0.0000000 0.0000000 0.0000000 0.0000000 0.0000000 0.0000000 0.0000000 0.0000000
146 H 146 0.0000000 0.0000000 0.0000000 0.0000000 0.0000000 0.0000000 0.0000000 0.0000000 1.0000000 0.0000000 0.0000000 0.0000000 0.0000000 0.0000000 0.0000000 0.0000000 0.0000000 0.0000000 0.0000000 0.0000000
147 H 147 0.0000000 0.0000000 0.0000000 0.0000000 0.0000000 0.0000000 0.0000000 0.0000000 1.0000000 0.0000000 0.0000000 0.0000000 0.0000000 0.0000000 0.0000000 0.0000000 0.0000000 0.0000000 0.0000000 0.0000000
148 H 148 0.0000000 0.0000000 0.0000000 0.0000000 0.0000000 0.0000000 0.0000000 0.0000000 1.0000000 0.0000000 0.0000000 0.0000000 0.0000000 0.0000000 0.0000000 0.0000000 0.0000000 0.0000000 0.0000000 0.0000000
