   68         A         R         N         D         C         Q         E         G         H         I         L         K         M         F         P         S         T         W         Y         V         X    
  1 A   1 0.2486675 0.0000000 0.0000000 0.0000000 0.0000000 0.0000000 0.0000000 0.0000000 0.0000000 0.0000000 0.0000000 0.0000000 0.0000000 0.0000000 0.0000000 0.1074079 0.0000000 0.0000000 0.0000000 0.0000000 0.6439246
  2 E   2 0.0021500 0.0023031 0.0000000 0.0729565 0.0000000 0.0421153 0.6828201 0.0000000 0.0000000 0.0000000 0.0000000 0.0039204 0.0000000 0.0000000 0.0000000 0.0000000 0.0106535 0.0000000 0.0000000 0.0000000 0.1830811
  3 L   3 0.0036454 0.0000000 0.0000000 0.0000000 0.0000000 0.0000000 0.0019766 0.0000000 0.0000000 0.2723983 0.3748255 0.0000000 0.0199502 0.0360801 0.0000000 0.0000000 0.0033086 0.0000000 0.0058674 0.2079805 0.0739673
  4 Q   4 0.0316399 0.1512024 0.0288722 0.0678722 0.0020219 0.2279195 0.0929219 0.0043164 0.0152103 0.0062370 0.0298386 0.1945046 0.0046941 0.0010952 0.0021038 0.0169170 0.0122218 0.0044604 0.0298542 0.0062204 0.0698761
  5 D   5 0.0543787 0.0623694 0.0282647 0.1909459 0.0000000 0.1313153 0.2388416 0.0196861 0.0028245 0.0108502 0.0146530 0.0842272 0.0218471 0.0000000 0.0000000 0.0507739 0.0206481 0.0013444 0.0000000 0.0000000 0.0670299
  6 M   6 0.0752792 0.0019204 0.0000000 0.0000000 0.0035223 0.0019605 0.0042488 0.0000000 0.0154354 0.1356571 0.2331594 0.0000000 0.4201317 0.0017747 0.0000000 0.0000000 0.0012232 0.0074586 0.0092289 0.0308483 0.0581514
  7 I   7 0.0117168 0.0027177 0.0000000 0.0000000 0.0000000 0.0037240 0.0000000 0.0000000 0.0000000 0.4160411 0.0936734 0.0067152 0.1965834 0.1159762 0.0000000 0.0020513 0.0033931 0.0000000 0.0037445 0.0898369 0.0538263
  8 N   8 0.1022914 0.0918530 0.1759394 0.1071029 0.0043664 0.0613028 0.1352071 0.0102240 0.0140820 0.0014691 0.0141395 0.0979669 0.0063001 0.0028309 0.0000000 0.0930273 0.0167456 0.0000000 0.0043488 0.0081401 0.0526627
  9 E   9 0.1358019 0.0135820 0.0041014 0.1000309 0.0000000 0.0375572 0.4539203 0.0073197 0.0027466 0.0192842 0.0679854 0.0197848 0.0056004 0.0024961 0.0029529 0.0295703 0.0169768 0.0000000 0.0024736 0.0256219 0.0521935
 10 V  10 0.2180867 0.0000000 0.0019352 0.0000000 0.0029627 0.0000000 0.0000000 0.0143461 0.0165400 0.1395726 0.0343321 0.0000000 0.0202838 0.1027852 0.0000000 0.0101094 0.0044389 0.0000000 0.0240931 0.3558506 0.0546638
 11 D  11 0.0000000 0.0026009 0.0074935 0.8995464 0.0000000 0.0022700 0.0132930 0.0084171 0.0000000 0.0000000 0.0000000 0.0099494 0.0000000 0.0000000 0.0000000 0.0000000 0.0000000 0.0000000 0.0022692 0.0000000 0.0541606
 12 A  12 0.1518364 0.0281740 0.0036896 0.0108158 0.0054702 0.0411670 0.0445373 0.0058602 0.0034518 0.0767446 0.0363100 0.1694325 0.0106341 0.0051867 0.0311549 0.0384398 0.1335127 0.0000000 0.0046068 0.1398833 0.0590922
 13 D  13 0.0021224 0.0000000 0.0802344 0.7558160 0.0000000 0.0059335 0.0563069 0.0035429 0.0032157 0.0043645 0.0000000 0.0040959 0.0000000 0.0016552 0.0000000 0.0086067 0.0104037 0.0032675 0.0000000 0.0027384 0.0576962
 14 G  14 0.0104726 0.0203347 0.1222075 0.0097324 0.0019423 0.0152311 0.0159172 0.6507580 0.0090551 0.0000000 0.0041292 0.0554538 0.0000000 0.0020434 0.0015547 0.0289326 0.0028113 0.0020911 0.0000000 0.0000000 0.0473331
 15 N  15 0.0013732 0.0086601 0.3101815 0.2415360 0.0000000 0.0031697 0.0081414 0.0025722 0.0000000 0.0051447 0.0042289 0.0202870 0.0026094 0.0017550 0.0060984 0.2678169 0.0661033 0.0000000 0.0000000 0.0029892 0.0473331
 16 G  16 0.0030313 0.0059293 0.0073002 0.0059612 0.0000000 0.0000000 0.0042942 0.8927925 0.0042854 0.0000000 0.0000000 0.0087927 0.0028309 0.0022780 0.0024306 0.0061242 0.0018607 0.0000000 0.0000000 0.0047558 0.0473331
 17 T  17 0.0398989 0.0687821 0.0159491 0.0033051 0.0198685 0.0395788 0.0897700 0.0092092 0.0099506 0.0104176 0.0360068 0.0758247 0.0142124 0.0368185 0.0042567 0.0727957 0.3353760 0.0026094 0.0375795 0.0298838 0.0479067
 18 I  18 0.0050919 0.0000000 0.0000000 0.0000000 0.0027604 0.0000000 0.0000000 0.0000000 0.0000000 0.6735230 0.1085293 0.0000000 0.0155695 0.0059573 0.0000000 0.0000000 0.0043721 0.0000000 0.0043645 0.1344934 0.0453387
 19 D  19 0.0180699 0.0059336 0.0941120 0.5624788 0.0028489 0.0045201 0.0863642 0.0074398 0.0062409 0.0000000 0.0024306 0.0032675 0.0000000 0.0000000 0.0016298 0.1134898 0.0386218 0.0000000 0.0078490 0.0014356 0.0432675
 20 F  20 0.0256505 0.0000000 0.0000000 0.0000000 0.0158598 0.0031523 0.0027783 0.0041775 0.0021152 0.0162995 0.0505116 0.0149413 0.0049511 0.5490217 0.0015158 0.0046544 0.0089725 0.0037434 0.2300531 0.0183345 0.0432675
 21 P  21 0.0367871 0.0289854 0.0718962 0.1182024 0.0000000 0.0622001 0.2033904 0.0685027 0.0072760 0.0181571 0.0147321 0.0649145 0.0020018 0.0022578 0.1229459 0.0744580 0.0453351 0.0000000 0.0025991 0.0112008 0.0441573
 22 E  22 0.0027384 0.0000000 0.0038881 0.0839385 0.0000000 0.0106728 0.7920970 0.0141088 0.0000000 0.0000000 0.0000000 0.0068422 0.0000000 0.0000000 0.0000000 0.0076202 0.0271890 0.0000000 0.0000000 0.0061658 0.0447394
 23 F  23 0.0000000 0.0000000 0.0000000 0.0026071 0.0000000 0.0000000 0.0000000 0.0000000 0.0000000 0.0000000 0.0519757 0.0000000 0.0000000 0.8521443 0.0000000 0.0026160 0.0000000 0.0000000 0.0052289 0.0054942 0.0799338
 24 L  24 0.0198411 0.0127097 0.0049793 0.0000000 0.0627169 0.0015495 0.0142875 0.0379381 0.0013172 0.1234281 0.4296683 0.0085046 0.0194710 0.0155998 0.0000000 0.0038623 0.0098726 0.0014931 0.0025017 0.1889695 0.0412897
 25 T  25 0.2124566 0.0390430 0.0510972 0.0448023 0.0140263 0.0561895 0.0711112 0.0229658 0.0337915 0.0176124 0.0100179 0.0457882 0.0104965 0.0010017 0.0066048 0.0712152 0.1989130 0.0000000 0.0255949 0.0267359 0.0405361
 26 M  26 0.1629733 0.0031138 0.0000000 0.0015334 0.0059067 0.0000000 0.0037274 0.0148356 0.0000000 0.1143690 0.2135012 0.0026565 0.2641303 0.0103185 0.0050919 0.0078018 0.0037294 0.0029007 0.0043645 0.1343857 0.0446602
 27 M  27 0.0600637 0.0000000 0.0147846 0.0000000 0.0000000 0.0000000 0.0000000 0.0044211 0.0091681 0.0234856 0.0527292 0.0038859 0.5607342 0.0067297 0.0000000 0.0061860 0.1254033 0.0000000 0.0119561 0.0572685 0.0631840
 28 A  28 0.1832333 0.0367024 0.0038127 0.0017280 0.0065665 0.0233497 0.0157534 0.0347354 0.0173589 0.0291510 0.0600339 0.0244631 0.0979697 0.0021852 0.0016775 0.1624877 0.1409077 0.0059898 0.0048785 0.0719276 0.0750878
 29 R  29 0.0448554 0.2709214 0.0486988 0.0298504 0.0013952 0.0648913 0.0291881 0.0117700 0.1167886 0.0170733 0.0203198 0.1354624 0.0227818 0.0019852 0.0200463 0.0361093 0.0316014 0.0000000 0.0020391 0.0468518 0.0473702
 30 K  30 0.0313760 0.1174439 0.0179331 0.0157071 0.0039638 0.0846741 0.0116455 0.0377271 0.0339135 0.0119884 0.0085822 0.3277173 0.0242711 0.0564876 0.0047978 0.0350019 0.0093529 0.0018736 0.0062496 0.0055789 0.1537147
 31 M  31 0.0157388 0.0109092 0.0244822 0.0067759 0.0068473 0.0235643 0.0094077 0.0105455 0.0246256 0.0772502 0.2400692 0.0197311 0.3039104 0.0066327 0.0119031 0.0454597 0.0242119 0.0000000 0.0297418 0.0317236 0.0764700
 32 K  32 0.0540211 0.0919280 0.0984335 0.0190235 0.0000000 0.0633799 0.0257589 0.1217821 0.0092388 0.0162822 0.0207474 0.2656293 0.0029951 0.0021168 0.0113205 0.0663940 0.0309163 0.0000000 0.0000000 0.0330568 0.0669758
 33 D  33 0.0259287 0.0293338 0.0310701 0.1755209 0.0014096 0.0865380 0.2288544 0.0608688 0.0053391 0.0024786 0.0121370 0.1146180 0.0026515 0.0254683 0.0187124 0.0548778 0.0132125 0.0000000 0.0078287 0.0041849 0.0989667
 34 T  34 0.0442988 0.0787122 0.0475563 0.0418866 0.0009692 0.0350146 0.0942218 0.0332067 0.0092231 0.0380527 0.0816507 0.0952766 0.0575281 0.0205888 0.0329922 0.0413483 0.1333960 0.0045856 0.0216352 0.0278742 0.0599823
 35 D  35 0.0372235 0.0025751 0.0524801 0.3952948 0.0022134 0.0209465 0.1499669 0.0417566 0.0033764 0.0137529 0.0368981 0.0060522 0.0135547 0.0059706 0.0385250 0.0336164 0.0239644 0.0031138 0.0169139 0.0165523 0.0852525
 36 S  36 0.0391975 0.1056087 0.0595106 0.0263211 0.0031667 0.0523909 0.0513491 0.0084599 0.0092630 0.0073106 0.0078672 0.0735564 0.0012770 0.0062631 0.0880845 0.2084149 0.1476332 0.0000000 0.0080170 0.0246436 0.0716652
 37 E  37 0.0196012 0.0301401 0.0134104 0.1091158 0.0000000 0.0311701 0.5004691 0.0037237 0.0020266 0.0157116 0.0155630 0.1172836 0.0269018 0.0000000 0.0062278 0.0014319 0.0154488 0.0000000 0.0011284 0.0203626 0.0702835
 38 E  38 0.0505047 0.0183194 0.0065461 0.1302719 0.0000000 0.0628430 0.5445983 0.0107672 0.0020166 0.0016660 0.0034339 0.0514615 0.0000000 0.0000000 0.0000000 0.0301767 0.0160530 0.0000000 0.0000000 0.0057611 0.0655805
 39 E  39 0.0018142 0.0114030 0.0469691 0.0973080 0.0011589 0.0281655 0.5046056 0.0076953 0.1015996 0.0085989 0.0081548 0.0546247 0.0102863 0.0029529 0.0000000 0.0083340 0.0119081 0.0013820 0.0089853 0.0160377 0.0680161
 40 I  40 0.0017187 0.0016437 0.0000000 0.0000000 0.0083244 0.0000000 0.0000000 0.0000000 0.0000000 0.2771188 0.4866739 0.0000000 0.0380624 0.0504177 0.0039982 0.0208112 0.0058365 0.0024602 0.0041396 0.0293180 0.0694769
 41 R  41 0.0182013 0.3268217 0.0060364 0.0058452 0.0031138 0.0611534 0.0187746 0.0000000 0.0174726 0.0325512 0.1191876 0.1544750 0.0324961 0.0304675 0.0064545 0.0179708 0.0082066 0.0152693 0.0332957 0.0232272 0.0689795
 42 E  42 0.0998910 0.0241774 0.0310661 0.0867792 0.0000000 0.0491227 0.3190132 0.0028263 0.0095318 0.0073891 0.0378030 0.2108032 0.0056002 0.0129236 0.0000000 0.0157198 0.0154709 0.0000000 0.0000000 0.0054782 0.0664045
 43 A  43 0.7260721 0.0038191 0.0000000 0.0042488 0.0096462 0.0000000 0.0053653 0.0091371 0.0000000 0.0248537 0.0248018 0.0000000 0.0831680 0.0014894 0.0000000 0.0093360 0.0038844 0.0000000 0.0017854 0.0300078 0.0623850
 44 F  44 0.0000000 0.0000000 0.0000000 0.0000000 0.0000000 0.0000000 0.0000000 0.0000000 0.0033098 0.0471763 0.0214407 0.0000000 0.0242422 0.8198772 0.0000000 0.0000000 0.0022602 0.0043440 0.0039806 0.0098354 0.0635335
 45 R  45 0.0428411 0.3485286 0.0490304 0.0322491 0.0032157 0.0912656 0.0310966 0.0039580 0.0114116 0.0000000 0.0224063 0.1743992 0.0088614 0.0029461 0.0021755 0.0918238 0.0126765 0.0000000 0.0043877 0.0021415 0.0645851
 46 V  46 0.0356532 0.0048722 0.0018320 0.0213942 0.0042235 0.0092525 0.0577639 0.0000000 0.0202368 0.0859172 0.1833756 0.0060537 0.0636239 0.0416033 0.0000000 0.0013295 0.0140483 0.0012471 0.0884615 0.2948037 0.0643080
 47 F  47 0.0238899 0.0000000 0.0000000 0.0000000 0.0037294 0.0000000 0.0000000 0.0000000 0.0000000 0.0384742 0.0292117 0.0000000 0.0023234 0.6987704 0.0000000 0.0085373 0.0099238 0.0059898 0.0750282 0.0348216 0.0693003
 48 D  48 0.0050020 0.0000000 0.0000000 0.9167031 0.0000000 0.0000000 0.0039340 0.0000000 0.0000000 0.0000000 0.0000000 0.0000000 0.0000000 0.0000000 0.0000000 0.0000000 0.0034717 0.0000000 0.0000000 0.0000000 0.0708891
 49 K  49 0.0287045 0.0952217 0.0047609 0.0829747 0.0000000 0.0544876 0.0279350 0.0032563 0.0071844 0.0291437 0.0400185 0.4357893 0.0221761 0.0099676 0.0050632 0.0115785 0.0214066 0.0041802 0.0019984 0.0435410 0.0706120
 50 D  50 0.0079549 0.0016885 0.1174977 0.6843684 0.0000000 0.0088632 0.0765125 0.0033946 0.0117391 0.0000000 0.0000000 0.0070562 0.0000000 0.0000000 0.0000000 0.0025723 0.0059898 0.0000000 0.0017508 0.0000000 0.0706120
 51 G  51 0.0200898 0.0266664 0.1245331 0.0251585 0.0067309 0.0486323 0.0327042 0.5335010 0.0094670 0.0000000 0.0048160 0.0699452 0.0022134 0.0000000 0.0000000 0.0221145 0.0015149 0.0000000 0.0021668 0.0000000 0.0697460
 52 N  52 0.0060582 0.0187634 0.2829618 0.2388380 0.0000000 0.0059540 0.0041802 0.0016394 0.0081007 0.0000000 0.0071189 0.0298753 0.0000000 0.0000000 0.0000000 0.1966948 0.1295094 0.0000000 0.0000000 0.0000000 0.0703058
 53 G  53 0.0000000 0.0000000 0.0042812 0.0027974 0.0000000 0.0000000 0.0026831 0.9120015 0.0000000 0.0000000 0.0000000 0.0000000 0.0000000 0.0000000 0.0000000 0.0050881 0.0000000 0.0024862 0.0000000 0.0000000 0.0706624
 54 Y  54 0.0212323 0.0313819 0.0137973 0.0000000 0.0103980 0.0188566 0.0151435 0.0029387 0.0259269 0.0047194 0.0383519 0.1109296 0.0075984 0.1894534 0.0000000 0.0572267 0.0737118 0.0000000 0.2884878 0.0191833 0.0706624
 55 I  55 0.0057679 0.0000000 0.0000000 0.0000000 0.0042812 0.0000000 0.0000000 0.0000000 0.0025013 0.8363770 0.0177096 0.0000000 0.0059898 0.0080484 0.0000000 0.0000000 0.0000000 0.0000000 0.0000000 0.0483853 0.0709395
 56 S  56 0.0075967 0.0000000 0.0334914 0.0980455 0.0062892 0.0059076 0.0486479 0.0088707 0.0094115 0.0000000 0.0030375 0.0127146 0.0104257 0.0024858 0.0166412 0.3911546 0.2743406 0.0000000 0.0000000 0.0000000 0.0709395
 57 A  57 0.2252839 0.0490641 0.0190940 0.0038840 0.0024976 0.0143144 0.0193582 0.0030071 0.0093751 0.0494172 0.0476518 0.0761568 0.0187455 0.1332159 0.0402957 0.0393616 0.0636119 0.0113412 0.0237377 0.0795806 0.0710056
 58 A  58 0.1382357 0.0253098 0.0477607 0.2019619 0.0000000 0.0448518 0.1877482 0.0378722 0.0040557 0.0042124 0.0050517 0.1021234 0.0038153 0.0024609 0.0134317 0.0752573 0.0242441 0.0012441 0.0020862 0.0072714 0.0710056
 59 E  59 0.0085434 0.0000000 0.0899899 0.0796916 0.0037698 0.0046898 0.7038355 0.0000000 0.0025605 0.0000000 0.0000000 0.0067660 0.0000000 0.0000000 0.0000000 0.0051930 0.0063643 0.0000000 0.0042235 0.0118447 0.0725279
 60 L  60 0.0000000 0.0050919 0.0000000 0.0000000 0.0000000 0.0000000 0.0000000 0.0000000 0.0000000 0.0505941 0.7097346 0.0000000 0.0176018 0.1395695 0.0000000 0.0000000 0.0000000 0.0000000 0.0000000 0.0045977 0.0728104
 61 R  61 0.0216008 0.3101264 0.0043681 0.0010442 0.0241499 0.0647054 0.0605571 0.0523426 0.0190996 0.0171975 0.0331375 0.2268499 0.0084191 0.0200284 0.0000000 0.0175017 0.0025247 0.0000000 0.0048206 0.0382777 0.0732489
 62 H  62 0.0545464 0.1515378 0.0356692 0.0477732 0.0030004 0.1244163 0.0907789 0.0024961 0.1586845 0.0104934 0.0127868 0.0384440 0.0115967 0.0143161 0.0018971 0.0462710 0.0661258 0.0046702 0.0304228 0.0186710 0.0754022
 63 V  63 0.1816362 0.0000000 0.0039982 0.0000000 0.0030091 0.0000000 0.0015603 0.0045952 0.0000000 0.1107188 0.0383553 0.0154354 0.0875486 0.0100085 0.0000000 0.0174230 0.0132879 0.0000000 0.0033212 0.4285028 0.0805994
 64 M  64 0.1025800 0.0042488 0.0000000 0.0000000 0.0425185 0.0000000 0.0000000 0.0000000 0.0000000 0.0099981 0.3093495 0.0000000 0.3863183 0.0129860 0.0000000 0.0087875 0.0185231 0.0015346 0.0023026 0.0181318 0.0827214
 65 T  65 0.0732294 0.1515209 0.0121614 0.0079014 0.0106757 0.0346831 0.0286153 0.0200139 0.0190495 0.0291170 0.0079056 0.1886161 0.0316310 0.0025077 0.0000000 0.0623302 0.1972794 0.0000000 0.0034122 0.0148424 0.1045078
 66 N  66 0.0415264 0.0239491 0.1686756 0.0228671 0.0178205 0.0255148 0.2117264 0.0133077 0.0262430 0.0050527 0.0065843 0.0586905 0.0166802 0.0032774 0.0030767 0.1605381 0.0423758 0.0000000 0.0013119 0.0040975 0.1466843
 67 L  67 0.0033219 0.0000000 0.0030433 0.0068311 0.0031361 0.0036742 0.0027884 0.0000000 0.0110930 0.0476228 0.4987787 0.0036312 0.0850159 0.0623592 0.0025931 0.0052685 0.0134767 0.0029627 0.0198620 0.0122312 0.2123100
 68 G  68 0.0000000 0.0000000 0.0000000 0.0000000 0.0000000 0.0000000 0.0000000 0.6650551 0.0000000 0.0000000 0.0000000 0.0000000 0.0000000 0.0000000 0.0000000 0.0000000 0.0000000 0.0000000 0.0000000 0.0000000 0.3349449
