   68         A         R         N         D         C         Q         E         G         H         I         L         K         M         F         P         S         T         W         Y         V    
  1 A   1 0.7080722 0.0000000 0.0000000 0.0000000 0.0000000 0.0000000 0.0000000 0.0000000 0.0000000 0.0000000 0.0000000 0.0000000 0.0000000 0.0000000 0.0000000 0.2919278 0.0000000 0.0000000 0.0000000 0.0000000
  2 E   2 0.0028194 0.0026022 0.0000000 0.0864943 0.0000000 0.0513182 0.8425168 0.0000000 0.0000000 0.0000000 0.0000000 0.0049815 0.0000000 0.0000000 0.0000000 0.0000000 0.0092675 0.0000000 0.0000000 0.0000000
  3 L   3 0.0036977 0.0000000 0.0000000 0.0000000 0.0000000 0.0000000 0.0022570 0.0000000 0.0000000 0.2890281 0.4181103 0.0000000 0.0211786 0.0392828 0.0000000 0.0000000 0.0037124 0.0000000 0.0063731 0.2163600
  4 Q   4 0.0344500 0.1632309 0.0312946 0.0596247 0.0021801 0.2655099 0.0905172 0.0047668 0.0162767 0.0072447 0.0331246 0.2060234 0.0050958 0.0011927 0.0023373 0.0183317 0.0127111 0.0049876 0.0342439 0.0068563
  5 D   5 0.0592839 0.0674017 0.0303679 0.2233068 0.0000000 0.1438636 0.2295609 0.0202940 0.0030956 0.0115299 0.0158442 0.0925870 0.0228702 0.0000000 0.0000000 0.0556545 0.0228504 0.0014894 0.0000000 0.0000000
  6 M   6 0.0795499 0.0020952 0.0000000 0.0000000 0.0037939 0.0021243 0.0046150 0.0000000 0.0170095 0.1340477 0.2526496 0.0000000 0.4524131 0.0019295 0.0000000 0.0000000 0.0013468 0.0080258 0.0100661 0.0303335
  7 I   7 0.0129428 0.0029231 0.0000000 0.0000000 0.0000000 0.0040772 0.0000000 0.0000000 0.0000000 0.4317909 0.0993509 0.0073120 0.2127156 0.1217227 0.0000000 0.0022078 0.0036759 0.0000000 0.0040736 0.0972076
  8 N   8 0.1075046 0.0829466 0.2064194 0.1110254 0.0048100 0.0650332 0.1435271 0.0096660 0.0152541 0.0015576 0.0154269 0.1008744 0.0067072 0.0030622 0.0000000 0.0950967 0.0176538 0.0000000 0.0046490 0.0087860
  9 E   9 0.1462739 0.0146296 0.0044944 0.1071684 0.0000000 0.0395437 0.4733920 0.0081126 0.0026235 0.0200656 0.0708082 0.0211006 0.0058379 0.0026673 0.0031690 0.0317624 0.0183237 0.0000000 0.0026353 0.0273921
 10 V  10 0.2211815 0.0000000 0.0021004 0.0000000 0.0032127 0.0000000 0.0000000 0.0153431 0.0181677 0.1502375 0.0376655 0.0000000 0.0219033 0.1079159 0.0000000 0.0109086 0.0043475 0.0000000 0.0261203 0.3808961
 11 D  11 0.0000000 0.0029198 0.0081873 0.9492615 0.0000000 0.0025094 0.0144536 0.0092058 0.0000000 0.0000000 0.0000000 0.0109228 0.0000000 0.0000000 0.0000000 0.0000000 0.0000000 0.0000000 0.0025397 0.0000000
 12 A  12 0.1798968 0.0287154 0.0040186 0.0116765 0.0060064 0.0331616 0.0467389 0.0058018 0.0033756 0.0778370 0.0378589 0.1831214 0.0114364 0.0056103 0.0343403 0.0404461 0.1350715 0.0000000 0.0049624 0.1499241
 13 D  13 0.0023261 0.0000000 0.0827605 0.8011069 0.0000000 0.0065499 0.0616058 0.0038683 0.0035488 0.0048248 0.0000000 0.0044728 0.0000000 0.0017150 0.0000000 0.0094243 0.0112647 0.0034959 0.0000000 0.0030363
 14 G  14 0.0111421 0.0215489 0.1127896 0.0103681 0.0021049 0.0161824 0.0168043 0.6970508 0.0088776 0.0000000 0.0043084 0.0587153 0.0000000 0.0021883 0.0016825 0.0309914 0.0029970 0.0022484 0.0000000 0.0000000
 15 N  15 0.0014718 0.0094096 0.3476480 0.2214880 0.0000000 0.0033833 0.0088658 0.0026790 0.0000000 0.0056598 0.0045339 0.0220111 0.0027989 0.0018828 0.0062824 0.2867585 0.0718864 0.0000000 0.0000000 0.0032406
 16 G  16 0.0033013 0.0063197 0.0075657 0.0064181 0.0000000 0.0000000 0.0046470 0.9352004 0.0046706 0.0000000 0.0000000 0.0095591 0.0030477 0.0024621 0.0026248 0.0071041 0.0020271 0.0000000 0.0000000 0.0050523
 17 T  17 0.0428318 0.0543273 0.0170106 0.0036027 0.0207989 0.0333195 0.0922102 0.0098440 0.0107228 0.0109624 0.0388758 0.0791638 0.0151805 0.0390122 0.0045676 0.0776775 0.3755043 0.0028022 0.0396469 0.0319388
 18 I  18 0.0057115 0.0000000 0.0000000 0.0000000 0.0030119 0.0000000 0.0000000 0.0000000 0.0000000 0.7062430 0.1151330 0.0000000 0.0166923 0.0064756 0.0000000 0.0000000 0.0047897 0.0000000 0.0047633 0.1371798
 19 D  19 0.0199570 0.0065937 0.0853649 0.5960667 0.0030490 0.0047708 0.0915946 0.0079946 0.0067302 0.0000000 0.0026152 0.0034450 0.0000000 0.0000000 0.0017119 0.1194739 0.0406476 0.0000000 0.0084369 0.0015478
 20 F  20 0.0262533 0.0000000 0.0000000 0.0000000 0.0165451 0.0033986 0.0022774 0.0042762 0.0019331 0.0171439 0.0535669 0.0158098 0.0052596 0.6001055 0.0015940 0.0047852 0.0094791 0.0040438 0.2141536 0.0193749
 21 P  21 0.0392892 0.0308470 0.0687598 0.1180358 0.0000000 0.0634410 0.2012701 0.0736237 0.0077609 0.0197163 0.0157597 0.0679661 0.0021631 0.0023938 0.1493470 0.0777149 0.0472913 0.0000000 0.0027593 0.0118609
 22 E  22 0.0030468 0.0000000 0.0042489 0.0934021 0.0000000 0.0117748 0.8194872 0.0153340 0.0000000 0.0000000 0.0000000 0.0076204 0.0000000 0.0000000 0.0000000 0.0083645 0.0300310 0.0000000 0.0000000 0.0066901
 23 F  23 0.0000000 0.0000000 0.0000000 0.0028852 0.0000000 0.0000000 0.0000000 0.0000000 0.0000000 0.0000000 0.0569235 0.0000000 0.0000000 0.9243441 0.0000000 0.0031474 0.0000000 0.0000000 0.0063418 0.0063581
 24 L  24 0.0208344 0.0132502 0.0054549 0.0000000 0.0623036 0.0016474 0.0155101 0.0399185 0.0014284 0.1315627 0.4760710 0.0085914 0.0172745 0.0164864 0.0000000 0.0041746 0.0105680 0.0015891 0.0023410 0.1709937
 25 T  25 0.2088073 0.0398391 0.0548123 0.0477367 0.0146117 0.0543684 0.0724743 0.0243280 0.0347956 0.0184936 0.0106180 0.0448486 0.0111898 0.0010629 0.0067807 0.0753729 0.2243209 0.0000000 0.0272500 0.0282891
 26 M  26 0.1733410 0.0032861 0.0000000 0.0015325 0.0063359 0.0000000 0.0040154 0.0152305 0.0000000 0.1226788 0.2273635 0.0028322 0.2672247 0.0110664 0.0057212 0.0082333 0.0039393 0.0031359 0.0047715 0.1392918
 27 M  27 0.0628444 0.0000000 0.0161454 0.0000000 0.0000000 0.0000000 0.0000000 0.0046277 0.0094364 0.0253865 0.0558935 0.0043706 0.5949790 0.0067139 0.0000000 0.0067097 0.1381417 0.0000000 0.0131008 0.0616505
 28 A  28 0.2195210 0.0299822 0.0041299 0.0019008 0.0072330 0.0164729 0.0172896 0.0373750 0.0194861 0.0316915 0.0670939 0.0250730 0.1038869 0.0033937 0.0015128 0.1774913 0.1463957 0.0067351 0.0053528 0.0779830
 29 R  29 0.0406800 0.3020395 0.0507157 0.0301219 0.0014837 0.0682050 0.0310570 0.0122536 0.1266109 0.0186556 0.0219425 0.1280771 0.0245762 0.0021235 0.0207098 0.0348616 0.0340445 0.0000000 0.0021868 0.0496552
 30 K  30 0.0359798 0.1352508 0.0208602 0.0177062 0.0047442 0.1003166 0.0138158 0.0350471 0.0399032 0.0143113 0.0101390 0.4028163 0.0289572 0.0666370 0.0053674 0.0413883 0.0104410 0.0022205 0.0074771 0.0066210
 31 M  31 0.0160913 0.0116406 0.0209866 0.0066536 0.0052133 0.0253813 0.0099208 0.0102454 0.0266923 0.0846161 0.2582137 0.0216447 0.3441650 0.0060976 0.0124154 0.0487780 0.0255388 0.0000000 0.0329500 0.0327556
 32 K  32 0.0540022 0.0990564 0.1070877 0.0205230 0.0000000 0.0673281 0.0268672 0.1270033 0.0091670 0.0126093 0.0205767 0.3042372 0.0026828 0.0023219 0.0089753 0.0721774 0.0312171 0.0000000 0.0000000 0.0341674
 33 D  33 0.0297264 0.0323844 0.0348170 0.2054815 0.0015808 0.0946082 0.2552486 0.0653279 0.0058331 0.0027117 0.0123829 0.1260482 0.0029201 0.0270858 0.0198709 0.0573545 0.0131905 0.0000000 0.0087266 0.0047008
 34 T  34 0.0450418 0.0841147 0.0504540 0.0450082 0.0010470 0.0324092 0.0938977 0.0345023 0.0098673 0.0409545 0.0861690 0.0990193 0.0598021 0.0223128 0.0337145 0.0435695 0.1602007 0.0049466 0.0230488 0.0299198
 35 D  35 0.0402910 0.0024557 0.0558537 0.4543509 0.0023862 0.0223534 0.1597889 0.0401430 0.0033914 0.0141664 0.0333226 0.0067031 0.0142027 0.0065998 0.0411648 0.0365724 0.0263842 0.0033825 0.0186767 0.0178107
 36 S  36 0.0428651 0.1172996 0.0648482 0.0285833 0.0034533 0.0477553 0.0552836 0.0090723 0.0102663 0.0080662 0.0087023 0.0765366 0.0014196 0.0069939 0.0953845 0.2282512 0.1580024 0.0000000 0.0092189 0.0279974
 37 E  37 0.0211439 0.0325352 0.0136640 0.1179981 0.0000000 0.0339066 0.5541488 0.0037364 0.0021966 0.0151994 0.0164020 0.1193943 0.0216199 0.0000000 0.0065504 0.0015689 0.0169169 0.0000000 0.0012010 0.0218176
 38 E  38 0.0523466 0.0172682 0.0070812 0.1410344 0.0000000 0.0629595 0.5956181 0.0115867 0.0022095 0.0017916 0.0037076 0.0480955 0.0000000 0.0000000 0.0000000 0.0320125 0.0180209 0.0000000 0.0000000 0.0062678
 39 E  39 0.0019100 0.0120003 0.0513569 0.1065636 0.0012656 0.0286443 0.5435069 0.0076819 0.1098359 0.0092402 0.0087724 0.0549891 0.0109657 0.0031900 0.0000000 0.0091176 0.0130166 0.0014604 0.0095443 0.0169384
 40 I  40 0.0018383 0.0018124 0.0000000 0.0000000 0.0087471 0.0000000 0.0000000 0.0000000 0.0000000 0.3132885 0.5247216 0.0000000 0.0416214 0.0370661 0.0043585 0.0215109 0.0063675 0.0024854 0.0044869 0.0316954
 41 R  41 0.0196298 0.3469118 0.0063405 0.0062803 0.0033760 0.0660612 0.0201039 0.0000000 0.0188471 0.0363498 0.1333857 0.1588933 0.0358705 0.0352413 0.0069612 0.0196519 0.0089832 0.0150023 0.0366702 0.0254400
 42 E  42 0.1090684 0.0258924 0.0322505 0.0944057 0.0000000 0.0517433 0.3372141 0.0030226 0.0106602 0.0079617 0.0404500 0.2287528 0.0060415 0.0132496 0.0000000 0.0168235 0.0165759 0.0000000 0.0000000 0.0058878
 43 A  43 0.7764065 0.0039267 0.0000000 0.0045844 0.0100025 0.0000000 0.0057741 0.0107149 0.0000000 0.0265268 0.0260328 0.0000000 0.0870239 0.0016092 0.0000000 0.0096233 0.0042072 0.0000000 0.0018824 0.0316855
 44 F  44 0.0000000 0.0000000 0.0000000 0.0000000 0.0000000 0.0000000 0.0000000 0.0000000 0.0037197 0.0489084 0.0227661 0.0000000 0.0259488 0.8769813 0.0000000 0.0000000 0.0024462 0.0047922 0.0041046 0.0103328
 45 R  45 0.0447897 0.3729666 0.0528447 0.0310946 0.0035868 0.0992589 0.0336134 0.0043650 0.0124999 0.0000000 0.0244898 0.1914525 0.0095989 0.0030564 0.0023925 0.0931892 0.0136925 0.0000000 0.0047415 0.0023672
 46 V  46 0.0389572 0.0051738 0.0019632 0.0217049 0.0045123 0.0098838 0.0614464 0.0000000 0.0218315 0.0915964 0.1756380 0.0064455 0.0669993 0.0451190 0.0000000 0.0013963 0.0151435 0.0013618 0.0963579 0.3344693
 47 F  47 0.0257595 0.0000000 0.0000000 0.0000000 0.0039760 0.0000000 0.0000000 0.0000000 0.0000000 0.0407004 0.0308693 0.0000000 0.0025610 0.7532195 0.0000000 0.0096942 0.0108806 0.0065927 0.0790734 0.0366734
 48 D  48 0.0062092 0.0000000 0.0000000 0.9845203 0.0000000 0.0000000 0.0049223 0.0000000 0.0000000 0.0000000 0.0000000 0.0000000 0.0000000 0.0000000 0.0000000 0.0000000 0.0043481 0.0000000 0.0000000 0.0000000
 49 K  49 0.0274108 0.1033297 0.0052056 0.0917542 0.0000000 0.0597405 0.0302031 0.0035357 0.0078666 0.0313018 0.0428082 0.4717244 0.0232221 0.0104804 0.0054241 0.0125087 0.0210576 0.0045103 0.0021536 0.0457626
 50 D  50 0.0087339 0.0018519 0.1265658 0.7355428 0.0000000 0.0096864 0.0821255 0.0036472 0.0127943 0.0000000 0.0000000 0.0077416 0.0000000 0.0000000 0.0000000 0.0028313 0.0066017 0.0000000 0.0018776 0.0000000
 51 G  51 0.0208355 0.0291626 0.1329748 0.0272803 0.0073702 0.0532790 0.0362929 0.5718654 0.0100923 0.0000000 0.0053188 0.0749658 0.0023411 0.0000000 0.0000000 0.0242748 0.0016431 0.0000000 0.0023034 0.0000000
 52 N  52 0.0067621 0.0207264 0.3086254 0.2441351 0.0000000 0.0064921 0.0045829 0.0018226 0.0095248 0.0000000 0.0078455 0.0332830 0.0000000 0.0000000 0.0000000 0.2148620 0.1413380 0.0000000 0.0000000 0.0000000
 53 G  53 0.0000000 0.0000000 0.0049554 0.0032518 0.0000000 0.0000000 0.0030992 0.9800313 0.0000000 0.0000000 0.0000000 0.0000000 0.0000000 0.0000000 0.0000000 0.0057416 0.0000000 0.0029206 0.0000000 0.0000000
 54 Y  54 0.0207530 0.0342119 0.0147584 0.0000000 0.0073051 0.0193515 0.0156932 0.0031831 0.0278068 0.0051892 0.0418051 0.1206576 0.0079011 0.2053393 0.0000000 0.0565396 0.0706266 0.0000000 0.3290378 0.0198407
 55 I  55 0.0065013 0.0000000 0.0000000 0.0000000 0.0050384 0.0000000 0.0000000 0.0000000 0.0028626 0.8967875 0.0191676 0.0000000 0.0067116 0.0090536 0.0000000 0.0000000 0.0000000 0.0000000 0.0000000 0.0538773
 56 S  56 0.0084284 0.0000000 0.0370074 0.1004857 0.0069604 0.0065523 0.0525294 0.0097169 0.0103678 0.0000000 0.0033544 0.0141863 0.0116099 0.0027354 0.0183067 0.4332928 0.2844662 0.0000000 0.0000000 0.0000000
 57 A  57 0.2629533 0.0524318 0.0199358 0.0042187 0.0023740 0.0150613 0.0209464 0.0032376 0.0099214 0.0541525 0.0511316 0.0741984 0.0200666 0.1437815 0.0447418 0.0430386 0.0586131 0.0123849 0.0248041 0.0820066
 58 A  58 0.1684170 0.0263005 0.0515528 0.2184755 0.0000000 0.0484733 0.1926164 0.0402443 0.0039584 0.0045347 0.0054798 0.0981208 0.0040202 0.0026377 0.0143619 0.0821312 0.0264723 0.0013388 0.0031003 0.0077639
 59 E  59 0.0093675 0.0000000 0.1005671 0.0880857 0.0041730 0.0051873 0.7523672 0.0000000 0.0028768 0.0000000 0.0000000 0.0073492 0.0000000 0.0000000 0.0000000 0.0057568 0.0069755 0.0000000 0.0046221 0.0126718
 60 L  60 0.0000000 0.0058933 0.0000000 0.0000000 0.0000000 0.0000000 0.0000000 0.0000000 0.0000000 0.0571292 0.7608559 0.0000000 0.0196479 0.1511649 0.0000000 0.0000000 0.0000000 0.0000000 0.0000000 0.0053086
 61 R  61 0.0237610 0.3433197 0.0048075 0.0011142 0.0268079 0.0728726 0.0666602 0.0381675 0.0216859 0.0185321 0.0354523 0.2472715 0.0093459 0.0212999 0.0000000 0.0192954 0.0027663 0.0000000 0.0051973 0.0416428
 62 H  62 0.0590485 0.1618013 0.0387676 0.0508509 0.0032898 0.1338848 0.0959649 0.0026982 0.1926807 0.0104817 0.0135681 0.0428340 0.0126540 0.0157764 0.0020668 0.0503930 0.0587089 0.0050796 0.0329011 0.0165499
 63 V  63 0.1941771 0.0000000 0.0044040 0.0000000 0.0032357 0.0000000 0.0017114 0.0049413 0.0000000 0.1210928 0.0421210 0.0171997 0.0936482 0.0108614 0.0000000 0.0187286 0.0148238 0.0000000 0.0035801 0.4694749
 64 M  64 0.1134156 0.0046767 0.0000000 0.0000000 0.0480535 0.0000000 0.0000000 0.0000000 0.0000000 0.0110158 0.3365036 0.0000000 0.4171260 0.0144764 0.0000000 0.0099693 0.0203372 0.0017246 0.0025576 0.0201438
 65 T  65 0.0821509 0.1438371 0.0138388 0.0089736 0.0120634 0.0387534 0.0337773 0.0221566 0.0211916 0.0333318 0.0088814 0.2122472 0.0358476 0.0028303 0.0000000 0.0696134 0.2399470 0.0000000 0.0038686 0.0166899
 66 N  66 0.0429741 0.0280032 0.2202604 0.0269597 0.0210266 0.0309817 0.2514375 0.0155553 0.0310254 0.0059495 0.0078084 0.0688967 0.0188873 0.0039204 0.0036504 0.1668199 0.0493675 0.0000000 0.0015702 0.0049059
 67 L  67 0.0042769 0.0000000 0.0039352 0.0087687 0.0039942 0.0045913 0.0034965 0.0000000 0.0143548 0.0609669 0.6300955 0.0047152 0.1067233 0.0811727 0.0031954 0.0067241 0.0167434 0.0037866 0.0257201 0.0167394
 68 G  68 0.0000000 0.0000000 0.0000000 0.0000000 0.0000000 0.0000000 0.0000000 1.0000000 0.0000000 0.0000000 0.0000000 0.0000000 0.0000000 0.0000000 0.0000000 0.0000000 0.0000000 0.0000000 0.0000000 0.0000000
