   80         A         R         N         D         C         Q         E         G         H         I         L         K         M         F         P         S         T         W         Y         V    
  1 N   1 0.0000000 0.0000000 0.0062511 0.0212861 0.0000000 0.0000000 0.0000000 0.9627771 0.0000000 0.0000000 0.0000000 0.0000000 0.0000000 0.0000000 0.0000000 0.0096857 0.0000000 0.0000000 0.0000000 0.0000000
  2 E   2 0.0501831 0.1130715 0.0049348 0.0015805 0.0000000 0.1470840 0.2263487 0.0039347 0.0155903 0.0031147 0.0421221 0.3525998 0.0042824 0.0055225 0.0087318 0.0080940 0.0050541 0.0000000 0.0050525 0.0026987
  3 Q   3 0.2462849 0.1054899 0.0094630 0.0406998 0.0000000 0.1187731 0.1788199 0.0099222 0.0180849 0.0121778 0.0176637 0.1269518 0.0000000 0.0020130 0.0079227 0.0334296 0.0529090 0.0000000 0.0019466 0.0174481
  4 L   4 0.0263615 0.0015844 0.0000000 0.0018789 0.0000000 0.0017068 0.0016467 0.0000000 0.0017147 0.1277387 0.6632197 0.0104417 0.0095537 0.0056006 0.0000000 0.0000000 0.0096508 0.0017094 0.0054993 0.1316930
  5 A   5 0.2361126 0.0000000 0.0000000 0.0000000 0.0000000 0.0000000 0.0000000 0.0000000 0.0028670 0.0662199 0.0578425 0.0000000 0.0382910 0.4280389 0.0000000 0.0059658 0.0090075 0.0373174 0.0558059 0.0625314
  6 K   6 0.0872690 0.0607022 0.0781438 0.0465698 0.0000000 0.1353117 0.1809082 0.0295899 0.0017484 0.0159440 0.0449811 0.1467017 0.0150699 0.0082582 0.0000000 0.0474359 0.0572308 0.0000000 0.0144952 0.0296400
  7 Q   7 0.1355673 0.0809889 0.0180167 0.0217966 0.0000000 0.1698188 0.0683290 0.0405680 0.0132548 0.0063128 0.0322725 0.1934896 0.0057514 0.0013466 0.0000000 0.1204664 0.0584531 0.0120295 0.0130249 0.0085129
  8 K   8 0.0338918 0.0406857 0.2350636 0.0000000 0.0000000 0.0568461 0.0147912 0.0295854 0.0400688 0.0040011 0.0378536 0.2117277 0.0223841 0.0152246 0.0000000 0.1421573 0.0125195 0.0137599 0.0839743 0.0054653
  9 G   9 0.1010849 0.0171264 0.1985326 0.0933259 0.0000000 0.0256609 0.0043800 0.3702193 0.0279067 0.0123555 0.0097615 0.0060034 0.0069966 0.0000000 0.0160389 0.0477324 0.0503092 0.0044697 0.0000000 0.0080962
 10 C  10 0.0000000 0.0000000 0.0000000 0.0000000 1.0000000 0.0000000 0.0000000 0.0000000 0.0000000 0.0000000 0.0000000 0.0000000 0.0000000 0.0000000 0.0000000 0.0000000 0.0000000 0.0000000 0.0000000 0.0000000
 11 M  11 0.2036558 0.0105430 0.0303464 0.0000000 0.0000000 0.0100686 0.0025747 0.0508400 0.0000000 0.0911812 0.1350366 0.0403260 0.1103941 0.0518032 0.0057546 0.0643312 0.0876527 0.0068034 0.0144238 0.0842648
 12 A  12 0.3501255 0.0165718 0.0412352 0.0083982 0.0000000 0.0423743 0.0075820 0.2341503 0.0015894 0.0050790 0.0058648 0.0233698 0.0140974 0.0162532 0.0000000 0.1408477 0.0692585 0.0017389 0.0029951 0.0184689
 13 C  13 0.0000000 0.0000000 0.0000000 0.0000000 1.0000000 0.0000000 0.0000000 0.0000000 0.0000000 0.0000000 0.0000000 0.0000000 0.0000000 0.0000000 0.0000000 0.0000000 0.0000000 0.0000000 0.0000000 0.0000000
 14 H  14 0.0000000 0.0000000 0.0000000 0.0000000 0.0000000 0.0000000 0.0000000 0.0000000 1.0000000 0.0000000 0.0000000 0.0000000 0.0000000 0.0000000 0.0000000 0.0000000 0.0000000 0.0000000 0.0000000 0.0000000
 15 D  15 0.2471250 0.0359299 0.0221882 0.0379262 0.0000000 0.0558355 0.0082050 0.1374343 0.0104944 0.0030417 0.0062753 0.0816667 0.0170200 0.0031465 0.0000000 0.1674232 0.1461453 0.0000000 0.0000000 0.0201429
 16 L  16 0.0629514 0.0068571 0.0153783 0.0163083 0.0000000 0.0197959 0.0319409 0.0153489 0.0025725 0.2142258 0.1167422 0.0142277 0.0418217 0.0153622 0.0648275 0.0240708 0.0496607 0.0000000 0.0197801 0.2681281
 17 K  17 0.1079312 0.0115856 0.0668681 0.4640862 0.0000000 0.0229121 0.0988303 0.0635416 0.0040012 0.0042359 0.0013280 0.0260239 0.0120301 0.0033657 0.0134149 0.0383294 0.0447250 0.0000000 0.0084360 0.0083550
 18 A  18 0.1228096 0.0843780 0.0330327 0.0150823 0.0000000 0.0555842 0.0476589 0.2200887 0.0196083 0.0048270 0.0117005 0.1772075 0.0125725 0.0022950 0.0234735 0.0892377 0.0571712 0.0000000 0.0049136 0.0183586
 19 K  19 0.0661108 0.1032012 0.0286931 0.0384107 0.0000000 0.0280825 0.0280200 0.1495823 0.0117792 0.0040074 0.0049345 0.3362222 0.0109471 0.0000000 0.0733397 0.0296368 0.0691908 0.0000000 0.0000000 0.0178416
 20 K  20 0.0485585 0.0500617 0.0192053 0.0090997 0.0000000 0.0207552 0.0059201 0.1787168 0.0110630 0.0375828 0.1528970 0.0918156 0.0670195 0.0416779 0.0159752 0.0837892 0.0372910 0.0000000 0.0337355 0.0948359
 21 V  21 0.0701718 0.0233096 0.0121632 0.0105800 0.0000000 0.0036316 0.0035394 0.0061294 0.0084737 0.1960719 0.0532143 0.0277393 0.0489795 0.0344007 0.0077642 0.0148205 0.0438580 0.0000000 0.0081550 0.4269978
 22 G  22 0.1283316 0.0000000 0.0000000 0.0000000 0.0028126 0.0000000 0.0000000 0.8511676 0.0000000 0.0000000 0.0000000 0.0000000 0.0000000 0.0037065 0.0000000 0.0109400 0.0000000 0.0000000 0.0030416 0.0000000
 23 P  23 0.0000000 0.0028292 0.0000000 0.0000000 0.0000000 0.0028625 0.0000000 0.0051276 0.0000000 0.0000000 0.0000000 0.0000000 0.0000000 0.0000000 0.9803202 0.0030168 0.0000000 0.0000000 0.0000000 0.0058436
 24 A  24 0.2272463 0.0038634 0.1072538 0.1155936 0.0000000 0.0016217 0.0403679 0.0388280 0.0000000 0.0000000 0.0048696 0.0045994 0.0041054 0.0000000 0.1087877 0.2785289 0.0583935 0.0000000 0.0034556 0.0024852
 25 Y  25 0.0025177 0.0019218 0.0000000 0.0000000 0.0000000 0.0000000 0.0000000 0.0000000 0.0020242 0.0143338 0.5052837 0.0000000 0.0123799 0.2294906 0.0113322 0.0020303 0.0070145 0.0812496 0.1057174 0.0247043
 26 A  26 0.1097225 0.0792384 0.0235242 0.0220858 0.0000000 0.0691406 0.0303918 0.0449039 0.0364569 0.0174715 0.0258145 0.2365742 0.0250480 0.0069644 0.0116101 0.0398227 0.1853553 0.0023090 0.0059304 0.0276357
 27 D  27 0.0563455 0.0262128 0.0755065 0.2314273 0.0000000 0.0521456 0.1360455 0.2290449 0.0661445 0.0079266 0.0049882 0.0363089 0.0052369 0.0062431 0.0017550 0.0188738 0.0233408 0.0058815 0.0036689 0.0129040
 28 V  28 0.0176919 0.0000000 0.0135578 0.0168874 0.0000000 0.0026107 0.0050007 0.0065919 0.0000000 0.3439006 0.1441107 0.0016120 0.0192956 0.0402632 0.0083262 0.0036927 0.0162295 0.0015633 0.0016598 0.3570059
 29 A  29 0.4608154 0.0113976 0.0079114 0.0137925 0.0000000 0.0272786 0.0129383 0.1310246 0.0171714 0.0110422 0.0375447 0.0213292 0.0187191 0.0327219 0.0016921 0.0578568 0.0271101 0.0220971 0.0651331 0.0224241
 30 K  30 0.1636498 0.0173946 0.0351627 0.0921195 0.0000000 0.0565211 0.1208152 0.1116463 0.0033444 0.0112173 0.0160162 0.1379001 0.0014982 0.0096457 0.0118310 0.0908614 0.0380406 0.0618675 0.0063264 0.0141419
 31 K  31 0.0153713 0.4525657 0.0056961 0.0074299 0.0000000 0.0206723 0.0084241 0.0048713 0.0196655 0.0297805 0.0593449 0.3345644 0.0057538 0.0037933 0.0000000 0.0172430 0.0053817 0.0000000 0.0016379 0.0078043
 32 Y  32 0.0069653 0.0960685 0.0218433 0.0176501 0.0000000 0.0170851 0.0412819 0.0059925 0.0376236 0.0049766 0.0302856 0.0199037 0.0029119 0.0237063 0.0065931 0.0166837 0.0479851 0.0231464 0.5637937 0.0155037
 33 A  33 0.1352077 0.1161091 0.0174115 0.0171197 0.0000000 0.0271921 0.0621770 0.1403749 0.0047402 0.0131326 0.0125249 0.1914510 0.0166973 0.0022958 0.0461399 0.0712715 0.0927362 0.0036476 0.0061787 0.0235923
 34 G  34 0.0418676 0.0113684 0.0812393 0.0875436 0.0000000 0.0119394 0.0308507 0.3849938 0.0123595 0.0682456 0.0458082 0.0475610 0.0038272 0.0082487 0.0130433 0.0514353 0.0713626 0.0026037 0.0114245 0.0142773
 35 R  35 0.0720118 0.0464953 0.1000552 0.1810039 0.0000000 0.0784937 0.0531772 0.0648114 0.0135312 0.0186383 0.0776818 0.1381909 0.0139420 0.0118795 0.0000000 0.0359995 0.0359050 0.0000000 0.0019103 0.0562730
 36 K  36 0.2260267 0.0398676 0.0226722 0.0323258 0.0000000 0.0267808 0.0996858 0.0278689 0.0092921 0.0045020 0.0068937 0.1362540 0.0077670 0.0024363 0.2213269 0.0517770 0.0425715 0.0105328 0.0055850 0.0258340
 37 D  37 0.0817061 0.0250625 0.1021859 0.2607318 0.0000000 0.0529739 0.0606998 0.1787054 0.0211075 0.0058412 0.0170897 0.0416465 0.0142151 0.0068112 0.0273719 0.0131186 0.0586212 0.0038990 0.0037744 0.0244383
 38 A  38 0.3447400 0.0043884 0.0650530 0.1716906 0.0000000 0.0024856 0.0079006 0.0600070 0.0038923 0.0186622 0.0320722 0.0034299 0.0077907 0.0110062 0.0078166 0.1149944 0.0925187 0.0000000 0.0101461 0.0414056
 39 V  39 0.1016404 0.0642047 0.0059983 0.0274128 0.0012662 0.0308041 0.2089144 0.0046655 0.0175197 0.0850501 0.0601204 0.0513015 0.0084618 0.0090592 0.1185090 0.0246804 0.0285191 0.0021334 0.0027292 0.1470098
 40 D  40 0.2637931 0.0060496 0.0459492 0.1536084 0.0000000 0.0348373 0.2887465 0.0455439 0.0012515 0.0022436 0.0068499 0.0454232 0.0053216 0.0069198 0.0188106 0.0299760 0.0281880 0.0017122 0.0023836 0.0123921
 41 Y  41 0.0413050 0.0269592 0.1152071 0.0112308 0.0000000 0.0537958 0.0349785 0.0204351 0.0284920 0.0113622 0.0270065 0.1061002 0.0580528 0.0429467 0.0022698 0.0228366 0.0803343 0.0948166 0.2044022 0.0174687
 42 L  42 0.0046196 0.0000000 0.0000000 0.0000000 0.0000000 0.0000000 0.0000000 0.0000000 0.0000000 0.1855935 0.6474195 0.0000000 0.0415013 0.0230986 0.0000000 0.0021828 0.0126237 0.0064185 0.0046657 0.0718769
 43 A  43 0.2411363 0.0990605 0.0059713 0.0037999 0.0000000 0.0205070 0.0472173 0.0041548 0.0297655 0.0969615 0.0200200 0.1049623 0.0472202 0.0227367 0.0031107 0.0321163 0.0543598 0.0035703 0.0208638 0.1424659
 44 G  44 0.1414385 0.0946108 0.0843947 0.0771591 0.0000000 0.0811704 0.1506394 0.0419411 0.0351810 0.0050226 0.0155095 0.1525898 0.0116997 0.0038591 0.0057613 0.0452686 0.0404653 0.0000000 0.0045739 0.0087152
 45 K  45 0.0464874 0.0180921 0.0196434 0.0000000 0.0000000 0.0236194 0.0112454 0.0111763 0.0282937 0.0178954 0.0204874 0.2196933 0.0257260 0.0656216 0.0061735 0.1504339 0.0561897 0.2342910 0.0274924 0.0174381
 46 I  46 0.0028218 0.0000000 0.0000000 0.0000000 0.0000000 0.0034798 0.0031983 0.0173349 0.0000000 0.6473716 0.1175893 0.0000000 0.0422771 0.0099254 0.0000000 0.0000000 0.0070461 0.0000000 0.0000000 0.1489555
 47 K  47 0.0602541 0.1956976 0.0107965 0.0029736 0.0000000 0.0261680 0.0237516 0.0019915 0.0109717 0.0958240 0.1404443 0.1714483 0.0328910 0.0155569 0.0000000 0.0305811 0.0904713 0.0027015 0.0133937 0.0740834
 48 K  48 0.0755292 0.0143847 0.2221051 0.1799768 0.0000000 0.0573120 0.0880883 0.0307834 0.0410882 0.0058566 0.0219674 0.1167202 0.0058216 0.0038796 0.0020493 0.0643641 0.0408643 0.0000000 0.0078927 0.0213164
 49 G  49 0.0283927 0.0043562 0.0314277 0.0000000 0.0000000 0.0267344 0.0096744 0.4345955 0.0000000 0.0020544 0.0000000 0.0061167 0.0051513 0.0000000 0.4078163 0.0316454 0.0065257 0.0000000 0.0034910 0.0020184
 50 G  50 0.0503386 0.0631870 0.0462175 0.0367324 0.0000000 0.1004095 0.0492589 0.2783191 0.0193426 0.0121213 0.0052930 0.0466664 0.0000000 0.0024759 0.0655188 0.1604166 0.0394847 0.0000000 0.0016093 0.0226084
 51 S  51 0.1827786 0.0537711 0.0329621 0.0158599 0.0042575 0.0607312 0.0280574 0.0320401 0.0249110 0.0078210 0.0168338 0.1641859 0.0327696 0.0055716 0.0693990 0.1775450 0.0496852 0.0000000 0.0035581 0.0372621
 52 G  52 0.0690937 0.0220385 0.0354718 0.0174488 0.0000000 0.0173987 0.0379290 0.4102234 0.0126088 0.0550000 0.0378963 0.0817027 0.0327380 0.0192797 0.0091101 0.0163003 0.0100799 0.0018201 0.0149113 0.0989487
 53 V  53 0.0649154 0.0508033 0.0837666 0.0080044 0.0000000 0.0066344 0.0345065 0.0312198 0.0503236 0.0982443 0.0158987 0.1921442 0.0118053 0.0113166 0.0070100 0.0307570 0.0240901 0.0063447 0.0034907 0.2687242
 54 W  54 0.0380839 0.0151051 0.0022565 0.0325760 0.0000000 0.0228176 0.0313626 0.0037268 0.0000000 0.0150791 0.0248109 0.0683669 0.0030937 0.0427639 0.1729278 0.0051812 0.0113268 0.3591915 0.0505129 0.1008170
 55 G  55 0.0320098 0.0105307 0.0367750 0.0617397 0.0000000 0.0321294 0.0452053 0.5752662 0.0028142 0.0000000 0.0021923 0.0694545 0.0000000 0.0082444 0.0962162 0.0154328 0.0085731 0.0018849 0.0015315 0.0000000
 56 S  56 0.0547180 0.0656791 0.1023515 0.1284917 0.0017293 0.0469121 0.0554011 0.1304556 0.0241975 0.0000000 0.0057777 0.0491154 0.0180757 0.0430128 0.0735994 0.0597622 0.0379836 0.0016796 0.0882779 0.0127797
 57 V  57 0.0791067 0.0552711 0.0243046 0.0086781 0.0031729 0.0159751 0.0221112 0.0714796 0.0057432 0.1018347 0.0392090 0.0115750 0.0559982 0.0242299 0.0983615 0.0505979 0.1343383 0.0024270 0.0491072 0.1464788
 58 P  58 0.1788128 0.0205860 0.0075306 0.0174240 0.0026754 0.0437219 0.0520590 0.0076882 0.0096881 0.0215728 0.0276938 0.0435683 0.0405693 0.0065830 0.3490183 0.0283643 0.0518059 0.0023377 0.0239912 0.0643092
 59 M  59 0.0000000 0.0000000 0.0000000 0.0000000 0.0000000 0.0032451 0.0232045 0.0046103 0.0000000 0.0000000 0.0000000 0.0000000 0.9595799 0.0000000 0.0000000 0.0000000 0.0053485 0.0040117 0.0000000 0.0000000
 60 P  60 0.0337537 0.0055396 0.0114735 0.0026445 0.0000000 0.0123068 0.0193254 0.0055813 0.0000000 0.0052245 0.0105712 0.0241800 0.0000000 0.0016784 0.7838524 0.0276086 0.0514127 0.0000000 0.0000000 0.0048472
 61 P  61 0.2792704 0.0207741 0.0842819 0.0415719 0.0000000 0.0282583 0.0272856 0.0311119 0.0109510 0.0020157 0.0061565 0.0384736 0.0000000 0.0018338 0.2561051 0.1082267 0.0439492 0.0000000 0.0016304 0.0181039
 62 Q  62 0.0314492 0.0000000 0.1499959 0.0105860 0.0000000 0.1460231 0.0118789 0.0271250 0.1159841 0.0096034 0.0513067 0.0083038 0.0593100 0.2180198 0.0050854 0.0040413 0.0172484 0.0165534 0.0948203 0.0226653
 63 N  63 0.0821720 0.0199914 0.0950826 0.0631028 0.0000000 0.2122051 0.0243757 0.0949491 0.0623172 0.0108499 0.0213343 0.1030840 0.0042020 0.0000000 0.1473654 0.0218382 0.0220973 0.0000000 0.0013919 0.0136411
 64 V  64 0.0157111 0.0017595 0.0000000 0.0000000 0.0000000 0.0039501 0.0026929 0.0038923 0.0015785 0.1425931 0.5388772 0.0027015 0.0617712 0.0214084 0.0072213 0.0020451 0.0000000 0.0000000 0.0148016 0.1789964
 65 T  65 0.0305269 0.0069419 0.0491645 0.0394856 0.0000000 0.0136943 0.0118250 0.0362718 0.0000000 0.0077349 0.0078530 0.0693564 0.0000000 0.0000000 0.0661727 0.4522238 0.2087492 0.0000000 0.0000000 0.0000000
 66 D  66 0.0666036 0.0109493 0.0219587 0.3263156 0.0000000 0.0257110 0.2611215 0.0264519 0.0015109 0.0000000 0.0081123 0.0496474 0.0061589 0.0018109 0.1478717 0.0174512 0.0198297 0.0000000 0.0032130 0.0052824
 67 A  67 0.2192000 0.0212508 0.0121220 0.1870362 0.0000000 0.0968109 0.2811851 0.0264282 0.0029447 0.0047026 0.0051356 0.0504210 0.0015139 0.0000000 0.0166777 0.0424163 0.0186089 0.0000000 0.0023958 0.0111503
 68 E  68 0.0075414 0.0060203 0.0157262 0.3305712 0.0000000 0.1578939 0.4146924 0.0078157 0.0033034 0.0000000 0.0000000 0.0237930 0.0056338 0.0000000 0.0000000 0.0083303 0.0121066 0.0022958 0.0000000 0.0042759
 69 A  69 0.3222871 0.0362869 0.0000000 0.0000000 0.0000000 0.0000000 0.0000000 0.0035732 0.0000000 0.2275061 0.2157804 0.0094171 0.0346853 0.0036157 0.0000000 0.0098888 0.0197696 0.0000000 0.0046755 0.1125144
 70 K  70 0.0588454 0.1580053 0.0460753 0.1584240 0.0000000 0.0646824 0.1062019 0.0265337 0.0470064 0.0086229 0.0413429 0.1915172 0.0079825 0.0000000 0.0021207 0.0295549 0.0351623 0.0099998 0.0013920 0.0065303
 71 Q  71 0.2853236 0.0234888 0.0757022 0.1688550 0.0033933 0.0666142 0.0808630 0.0149362 0.0093365 0.0216424 0.0279921 0.0744723 0.0043485 0.0000000 0.0000000 0.0473604 0.0708988 0.0000000 0.0000000 0.0247726
 72 L  72 0.0084006 0.0000000 0.0000000 0.0000000 0.0000000 0.0000000 0.0000000 0.0000000 0.0000000 0.2879572 0.4636718 0.0000000 0.0822420 0.0046842 0.0000000 0.0000000 0.0061394 0.0000000 0.0000000 0.1469048
 73 A  73 0.3864332 0.0000000 0.0019289 0.0000000 0.0000000 0.0031937 0.0114934 0.0014427 0.0000000 0.0999957 0.0933388 0.0000000 0.0055557 0.0022632 0.0024503 0.0231583 0.0349829 0.0000000 0.0058168 0.3279463
 74 Q  74 0.2945545 0.0437149 0.0260473 0.1038485 0.0000000 0.0763390 0.1783122 0.0244469 0.0132303 0.0035241 0.0114766 0.0937081 0.0053618 0.0000000 0.0020030 0.0672068 0.0392026 0.0000000 0.0079655 0.0090579
 75 W  75 0.0026401 0.0000000 0.0000000 0.0000000 0.0000000 0.0000000 0.0000000 0.0044263 0.0000000 0.0000000 0.0051715 0.0000000 0.0021936 0.1382255 0.0000000 0.0000000 0.0043152 0.2860960 0.5569318 0.0000000
 76 I  76 0.0018808 0.0000000 0.0000000 0.0000000 0.0000000 0.0000000 0.0022968 0.0000000 0.0000000 0.3912943 0.3306656 0.0000000 0.0501440 0.0163921 0.0000000 0.0000000 0.0052409 0.0000000 0.0035494 0.1985362
 77 L  77 0.0343319 0.0993460 0.0258614 0.0118408 0.0000000 0.0374296 0.0490572 0.0075600 0.0110908 0.0058619 0.4418338 0.1143559 0.0585256 0.0127096 0.0000000 0.0207547 0.0076689 0.0041458 0.0462967 0.0113295
 78 S  78 0.0869555 0.0018981 0.0147344 0.0093800 0.0000000 0.0234373 0.0229188 0.0541763 0.0067874 0.0000000 0.0039595 0.0222143 0.0027662 0.0000000 0.0000000 0.5586030 0.1898025 0.0000000 0.0000000 0.0023667
 79 I  79 0.0080811 0.0066179 0.0036108 0.0000000 0.0000000 0.1230959 0.0053566 0.0000000 0.0101770 0.0142504 0.7609356 0.0050490 0.0253851 0.0125661 0.0000000 0.0044286 0.0023755 0.0000000 0.0054561 0.0126143
 80 K  80 0.0000000 0.1486048 0.0000000 0.0000000 0.0000000 0.0000000 0.1057499 0.0000000 0.0000000 0.0000000 0.0000000 0.7456453 0.0000000 0.0000000 0.0000000 0.0000000 0.0000000 0.0000000 0.0000000 0.0000000
