   80         A         R         N         D         C         Q         E         G         H         I         L         K         M         F         P         S         T         W         Y         V         X    
  1 N   1 0.0000000 0.0000000 0.0036546 0.0138656 0.0000000 0.0000000 0.0000000 0.6647756 0.0000000 0.0000000 0.0000000 0.0000000 0.0000000 0.0000000 0.0000000 0.0058984 0.0000000 0.0000000 0.0000000 0.0000000 0.3118058
  2 E   2 0.0385743 0.0827547 0.0037911 0.0011537 0.0000000 0.1143002 0.1729030 0.0029602 0.0119697 0.0022344 0.0302734 0.2708503 0.0030870 0.0040955 0.0064585 0.0061292 0.0036225 0.0000000 0.0036894 0.0021697 0.2389832
  3 Q   3 0.2120757 0.0915731 0.0079784 0.0334926 0.0000000 0.0999521 0.1533251 0.0083005 0.0149928 0.0101416 0.0149608 0.1131405 0.0000000 0.0016708 0.0070161 0.0293263 0.0452188 0.0000000 0.0015994 0.0144984 0.1407371
  4 L   4 0.0228670 0.0013495 0.0000000 0.0017178 0.0000000 0.0014856 0.0015853 0.0000000 0.0015031 0.1151621 0.5878028 0.0091826 0.0080692 0.0047224 0.0000000 0.0000000 0.0082019 0.0014409 0.0049966 0.1160658 0.1138472
  5 A   5 0.2111346 0.0000000 0.0000000 0.0000000 0.0000000 0.0000000 0.0000000 0.0000000 0.0024454 0.0582576 0.0510246 0.0000000 0.0332659 0.3963419 0.0000000 0.0051148 0.0077707 0.0329465 0.0525447 0.0549534 0.0941999
  6 K   6 0.0774406 0.0542278 0.0706542 0.0399911 0.0000000 0.1193534 0.1601353 0.0251052 0.0015255 0.0139210 0.0392056 0.1307083 0.0127625 0.0070397 0.0000000 0.0403981 0.0492309 0.0000000 0.0126275 0.0258811 0.1197920
  7 Q   7 0.1237129 0.0751617 0.0157129 0.0204187 0.0000000 0.1611268 0.0605592 0.0359691 0.0117384 0.0057848 0.0289487 0.1721125 0.0050826 0.0011718 0.0000000 0.1065951 0.0533438 0.0107283 0.0114391 0.0078542 0.0925394
  8 K   8 0.0336025 0.0368808 0.2213962 0.0000000 0.0000000 0.0511484 0.0133473 0.0271882 0.0363243 0.0035293 0.0346169 0.1973124 0.0213786 0.0145111 0.0000000 0.1278082 0.0113991 0.0130676 0.0760643 0.0066501 0.0737746
  9 G   9 0.0763593 0.0134622 0.1599442 0.0696904 0.0000000 0.0194562 0.0034869 0.2855174 0.0224135 0.0094856 0.0074547 0.0045626 0.0052478 0.0000000 0.0119378 0.0365209 0.0423220 0.0035497 0.0000000 0.0063703 0.2222184
 10 C  10 0.0000000 0.0000000 0.0000000 0.0000000 0.9772412 0.0000000 0.0000000 0.0000000 0.0000000 0.0000000 0.0000000 0.0000000 0.0000000 0.0000000 0.0000000 0.0000000 0.0000000 0.0000000 0.0000000 0.0000000 0.0227588
 11 M  11 0.2061639 0.0099643 0.0287316 0.0000000 0.0000000 0.0098370 0.0024304 0.0482179 0.0000000 0.0875635 0.1346443 0.0377671 0.1061243 0.0490918 0.0053754 0.0627523 0.0883659 0.0065070 0.0137357 0.0837015 0.0190261
 12 A  12 0.3454019 0.0167783 0.0385406 0.0079183 0.0000000 0.0417464 0.0072933 0.2308031 0.0014932 0.0046952 0.0054568 0.0215994 0.0131586 0.0152875 0.0000000 0.1392337 0.0687533 0.0016465 0.0028520 0.0183156 0.0190261
 13 C  13 0.0000000 0.0000000 0.0000000 0.0000000 0.9809739 0.0000000 0.0000000 0.0000000 0.0000000 0.0000000 0.0000000 0.0000000 0.0000000 0.0000000 0.0000000 0.0000000 0.0000000 0.0000000 0.0000000 0.0000000 0.0190261
 14 H  14 0.0000000 0.0000000 0.0000000 0.0000000 0.0000000 0.0000000 0.0000000 0.0000000 0.9809739 0.0000000 0.0000000 0.0000000 0.0000000 0.0000000 0.0000000 0.0000000 0.0000000 0.0000000 0.0000000 0.0000000 0.0190261
 15 D  15 0.2429128 0.0338390 0.0230775 0.0383552 0.0000000 0.0549471 0.0077109 0.1418182 0.0099605 0.0028365 0.0062170 0.0792524 0.0162699 0.0029818 0.0000000 0.1579536 0.1406367 0.0000000 0.0000000 0.0193549 0.0218761
 16 L  16 0.0639215 0.0064379 0.0165068 0.0167723 0.0000000 0.0198098 0.0318836 0.0151216 0.0024743 0.2022129 0.1165826 0.0141519 0.0407616 0.0147583 0.0640785 0.0243233 0.0468080 0.0000000 0.0193594 0.2625008 0.0215349
 17 K  17 0.1047376 0.0107881 0.0671618 0.4583218 0.0000000 0.0218437 0.0951456 0.0614356 0.0037937 0.0041951 0.0012489 0.0243971 0.0113669 0.0032158 0.0125940 0.0394656 0.0425989 0.0000000 0.0080846 0.0080703 0.0215349
 18 A  18 0.1271751 0.0808695 0.0311462 0.0143218 0.0000000 0.0528345 0.0456813 0.2183577 0.0209133 0.0044638 0.0117955 0.1719565 0.0121196 0.0023546 0.0228951 0.0870518 0.0534747 0.0000000 0.0050367 0.0172615 0.0202906
 19 K  19 0.0628678 0.0996677 0.0273356 0.0368642 0.0000000 0.0299249 0.0276095 0.1470753 0.0113401 0.0038743 0.0046535 0.3359946 0.0112380 0.0000000 0.0684964 0.0281547 0.0650148 0.0000000 0.0000000 0.0172292 0.0226595
 20 K  20 0.0461988 0.0502222 0.0179283 0.0088347 0.0000000 0.0201908 0.0055888 0.1808688 0.0103602 0.0392275 0.1431006 0.0860920 0.0840475 0.0394754 0.0171191 0.0777051 0.0353083 0.0000000 0.0318077 0.0942123 0.0117120
 21 V  21 0.0679142 0.0215910 0.0119039 0.0103441 0.0000000 0.0034685 0.0033359 0.0061440 0.0079833 0.1889143 0.0511719 0.0269314 0.0480038 0.0323559 0.0071805 0.0141191 0.0434782 0.0000000 0.0086686 0.4348314 0.0116599
 22 G  22 0.1228084 0.0000000 0.0000000 0.0000000 0.0024442 0.0000000 0.0000000 0.8467395 0.0000000 0.0000000 0.0000000 0.0000000 0.0000000 0.0034632 0.0000000 0.0106065 0.0000000 0.0000000 0.0026571 0.0000000 0.0112812
 23 P  23 0.0000000 0.0025469 0.0000000 0.0000000 0.0000000 0.0025426 0.0000000 0.0047717 0.0000000 0.0000000 0.0000000 0.0000000 0.0000000 0.0000000 0.9688237 0.0026562 0.0000000 0.0000000 0.0000000 0.0055892 0.0130697
 24 A  24 0.2438656 0.0035968 0.1056818 0.1099880 0.0000000 0.0015931 0.0381121 0.0370477 0.0000000 0.0000000 0.0046015 0.0047623 0.0041692 0.0000000 0.1123313 0.2649104 0.0549899 0.0000000 0.0032282 0.0023137 0.0088085
 25 Y  25 0.0023691 0.0017905 0.0000000 0.0000000 0.0000000 0.0000000 0.0000000 0.0000000 0.0019792 0.0135469 0.5033456 0.0000000 0.0117716 0.2388807 0.0108792 0.0019135 0.0069189 0.0764519 0.1029954 0.0240843 0.0030733
 26 A  26 0.1048607 0.0960039 0.0227625 0.0240585 0.0000000 0.0694493 0.0317001 0.0425775 0.0346774 0.0164310 0.0243091 0.2317640 0.0236428 0.0066678 0.0116056 0.0378542 0.1805174 0.0022300 0.0056047 0.0265656 0.0067180
 27 D  27 0.0585401 0.0247124 0.0733354 0.2447856 0.0000000 0.0497240 0.1334409 0.2216126 0.0617229 0.0077738 0.0047177 0.0343737 0.0048670 0.0058058 0.0016424 0.0186767 0.0224674 0.0054736 0.0034427 0.0121649 0.0107204
 28 V  28 0.0172320 0.0000000 0.0133037 0.0167188 0.0000000 0.0024542 0.0048918 0.0071627 0.0000000 0.3406290 0.1365232 0.0015070 0.0176600 0.0377784 0.0079537 0.0034908 0.0161783 0.0014374 0.0015168 0.3478968 0.0256652
 29 A  29 0.4291062 0.0104672 0.0072046 0.0132267 0.0000000 0.0266447 0.0131051 0.1417504 0.0172518 0.0104721 0.0356006 0.0197344 0.0169067 0.0299808 0.0015458 0.0534709 0.0255874 0.0199515 0.0600680 0.0271816 0.0407435
 30 K  30 0.1517810 0.0345977 0.0316767 0.0849224 0.0000000 0.0516090 0.1208971 0.1010003 0.0033559 0.0101077 0.0144332 0.1290032 0.0013742 0.0088016 0.0117869 0.0853654 0.0348380 0.0605048 0.0057470 0.0132077 0.0449903
 31 K  31 0.0149490 0.4394492 0.0055290 0.0069011 0.0000000 0.0187385 0.0077997 0.0045563 0.0177319 0.0276634 0.0587969 0.3179504 0.0054467 0.0034316 0.0000000 0.0154179 0.0049646 0.0000000 0.0014739 0.0073878 0.0418120
 32 Y  32 0.0061919 0.0878097 0.0195189 0.0166799 0.0000000 0.0152596 0.0365596 0.0052175 0.0529348 0.0044629 0.0290820 0.0180915 0.0025283 0.0224135 0.0060206 0.0147256 0.0423575 0.0234878 0.5174536 0.0165491 0.0626556
 33 A  33 0.1375199 0.0987348 0.0154621 0.0150480 0.0000000 0.0230410 0.0532448 0.1247032 0.0041119 0.0111619 0.0115823 0.1663493 0.0146852 0.0020088 0.0405827 0.0625534 0.0783391 0.0036155 0.0054892 0.0232728 0.1084943
 34 G  34 0.0348389 0.0097722 0.0675612 0.0730398 0.0000000 0.0104407 0.0264844 0.3506507 0.0105686 0.0564280 0.0376501 0.0397107 0.0031018 0.0068417 0.0108775 0.0423497 0.0627057 0.0025812 0.0099552 0.0117989 0.1326430
 35 R  35 0.0583232 0.0381793 0.0830153 0.1497939 0.0000000 0.0849540 0.0480875 0.0519187 0.0117237 0.0154675 0.0631713 0.1166819 0.0110388 0.0094573 0.0000000 0.0305881 0.0308908 0.0000000 0.0016429 0.0460148 0.1490511
 36 K  36 0.1800745 0.0325406 0.0177174 0.0256391 0.0000000 0.0208798 0.0807861 0.0258561 0.0075403 0.0041930 0.0057135 0.1085198 0.0061524 0.0018932 0.2000557 0.0408174 0.0337946 0.0082183 0.0055951 0.0204344 0.1735787
 37 D  37 0.0631746 0.0200186 0.0787628 0.2248448 0.0000000 0.0422328 0.0475755 0.1479102 0.0172436 0.0052024 0.0148832 0.0326536 0.0114019 0.0056171 0.0213733 0.0101169 0.0460672 0.0032699 0.0029831 0.0189965 0.1856721
 38 A  38 0.3142846 0.0037636 0.0548176 0.1476281 0.0000000 0.0022221 0.0067157 0.0522998 0.0032818 0.0157174 0.0283486 0.0033020 0.0064297 0.0090884 0.0068054 0.1043700 0.0793137 0.0000000 0.0082945 0.0348935 0.1184237
 39 V  39 0.0873710 0.0580058 0.0051359 0.0235981 0.0011375 0.0265940 0.1850730 0.0225938 0.0148578 0.0766279 0.0507349 0.0485750 0.0072817 0.0078210 0.1059472 0.0217742 0.0246242 0.0019821 0.0023074 0.1269939 0.1009635
 40 D  40 0.2322264 0.0236394 0.0412188 0.1390158 0.0000000 0.0399126 0.2618399 0.0422162 0.0010759 0.0019626 0.0063121 0.0415319 0.0046493 0.0067323 0.0161834 0.0261810 0.0250963 0.0016072 0.0021768 0.0112329 0.0751893
 41 Y  41 0.0378582 0.0273191 0.1035737 0.0103731 0.0000000 0.0671904 0.0331462 0.0185693 0.0261592 0.0100841 0.0247067 0.0935762 0.0564640 0.0398058 0.0020214 0.0225756 0.0751407 0.0911347 0.1822761 0.0178734 0.0601521
 42 L  42 0.0041154 0.0000000 0.0000000 0.0000000 0.0000000 0.0000000 0.0000000 0.0000000 0.0000000 0.1767701 0.6378857 0.0000000 0.0387062 0.0215687 0.0000000 0.0020848 0.0129317 0.0063173 0.0043972 0.0675552 0.0276678
 43 A  43 0.2487447 0.0926823 0.0056594 0.0038289 0.0000000 0.0192534 0.0442749 0.0039442 0.0318088 0.0936756 0.0188289 0.1023627 0.0449130 0.0222979 0.0029093 0.0311463 0.0507984 0.0033359 0.0207537 0.1387661 0.0200156
 44 G  44 0.1528879 0.0878112 0.0876205 0.0725234 0.0000000 0.0792316 0.1464173 0.0386220 0.0334044 0.0046465 0.0147985 0.1491207 0.0116208 0.0035981 0.0056275 0.0447582 0.0382182 0.0000000 0.0042671 0.0080704 0.0167556
 45 K  45 0.0456247 0.0165899 0.0188942 0.0000000 0.0000000 0.0235558 0.0109728 0.0146247 0.0262105 0.0187254 0.0194197 0.2040841 0.0241716 0.0655281 0.0057503 0.1592960 0.0544151 0.2247838 0.0269765 0.0178388 0.0225381
 46 I  46 0.0026238 0.0000000 0.0000000 0.0000000 0.0000000 0.0032818 0.0029113 0.0173609 0.0000000 0.6424437 0.1142111 0.0000000 0.0388043 0.0093259 0.0000000 0.0000000 0.0068798 0.0000000 0.0000000 0.1410615 0.0210960
 47 K  47 0.0566736 0.1898601 0.0102430 0.0027872 0.0000000 0.0258780 0.0233224 0.0018271 0.0104290 0.0899956 0.1549253 0.1656118 0.0301545 0.0149597 0.0000000 0.0284685 0.0866328 0.0025382 0.0129344 0.0696484 0.0231103
 48 K  48 0.0706758 0.0146111 0.2143909 0.1746136 0.0000000 0.0546972 0.0866244 0.0468396 0.0447903 0.0058738 0.0205684 0.1092047 0.0055076 0.0036150 0.0019454 0.0614141 0.0390362 0.0000000 0.0081252 0.0205937 0.0168729
 49 G  49 0.0257845 0.0041621 0.0312033 0.0000000 0.0000000 0.0245132 0.0091923 0.4320293 0.0000000 0.0026917 0.0000000 0.0061113 0.0047123 0.0000000 0.3854461 0.0300186 0.0063550 0.0000000 0.0031760 0.0019067 0.0326978
 50 G  50 0.0458505 0.0599120 0.0429917 0.0340010 0.0000000 0.0907094 0.0441948 0.2500239 0.0199745 0.0109195 0.0064573 0.0445122 0.0000000 0.0022996 0.0583101 0.1684485 0.0355029 0.0000000 0.0015291 0.0214534 0.0629094
 51 S  51 0.1701930 0.0495012 0.0308485 0.0172072 0.0042217 0.0570631 0.0259764 0.0290747 0.0227267 0.0076753 0.0151841 0.1515531 0.0322781 0.0050929 0.0650870 0.1801744 0.0452468 0.0000000 0.0031652 0.0352872 0.0524434
 52 G  52 0.0606382 0.0399821 0.0314824 0.0149880 0.0000000 0.0152032 0.0338843 0.3636234 0.0108973 0.0491054 0.0338173 0.0760125 0.0287918 0.0167974 0.0088654 0.0141942 0.0086547 0.0016221 0.0130826 0.0883500 0.0900075
 53 V  53 0.0581234 0.0468976 0.0928298 0.0073615 0.0000000 0.0061878 0.0306463 0.0276015 0.0445604 0.0878128 0.0134066 0.1654818 0.0100262 0.0096773 0.0067152 0.0273182 0.0230779 0.0052162 0.0030500 0.2346755 0.0993339
 54 W  54 0.0302120 0.0129481 0.0018077 0.0290104 0.0000000 0.0190007 0.0249823 0.0030310 0.0000000 0.0134163 0.0201583 0.0552466 0.0024311 0.0348637 0.1382318 0.0043272 0.0097276 0.3086841 0.0433085 0.0804807 0.1681321
 55 G  55 0.0273562 0.0089247 0.0321288 0.0545146 0.0000000 0.0271187 0.0379877 0.4986537 0.0040405 0.0000000 0.0018648 0.0594363 0.0000000 0.0069112 0.0813168 0.0128629 0.0071661 0.0015630 0.0016790 0.0000000 0.1364748
 56 S  56 0.0443469 0.0538921 0.0849262 0.1065949 0.0013762 0.0410381 0.0448163 0.1067064 0.0222794 0.0000000 0.0047205 0.0454320 0.0145445 0.0352170 0.0806752 0.0497883 0.0313476 0.0023622 0.0716998 0.0103585 0.1478779
 57 V  57 0.0677991 0.0461575 0.0204388 0.0072855 0.0026064 0.0133573 0.0181147 0.0633988 0.0047084 0.0852901 0.0328742 0.0093939 0.0467757 0.0199913 0.0857615 0.0430029 0.1135772 0.0020214 0.0437699 0.1444543 0.1292211
 58 P  58 0.1510476 0.0199193 0.0062489 0.0148433 0.0021670 0.0357239 0.0434937 0.0064796 0.0079011 0.0175779 0.0224113 0.0362887 0.0332865 0.0053277 0.3060587 0.0244000 0.0429512 0.0020015 0.0190622 0.0536216 0.1491885
 59 M  59 0.0000000 0.0000000 0.0000000 0.0000000 0.0000000 0.0028188 0.0212581 0.0040500 0.0000000 0.0000000 0.0000000 0.0000000 0.9386239 0.0000000 0.0000000 0.0000000 0.0071511 0.0036878 0.0000000 0.0000000 0.0224103
 60 P  60 0.0315390 0.0051156 0.0109699 0.0024463 0.0000000 0.0114476 0.0176591 0.0050020 0.0000000 0.0049247 0.0099757 0.0232902 0.0000000 0.0016148 0.7707915 0.0258418 0.0501846 0.0000000 0.0000000 0.0045090 0.0246882
 61 P  61 0.2703525 0.0192273 0.0803741 0.0393770 0.0000000 0.0265219 0.0264218 0.0301207 0.0103926 0.0018699 0.0056433 0.0370880 0.0000000 0.0018228 0.2601411 0.1047149 0.0401279 0.0000000 0.0015098 0.0174746 0.0268198
 62 Q  62 0.0290294 0.0000000 0.1416416 0.0095750 0.0000000 0.1551237 0.0143085 0.0274290 0.1072152 0.0090466 0.0509469 0.0078274 0.0578702 0.2111543 0.0048648 0.0037311 0.0159822 0.0169377 0.0896454 0.0208513 0.0268198
 63 N  63 0.0770481 0.0201002 0.0917115 0.0608180 0.0000000 0.2023821 0.0238778 0.0896263 0.0600671 0.0107985 0.0222004 0.1004665 0.0041696 0.0000000 0.1639615 0.0205186 0.0207563 0.0000000 0.0013730 0.0136828 0.0164418
 64 V  64 0.0154025 0.0016465 0.0000000 0.0000000 0.0000000 0.0036145 0.0028500 0.0038227 0.0017147 0.1356209 0.5219709 0.0025292 0.0589285 0.0208035 0.0070262 0.0021551 0.0000000 0.0000000 0.0153745 0.1909700 0.0155704
 65 T  65 0.0308794 0.0066355 0.0642272 0.0383062 0.0000000 0.0130646 0.0118822 0.0363112 0.0000000 0.0075261 0.0077280 0.0659946 0.0000000 0.0000000 0.0640451 0.4384007 0.2006774 0.0000000 0.0000000 0.0000000 0.0143218
 66 D  66 0.0640095 0.0109541 0.0225534 0.3322768 0.0000000 0.0252602 0.2489417 0.0272814 0.0014726 0.0000000 0.0076120 0.0475436 0.0057116 0.0016711 0.1473385 0.0165693 0.0192433 0.0000000 0.0029994 0.0051026 0.0134590
 67 A  67 0.2092785 0.0390692 0.0112837 0.1820469 0.0000000 0.0930894 0.2764529 0.0253624 0.0027562 0.0044602 0.0059272 0.0488372 0.0014095 0.0000000 0.0157744 0.0398404 0.0180415 0.0000000 0.0022917 0.0106197 0.0134590
 68 E  68 0.0072991 0.0061274 0.0154980 0.3373479 0.0000000 0.1535109 0.3992318 0.0082696 0.0033253 0.0000000 0.0000000 0.0241702 0.0054402 0.0000000 0.0000000 0.0080188 0.0118097 0.0021408 0.0000000 0.0043513 0.0134590
 69 A  69 0.3123652 0.0359240 0.0000000 0.0000000 0.0000000 0.0000000 0.0000000 0.0035896 0.0000000 0.2213670 0.2244950 0.0091136 0.0342639 0.0033658 0.0000000 0.0092634 0.0188461 0.0000000 0.0044144 0.1095328 0.0134590
 70 K  70 0.0574847 0.1529391 0.0435997 0.1566689 0.0000000 0.0631296 0.1019552 0.0259410 0.0455864 0.0081459 0.0392790 0.2003997 0.0078232 0.0000000 0.0022262 0.0285171 0.0354508 0.0097030 0.0012933 0.0063983 0.0134590
 71 Q  71 0.2757326 0.0252002 0.0756414 0.1637708 0.0031821 0.0635079 0.0784452 0.0143036 0.0091567 0.0390927 0.0271485 0.0703431 0.0040946 0.0000000 0.0000000 0.0455596 0.0665833 0.0000000 0.0000000 0.0247788 0.0134590
 72 L  72 0.0079511 0.0000000 0.0000000 0.0000000 0.0000000 0.0000000 0.0000000 0.0000000 0.0000000 0.3021043 0.4462504 0.0000000 0.0780811 0.0043488 0.0000000 0.0000000 0.0057068 0.0000000 0.0000000 0.1420984 0.0134590
 73 A  73 0.3784416 0.0000000 0.0017939 0.0000000 0.0000000 0.0029757 0.0109939 0.0014188 0.0000000 0.0954914 0.0922714 0.0000000 0.0052008 0.0021268 0.0033730 0.0234071 0.0345619 0.0000000 0.0053815 0.3279463 0.0146159
 74 Q  74 0.2868408 0.0412341 0.0253353 0.1190106 0.0000000 0.0744917 0.1701443 0.0225174 0.0124719 0.0033359 0.0107113 0.0878727 0.0049370 0.0000000 0.0018502 0.0673881 0.0373727 0.0000000 0.0075563 0.0097306 0.0171991
 75 W  75 0.0023858 0.0000000 0.0000000 0.0000000 0.0000000 0.0000000 0.0000000 0.0044444 0.0000000 0.0000000 0.0049717 0.0000000 0.0019708 0.1354808 0.0000000 0.0000000 0.0039252 0.2908345 0.5387878 0.0000000 0.0171991
 76 I  76 0.0016298 0.0000000 0.0000000 0.0000000 0.0000000 0.0000000 0.0020207 0.0000000 0.0000000 0.3752812 0.3108601 0.0000000 0.0468572 0.0148772 0.0000000 0.0000000 0.0055616 0.0000000 0.0031760 0.1855655 0.0541708
 77 L  77 0.0287575 0.0827753 0.0228004 0.0096594 0.0000000 0.0313053 0.0397320 0.0060814 0.0101205 0.0052357 0.3856411 0.0944179 0.0469619 0.0111995 0.0000000 0.0178078 0.0065011 0.0034448 0.0395575 0.0092117 0.1487893
 78 S  78 0.0663519 0.0014957 0.0115348 0.0077326 0.0000000 0.0362448 0.0181231 0.0412943 0.0051730 0.0000000 0.0029705 0.0179108 0.0020763 0.0000000 0.0000000 0.4422708 0.1471034 0.0000000 0.0000000 0.0018060 0.1979121
 79 I  79 0.0053082 0.0044302 0.0025014 0.0000000 0.0000000 0.1017083 0.0040629 0.0000000 0.0069117 0.0100403 0.5228336 0.0039627 0.0204875 0.0084637 0.0000000 0.0029364 0.0015852 0.0000000 0.0037221 0.0085868 0.2924590
 80 K  80 0.0000000 0.0568001 0.0000000 0.0000000 0.0000000 0.0000000 0.0391388 0.0000000 0.0000000 0.0000000 0.0000000 0.2728794 0.0000000 0.0000000 0.0000000 0.0000000 0.0000000 0.0000000 0.0000000 0.0000000 0.6311817
