  113         A         R         N         D         C         Q         E         G         H         I         L         K         M         F         P         S         T         W         Y         V    
  1 H   1 0.0000000 0.0000000 0.0000000 0.0000000 0.0000000 0.0000000 0.0000000 0.0000000 0.3687399 0.0000000 0.0000000 0.0000000 0.0000000 0.0000000 0.0000000 0.0000000 0.0000000 0.0000000 0.6312601 0.0000000
  2 H   2 0.0000000 0.0000000 0.0000000 0.0000000 0.0000000 0.1977810 0.0000000 0.0000000 0.5284994 0.0000000 0.0000000 0.0000000 0.0000000 0.0000000 0.0000000 0.0000000 0.0000000 0.0000000 0.2737197 0.0000000
  3 H   3 0.0000000 0.0000000 0.0000000 0.0000000 0.0000000 0.2068571 0.0000000 0.1338144 0.2796142 0.2237966 0.0000000 0.0000000 0.0000000 0.0645817 0.0000000 0.0000000 0.0000000 0.0000000 0.0913359 0.0000000
  4 H   4 0.0000000 0.0000000 0.5074237 0.1428736 0.0000000 0.0000000 0.0000000 0.0000000 0.1871736 0.0000000 0.0000000 0.0000000 0.0000000 0.0000000 0.1625291 0.0000000 0.0000000 0.0000000 0.0000000 0.0000000
  5 H   5 0.1802321 0.1160075 0.2519731 0.1077659 0.0000000 0.0000000 0.0000000 0.0000000 0.1052795 0.1134014 0.0000000 0.0668270 0.0000000 0.0000000 0.0000000 0.0585134 0.0000000 0.0000000 0.0000000 0.0000000
  6 H   6 0.0000000 0.0000000 0.0295833 0.0000000 0.0000000 0.0204564 0.0000000 0.0000000 0.0507322 0.0627553 0.0000000 0.0000000 0.6719549 0.0000000 0.1041186 0.0000000 0.0000000 0.0000000 0.0000000 0.0603992
  7 A   7 0.0808324 0.0000000 0.1353229 0.0000000 0.0000000 0.0000000 0.0159541 0.0000000 0.0000000 0.0283305 0.0259133 0.1044633 0.0000000 0.0000000 0.0627553 0.0404954 0.4018141 0.0000000 0.0000000 0.1041186
  8 Q   8 0.1002216 0.0000000 0.0135992 0.0770257 0.0000000 0.4020770 0.0128274 0.0251074 0.0151301 0.0161522 0.0343411 0.0916636 0.0000000 0.0000000 0.0713716 0.0526181 0.0378945 0.0000000 0.0343431 0.0156274
  9 Q   9 0.0465382 0.1041813 0.1645476 0.0155517 0.0000000 0.1417781 0.0864773 0.0415549 0.0893019 0.0000000 0.0616817 0.0614118 0.0000000 0.0000000 0.0866176 0.0542028 0.0229563 0.0000000 0.0231987 0.0000000
 10 S  10 0.0425374 0.0748221 0.0934730 0.0000000 0.0000000 0.0172687 0.0394863 0.0000000 0.0704452 0.0000000 0.0344460 0.0317049 0.0000000 0.0251567 0.0528743 0.3664682 0.0356010 0.0000000 0.0547305 0.0609858
 11 P  11 0.0475066 0.0166695 0.0000000 0.0000000 0.0000000 0.0169603 0.0000000 0.0000000 0.0000000 0.0146663 0.2216881 0.0000000 0.0321921 0.0247075 0.3049292 0.0836782 0.1537320 0.0000000 0.0000000 0.0832704
 12 Y  12 0.0000000 0.0281411 0.0748654 0.0000000 0.0226450 0.0000000 0.0948299 0.0000000 0.0445100 0.0575160 0.0155325 0.0145681 0.0702317 0.0000000 0.1599522 0.0686208 0.1115089 0.0121486 0.1897250 0.0352047
 13 S  13 0.0465721 0.0000000 0.0149096 0.3805105 0.0000000 0.0000000 0.0000000 0.0218341 0.0105421 0.0413859 0.0000000 0.0323817 0.0206516 0.0000000 0.0376108 0.2412246 0.1208177 0.0000000 0.0000000 0.0315592
 14 A  14 0.1737133 0.0000000 0.0000000 0.0000000 0.0000000 0.0000000 0.0481525 0.0181317 0.0000000 0.0000000 0.0000000 0.0352605 0.0000000 0.0000000 0.5588839 0.0480591 0.1177990 0.0000000 0.0000000 0.0000000
 15 A  15 0.5305664 0.0384145 0.0596329 0.0123975 0.0180096 0.0000000 0.0785385 0.0128114 0.0153655 0.0211686 0.0151129 0.0122980 0.0825658 0.0000000 0.0000000 0.0000000 0.0687019 0.0000000 0.0000000 0.0344165
 16 M  16 0.0189116 0.0000000 0.0148758 0.0000000 0.0000000 0.0442269 0.0487788 0.0147052 0.0000000 0.0242540 0.2865700 0.0993691 0.1517309 0.0190383 0.0464998 0.0813953 0.0964282 0.0000000 0.0000000 0.0532162
 17 A  17 0.2046263 0.0253487 0.0195520 0.1089347 0.0000000 0.0462374 0.0613788 0.0112254 0.0000000 0.0096326 0.0000000 0.0768453 0.0000000 0.0000000 0.0161965 0.2798668 0.1090896 0.0000000 0.0000000 0.0310660
 18 E  18 0.0529335 0.0415040 0.0338777 0.0191978 0.0000000 0.1605959 0.2708803 0.0000000 0.0078542 0.0000000 0.0000000 0.0590530 0.0000000 0.0000000 0.1855219 0.0507067 0.1103532 0.0000000 0.0000000 0.0075218
 19 Q  19 0.0830760 0.0923496 0.0098281 0.0745172 0.0000000 0.1846349 0.1185499 0.0000000 0.0000000 0.0151888 0.0795341 0.0000000 0.0000000 0.0000000 0.2428364 0.0803203 0.0000000 0.0000000 0.0000000 0.0191647
 20 R  20 0.0293128 0.1275711 0.0597556 0.2001431 0.0000000 0.0407678 0.1719965 0.0266486 0.0152055 0.0167721 0.0235240 0.0580679 0.0056872 0.0096487 0.0289696 0.0687467 0.0321297 0.0000000 0.0144087 0.0706444
 21 H  21 0.0463948 0.0147636 0.2537377 0.1661262 0.0000000 0.0120785 0.1199748 0.0097198 0.0466063 0.0356552 0.0169210 0.0293780 0.0000000 0.0624112 0.0409308 0.0317983 0.0186977 0.0000000 0.0879387 0.0068677
 22 Q  22 0.0885025 0.0242869 0.0242559 0.1283593 0.0000000 0.1811448 0.2200894 0.0000000 0.0029696 0.0000000 0.0000000 0.1311850 0.0052233 0.0000000 0.0173829 0.0811373 0.0805447 0.0000000 0.0000000 0.0149183
 23 E  23 0.0531918 0.0143512 0.1030040 0.2215102 0.0000000 0.0822331 0.2399911 0.0667749 0.1102945 0.0000000 0.0201326 0.0000000 0.0000000 0.0000000 0.0000000 0.0503489 0.0277937 0.0000000 0.0103740 0.0000000
 24 W  24 0.0034805 0.0000000 0.0000000 0.0000000 0.0000000 0.0096034 0.0229599 0.0041986 0.0000000 0.0270325 0.2362302 0.0000000 0.0096466 0.0242049 0.0000000 0.0000000 0.0343979 0.5174460 0.0635448 0.0472547
 25 L  25 0.0184997 0.0438168 0.0490993 0.3049492 0.0000000 0.2304912 0.0373570 0.0176515 0.0146043 0.0000000 0.1241992 0.0811506 0.0051926 0.0078939 0.0000000 0.0400996 0.0205227 0.0000000 0.0000000 0.0044723
 26 R  26 0.1207639 0.1616559 0.0274800 0.0483084 0.0151896 0.2407497 0.1350047 0.0164506 0.0068739 0.0000000 0.0447225 0.0249130 0.0232377 0.0052458 0.0000000 0.0844352 0.0216940 0.0000000 0.0127574 0.0105177
 27 F  27 0.0090273 0.0000000 0.0000000 0.0000000 0.0000000 0.0000000 0.0000000 0.0000000 0.0000000 0.0424171 0.5312004 0.0000000 0.0083103 0.2999556 0.0000000 0.0000000 0.0000000 0.0000000 0.0000000 0.1090892
 28 V  28 0.0837783 0.0000000 0.0000000 0.0000000 0.0708827 0.0000000 0.0000000 0.0000000 0.0056601 0.0914886 0.1802415 0.0050171 0.0254565 0.2316561 0.0000000 0.0264453 0.0062170 0.0000000 0.0349918 0.2381650
 29 D  29 0.0761005 0.1063508 0.0409314 0.2297881 0.0054000 0.0479177 0.2848065 0.0135896 0.0188868 0.0000000 0.0079946 0.0765804 0.0056152 0.0044966 0.0000000 0.0212217 0.0566807 0.0000000 0.0000000 0.0036394
 30 L  30 0.3793181 0.0026902 0.0000000 0.0000000 0.0000000 0.0000000 0.0000000 0.0202076 0.0330001 0.0487359 0.3607904 0.0322936 0.0147127 0.0156660 0.0000000 0.0174764 0.0246149 0.0000000 0.0064367 0.0440573
 31 L  31 0.0052875 0.0000000 0.0000000 0.0000000 0.0236529 0.0000000 0.0000000 0.0000000 0.0000000 0.3015662 0.4369954 0.0000000 0.0313145 0.0650414 0.0000000 0.0000000 0.0032658 0.0000000 0.0000000 0.1328764
 32 K  32 0.1185930 0.0916028 0.0000000 0.0079430 0.0142560 0.1400276 0.0227958 0.0120238 0.0127035 0.0000000 0.3582531 0.0859997 0.0167604 0.0013248 0.0000000 0.0725463 0.0133121 0.0000000 0.0038160 0.0280422
 33 N  33 0.0657057 0.0182605 0.0836958 0.0168027 0.0364089 0.1992327 0.0468205 0.0092976 0.0312016 0.0063751 0.0719754 0.0728815 0.0225561 0.0000000 0.0000000 0.1899270 0.1240010 0.0000000 0.0000000 0.0048581
 34 A  34 0.2877612 0.0000000 0.0050595 0.0000000 0.0110702 0.0063100 0.0049025 0.0045497 0.0290930 0.0594989 0.4123116 0.0000000 0.0196958 0.0072732 0.0057747 0.0766567 0.0430112 0.0000000 0.0000000 0.0270319
 35 Y  35 0.0259235 0.0367782 0.0368391 0.0693802 0.0088299 0.0641574 0.1504982 0.0387404 0.0050987 0.0332351 0.0087054 0.1967781 0.0117903 0.1012731 0.0036239 0.0724009 0.0427818 0.0000000 0.0498816 0.0432840
 36 Q  36 0.1428202 0.0062754 0.1276127 0.2670008 0.0040771 0.0571365 0.1059701 0.0271885 0.0000000 0.0058551 0.0036221 0.0112959 0.0000000 0.0000000 0.0000000 0.0975700 0.1435756 0.0000000 0.0000000 0.0000000
 37 N  37 0.0401665 0.0828811 0.0224064 0.0410065 0.0000000 0.1176209 0.1831042 0.0099208 0.0224592 0.0404436 0.0578624 0.0536998 0.0199511 0.0000000 0.1255270 0.0611630 0.0343291 0.0000000 0.0094286 0.0780298
 38 D  38 0.0180556 0.0000000 0.0636531 0.2666508 0.0000000 0.0614358 0.4142486 0.0963026 0.0046514 0.0000000 0.0000000 0.0506798 0.0000000 0.0036859 0.0000000 0.0070611 0.0073803 0.0000000 0.0000000 0.0061951
 39 L  39 0.0503023 0.0291815 0.0051423 0.0941163 0.0000000 0.0889430 0.4100493 0.0023616 0.0119203 0.0075671 0.1558219 0.0587644 0.0127699 0.0227401 0.0000000 0.0164110 0.0078753 0.0038115 0.0000000 0.0222222
 40 H  40 0.0803414 0.0000000 0.0000000 0.0264253 0.2722005 0.0452463 0.0341983 0.0027305 0.1514104 0.0971697 0.1104379 0.0000000 0.0611630 0.0173502 0.0000000 0.0048424 0.0108130 0.0000000 0.0069067 0.0787644
 41 L  41 0.0711815 0.0360447 0.0151726 0.0724600 0.0000000 0.0810275 0.1259283 0.0116407 0.0241007 0.0117436 0.1221674 0.0365095 0.0077009 0.0351155 0.0000000 0.0144269 0.0099387 0.0000000 0.3158260 0.0090156
 42 P  42 0.1460341 0.1299408 0.0243746 0.0851329 0.0024381 0.0560262 0.0860872 0.0019269 0.0013145 0.0104964 0.0547430 0.0447975 0.0645791 0.0000000 0.1698101 0.0511022 0.0449850 0.0000000 0.0000000 0.0262114
 43 L  43 0.0159354 0.0076877 0.0000000 0.0000000 0.0000000 0.0000000 0.0000000 0.0000000 0.0000000 0.0477633 0.3419865 0.0145057 0.0195901 0.5232370 0.0000000 0.0000000 0.0000000 0.0000000 0.0000000 0.0292943
 44 L  44 0.0000000 0.0000000 0.0000000 0.0000000 0.0136259 0.0000000 0.0000000 0.0000000 0.0000000 0.0063443 0.5249652 0.0000000 0.0307216 0.4182025 0.0000000 0.0000000 0.0000000 0.0000000 0.0000000 0.0061405
 45 N  45 0.0342807 0.0622513 0.0206696 0.1062824 0.0000000 0.1964546 0.2919304 0.0346056 0.0240006 0.0053335 0.0078768 0.0260116 0.0044404 0.0000000 0.0110958 0.0460978 0.1247788 0.0000000 0.0038903 0.0000000
 46 L  46 0.0299329 0.0000000 0.0000000 0.4829019 0.0387408 0.0025077 0.0342057 0.0031059 0.0000000 0.0000000 0.2844246 0.0000000 0.0695348 0.0136259 0.0000000 0.0200027 0.0000000 0.0000000 0.0000000 0.0210171
 47 M  47 0.0052376 0.0000000 0.0000000 0.0000000 0.0000000 0.0000000 0.0000000 0.0000000 0.0000000 0.1340850 0.6129296 0.0000000 0.1062031 0.0454585 0.0000000 0.0000000 0.0000000 0.0000000 0.0000000 0.0960862
 48 L  48 0.0564668 0.0000000 0.0000000 0.0000000 0.3812598 0.0000000 0.0000000 0.0000000 0.0000000 0.0000000 0.4149159 0.0000000 0.0678518 0.0689431 0.0000000 0.0023066 0.0082559 0.0000000 0.0000000 0.0000000
 49 T  49 0.0000000 0.0000000 0.0000000 0.0000000 0.0000000 0.0000000 0.0000000 0.0000000 0.0000000 0.0000000 0.0000000 0.0000000 0.0000000 0.0000000 0.0000000 0.0460261 0.9539739 0.0000000 0.0000000 0.0000000
 50 P  50 0.0486805 0.0106389 0.0000000 0.0122148 0.0000000 0.0050099 0.0426712 0.0000000 0.0195547 0.1429524 0.0089340 0.0239568 0.0226810 0.0109701 0.4658749 0.0104019 0.0100303 0.0000000 0.0138941 0.1515345
 51 D  51 0.1617822 0.0501015 0.1397669 0.3259008 0.0000000 0.0094305 0.0624395 0.0705089 0.0042499 0.0024124 0.0000000 0.0667362 0.0000000 0.0000000 0.0140999 0.0774895 0.0079832 0.0000000 0.0000000 0.0070986
 52 E  52 0.0000000 0.0000000 0.0000000 0.0070986 0.0000000 0.0000000 0.9929014 0.0000000 0.0000000 0.0000000 0.0000000 0.0000000 0.0000000 0.0000000 0.0000000 0.0000000 0.0000000 0.0000000 0.0000000 0.0000000
 53 R  53 0.0063900 0.3709527 0.0000000 0.0000000 0.0000000 0.0246212 0.0000000 0.0000000 0.0000000 0.1969964 0.2774466 0.0382302 0.0210055 0.0000000 0.0000000 0.0000000 0.0089246 0.0000000 0.0128323 0.0426005
 54 E  54 0.0369391 0.0578597 0.0335496 0.0721980 0.0129979 0.1036380 0.2683070 0.0087815 0.0101008 0.0016765 0.0481107 0.1769944 0.0080074 0.0087941 0.0000000 0.0647809 0.0814745 0.0000000 0.0000000 0.0057900
 55 A  55 0.5442658 0.0040971 0.0000000 0.1092143 0.0000000 0.0197024 0.0736442 0.0038903 0.0000000 0.0085365 0.0000000 0.0032643 0.0047848 0.0000000 0.0000000 0.1967619 0.0219922 0.0000000 0.0000000 0.0098462
 56 L  56 0.0000000 0.0000000 0.0000000 0.0000000 0.0000000 0.0000000 0.0000000 0.0000000 0.0000000 0.1716110 0.4918157 0.0000000 0.1932468 0.0785410 0.0000000 0.0000000 0.0114210 0.0000000 0.0000000 0.0533644
 57 G  57 0.4061356 0.0000000 0.0152961 0.0000000 0.0058509 0.0215060 0.0243956 0.1908131 0.0000000 0.0459686 0.0185737 0.0030986 0.0028258 0.0042647 0.0000000 0.1874251 0.0257281 0.0000000 0.0000000 0.0481182
 58 T  58 0.1092243 0.0036558 0.0476779 0.0717506 0.0000000 0.3422686 0.0289823 0.0440342 0.0053661 0.0000000 0.0829280 0.0467922 0.0122688 0.0000000 0.0000000 0.0255858 0.1780038 0.0000000 0.0000000 0.0014616
 59 R  59 0.0000000 1.0000000 0.0000000 0.0000000 0.0000000 0.0000000 0.0000000 0.0000000 0.0000000 0.0000000 0.0000000 0.0000000 0.0000000 0.0000000 0.0000000 0.0000000 0.0000000 0.0000000 0.0000000 0.0000000
 60 V  60 0.0028262 0.0000000 0.0000000 0.0000000 0.0000000 0.0000000 0.0000000 0.0000000 0.0000000 0.0431690 0.3978704 0.0000000 0.0024173 0.0760236 0.0000000 0.0000000 0.0078551 0.1730253 0.0479021 0.2489110
 61 R  61 0.0464714 0.2681133 0.1065958 0.0103571 0.0036862 0.1663158 0.2242111 0.0000000 0.0209728 0.0000000 0.0570278 0.0709390 0.0050732 0.0000000 0.0000000 0.0122416 0.0025374 0.0000000 0.0019384 0.0035192
 62 I  62 0.0118361 0.0000000 0.0000000 0.0000000 0.0000000 0.0000000 0.0000000 0.0000000 0.0000000 0.4229426 0.0859574 0.0000000 0.0036073 0.0000000 0.0000000 0.0000000 0.0000000 0.0000000 0.0000000 0.4756567
 63 V  63 0.3716641 0.0000000 0.0000000 0.0000000 0.0085165 0.0000000 0.0000000 0.0000000 0.0000000 0.1491506 0.0366005 0.0000000 0.0147881 0.1016762 0.0000000 0.0016653 0.0137191 0.0000000 0.0163340 0.2858855
 64 E  64 0.0432737 0.2128654 0.0240955 0.0077373 0.0154696 0.1411748 0.1291396 0.0062428 0.0532276 0.0000000 0.0000000 0.2749894 0.0000000 0.0012050 0.0465541 0.0213162 0.0094497 0.0023212 0.0011550 0.0097834
 65 E  65 0.0828151 0.0135776 0.0000000 0.0295250 0.0000000 0.0411046 0.3433303 0.0155192 0.0050386 0.0020328 0.1299783 0.0101498 0.2573190 0.0066980 0.0210914 0.0089129 0.0216363 0.0000000 0.0084043 0.0028669
 66 L  66 0.0000000 0.0000000 0.0000000 0.0000000 0.0000000 0.0000000 0.0000000 0.0000000 0.0000000 0.0123180 0.9680682 0.0000000 0.0196139 0.0000000 0.0000000 0.0000000 0.0000000 0.0000000 0.0000000 0.0000000
 67 L  67 0.0187816 0.0421110 0.0000000 0.0971156 0.0000000 0.0117641 0.0170743 0.0044546 0.0162416 0.0360747 0.5083979 0.0138662 0.1358738 0.0102550 0.0000000 0.0081626 0.0105903 0.0000000 0.0298053 0.0394314
 68 R  68 0.0717328 0.2587749 0.0774186 0.0968302 0.0000000 0.0797257 0.1262631 0.0023830 0.0161964 0.0000000 0.0160022 0.2118862 0.0000000 0.0000000 0.0000000 0.0290818 0.0049973 0.0000000 0.0036995 0.0050082
 69 G  69 0.0235194 0.0000000 0.0239850 0.0153064 0.0024737 0.0632992 0.1080384 0.6216798 0.0018970 0.0154577 0.0037402 0.1060685 0.0022426 0.0000000 0.0000000 0.0042965 0.0079958 0.0000000 0.0000000 0.0000000
 70 E  70 0.0338444 0.0376345 0.0912490 0.0950344 0.0027094 0.0552805 0.3333702 0.1698896 0.0310462 0.0000000 0.0000000 0.0883697 0.0000000 0.0000000 0.0000000 0.0216087 0.0372890 0.0000000 0.0026745 0.0000000
 71 M  71 0.0099917 0.0448156 0.0161928 0.0036118 0.0077147 0.0066162 0.0000000 0.0000000 0.0171097 0.0736476 0.1726580 0.1930436 0.2428306 0.0117346 0.0000000 0.0106913 0.0116822 0.0021866 0.0455227 0.1299504
 72 S  72 0.0035725 0.0000000 0.0000000 0.0000000 0.0000000 0.0000000 0.0000000 0.0017791 0.0000000 0.0075438 0.0000000 0.0042211 0.0000000 0.0000000 0.1862198 0.4251491 0.3612026 0.0000000 0.0049049 0.0054071
 73 Q  73 0.0000000 0.0000000 0.0000000 0.0000000 0.0000000 0.5228416 0.0000000 0.0000000 0.0103203 0.0000000 0.0000000 0.0000000 0.0000000 0.0129778 0.0000000 0.0000000 0.0000000 0.0000000 0.4538604 0.0000000
 74 R  74 0.0168425 0.6290428 0.0410545 0.0401500 0.0000000 0.0063295 0.0303025 0.0127021 0.0309306 0.0177305 0.0437736 0.0022735 0.0036100 0.0000000 0.0179225 0.0416411 0.0416511 0.0000000 0.0069563 0.0170868
 75 E  75 0.0355918 0.0035007 0.0000000 0.1053602 0.0000000 0.1644237 0.5364190 0.0098053 0.0101917 0.0000000 0.0000000 0.0786438 0.0000000 0.0023780 0.0000000 0.0187885 0.0242941 0.0000000 0.0000000 0.0106033
 76 L  76 0.0000000 0.0000000 0.0000000 0.0000000 0.0000000 0.0000000 0.0000000 0.0000000 0.0000000 0.7760619 0.1703666 0.0000000 0.0076410 0.0000000 0.0000000 0.0000000 0.0000000 0.0000000 0.0000000 0.0459305
 77 K  77 0.3190036 0.0062512 0.0065318 0.0000000 0.0014078 0.0687872 0.1111226 0.0000000 0.0677996 0.0052467 0.0063007 0.1685930 0.0104004 0.0000000 0.0000000 0.1482308 0.0055106 0.0000000 0.0038720 0.0709421
 78 N  78 0.1193615 0.0222971 0.1498611 0.0336856 0.0027802 0.1635709 0.2525863 0.0173008 0.0076841 0.0041558 0.0028564 0.1350459 0.0000000 0.0000000 0.0000000 0.0609082 0.0279061 0.0000000 0.0000000 0.0000000
 79 E  79 0.0570605 0.0725790 0.0517293 0.0358058 0.0021005 0.1177574 0.3025884 0.0000000 0.0137475 0.0262470 0.0851074 0.1248773 0.0600547 0.0000000 0.0000000 0.0156736 0.0242336 0.0000000 0.0000000 0.0104379
 80 L  80 0.0126834 0.0000000 0.0000000 0.0000000 0.0000000 0.0000000 0.0000000 0.0000000 0.0173185 0.0172561 0.4116468 0.0000000 0.0000000 0.0275187 0.0000000 0.0082900 0.4312457 0.0000000 0.0583277 0.0157130
 81 G  81 0.0061057 0.0027630 0.0662650 0.0000000 0.0000000 0.0583358 0.0254326 0.7819202 0.0144334 0.0000000 0.0000000 0.0176900 0.0000000 0.0000000 0.0029396 0.0241148 0.0000000 0.0000000 0.0000000 0.0000000
 82 A  82 0.4593981 0.0000000 0.0000000 0.0000000 0.0058922 0.0000000 0.0000000 0.0000000 0.0000000 0.1022640 0.0238401 0.0052467 0.0233834 0.0000000 0.0000000 0.0000000 0.0564769 0.0000000 0.0000000 0.3234986
 83 G  83 0.0000000 0.0000000 0.0000000 0.0000000 0.0000000 0.0000000 0.0000000 0.3108338 0.0000000 0.0000000 0.0000000 0.0000000 0.0000000 0.0000000 0.0000000 0.6891662 0.0000000 0.0000000 0.0000000 0.0000000
 84 I  84 0.0506519 0.0085330 0.0000000 0.0000000 0.0000000 0.0000000 0.0000000 0.0000000 0.0000000 0.3660387 0.0845254 0.0000000 0.0058922 0.0000000 0.0176671 0.0667001 0.2982007 0.0000000 0.0000000 0.1017908
 85 A  85 0.7549503 0.0000000 0.0000000 0.0000000 0.0910500 0.0000000 0.0000000 0.0058922 0.0000000 0.0000000 0.0000000 0.0000000 0.0000000 0.0000000 0.0000000 0.0085330 0.1395745 0.0000000 0.0000000 0.0000000
 86 T  86 0.0000000 0.0000000 0.0055438 0.0000000 0.0000000 0.0127163 0.0000000 0.0000000 0.0000000 0.0179089 0.0000000 0.0805576 0.0000000 0.0000000 0.0000000 0.0069563 0.8677842 0.0000000 0.0085330 0.0000000
 87 I  87 0.0000000 0.0000000 0.0000000 0.0000000 0.0000000 0.0000000 0.0000000 0.0000000 0.0000000 0.8519032 0.0000000 0.0000000 0.0000000 0.0000000 0.0000000 0.0000000 0.0115130 0.0000000 0.0000000 0.1365838
 88 T  88 0.0114362 0.0000000 0.0000000 0.0000000 0.0053313 0.0000000 0.0000000 0.0616696 0.0000000 0.0000000 0.0000000 0.0000000 0.0000000 0.0052467 0.0000000 0.3894267 0.5103174 0.0000000 0.0000000 0.0165721
 89 R  89 0.0000000 1.0000000 0.0000000 0.0000000 0.0000000 0.0000000 0.0000000 0.0000000 0.0000000 0.0000000 0.0000000 0.0000000 0.0000000 0.0000000 0.0000000 0.0000000 0.0000000 0.0000000 0.0000000 0.0000000
 90 G  90 0.0056415 0.0000000 0.0000000 0.0000000 0.0482260 0.0000000 0.0000000 0.4667559 0.0000000 0.0477591 0.0000000 0.0000000 0.0000000 0.0000000 0.0000000 0.0000000 0.0027941 0.0000000 0.0000000 0.4288234
 91 S  91 0.1516484 0.0165764 0.1531760 0.0000000 0.0000000 0.0000000 0.0000000 0.0000000 0.0000000 0.0000000 0.0000000 0.1650417 0.0000000 0.0000000 0.0000000 0.5135575 0.0000000 0.0000000 0.0000000 0.0000000
 92 N  92 0.0090246 0.4600874 0.3907965 0.0000000 0.0000000 0.0000000 0.0000000 0.0000000 0.0000000 0.0000000 0.0000000 0.1400915 0.0000000 0.0000000 0.0000000 0.0000000 0.0000000 0.0000000 0.0000000 0.0000000
 93 S  93 0.1274205 0.0000000 0.0219361 0.0000000 0.1898261 0.0000000 0.1376525 0.0072826 0.0000000 0.0254969 0.0044561 0.0000000 0.0393703 0.0538515 0.0000000 0.2701899 0.0531985 0.0000000 0.0525790 0.0167399
 94 L  94 0.0000000 0.0000000 0.0000000 0.0000000 0.0000000 0.0000000 0.0000000 0.0000000 0.0000000 0.0493869 0.9069604 0.0000000 0.0128708 0.0111429 0.0000000 0.0000000 0.0000000 0.0000000 0.0087382 0.0109008
 95 K  95 0.0120811 0.0137157 0.1672217 0.0200337 0.0000000 0.0675381 0.0489472 0.0101789 0.0165862 0.0042928 0.0033431 0.5930556 0.0000000 0.0020256 0.0000000 0.0196569 0.0114702 0.0000000 0.0077022 0.0021508
 96 A  96 0.0674704 0.0138582 0.0628142 0.0531837 0.0000000 0.0407049 0.0424286 0.0303541 0.1103831 0.0186720 0.0105091 0.0843156 0.0166500 0.0071859 0.0000000 0.1442493 0.0937069 0.0095041 0.1940100 0.0000000
 97 A  97 0.1997130 0.0289903 0.0172635 0.0147686 0.0160769 0.0363162 0.0532107 0.2894362 0.0261343 0.0178264 0.0568292 0.0622587 0.1120632 0.0098821 0.0089481 0.0141993 0.0071695 0.0000000 0.0226475 0.0062664
 98 P  98 0.1534320 0.0062190 0.1269156 0.1350170 0.0063192 0.0049260 0.0297501 0.0570295 0.0062690 0.0000000 0.0000000 0.0093793 0.0000000 0.0046094 0.2160625 0.2009859 0.0340047 0.0000000 0.0090809 0.0000000
 99 V  99 0.0773793 0.0000000 0.0138392 0.2539563 0.0000000 0.0191636 0.0810092 0.0930234 0.0316437 0.0123208 0.0103958 0.0238822 0.0000000 0.0000000 0.1845577 0.1341264 0.0123325 0.0055486 0.0034475 0.0433738
100 E 100 0.1478862 0.0259408 0.0119738 0.1245080 0.0000000 0.0775057 0.1901646 0.2767264 0.0065569 0.0141519 0.0000000 0.0335520 0.0000000 0.0000000 0.0153993 0.0150530 0.0193769 0.0000000 0.0130938 0.0281106
101 L 101 0.0126712 0.0000000 0.0000000 0.0126118 0.0078198 0.0246379 0.0973717 0.0794627 0.0114732 0.0168268 0.1953972 0.0000000 0.0000000 0.1403498 0.0000000 0.0052413 0.0394865 0.0000000 0.3001290 0.0565210
102 R 102 0.0465538 0.2577334 0.0072428 0.0137992 0.0000000 0.0220207 0.0240997 0.0000000 0.0000000 0.0172232 0.0281228 0.4412394 0.0192754 0.0064239 0.0000000 0.0000000 0.0207573 0.0050686 0.0797096 0.0107301
103 Q 103 0.1668424 0.1066750 0.0525157 0.0588578 0.0000000 0.1250950 0.0972426 0.0027955 0.0095915 0.0370468 0.0984993 0.0951631 0.0401057 0.0059427 0.0000000 0.0509093 0.0231494 0.0000000 0.0000000 0.0295683
104 W 104 0.1128841 0.0080296 0.0065405 0.0000000 0.0000000 0.0123456 0.0053098 0.0000000 0.0000000 0.1548614 0.1248721 0.0353401 0.0306282 0.0389602 0.0000000 0.0032107 0.0252426 0.3006348 0.0000000 0.1411403
105 L 105 0.0070050 0.0000000 0.0000000 0.0000000 0.0000000 0.0000000 0.0000000 0.0000000 0.0000000 0.1128649 0.7242017 0.0000000 0.0206107 0.0352767 0.0000000 0.0000000 0.0000000 0.0000000 0.0000000 0.1000409
106 E 106 0.0737235 0.0580702 0.0296251 0.1061959 0.0000000 0.0583717 0.3466953 0.0113346 0.0000000 0.0164698 0.0670283 0.1079269 0.0065742 0.0138226 0.0035157 0.0686541 0.0170129 0.0000000 0.0000000 0.0149792
107 E 107 0.1287239 0.2584732 0.0484964 0.0833575 0.0000000 0.0992467 0.1336963 0.0144665 0.0209437 0.0000000 0.0146423 0.1087847 0.0063184 0.0118874 0.0000000 0.0353779 0.0315251 0.0000000 0.0000000 0.0040597
108 V 108 0.0196024 0.1156877 0.0316171 0.0000000 0.0000000 0.2404022 0.0143305 0.0105218 0.0259082 0.0088887 0.3644024 0.0522894 0.0123674 0.0202862 0.0000000 0.0064576 0.0038493 0.0000000 0.0233562 0.0500330
109 L 109 0.0103417 0.0045408 0.0099043 0.0044694 0.0000000 0.0193836 0.0138495 0.0099470 0.0000000 0.1449469 0.6976673 0.0078191 0.0214304 0.0067506 0.0000000 0.0186771 0.0060867 0.0000000 0.0000000 0.0241857
110 L 110 0.0347297 0.0102887 0.0160332 0.0278462 0.0000000 0.0092352 0.0858936 0.0186906 0.0000000 0.0667098 0.4019686 0.2046252 0.0300514 0.0068952 0.0000000 0.0346593 0.0057114 0.0000000 0.0000000 0.0466618
111 K 111 0.0584767 0.0746322 0.0625089 0.0154109 0.0000000 0.1082706 0.0650126 0.0183250 0.0542379 0.0000000 0.0112496 0.3388227 0.0000000 0.0000000 0.1140114 0.0242231 0.0548184 0.0000000 0.0000000 0.0000000
112 S 112 0.0718280 0.0000000 0.2782850 0.0118278 0.0000000 0.0300946 0.0368693 0.0204885 0.0412686 0.0000000 0.0000000 0.1684020 0.0000000 0.0086286 0.0605179 0.1397762 0.0672564 0.0000000 0.0000000 0.0647571
113 D 113 0.0000000 0.0000000 0.3135946 0.4804265 0.0000000 0.0000000 0.2059789 0.0000000 0.0000000 0.0000000 0.0000000 0.0000000 0.0000000 0.0000000 0.0000000 0.0000000 0.0000000 0.0000000 0.0000000 0.0000000
