  113         A         R         N         D         C         Q         E         G         H         I         L         K         M         F         P         S         T         W         Y         V         X    
  1 H   1 0.0000000 0.0000000 0.0000000 0.0000000 0.0000000 0.0000000 0.0000000 0.0000000 0.0088037 0.0000000 0.0000000 0.0000000 0.0000000 0.0000000 0.0000000 0.0000000 0.0000000 0.0000000 0.0158525 0.0000000 0.9753438
  2 H   2 0.0000000 0.0000000 0.0000000 0.0000000 0.0000000 0.0119133 0.0000000 0.0000000 0.0312548 0.0000000 0.0000000 0.0000000 0.0000000 0.0000000 0.0000000 0.0000000 0.0000000 0.0000000 0.0158525 0.0000000 0.9409794
  3 H   3 0.0000000 0.0000000 0.0000000 0.0000000 0.0000000 0.0152974 0.0000000 0.0098592 0.0200872 0.0158525 0.0000000 0.0000000 0.0000000 0.0048938 0.0000000 0.0000000 0.0000000 0.0000000 0.0069135 0.0000000 0.9270964
  4 H   4 0.0000000 0.0000000 0.0422633 0.0119133 0.0000000 0.0000000 0.0000000 0.0000000 0.0148956 0.0000000 0.0000000 0.0000000 0.0000000 0.0000000 0.0138520 0.0000000 0.0000000 0.0000000 0.0000000 0.0000000 0.9170759
  5 H   5 0.0158525 0.0109466 0.0233887 0.0098592 0.0000000 0.0000000 0.0000000 0.0000000 0.0088037 0.0105723 0.0000000 0.0065139 0.0000000 0.0000000 0.0000000 0.0056050 0.0000000 0.0000000 0.0000000 0.0000000 0.9084581
  6 H   6 0.0000000 0.0000000 0.0056785 0.0000000 0.0000000 0.0040331 0.0000000 0.0000000 0.0088037 0.0119133 0.0000000 0.0000000 0.1607792 0.0000000 0.0200523 0.0000000 0.0000000 0.0000000 0.0000000 0.0121189 0.7766210
  7 A   7 0.0149113 0.0000000 0.0273110 0.0000000 0.0000000 0.0000000 0.0033336 0.0000000 0.0000000 0.0057443 0.0053257 0.0195440 0.0000000 0.0000000 0.0119133 0.0078846 0.1073587 0.0000000 0.0000000 0.0200523 0.7766210
  8 Q   8 0.0205479 0.0000000 0.0028430 0.0151930 0.0000000 0.1069710 0.0027011 0.0053257 0.0031772 0.0034659 0.0072860 0.0184445 0.0000000 0.0000000 0.0148831 0.0110480 0.0078265 0.0000000 0.0069135 0.0033010 0.7700727
  9 Q   9 0.0098592 0.0218234 0.0371826 0.0035146 0.0000000 0.0303172 0.0189058 0.0093588 0.0461901 0.0000000 0.0136995 0.0140341 0.0000000 0.0000000 0.0195436 0.0122482 0.0051808 0.0000000 0.0052474 0.0000000 0.7528948
 10 S  10 0.0085291 0.0147529 0.0195642 0.0000000 0.0000000 0.0036238 0.0082542 0.0000000 0.0147253 0.0000000 0.0069135 0.0067996 0.0000000 0.0052474 0.0111668 0.1007743 0.0074893 0.0000000 0.0114991 0.0119133 0.7687473
 11 P  11 0.0099710 0.0036729 0.0000000 0.0000000 0.0000000 0.0036238 0.0000000 0.0000000 0.0000000 0.0031279 0.0468449 0.0000000 0.0069756 0.0052474 0.0886021 0.0178074 0.0317478 0.0000000 0.0000000 0.0176586 0.7647206
 12 Y  12 0.0000000 0.0065139 0.0173237 0.0000000 0.0053257 0.0000000 0.0214470 0.0000000 0.0103699 0.0133218 0.0036420 0.0034659 0.0156048 0.0000000 0.0363540 0.0157115 0.0257473 0.0028366 0.0685526 0.0083926 0.7453907
 13 S  13 0.0110477 0.0000000 0.0040267 0.0963895 0.0000000 0.0000000 0.0000000 0.0055960 0.0026582 0.0098592 0.0000000 0.0082542 0.0053257 0.0000000 0.0095467 0.0862716 0.0297945 0.0000000 0.0000000 0.0081820 0.7230481
 14 A  14 0.0477564 0.0000000 0.0000000 0.0000000 0.0000000 0.0000000 0.0138502 0.0051808 0.0000000 0.0000000 0.0000000 0.0102054 0.0000000 0.0000000 0.1587248 0.0399032 0.0328695 0.0000000 0.0000000 0.0000000 0.6915097
 15 A  15 0.1869987 0.0110477 0.0183506 0.0038473 0.0055960 0.0000000 0.0244704 0.0039523 0.0048333 0.0065139 0.0046931 0.0040267 0.0255957 0.0000000 0.0000000 0.0000000 0.0204339 0.0000000 0.0000000 0.0107293 0.6689113
 16 M  16 0.0068538 0.0000000 0.0053257 0.0000000 0.0000000 0.0156881 0.0165698 0.0051808 0.0000000 0.0351046 0.1004271 0.0352809 0.0517494 0.0067461 0.0166844 0.0281297 0.0345541 0.0000000 0.0000000 0.0185161 0.6231894
 17 A  17 0.0998454 0.0084052 0.0073442 0.0385875 0.0000000 0.0167259 0.0226699 0.0041688 0.0000000 0.0036004 0.0000000 0.0291846 0.0000000 0.0000000 0.0059986 0.1017535 0.0403467 0.0000000 0.0000000 0.0115664 0.6098030
 18 E  18 0.0220544 0.0178917 0.0143211 0.0082691 0.0000000 0.0672272 0.1377089 0.0000000 0.0033115 0.0000000 0.0000000 0.0253081 0.0000000 0.0000000 0.0770892 0.0205978 0.0454840 0.0000000 0.0000000 0.0032608 0.5574762
 19 Q  19 0.0363327 0.0402889 0.0043086 0.0315365 0.0000000 0.1040299 0.0505924 0.0000000 0.0000000 0.0065139 0.0348867 0.0000000 0.0000000 0.0000000 0.1043667 0.0339342 0.0000000 0.0000000 0.0000000 0.0082542 0.5449554
 20 R  20 0.0145462 0.0879780 0.0288330 0.0974481 0.0000000 0.0201559 0.0849284 0.0131994 0.0073029 0.0082542 0.0119795 0.0297100 0.0028543 0.0048333 0.0142576 0.0339789 0.0149199 0.0000000 0.0071114 0.0348477 0.4828615
 21 H  21 0.0234612 0.0079294 0.1585469 0.0876961 0.0000000 0.0062841 0.0619145 0.0051196 0.0225447 0.0189470 0.0089746 0.0146167 0.0000000 0.0314574 0.0215185 0.0167098 0.0103743 0.0000000 0.0457694 0.0036915 0.4544441
 22 Q  22 0.0520260 0.0152734 0.0150301 0.0798975 0.0000000 0.1347086 0.1391413 0.0000000 0.0021666 0.0000000 0.0000000 0.0824612 0.0032582 0.0000000 0.0109320 0.0496259 0.0486476 0.0000000 0.0000000 0.0089945 0.3578369
 23 E  23 0.0348911 0.0091835 0.0666775 0.1421070 0.0000000 0.0565231 0.1813250 0.0433337 0.0714967 0.0000000 0.0134117 0.0000000 0.0000000 0.0000000 0.0000000 0.0308987 0.0181245 0.0000000 0.0067805 0.0000000 0.3252469
 24 W  24 0.0024563 0.0000000 0.0000000 0.0000000 0.0000000 0.0064822 0.0155853 0.0030195 0.0000000 0.0182760 0.1610909 0.0000000 0.0067344 0.0167390 0.0000000 0.0000000 0.0238261 0.3696754 0.0438751 0.0324611 0.2997789
 25 L  25 0.0153617 0.0358923 0.0402663 0.2612392 0.0000000 0.1856874 0.0296604 0.0145281 0.0117268 0.0000000 0.1238952 0.0659246 0.0044891 0.0067987 0.0000000 0.0323064 0.0158323 0.0000000 0.0000000 0.0036420 0.1527494
 26 R  26 0.1033646 0.1637656 0.0218256 0.0424199 0.0129929 0.2096082 0.1151330 0.0140204 0.0060855 0.0000000 0.0390740 0.0218050 0.0187174 0.0045590 0.0000000 0.0718934 0.0182694 0.0000000 0.0110318 0.0091993 0.1162348
 27 F  27 0.0088358 0.0000000 0.0000000 0.0000000 0.0000000 0.0000000 0.0000000 0.0000000 0.0000000 0.0387736 0.4979882 0.0000000 0.0074051 0.2966481 0.0000000 0.0000000 0.0000000 0.0000000 0.0000000 0.0982140 0.0521353
 28 V  28 0.0753311 0.0000000 0.0000000 0.0000000 0.0660755 0.0000000 0.0000000 0.0000000 0.0050068 0.0846189 0.1648917 0.0044979 0.0234646 0.2252306 0.0000000 0.0233439 0.0055158 0.0000000 0.0319985 0.2414876 0.0485372
 29 D  29 0.0693066 0.0984043 0.0376076 0.2090116 0.0049100 0.0455474 0.2899121 0.0122601 0.0174467 0.0000000 0.0077121 0.0751041 0.0050306 0.0039562 0.0000000 0.0196303 0.0523117 0.0000000 0.0000000 0.0033115 0.0485372
 30 L  30 0.3590942 0.0024850 0.0000000 0.0000000 0.0000000 0.0000000 0.0000000 0.0199037 0.0310152 0.0444099 0.3504297 0.0298439 0.0134833 0.0145849 0.0000000 0.0167192 0.0231041 0.0000000 0.0059104 0.0404793 0.0485372
 31 L  31 0.0047575 0.0000000 0.0000000 0.0000000 0.0214015 0.0000000 0.0000000 0.0000000 0.0000000 0.2847189 0.4205908 0.0000000 0.0287547 0.0581687 0.0000000 0.0000000 0.0029302 0.0000000 0.0000000 0.1255939 0.0530837
 32 K  32 0.1061687 0.1078968 0.0000000 0.0070470 0.0128120 0.1250821 0.0210976 0.0107418 0.0117431 0.0000000 0.3426253 0.0749960 0.0153685 0.0014305 0.0000000 0.0657348 0.0123566 0.0000000 0.0034489 0.0259104 0.0555400
 33 N  33 0.0603751 0.0165301 0.0748750 0.0148902 0.0320340 0.2069173 0.0462192 0.0084007 0.0275600 0.0058398 0.0673461 0.0668273 0.0205654 0.0000000 0.0000000 0.1778800 0.1160462 0.0000000 0.0000000 0.0046099 0.0530837
 34 A  34 0.2815552 0.0000000 0.0045152 0.0000000 0.0101439 0.0057577 0.0044718 0.0041413 0.0265712 0.0540274 0.3895722 0.0000000 0.0177164 0.0055328 0.0050422 0.0687624 0.0386527 0.0000000 0.0000000 0.0243900 0.0591474
 35 Y  35 0.0233515 0.0329665 0.0338111 0.0669085 0.0079644 0.0588941 0.1387191 0.0354089 0.0046798 0.0289535 0.0082809 0.1887311 0.0104750 0.0916079 0.0038524 0.0643704 0.0389654 0.0000000 0.0693179 0.0388118 0.0539299
 36 Q  36 0.1513903 0.0057300 0.1202149 0.2517817 0.0037538 0.0500400 0.0951538 0.0245033 0.0000000 0.0052474 0.0032709 0.0102581 0.0000000 0.0000000 0.0000000 0.0900851 0.1346409 0.0000000 0.0000000 0.0000000 0.0539299
 37 N  37 0.0357032 0.0770030 0.0188338 0.0374251 0.0000000 0.1054705 0.1941447 0.0091694 0.0204479 0.0395268 0.0582691 0.0520062 0.0193721 0.0000000 0.1145661 0.0554700 0.0323341 0.0000000 0.0087096 0.0736821 0.0478661
 38 D  38 0.0167358 0.0000000 0.0584569 0.2731519 0.0000000 0.0566229 0.3940618 0.0864800 0.0043086 0.0000000 0.0000000 0.0473053 0.0000000 0.0033147 0.0000000 0.0067494 0.0066875 0.0000000 0.0000000 0.0057672 0.0403581
 39 L  39 0.0451993 0.0258623 0.0047701 0.0867278 0.0000000 0.0805463 0.3974188 0.0023205 0.0108546 0.0069248 0.1655728 0.0542552 0.0116219 0.0207798 0.0000000 0.0154729 0.0073355 0.0034475 0.0000000 0.0205316 0.0403581
 40 H  40 0.0747914 0.0000000 0.0000000 0.0231790 0.2685789 0.0410999 0.0315001 0.0025227 0.1614974 0.0894956 0.1026216 0.0000000 0.0567026 0.0157859 0.0000000 0.0046315 0.0097964 0.0000000 0.0067331 0.0728883 0.0381758
 41 L  41 0.0646134 0.0333614 0.0138965 0.0680179 0.0000000 0.0746445 0.1137700 0.0107520 0.0222090 0.0109270 0.1385296 0.0332658 0.0076264 0.0329052 0.0000000 0.0133249 0.0090487 0.0000000 0.3102972 0.0082764 0.0345340
 42 P  42 0.1357860 0.1234180 0.0238179 0.0803563 0.0023145 0.0570629 0.0816124 0.0017860 0.0012748 0.0097903 0.0494764 0.0442494 0.0586262 0.0000000 0.1788897 0.0485131 0.0439689 0.0000000 0.0000000 0.0245232 0.0345340
 43 L  43 0.0151311 0.0073536 0.0000000 0.0000000 0.0000000 0.0000000 0.0000000 0.0000000 0.0000000 0.0439009 0.3375535 0.0138992 0.0179067 0.5062057 0.0000000 0.0000000 0.0000000 0.0000000 0.0000000 0.0271745 0.0308749
 44 L  44 0.0000000 0.0000000 0.0000000 0.0000000 0.0124384 0.0000000 0.0000000 0.0000000 0.0000000 0.0058750 0.5104253 0.0000000 0.0281665 0.4067041 0.0000000 0.0000000 0.0000000 0.0000000 0.0000000 0.0055158 0.0308749
 45 N  45 0.0318598 0.0561626 0.0175479 0.1047856 0.0000000 0.2055911 0.2845131 0.0316866 0.0222875 0.0049100 0.0072711 0.0252851 0.0041413 0.0000000 0.0100137 0.0433092 0.1161351 0.0000000 0.0036255 0.0000000 0.0308749
 46 L  46 0.0281063 0.0000000 0.0000000 0.4700284 0.0353559 0.0024066 0.0318129 0.0029038 0.0000000 0.0000000 0.2851459 0.0000000 0.0636189 0.0124384 0.0000000 0.0188518 0.0000000 0.0000000 0.0000000 0.0184563 0.0308749
 47 M  47 0.0049622 0.0000000 0.0000000 0.0000000 0.0000000 0.0000000 0.0000000 0.0000000 0.0000000 0.1317622 0.5743593 0.0000000 0.1212227 0.0418941 0.0000000 0.0000000 0.0000000 0.0000000 0.0000000 0.0949246 0.0308749
 48 L  48 0.0550131 0.0000000 0.0000000 0.0000000 0.3724566 0.0000000 0.0000000 0.0000000 0.0000000 0.0000000 0.4063115 0.0000000 0.0619425 0.0636592 0.0000000 0.0021224 0.0076198 0.0000000 0.0000000 0.0000000 0.0308749
 49 T  49 0.0000000 0.0000000 0.0000000 0.0000000 0.0000000 0.0000000 0.0000000 0.0000000 0.0000000 0.0000000 0.0000000 0.0000000 0.0000000 0.0000000 0.0000000 0.0425421 0.9265830 0.0000000 0.0000000 0.0000000 0.0308749
 50 P  50 0.0446590 0.0096130 0.0000000 0.0114441 0.0000000 0.0046897 0.0398204 0.0000000 0.0169555 0.1412718 0.0082585 0.0219408 0.0243064 0.0100604 0.4548688 0.0110674 0.0094611 0.0000000 0.0133242 0.1473840 0.0308749
 51 D  51 0.1524542 0.0471483 0.1404664 0.3216723 0.0000000 0.0095078 0.0574874 0.0669356 0.0039517 0.0036591 0.0000000 0.0629371 0.0000000 0.0000000 0.0134025 0.0762230 0.0077467 0.0000000 0.0000000 0.0055328 0.0308749
 52 E  52 0.0000000 0.0000000 0.0000000 0.0055328 0.0000000 0.0000000 0.9635922 0.0000000 0.0000000 0.0000000 0.0000000 0.0000000 0.0000000 0.0000000 0.0000000 0.0000000 0.0000000 0.0000000 0.0000000 0.0000000 0.0308749
 53 R  53 0.0059685 0.3637971 0.0000000 0.0000000 0.0000000 0.0230527 0.0000000 0.0000000 0.0000000 0.1898903 0.2668779 0.0355144 0.0203028 0.0000000 0.0000000 0.0000000 0.0083460 0.0000000 0.0122134 0.0431621 0.0308749
 54 E  54 0.0340762 0.0562289 0.0313963 0.0668920 0.0121301 0.1008291 0.2707677 0.0081805 0.0096116 0.0016782 0.0500196 0.1722285 0.0064995 0.0084133 0.0000000 0.0609604 0.0738434 0.0000000 0.0000000 0.0053697 0.0308749
 55 A  55 0.5320025 0.0038039 0.0000000 0.1017234 0.0000000 0.0180344 0.0692242 0.0036255 0.0000000 0.0082809 0.0000000 0.0030445 0.0044718 0.0000000 0.0000000 0.1949077 0.0207537 0.0000000 0.0000000 0.0092526 0.0308749
 56 L  56 0.0000000 0.0000000 0.0000000 0.0000000 0.0000000 0.0000000 0.0000000 0.0000000 0.0000000 0.1621791 0.4919506 0.0000000 0.1903918 0.0748132 0.0000000 0.0000000 0.0108677 0.0000000 0.0000000 0.0494758 0.0203218
 57 G  57 0.3881931 0.0000000 0.0138678 0.0000000 0.0055366 0.0210188 0.0237051 0.1994885 0.0000000 0.0415473 0.0173062 0.0119387 0.0026336 0.0040905 0.0000000 0.1824379 0.0236608 0.0000000 0.0000000 0.0442533 0.0203218
 58 T  58 0.0991867 0.0033147 0.0443134 0.0663889 0.0000000 0.3399041 0.0363318 0.0408092 0.0051027 0.0000000 0.0771242 0.0432578 0.0117760 0.0000000 0.0000000 0.0238061 0.1868797 0.0000000 0.0000000 0.0014828 0.0203218
 59 R  59 0.0000000 0.9796782 0.0000000 0.0000000 0.0000000 0.0000000 0.0000000 0.0000000 0.0000000 0.0000000 0.0000000 0.0000000 0.0000000 0.0000000 0.0000000 0.0000000 0.0000000 0.0000000 0.0000000 0.0000000 0.0203218
 60 V  60 0.0025962 0.0000000 0.0000000 0.0000000 0.0000000 0.0000000 0.0000000 0.0000000 0.0000000 0.0395763 0.3820483 0.0000000 0.0023449 0.0788674 0.0000000 0.0000000 0.0072050 0.1685223 0.0473014 0.2512164 0.0203218
 61 R  61 0.0431552 0.2663314 0.0962828 0.0127463 0.0034434 0.1553648 0.2209011 0.0000000 0.0211811 0.0000000 0.0609396 0.0649500 0.0047888 0.0000000 0.0000000 0.0117793 0.0023904 0.0000000 0.0019184 0.0034016 0.0304259
 62 I  62 0.0108279 0.0000000 0.0000000 0.0000000 0.0000000 0.0000000 0.0000000 0.0000000 0.0000000 0.3751971 0.0768046 0.0000000 0.0296522 0.0000000 0.0000000 0.0000000 0.0000000 0.0000000 0.0000000 0.4563525 0.0511657
 63 V  63 0.3715379 0.0000000 0.0000000 0.0000000 0.0342452 0.0000000 0.0000000 0.0000000 0.0000000 0.1343266 0.0334039 0.0000000 0.0136641 0.0943488 0.0000000 0.0016368 0.0124384 0.0000000 0.0146330 0.2611625 0.0286027
 64 E  64 0.0398615 0.1916825 0.0207528 0.0068252 0.0130525 0.1318360 0.1086605 0.0056098 0.0475771 0.0000000 0.0000000 0.2452343 0.0000000 0.0011648 0.0402896 0.0188915 0.0080722 0.0021676 0.0011488 0.0097663 0.1074069
 65 E  65 0.0704277 0.0133316 0.0000000 0.0250599 0.0000000 0.0348939 0.2819552 0.0137169 0.0045302 0.0019513 0.1201433 0.0114334 0.2307116 0.0058037 0.0178545 0.0074051 0.0188935 0.0000000 0.0072202 0.0024507 0.1322174
 66 L  66 0.0000000 0.0000000 0.0000000 0.0000000 0.0000000 0.0000000 0.0000000 0.0000000 0.0000000 0.0109580 0.9174669 0.0000000 0.0190667 0.0000000 0.0000000 0.0000000 0.0000000 0.0000000 0.0000000 0.0000000 0.0525084
 67 L  67 0.0164347 0.0371630 0.0000000 0.0812102 0.0000000 0.0101299 0.0153080 0.0038445 0.0241171 0.0296072 0.4291581 0.0124293 0.1126261 0.0087266 0.0000000 0.0070671 0.0091415 0.0000000 0.0253597 0.0312205 0.1464564
 68 R  68 0.0679221 0.2464660 0.0703913 0.1017976 0.0000000 0.0748010 0.1191941 0.0024450 0.0150510 0.0000000 0.0145027 0.1917903 0.0000000 0.0000000 0.0000000 0.0275998 0.0046995 0.0000000 0.0033627 0.0046716 0.0553054
 69 G  69 0.0223300 0.0000000 0.0227124 0.0152980 0.0022777 0.0582054 0.1073463 0.5817435 0.0018261 0.0141608 0.0062307 0.0979694 0.0021032 0.0000000 0.0000000 0.0041124 0.0073914 0.0000000 0.0000000 0.0000000 0.0562927
 70 E  70 0.0277172 0.0327785 0.0777087 0.0789281 0.0024786 0.0460720 0.2699186 0.1424388 0.0287610 0.0000000 0.0000000 0.0878495 0.0000000 0.0000000 0.0000000 0.0177687 0.0299262 0.0000000 0.0024406 0.0000000 0.1552136
 71 M  71 0.0080017 0.0374005 0.0145140 0.0028803 0.0062863 0.0050422 0.0000000 0.0000000 0.0137950 0.0609091 0.1435516 0.1598371 0.2083611 0.0097432 0.0000000 0.0085895 0.0098571 0.0019408 0.0361924 0.1013078 0.1717904
 72 S  72 0.0031373 0.0000000 0.0000000 0.0000000 0.0000000 0.0000000 0.0000000 0.0016887 0.0000000 0.0074356 0.0000000 0.0038067 0.0000000 0.0000000 0.1841826 0.3838584 0.3385249 0.0000000 0.0048856 0.0066361 0.0658443
 73 Q  73 0.0000000 0.0000000 0.0000000 0.0000000 0.0000000 0.4972399 0.0000000 0.0000000 0.0098068 0.0000000 0.0000000 0.0000000 0.0000000 0.0120562 0.0000000 0.0000000 0.0000000 0.0000000 0.4512448 0.0000000 0.0296522
 74 R  74 0.0162104 0.5858874 0.0408468 0.0412751 0.0000000 0.0062996 0.0295628 0.0122819 0.0301060 0.0172415 0.0458234 0.0021365 0.0035696 0.0000000 0.0178011 0.0398472 0.0402561 0.0000000 0.0247935 0.0164090 0.0296522
 75 E  75 0.0331967 0.0034572 0.0000000 0.1033199 0.0000000 0.1611191 0.5132451 0.0096462 0.0095572 0.0000000 0.0000000 0.0740753 0.0000000 0.0022042 0.0000000 0.0216584 0.0232249 0.0000000 0.0000000 0.0107580 0.0345378
 76 L  76 0.0000000 0.0000000 0.0000000 0.0000000 0.0000000 0.0000000 0.0000000 0.0000000 0.0000000 0.7670217 0.1533750 0.0000000 0.0068242 0.0000000 0.0000000 0.0000000 0.0000000 0.0000000 0.0000000 0.0431269 0.0296522
 77 K  77 0.3227910 0.0056050 0.0066207 0.0000000 0.0014102 0.0671905 0.1057337 0.0000000 0.0705571 0.0047705 0.0064719 0.1519260 0.0099226 0.0000000 0.0000000 0.1368904 0.0052852 0.0000000 0.0036729 0.0715001 0.0296522
 78 N  78 0.1109793 0.0210645 0.1359726 0.0415800 0.0026021 0.1551650 0.2421975 0.0165327 0.0071423 0.0038204 0.0026625 0.1450004 0.0000000 0.0000000 0.0000000 0.0574743 0.0281543 0.0000000 0.0000000 0.0000000 0.0296522
 79 E  79 0.0549286 0.0684943 0.0482021 0.0348596 0.0020036 0.1101534 0.2924398 0.0000000 0.0140788 0.0248701 0.0758834 0.1225739 0.0547190 0.0000000 0.0000000 0.0330824 0.0230204 0.0000000 0.0000000 0.0110386 0.0296522
 80 L  80 0.0115323 0.0000000 0.0000000 0.0000000 0.0000000 0.0000000 0.0000000 0.0000000 0.0158203 0.0159435 0.3944563 0.0000000 0.0000000 0.0254056 0.0000000 0.0069090 0.4315584 0.0000000 0.0540405 0.0146820 0.0296522
 81 G  81 0.0058037 0.0025358 0.0801349 0.0000000 0.0000000 0.0522455 0.0237696 0.7512480 0.0131041 0.0000000 0.0000000 0.0167548 0.0000000 0.0000000 0.0027051 0.0220461 0.0000000 0.0000000 0.0000000 0.0000000 0.0296522
 82 A  82 0.4624150 0.0000000 0.0000000 0.0000000 0.0052610 0.0000000 0.0000000 0.0000000 0.0000000 0.0967152 0.0221271 0.0047705 0.0213860 0.0000000 0.0000000 0.0000000 0.0523880 0.0000000 0.0000000 0.3052850 0.0296522
 83 G  83 0.0000000 0.0000000 0.0000000 0.0000000 0.0000000 0.0000000 0.0000000 0.2823655 0.0000000 0.0000000 0.0000000 0.0000000 0.0000000 0.0000000 0.0000000 0.6879823 0.0000000 0.0000000 0.0000000 0.0000000 0.0296522
 84 I  84 0.0473265 0.0082809 0.0000000 0.0000000 0.0000000 0.0000000 0.0000000 0.0000000 0.0000000 0.3434982 0.0953738 0.0000000 0.0052610 0.0000000 0.0162984 0.0643194 0.2972102 0.0000000 0.0000000 0.0927795 0.0296522
 85 A  85 0.7238681 0.0000000 0.0000000 0.0000000 0.1022794 0.0000000 0.0000000 0.0052610 0.0000000 0.0000000 0.0000000 0.0000000 0.0000000 0.0000000 0.0000000 0.0082809 0.1306584 0.0000000 0.0000000 0.0000000 0.0296522
 86 T  86 0.0000000 0.0000000 0.0050306 0.0000000 0.0000000 0.0118214 0.0000000 0.0000000 0.0000000 0.0168217 0.0000000 0.0742163 0.0000000 0.0000000 0.0000000 0.0247935 0.8293834 0.0000000 0.0082809 0.0000000 0.0296522
 87 I  87 0.0000000 0.0000000 0.0000000 0.0000000 0.0000000 0.0000000 0.0000000 0.0000000 0.0000000 0.8304522 0.0000000 0.0000000 0.0000000 0.0000000 0.0000000 0.0000000 0.0098592 0.0000000 0.0000000 0.1300365 0.0296522
 88 T  88 0.0108677 0.0000000 0.0000000 0.0000000 0.0049100 0.0000000 0.0000000 0.0567960 0.0000000 0.0000000 0.0000000 0.0000000 0.0000000 0.0047705 0.0000000 0.3834491 0.4943968 0.0000000 0.0000000 0.0151578 0.0296522
 89 R  89 0.0000000 0.9703478 0.0000000 0.0000000 0.0000000 0.0000000 0.0000000 0.0000000 0.0000000 0.0000000 0.0000000 0.0000000 0.0000000 0.0000000 0.0000000 0.0000000 0.0000000 0.0000000 0.0000000 0.0000000 0.0296522
 90 G  90 0.0050422 0.0000000 0.0000000 0.0000000 0.0447674 0.0000000 0.0000000 0.4440706 0.0000000 0.0463006 0.0000000 0.0000000 0.0000000 0.0000000 0.0000000 0.0000000 0.0025932 0.0000000 0.0000000 0.4234996 0.0337264
 91 S  91 0.1673472 0.0156329 0.1547393 0.0000000 0.0000000 0.0000000 0.0000000 0.0000000 0.0000000 0.0000000 0.0000000 0.1592974 0.0000000 0.0000000 0.0000000 0.4692568 0.0000000 0.0000000 0.0000000 0.0000000 0.0337264
 92 N  92 0.0080523 0.4709691 0.3551012 0.0000000 0.0000000 0.0000000 0.0000000 0.0000000 0.0000000 0.0000000 0.0000000 0.1321510 0.0000000 0.0000000 0.0000000 0.0000000 0.0000000 0.0000000 0.0000000 0.0000000 0.0337264
 93 S  93 0.1203313 0.0000000 0.0196752 0.0000000 0.1839176 0.0000000 0.1429840 0.0066425 0.0000000 0.0235947 0.0041413 0.0000000 0.0364588 0.0604084 0.0000000 0.2530621 0.0468018 0.0000000 0.0490473 0.0157977 0.0371373
 94 L  94 0.0000000 0.0000000 0.0000000 0.0000000 0.0000000 0.0000000 0.0000000 0.0000000 0.0000000 0.0467109 0.8737690 0.0000000 0.0118557 0.0101320 0.0000000 0.0000000 0.0000000 0.0000000 0.0081161 0.0099141 0.0395021
 95 K  95 0.0096436 0.0110676 0.1406531 0.0150749 0.0000000 0.0536046 0.0383737 0.0083226 0.0137480 0.0034659 0.0027835 0.4864779 0.0000000 0.0105531 0.0000000 0.0159108 0.0091849 0.0000000 0.0061914 0.0017514 0.1731930
 96 A  96 0.0525199 0.0112309 0.0511902 0.0445366 0.0000000 0.0331816 0.0343100 0.0243584 0.0956502 0.0154056 0.0085267 0.0864838 0.0132625 0.0059139 0.0000000 0.1147190 0.0746797 0.0069090 0.1638943 0.0000000 0.1632277
 97 A  97 0.1521381 0.0221827 0.0135188 0.0117627 0.0124384 0.0459234 0.0511984 0.2341357 0.0207086 0.0140678 0.0449867 0.0487719 0.0878078 0.0077947 0.0070622 0.0110793 0.0055960 0.0000000 0.0179458 0.0049452 0.1859356
 98 P  98 0.1211250 0.0047705 0.1117724 0.1233951 0.0049100 0.0038204 0.0234425 0.0447830 0.0049701 0.0000000 0.0000000 0.0075082 0.0000000 0.0036255 0.1645315 0.1569468 0.0277773 0.0000000 0.0072202 0.0000000 0.1894015
 99 V  99 0.0579585 0.0000000 0.0195342 0.1939855 0.0000000 0.0143296 0.0606906 0.0700158 0.0237314 0.0092362 0.0077220 0.0181988 0.0000000 0.0000000 0.1370470 0.1192846 0.0091502 0.0041688 0.0031718 0.0303336 0.2214414
100 E 100 0.1368472 0.0191845 0.0092691 0.0945708 0.0000000 0.0572849 0.1386504 0.2130393 0.0049045 0.0105841 0.0000000 0.0247179 0.0000000 0.0000000 0.0114923 0.0114206 0.0142661 0.0000000 0.0098602 0.0214149 0.2224933
101 L 101 0.0096288 0.0000000 0.0000000 0.0092843 0.0059084 0.0186721 0.0720604 0.0709010 0.0087096 0.0125021 0.1609916 0.0000000 0.0000000 0.1054050 0.0000000 0.0039517 0.0287036 0.0000000 0.2304917 0.0420119 0.2207777
102 R 102 0.0523884 0.1925765 0.0056315 0.0112200 0.0000000 0.0165828 0.0182062 0.0000000 0.0000000 0.0130228 0.0212152 0.3289879 0.0144463 0.0047575 0.0000000 0.0000000 0.0150683 0.0038039 0.0709010 0.0080256 0.2231659
103 Q 103 0.1204759 0.0785721 0.0395939 0.0433222 0.0000000 0.0900076 0.0715382 0.0021032 0.0069836 0.0279096 0.0741242 0.0803936 0.0313354 0.0048856 0.0000000 0.0367660 0.0174544 0.0000000 0.0000000 0.0405533 0.2339812
104 W 104 0.0819239 0.0059829 0.0048819 0.0000000 0.0000000 0.0091036 0.0038660 0.0000000 0.0000000 0.1346936 0.0922251 0.0262378 0.0229248 0.0285820 0.0000000 0.0023799 0.0191551 0.2168180 0.0000000 0.1092254 0.2419999
105 L 105 0.0050068 0.0000000 0.0000000 0.0000000 0.0000000 0.0000000 0.0000000 0.0000000 0.0000000 0.0855333 0.5320989 0.0000000 0.0152107 0.0259833 0.0000000 0.0000000 0.0000000 0.0000000 0.0000000 0.0941671 0.2419999
106 E 106 0.0515160 0.0396407 0.0214687 0.0957662 0.0000000 0.0426833 0.2473504 0.0081933 0.0000000 0.0117646 0.0487072 0.0775539 0.0047416 0.0116009 0.0036418 0.0489128 0.0119927 0.0000000 0.0000000 0.0107166 0.2637492
107 E 107 0.0900692 0.1853002 0.0329829 0.0597561 0.0000000 0.0688054 0.0903425 0.0101796 0.0146509 0.0000000 0.0102929 0.0956398 0.0055612 0.0082542 0.0000000 0.0244890 0.0218964 0.0000000 0.0000000 0.0027474 0.2790323
108 V 108 0.0123604 0.0758310 0.0201031 0.0000000 0.0000000 0.1495603 0.0089438 0.0067681 0.0164052 0.0056461 0.2353751 0.0330096 0.0078461 0.0119133 0.0000000 0.0039842 0.0023874 0.0000000 0.0331716 0.0297576 0.3469372
109 L 109 0.0053535 0.0023110 0.0042409 0.0023145 0.0000000 0.0096748 0.0071028 0.0051593 0.0000000 0.0728148 0.3655284 0.0039333 0.0112067 0.0033627 0.0000000 0.0084052 0.0030956 0.0000000 0.0000000 0.0127727 0.4827237
110 L 110 0.0147681 0.0043659 0.0068327 0.0120148 0.0000000 0.0040134 0.0382730 0.0080046 0.0000000 0.0277539 0.1685860 0.0904059 0.0308773 0.0029302 0.0000000 0.0139087 0.0024686 0.0000000 0.0000000 0.0191546 0.5556423
111 K 111 0.0200702 0.0247281 0.0399238 0.0054071 0.0000000 0.0363786 0.0243147 0.0062916 0.0185940 0.0000000 0.0039760 0.1162960 0.0000000 0.0000000 0.0390369 0.0079542 0.0185167 0.0000000 0.0000000 0.0000000 0.6385121
112 S 112 0.0188833 0.0000000 0.0901398 0.0031430 0.0000000 0.0079590 0.0096776 0.0064924 0.0109336 0.0000000 0.0000000 0.0460710 0.0000000 0.0022891 0.0149491 0.0352701 0.0169683 0.0000000 0.0000000 0.0169524 0.7202712
113 D 113 0.0000000 0.0000000 0.0449318 0.0657561 0.0000000 0.0000000 0.0301079 0.0000000 0.0000000 0.0000000 0.0000000 0.0000000 0.0000000 0.0000000 0.0000000 0.0000000 0.0000000 0.0000000 0.0000000 0.0000000 0.8592042
